,0
  0.76184   -0.37938    1.5215     1.4371     0.40253    0.72346
 -1.0923     0.022187  -1.0863    -0.99537   -0.024117   0.34541
  1.1847    -0.53987   -0.026542   0.69703   -0.21653    0.88402
  0.30412   -0.56534   -0.37274   -0.23895    0.98011    0.36376
 -1.2964    -0.0051683 -0.25816   -0.28007   -0.33224    0.60581
  0.1543    -0.070652   1.1344    -0.17794   -1.3615     0.22281
 -1.263     -0.25402   -0.34008   -0.88835    0.71916   -0.075596
 -0.22325    0.54271   -1.3466    -0.39758   -1.261      0.098941
 -0.2578    -0.057658   1.479     -1.0897     1.4005    -0.14395
 -0.26454    0.080497  -0.083774  -0.11326   -0.076467  -0.34449
  0.8418     0.11121   -0.38053   -0.27946   -0.94427    0.34063
  0.40652   -1.5134    -0.49612   -0.30931  ]"
nacchio,"[ 0.67426  -0.72146   0.10055  -0.37451  -0.29867  -0.46855   0.85998
 -0.73088  -0.62839  -0.55411   0.61798   0.26789   0.076404 -0.24876
  0.30058  -0.3975    0.6863    0.11529   0.18727  -0.027095 -0.066317
 -0.12361  -0.24389   0.44636  -0.61739   0.05172   0.65782   0.029482
 -0.55792   0.58049   0.9841    0.61273  -0.053943 -0.10347  -0.94398
  0.90774   0.54236   0.41176   0.26234  -0.075497 -0.082027 -0.28208
  0.85751  -0.052226 -0.44897   0.60424   0.15105  -1.264     0.92688
 -0.10051  -0.26444  -0.47382   0.10491   0.18633  -0.45129   0.4621
  0.22628  -0.5027    0.28045  -0.54383  -0.6621   -0.16346  -0.074821
 -0.48911  -0.45484  -0.75354   0.84107   0.64247  -1.0983    0.60488
  0.34365  -0.60821   0.21106   0.22063  -0.32357  -1.2069   -0.41579
  0.106    -0.059915  0.58312   1.5958   -0.56842  -0.62573  -0.54284
 -0.17889  -1.2356   -0.36769  -0.13393  -0.18932   0.64576   0.29529
 -0.2444   -0.34011  -0.058127  1.3718   -0.82674   0.59098  -0.15277
 -0.18102   0.32967 ]"
cultured,"[-7.2120e-02  7.1393e-01  2.0885e-01  2.7898e-01 -1.5837e-01  5.3078e-01
  7.4253e-01 -2.1338e-01  8.0384e-03  5.6174e-01 -9.1945e-01 -4.1974e-03
  5.5872e-01  2.5699e-01  1.1459e-01  2.9825e-01 -1.9991e-01 -1.6778e-01
  7.8879e-01 -6.6479e-02 -9.3688e-03 -5.0626e-02  3.6522e-01 -5.9174e-01
  1.5773e-02  4.8877e-01  2.0313e-01 -4.4956e-01  1.8155e-01  6.7714e-01
  3.6682e-01  4.9392e-01 -3.0561e-01 -4.0288e-01  6.3800e-01 -2.0852e-01
 -7.9155e-01  4.3537e-01 -1.1606e-03 -1.9926e-01 -1.4870e-01 -9.8233e-01
 -6.7370e-01  2.4614e-01  2.6662e-01 -2.0732e-02  5.6964e-01  3.0405e-01
  1.1982e-01  4.7945e-01 -4.8013e-01  1.3308e-01  8.8866e-01 -2.5772e-01
 -1.2259e+00  6.3686e-01 -7.6099e-01 -1.2353e-01 -2.3004e-01 -5.8909e-01
 -4.9688e-01  5.0932e-01 -3.5446e-01 -1.0621e-01  2.7284e-01  1.3244e-01
  5.5435e-01  5.9913e-02  6.4144e-01 -7.3031e-01  4.1059e-01  1.2792e-01
  5.6608e-01 -1.6096e-01  3.6150e-01  3.4110e-01 -1.4781e-01 -5.4980e-01
  4.5161e-01 -1.7849e-03  3.7215e-01  5.7721e-01 -4.5655e-01  1.2070e+00
 -5.3163e-01  3.5507e-02  9.2480e-01  1.2359e-01 -4.4400e-01 -8.5134e-01
  1.2965e-01 -1.0768e-01  4.3674e-01 -5.5490e-01  5.6875e-02 -1.3932e-01
 -9.9867e-01 -1.0744e+00 -3.9842e-01  2.1935e-01]"
skittish,"[ 0.30054  -0.23979   0.7158   -0.19298  -0.64725   0.11188  -0.83893
 -0.52465   0.63366  -1.2427   -0.19234   0.13826  -0.001309 -0.92498
  0.13765   0.099296 -0.53985  -0.27281   1.2089   -0.075474  0.16387
  0.54248   0.18887  -0.21712  -0.16166  -0.13456  -0.023589  0.44132
 -0.41982   0.49549   0.018402 -0.59351  -0.17306  -0.34867  -0.092074
  0.61031   0.042914 -0.035963  0.642     0.027094 -0.24709  -0.30177
 -0.069748  0.16282  -0.13557  -0.41933   0.57289   0.67192   0.71738
 -0.40833  -0.78989  -0.47721  -0.35487  -0.02968  -0.30682  -0.036961
  0.46437  -0.70421  -0.10518  -0.39268   0.2854    0.51592   0.15998
  0.56307  -0.17753  -0.16102   0.43496   0.40249   0.71959  -0.53973
 -0.044041 -0.45769  -0.58152  -0.10968  -0.61013   0.12029  -0.38323
 -0.021969 -0.21891  -0.83029   0.66964   0.060633 -0.63634   0.33935
 -0.11774  -0.83101   0.075132  0.72456  -1.1578   -0.64566  -0.32431
  0.28117  -0.23804  -0.58409  -0.18982   0.2468    0.11846   0.27452
 -0.41943   0.62775 ]"
ryu,"[ 0.10661   0.68185   0.68602   0.17633  -0.62296   0.041405 -0.50228
 -0.15573  -0.086395  0.6299   -0.11089   1.3673    0.36921   0.35603
  0.016653  0.26676  -0.13742   0.44659  -0.8202   -0.35646   0.46714
 -0.15321   0.24809   0.78739  -0.30912   1.0677   -0.51652   0.46081
 -0.66419   0.14685  -1.0112    0.65296  -0.41802   0.25597   0.27292
 -0.76005  -0.81104  -0.34827  -0.70778  -0.41719  -0.42254   0.52807
 -0.42088   0.039644  0.39802  -0.3092    0.078592 -0.17437   0.20733
  0.33709  -0.85553  -0.07623   0.20798  -0.25259   0.6928    0.29507
 -0.098749  0.014532 -0.52999   0.1607   -0.015686  0.098904 -0.13586
  0.45892  -0.2502   -0.034354  0.81198   1.0006    0.3619    0.86675
 -0.6054    0.24947  -0.41445  -0.26114   0.12682   0.092346 -0.66483
  0.34608   0.55019  -0.063036  0.074844 -0.36544  -0.40847  -0.32795
 -0.51949   0.39642  -0.92874   0.12411   0.7903    0.9383    0.31917
  0.54982   0.2564    0.56717   0.72749  -0.77829  -0.48912  -0.45831
 -0.66556  -0.51203 ]"
heh,"[-0.37819   -0.46046    0.63391   -0.17042   -1.417     -0.20815
  0.47072   -0.43761    1.7582    -0.43755   -0.41203   -0.24652
 -0.092441  -0.14596    0.23007   -0.046907  -0.76367    0.39614
  0.27275   -0.56994    0.27451    1.1608    -0.24675    0.48548
  0.79171    0.36578   -1.5289    -0.19914   -0.056575  -0.68729
  0.20499   -0.76719   -0.031718   0.5015    -0.4506    -1.5111
  0.78558    0.65613    0.038509  -0.46257    0.89593    0.94756
 -0.45067   -0.11346   -0.013582  -0.7614    -0.29036   -0.82053
  0.5844     0.25987   -0.68327   -0.56259   -0.33004    0.50917
 -1.5597     1.3165     1.2849     0.21288   -0.50437   -0.92719
  0.0095701  0.12272    0.029177  -0.26259    0.75416   -0.13553
  0.38144    0.63272   -1.4938     0.39629    0.93272    0.57658
 -0.20181   -0.5617    -0.13893   -0.0801     0.3493     0.15177
 -0.33871   -0.54061    1.2914    -0.27666    0.87694   -1.0704
 -0.14926    1.2876    -0.10772    0.67258    0.34623    1.2064
  0.27512    0.42243   -0.043569  -0.26053    0.53039   -0.043495
  0.67729   -1.0285    -0.067186   0.44163  ]"
roofing,"[-4.8024e-01  8.4467e-01 -3.8339e-01 -3.3621e-01  2.1227e-01 -8.1658e-01
 -3.7855e-01  9.4568e-02  4.8867e-05  1.3034e+00  8.7512e-01 -9.5090e-01
  5.6334e-01  1.3626e-01 -2.5862e-01 -5.4658e-01  3.5398e-01 -1.2814e-01
  1.1967e+00 -4.1414e-01 -6.1280e-01  2.2798e-01  1.9588e-01 -1.2553e-01
  2.3207e-01 -1.1317e-01  1.9303e-01  2.3801e-01 -3.9721e-01 -5.4032e-01
  7.3822e-01  5.4488e-01  6.6005e-02  3.2720e-01 -1.0201e+00  4.7843e-02
 -2.5576e-01  5.9440e-02  4.1562e-01 -1.0267e-01  6.4928e-02  3.0137e-02
 -2.3087e-01 -5.6517e-01 -7.1350e-02 -4.0494e-01 -4.8717e-01  1.5797e-01
  9.8533e-02 -1.0959e-01 -9.2254e-01  3.3266e-01 -3.8679e-01  2.0026e-01
 -4.4601e-02  5.1293e-01 -4.1441e-01 -3.2949e-02  7.7693e-01  2.2831e-01
 -8.1319e-02  3.0993e-01 -1.4188e-01  1.0318e+00  1.0062e-01 -1.1485e-01
  1.4324e+00  3.6625e-02 -3.5024e-01 -1.4782e+00 -8.8140e-01  9.9356e-01
  5.9414e-01 -2.2644e-02  7.5034e-01 -1.1444e-01  4.6417e-01  8.0283e-01
  6.2213e-02  1.6424e-01 -2.8946e-02  3.4995e-02 -4.0199e-01  4.0155e-01
  2.0529e-01  1.7953e-01  5.0258e-01  1.0588e-01 -4.1604e-01 -2.3655e-01
  5.3641e-01 -1.0875e+00 -1.4588e-01 -5.7890e-02  5.9139e-01 -6.7550e-02
  4.4227e-01  2.5815e-01  5.0027e-01  5.0475e-01]"
resonant,"[-0.21496    0.68509    0.076737   0.14288    0.16945    0.12244
 -1.1518    -0.31418    0.22793    0.42285   -0.43442   -0.49421
 -0.45547   -0.1383     0.35394   -0.28774   -0.50905   -0.24773
  1.3289     0.069489   0.29955   -0.40812    0.5015    -0.39441
  0.91871   -0.34463    0.29       0.91001    0.4324     0.55583
  0.27385   -0.43711    0.061478   0.20816   -0.031393   0.028453
 -0.29606    0.2704     0.23443   -0.13973    0.75546   -0.27902
 -0.19612   -0.37922   -0.77332    0.23742    1.1815    -0.034957
  0.2679    -0.10874    0.20287    0.10663    0.74862    0.056438
  0.14404   -0.1998     1.1342     0.18685    0.20495    0.22161
  0.43977    0.56942    0.76237   -0.38898    0.36576   -0.7491
  0.26611   -0.17855   -0.10163   -0.78238    0.19898   -0.032071
  0.90646    0.087173   0.49596   -0.14792    0.46124   -1.039
  0.39144   -0.17412   -0.51186   -0.31357   -0.37169    0.2352
 -0.35309    0.71195    0.46365    0.053477  -0.077349  -0.67749
 -0.35962    0.8602    -0.57008    0.53457   -0.0085426  0.25795
 -0.53057   -0.91659   -0.32811    0.042389 ]"
uta,"[ 1.1397     0.24939    0.14341    0.046578   0.005598   0.063358
  0.74794    0.15708    0.332      0.084975   0.70097    0.94507
  0.01693    0.96019   -0.79186   -0.40154    0.055993  -0.73249
 -0.25301    0.73772   -0.21166    0.40638   -0.25815    0.11489
  0.088566  -0.64556    0.30096    0.10543    0.019508  -0.70341
 -0.50055    0.45153   -0.39986    1.0413    -0.9685     0.20463
  0.90921    0.63447    0.59417    0.23653   -0.12362    0.80907
 -0.48463    1.1053     0.80171    0.5981     0.62909   -0.53756
 -0.38223    0.26985   -0.48117    0.41049    0.11802    0.50679
 -0.67406    0.37435    1.2219     0.73068   -0.02181    0.20397
  0.0064988 -0.43882    0.018503  -0.64924   -0.043394   0.12737
 -0.17662   -0.061485  -0.68631    0.086086  -0.64463   -1.2324
 -0.052895   0.36835    0.60704    0.44145    0.99995   -0.36606
 -0.14647    0.14646   -0.46728   -0.33039    0.62957    0.41794
 -0.11119    0.090301   0.19987    0.3742    -0.014196   0.46148
  0.35726    0.13925   -0.28193    0.38636    0.58981    0.16581
 -0.33725    0.55528    0.16967   -0.76675  ]"
interpretive,"[-1.0334e-01  4.0399e-01 -1.5380e-01  1.4348e-01  3.5679e-01  7.3812e-02
 -2.3197e-01  6.3497e-01 -1.8373e-01 -2.1463e-01 -3.9742e-01  9.3403e-02
 -2.6114e-01 -7.2806e-01  8.5585e-01  1.1384e+00  7.4633e-01  4.9993e-01
 -2.6875e-01 -1.4386e-01 -2.9702e-01  3.1299e-01  3.9630e-02 -1.7737e-01
  4.8926e-01 -2.9641e-01  1.8111e-01  6.7423e-01 -7.3827e-01 -6.1969e-01
 -1.2259e+00 -1.6566e-01 -4.1840e-01  7.7772e-01 -2.1654e-01  1.7953e-01
 -8.0189e-01 -3.3763e-02 -1.6678e-01 -1.9982e-01  1.7496e-01  3.6456e-01
  1.6952e-01 -3.1641e-01  7.0528e-02 -1.2180e-01 -8.7702e-02 -1.0286e-01
  1.6115e-01  3.3346e-01  6.5876e-01 -1.3458e-01 -3.7985e-01 -3.5938e-01
  7.7180e-01 -4.7025e-01  9.7786e-01 -6.0995e-01  3.9655e-01  2.7416e-01
 -2.6694e-02  2.9509e-01  1.0342e+00  3.4460e-01 -1.7314e-01  1.4157e-02
  4.1542e-01 -5.0250e-01  3.5673e-01 -2.5971e-02 -2.0127e-01  9.4307e-02
  5.8390e-01 -4.7136e-01  3.2278e-01 -3.8496e-01  4.6197e-01  6.7169e-01
  2.4587e-01 -1.1625e+00 -9.1615e-01  2.4849e-01  8.2626e-01 -3.7525e-01
 -2.3019e-01  6.6417e-01  6.1187e-01  5.7834e-01  8.5794e-04  9.4092e-02
  2.1402e-02 -6.9943e-01 -4.4465e-01 -1.8070e-02 -4.2585e-02 -4.6798e-01
 -2.4522e-01 -1.1763e+00  3.9789e-01  1.2633e+00]"
fluctuate,"[-0.40436    0.62437   -0.2651    -0.065504  -0.059939   0.28827
  0.094281  -0.21898   -0.04492   -0.55733   -0.97627    0.23189
  0.35186   -1.2352     0.20428   -0.53675   -0.82581    0.1118
  0.020245  -0.2692     0.84242   -0.75292    0.41908    0.95005
 -0.5936    -0.62255   -0.12162   -0.96917    0.61439    0.027797
 -0.47894   -0.23336   -0.37823   -0.47789   -0.025783   0.89666
  0.71303   -0.12919   -0.37337   -0.85517    0.83573   -0.16145
 -0.97558    0.31888   -0.085415  -0.40137    0.37118   -0.25945
  0.073496  -1.3326     0.4023    -0.31919    0.57954    0.60706
  0.012257   0.50317    0.31103   -0.10053   -0.0014413 -0.055335
 -0.2351     0.74138    0.089753   0.516     -0.076407   1.0226
 -0.0055041 -0.82775    0.77517   -0.26645   -0.26441   -0.45063
  0.61892    0.066341   0.078496  -1.2385    -0.5407    -0.33042
  0.26032   -0.018096   0.46198    0.19582   -0.26124   -1.1506
  0.1941    -0.73062    0.11283    0.016259   0.21644    0.11865
 -0.96587    0.76299   -0.83483   -0.6381     0.14895    0.20892
  0.5924    -0.2584    -0.070595   0.63639  ]"
re-signed,"[ 0.0034288 -1.5328    -0.85406   -1.2346    -0.26208    0.094801
  0.78145    0.54265   -0.36624   -0.19721   -0.055239   0.15575
  0.90213   -1.1622     0.56792   -0.21228    0.64253    0.7221
 -0.48145   -0.47148   -0.9072    -1.2335    -0.37481    1.125
  0.15011    0.36046    0.15597    0.2244    -0.37188    1.0165
 -0.53228    0.60758   -0.76925   -0.042112  -0.41329    0.62297
 -0.55427   -0.030051  -0.56774   -0.19485    0.70214    0.004938
  1.1499     0.2719    -0.27925   -0.024894   0.019767  -0.10202
  0.67735    0.29034   -0.21956    0.057147  -0.56316   -0.6858
 -0.57459   -0.1545     0.13667   -1.222     -0.031858   0.16463
 -0.10841   -0.29938   -1.2568    -0.23525    0.14957   -0.53251
 -0.38378    0.30225   -0.091413  -0.25701   -0.32342   -0.66745
 -0.24375    0.22677   -0.53032    0.34727   -0.10442    0.64213
  0.39125   -1.0192    -0.22288    0.29741   -0.34246    0.076296
  0.22531   -0.47458    0.8032     0.2542    -0.57265    0.49432
 -1.1111    -0.71503   -0.64073   -0.27021    0.27518   -0.24333
 -0.46097    1.6782    -0.18175   -1.0093   ]"
mitzna,"[-0.68951    0.1753    -0.24759   -0.61111    0.21025   -1.4153
  0.75688   -0.60816   -0.15012    0.063584  -1.1117    -0.36255
  0.058027  -0.33058    0.68682   -0.53833   -0.40274   -0.24633
 -0.081601   0.70278    0.2059     0.45353   -0.46531    0.33919
 -0.59259   -0.25645   -0.92492   -0.90939    0.57323   -0.76049
  0.26884    0.40796    0.067732   0.28151   -0.79803    0.49186
  0.70234   -0.2676    -0.78514   -0.32371   -0.074607   0.1509
  1.0081     0.43995   -0.82667    0.39979   -0.51316    0.30272
  0.047371   0.44217   -0.3221    -0.51705    0.50206    0.87949
 -0.67667    0.52309    0.92321    0.28544   -1.1848    -0.09858
  0.12717   -0.83249   -0.10177    0.04797    0.60246    0.89447
  0.34197   -0.16067   -1.2692    -0.17588   -0.64051   -0.11431
 -0.94341   -0.31744    0.045667   0.26293    0.50928   -0.21763
 -0.065372  -0.23407   -0.4359    -0.061705  -0.3036     0.40274
 -0.0078014 -0.65267    0.59458    1.8058     0.54905    0.2924
  1.1534    -0.72118   -0.19337    0.98112    0.11637    0.19808
  0.199      0.71552    0.48269    0.42562  ]"
uniqueness,"[ 0.34457   -0.047545   0.56908    0.77065   -0.36168    0.25051
 -0.27929   -0.33672    0.36829    0.19108   -0.46416    0.39044
  0.10201   -0.55362   -0.2754     0.00962    0.22671    0.51399
 -0.025003   0.49594   -0.68547   -0.4216     0.0082045 -0.021686
  0.27629    0.085208   0.68889    0.079383  -0.26295   -0.73523
 -0.27274    0.27058   -0.20279    0.2748    -0.013372  -0.40398
  0.19737    0.49645   -0.30888   -1.0718     0.31686    0.036673
  0.26187    0.21533   -0.44429    0.17076    0.802      0.37143
 -0.30608   -0.045933   0.0028537 -0.068223  -0.018477   0.67949
 -0.17537    0.23309    0.57825   -0.32224   -0.078059  -0.29212
 -0.079886   0.23965    0.26799    0.08439    0.52088   -0.05148
  0.20774   -0.44402    0.197     -0.5582    -0.26813    0.48021
  0.27079   -0.11143    0.78034    0.1264    -0.18716   -0.64245
 -0.58523    0.60995   -0.80378    0.19697   -0.02777    0.33511
 -0.15197    0.17838   -0.2815    -0.013258  -0.10449    0.14832
 -0.38931    0.26533    0.055184   0.12296    0.092153  -0.62244
 -0.30193   -0.85516   -0.0079758  1.0163   ]"
corrugated,"[-0.42323    0.72731   -0.45954   -0.50114    0.24092   -0.23482
 -0.65661    0.098137  -0.4255     1.033      0.7242    -0.58593
  0.39262    0.58063    0.45728   -0.25924    0.13903   -0.53882
  1.1374    -0.58934    0.79042    1.0193     0.27684   -0.16268
  0.7504    -0.45726    0.17979   -0.089369  -1.0899    -0.14712
  0.88669    0.22702    0.39705    0.0086055 -0.57072   -0.14322
  0.8302    -0.2269     0.43352   -0.43432    0.017642  -0.032798
 -0.054104  -0.13746    0.1997    -0.035638  -0.67254    0.81668
  0.23619   -0.084311  -0.41267   -0.022251   0.067261   0.42605
 -0.28239    0.32093   -0.31486    0.057361   0.48447   -0.44141
 -0.73736    0.48953   -0.1946     1.1298     0.086459  -0.56734
  0.59569    0.8204    -0.60551   -1.5311    -0.19276    0.94459
  1.0859     0.3563     0.48461    0.41135    0.7375     0.40656
  0.64224    0.67627    0.16394    0.052639  -0.43549    0.78364
  0.046087  -0.43029    0.53033   -0.21804   -0.54424    0.96729
  0.94913   -0.65615   -0.19824    0.22727    0.61668   -0.65624
  0.23073   -0.34522    0.83393   -0.23851  ]"
gangsta,"[ 6.1928e-01 -1.5570e-01  6.7963e-01 -7.1089e-01 -2.3915e-01  6.7474e-01
  4.4890e-01 -1.1656e+00 -1.0835e-01  1.6933e+00  1.8264e-01  1.0347e-02
 -1.9989e-01 -8.5337e-01  4.6719e-01 -9.1573e-02  3.8225e-01 -6.5225e-01
  8.5061e-01  4.3092e-01  1.2350e+00  4.0505e-01  3.7359e-01 -9.0402e-02
 -6.8284e-01  1.2600e+00 -3.2042e-01 -4.7719e-01  3.1636e-01 -1.9737e-01
  4.5930e-01 -1.1170e-01  6.3893e-02  1.1775e+00 -2.5529e-01  1.3444e-01
  1.6759e-03  1.5048e-02  1.7731e-01 -5.4113e-01  2.4919e-01  8.5677e-01
  6.2366e-02  3.1613e-02 -5.3484e-01 -4.4536e-01 -3.0555e-01 -2.8338e-02
  4.9212e-01  5.4991e-01 -7.9604e-01  5.1669e-01 -2.3850e-01 -2.4871e-01
 -4.3024e-01 -2.5295e-01  1.0050e-01 -6.4390e-02 -1.6758e-01  2.7598e-01
 -1.1188e-01  1.1268e+00 -2.4468e-02 -7.9871e-01  1.0644e+00  2.3993e-01
  1.0103e+00  4.5695e-01  4.7510e-01 -1.0537e+00 -3.2133e-01 -6.5548e-02
 -2.7946e-01  7.1355e-01 -3.9661e-01 -5.9217e-01  1.3669e-01  1.6122e-01
  4.1402e-01 -7.6730e-01 -5.6559e-01 -3.5946e-01 -5.6436e-02  6.8455e-01
 -1.8045e-01  2.9046e-01 -8.8264e-01 -1.2402e-01  1.6811e-03  3.3005e-02
  3.0120e-01  2.0746e-01 -8.0363e-01 -4.3526e-01  5.3554e-01 -6.5688e-01
  1.0491e-01 -1.9792e-02  3.2133e-01  4.1815e-01]"
cosmo,"[ 0.65183   -0.048858   0.2427    -0.096676  -0.82454   -0.33658
  0.24202   -0.28132    0.33577   -0.095463   0.032397   0.82184
  0.13856    0.34833   -0.55656   -0.24129    0.14705   -0.68317
  0.60555    0.32289    0.0088903 -0.21159    0.019281  -0.084651
 -0.015524   0.21838   -0.61179   -0.22513   -0.51233    0.84902
 -0.029744   0.20212   -0.093977   0.40289   -0.69305    0.27869
  0.91634    0.1106    -0.33907   -0.80922    0.48433   -0.18065
 -0.7783     0.34555   -0.69135    0.63136   -0.84587   -0.40582
  0.28537    0.42513   -0.59972    0.018506  -0.48396   -0.17466
 -0.26341   -0.087209   0.21441   -0.074281  -0.28787    0.12369
  0.2552    -0.069135  -1.0544     0.479      0.22464   -0.21082
  0.25653    0.52134    0.19469   -0.1966    -0.75043   -0.17797
 -0.31815    0.34695   -0.29033    0.11722   -0.28113    0.4088
 -0.62852   -0.30657    0.70816    0.21014   -0.20398   -0.084099
  0.33662   -0.27953   -0.60608   -0.029007   0.63691   -0.51786
  0.50595    0.49312    0.082813  -0.70658    0.44725   -0.16452
  0.15602    0.090591  -0.83888    0.18035  ]"
pretense,"[ 0.40996   -0.11042    0.36157   -0.23702   -0.18016    0.44021
 -0.2958    -0.28838    0.43131    0.45077    0.27589    0.93653
  0.036678   0.037966   0.73108   -0.44582    0.099089   0.41257
  0.55091    0.2382    -0.39589    0.4229    -0.1148    -0.92328
  0.55776    0.23148   -0.13834   -0.47601   -0.45458   -0.98141
  0.06095   -0.35648   -0.081254  -0.26312   -0.19627    0.44171
  0.21408   -0.5233     0.00597    0.092611  -0.49701    0.50028
  0.41644    0.18013   -0.37796   -0.34555    0.65145    0.0093403
 -0.17954   -0.55399    0.18519    0.2539    -0.13292    0.54457
 -0.078247  -0.056006   0.43874   -0.28913   -0.020438  -0.3896
 -0.204     -0.36213   -0.5307     0.41828   -0.16909   -0.43367
  0.3603    -0.26551   -0.3251    -0.17682   -0.10719   -0.41079
  0.46445   -0.021322  -0.55733    0.82794   -0.040495  -0.30174
 -0.96599   -0.36329   -0.2732     0.21523    0.088713   0.55575
 -0.063816   0.44935   -0.12942    0.73408    0.11652   -0.33842
  0.23568   -0.082874   0.13229    0.011843   0.31277   -0.49884
 -0.43307   -0.38859    0.081637   1.1564   ]"
kennedys,"[ 0.10599    0.46006    0.90867   -0.63868   -0.16445    0.30941
 -0.13533   -0.78614   -0.21805   -0.31715    0.30088    0.40261
  0.2949     0.57833   -0.58279   -0.9199     0.28027   -0.016753
  0.54399    0.12876    0.43532   -0.32       0.10478   -0.30729
  0.057478   0.31057   -0.48917   -0.077483   0.439     -0.24776
  0.9134     0.087075   0.29548    0.82083    0.23762    0.088048
  0.24017   -0.030215   0.67777   -0.035055  -0.27782   -0.088327
 -0.36384    0.047978  -0.86703    0.030972   0.6338     0.20727
 -0.20503    0.010375  -0.27224    0.069746  -0.037258   0.046608
 -0.49989    0.53125    0.040679   0.30028   -0.76559    0.53794
 -0.55502    1.0275     0.32927   -0.87711    0.78401    0.010412
  0.04515    0.032171   0.11733   -0.81099   -0.47912   -0.029748
 -0.17587    0.21146   -0.64553   -0.030252   0.17953   -0.37981
 -0.12574   -0.048091  -0.11181    0.14143    1.3258     0.30359
 -0.093501   0.12516    0.12198   -0.24846   -0.72403   -0.59925
 -0.17311   -0.0069636  0.097445   0.029788  -0.6685    -0.52316
 -0.16732    0.1835    -0.27903    0.02456  ]"
constituting,"[-0.21111    0.024238   0.39483    0.24456    0.36372    0.7709
 -0.078383   0.12912    0.23581   -0.15691   -0.29447   -0.26811
 -0.3704    -0.024614   0.15651   -0.70541    0.021906   0.27724
  0.11057    0.24922    0.45077    0.076061   0.20098   -0.3683
 -0.026586  -0.55057    0.68116    0.72806   -0.40749   -0.26487
 -0.15772   -0.49568    0.41376   -0.88914    0.045735  -0.36473
  0.94971   -0.20153   -0.11585    0.31348    0.072932   0.6557
  0.37761    0.28243    0.37662    0.10302    0.90908    0.30153
 -1.1979    -0.20031   -0.11463   -0.035338  -0.14632    0.57931
 -0.86533    0.3813     0.48706   -0.93756    0.30373    0.18632
  0.013984   0.022595  -0.1932     0.11532    0.30536    0.06519
  0.20993   -0.2817     0.30947   -0.2241    -0.17843    0.079595
  0.22683    0.61504   -0.0097261 -0.018333  -0.42851   -0.21307
 -0.44837    0.034446  -0.20233    0.37001    0.010162   0.26679
 -0.31624    0.018194   0.31569   -0.31317    0.72585    0.44079
 -0.14978   -0.072439  -0.18367   -0.30864    0.35934   -0.27537
  0.051028  -0.92283    0.38972    0.014446 ]"
transfusions,"[ 0.70737    0.64282   -0.70473   -0.32398   -0.42002    0.56163
  0.85163    0.69565    0.31768   -0.23967   -0.62808    0.45117
  0.43511    1.1936     0.7054    -0.42341    0.1636    -0.22381
  0.58113   -0.54325   -0.57075   -0.0033305 -0.34096    0.34454
 -0.32976    0.039453   0.18113    0.082718   0.72338    0.0018224
  1.1603    -0.36326   -0.46027    0.38852    0.50464    0.37464
 -0.60461   -0.096736  -1.0257     0.86226   -0.22466    0.64927
 -0.83325   -0.84052   -0.31236    0.39429    0.32042   -0.89837
 -0.24292   -0.60684    0.31731    0.68654    0.033747  -0.010847
 -0.4101    -0.072576  -0.41542   -0.29533   -0.062538  -0.35939
 -0.4914    -0.19463    0.41079    0.68145   -0.026412   0.83209
  0.17942   -0.75189    0.74044   -0.85358   -0.15008   -0.36055
  0.29687    0.67125    0.26475    0.63076   -0.27425   -0.45293
 -0.28818   -0.30177    1.3695     0.46714   -0.21536    0.41526
 -0.99351    0.82795    0.10304    0.30333   -1.2334     0.0052626
  0.10894   -0.66802    0.18639    0.039465   0.049668  -0.26928
  0.40824   -0.15988   -0.47695   -0.032347 ]"
paksas,"[-0.02084  -0.056166  0.49084   0.22012  -0.23118   0.37261  -0.070787
  0.028275  0.75959   0.2523   -0.020607  0.84071  -0.68252  -0.64975
 -0.51215   0.87052   0.60086   0.4393    0.46983   0.60768  -0.65579
  0.74725   0.37277   0.84704   0.3247   -1.1399   -0.58846   0.06155
 -0.30316  -0.37676   1.3025    0.21229   0.10011   0.30646   0.041124
  0.38713   0.35141   0.23484  -0.043902 -0.21763  -0.95556  -0.57205
  0.64758   0.044628 -0.44984  -0.039578  0.11895  -0.52582   0.42994
  0.55618  -0.73862  -0.50288   0.35861   0.66836  -0.42813   0.65659
  0.48985  -0.054078 -0.1714    0.45419  -0.73392  -0.12215  -0.40597
  0.18515  -0.52988   0.73421   0.51912   0.089159 -0.96804   0.52215
  0.58675  -0.208    -0.33069   0.17294  -0.41669  -0.023584  0.64562
  1.2942    0.23329   0.23419   0.67265  -0.84401   0.67611  -0.98549
  0.18433  -0.38401   0.57596   1.4217   -0.069301 -1.014    -0.3699
 -0.091691 -0.065149  0.86397   1.4963   -0.8878    0.34828  -0.25375
 -0.38989  -0.72891 ]"
madam,"[ 0.80776   -0.17631    0.86625    0.16015   -0.32545    0.54051
 -0.62103   -0.18643    0.41088   -0.5527    -0.043738  -0.35261
  0.24507    0.63954   -0.16171   -0.085012   0.050779   0.35729
 -0.46626   -0.18574    0.047994   0.026516  -0.52155   -0.41433
  0.35757    0.63969    0.46895   -1.2349     0.43483    0.056608
  0.68542   -0.077487   1.0997     0.50756    0.46445    0.78512
  0.38009   -0.21505    0.7019     0.067242   0.0095261  0.46733
 -0.01791   -0.35234    0.16125   -0.15169   -0.14801   -0.74356
  0.82519    0.2585    -1.0652     0.19332    0.22689    0.30803
 -0.9236     0.42453   -0.028871   1.2041    -0.43385   -0.82572
 -0.99139   -0.12526   -0.34288   -0.034764   0.64558   -0.61163
  1.0279     0.52766    0.53342    0.30845   -0.60364   -0.52713
 -0.21839    0.13052    0.024925  -0.27026    0.29098    0.025607
 -0.25517   -0.18036   -0.07385    0.11075    0.61826   -0.044363
 -0.14971    0.20121    0.62961   -0.20651    0.093291  -0.61603
  0.70858    0.75905    0.6887     0.31497    1.0795    -0.40396
  0.28706   -0.0079706  0.011951   0.14224  ]"
perdue,"[ 0.023287   0.11218   -0.07273   -0.8189    -0.23987    0.52419
  0.30251    0.55818   -0.086481  -0.37968   -0.94948   -0.11351
  0.012866  -0.43246   -0.21584    0.081962   0.46658    0.22857
 -0.52888   -0.40422    0.022818   0.16034    0.26909    0.38474
 -0.66439    0.99823    0.071733   0.51926   -0.92395   -0.54496
 -0.061703  -0.24315    1.6604     0.46742    0.071874   0.18835
  0.21281   -0.25008   -0.59929   -0.61201    0.17922   -0.067532
  0.2048    -0.13246   -1.4302     0.61924   -0.75363   -0.55895
  0.30614   -0.19761   -0.53571   -0.69313    0.13612   -0.27918
  0.42237   -0.086119   0.39385   -0.52531   -0.58557    0.18252
  0.3594    -0.5255     0.18255    0.63643    0.77052   -0.0021697
  0.30309    0.79466   -0.019051   0.67754   -0.25361    0.43432
 -0.29152    0.36597    0.27933   -0.41313   -0.36031    0.45847
 -0.44465    0.44086    0.17169   -0.98176   -0.56286   -0.0143
  0.44158   -0.05093    0.75585    0.40698   -0.10995   -0.637
  0.24545    0.044812  -0.25211    0.083475  -0.91175   -0.14892
 -0.40273    0.33839   -0.38198   -0.15751  ]"
26.2,"[ 1.0268     1.1185     0.53681   -0.82921    0.14946    0.57627
  0.19728    0.1155    -0.11045    0.52915    1.0089     1.4401
 -0.46192   -0.55122    1.4825    -0.47593   -0.25679    0.050788
 -0.21577   -0.012176  -0.086357   1.0227     0.74569    0.69431
 -0.70323   -0.17315    0.27407    0.23954   -0.063646  -1.213
  0.18813   -0.56367    0.49527   -0.3918    -0.27485    0.91238
  1.1869     0.11728   -0.29514    0.34779   -0.065827   0.53753
 -0.36368    0.77772   -0.25647   -0.14314   -0.21893   -1.2519
 -0.26863   -0.43121   -0.47168   -0.16044    0.17564   -0.031049
 -0.10749    0.14339   -0.52136   -0.69381    0.0057879 -0.20484
  0.31046   -0.5076    -0.72814    0.66795   -0.8413     0.4597
  0.25443   -1.2144    -0.079776   0.73251   -0.59867   -0.16656
  0.10572    0.15322   -0.53173    0.50694   -0.54355   -0.043483
 -0.20224   -0.83741   -0.42594    0.42973    0.16708    1.7517
  0.19184    0.17338    0.02907   -0.22116    0.57521   -0.0068711
  0.025568   0.22584   -0.6337    -0.90317   -0.019281  -0.36498
 -0.19532   -0.40636    0.23554    0.12647  ]"
"1,000,000","[ 0.50886    0.81698   -0.35345    0.65949    0.49493   -0.02823
  0.74091    0.3849     0.53219    0.24039    1.075      0.55464
 -0.26356   -0.69553   -0.018273  -0.49048    0.12053    0.21522
  0.39354    0.1815     0.84933   -0.75783   -0.042155   0.2271
  0.65572   -0.21778    0.66404    0.1694     0.39687   -0.76125
  0.22565    0.52947    0.42087    0.49191    0.26704    0.12414
 -0.59422    0.49947   -0.47119   -0.36253    0.5341    -0.1789
 -0.16872   -0.32542    0.52173   -0.55233    0.4121    -0.98481
 -0.43837    0.29889    0.56754   -0.30901    0.14315   -0.26601
 -0.39249    0.28536    0.51266   -0.68474    0.087607  -0.4629
  0.86584    0.45506   -0.43368    0.028738   0.4269    -0.46433
  0.026242   0.38006    1.0937    -0.56303   -0.036119   0.35964
  0.071002   0.34442    0.12821    0.41439   -0.041175  -0.0081148
  0.12701   -0.096058   0.63469   -0.060774  -0.10969    0.31821
  0.47607    0.33256   -0.16476   -0.36801    0.12402   -0.071448
 -0.59419    0.46715    0.13475   -0.7485    -0.25435   -0.42589
  0.087103   0.66415    0.38111   -0.28474  ]"
responders,"[ 0.37114    0.50711    0.0043554 -0.26733   -0.87953    0.13571
  0.20865   -0.087954   0.2238     0.1833     0.13744   -0.74582
 -0.12304   -0.24       0.33462   -0.50136    0.63084    0.84705
 -0.71513   -0.33906   -0.096793  -0.43229   -0.24772   -0.3896
 -0.72375   -0.0029369  0.059157   0.9994    -0.38237   -0.33792
  0.11841   -0.27052   -0.2884     1.0292    -0.050992  -0.13135
 -0.90751    0.31593    0.93638    0.37224   -0.26512    0.31054
 -0.20727    0.38199    0.12376    0.33214   -0.074369   0.21789
 -0.187     -0.2765    -0.78516    0.32524   -0.20974    0.42839
 -0.071733   0.80598    1.119     -0.57082    0.44753    0.54184
 -0.532      0.76373    0.44482   -0.25873   -0.038467  -0.030288
 -0.67104   -0.1808     0.93584   -0.41786   -0.085636  -0.52799
 -0.25733    0.24283    0.98472   -0.082607   0.30835    0.31279
 -0.21102   -0.87869    0.26689   -0.27154   -0.019896   0.32253
 -1.3046     0.14833    0.11368    0.76138   -0.73097   -0.13824
  0.35564   -0.35715   -0.26943   -0.42312   -0.40684    0.15731
  0.66784    0.3676    -0.31514   -0.49288  ]"
distressing,"[-0.36276   0.19345   0.12096  -0.077716 -1.0053   -0.16828  -0.41552
  0.4742    0.66227  -0.41618  -0.095589  0.44492  -0.089117 -0.99403
  0.50678   0.60335  -0.76499  -0.56095   0.46094   0.26256   0.2163
 -0.15154  -0.077337  0.25163   0.038734 -0.20993   0.38218   0.57789
  0.10404  -0.32687   0.067358 -0.58072  -0.10354  -0.17626  -0.50104
  0.12684  -0.55126   0.015017  0.094768 -0.20491  -0.24051   0.94334
 -0.040254 -0.22757  -0.52386   0.42778   0.98081   0.78702  -0.010819
 -0.19599   0.43819  -0.25824   0.13437  -0.071081 -0.16931  -0.013986
  0.43894   0.058057  0.01309   0.026078 -0.75045   0.31646  -0.022889
 -0.54738   0.26741  -0.2893    0.99585   0.02174   0.33153  -0.42524
 -0.10762  -0.54971   0.22616   0.12906   0.66989   0.54978  -0.21495
 -0.18643   0.13258  -0.19142  -0.65365   0.31679   0.14165   0.62558
 -0.89199  -0.065608 -0.24846  -0.10244  -0.85658  -0.69673   0.1
  0.33548  -0.020749  0.029015  0.2659    0.095977 -0.32575  -0.46136
 -0.49318   0.42041 ]"
pocahontas,"[ 0.63506  -0.27208   1.2677    0.11839  -0.30672  -0.32672   0.47406
  0.34457  -0.24218  -0.56617  -0.69213   0.35987   0.033707 -0.16998
  0.36985   0.10893   1.1644    0.59969  -0.12626   1.3421    0.27867
 -0.24953   0.40678   0.23574   0.81917   0.87789  -0.55408   0.38973
 -0.72559   0.013074  0.69617  -0.067148  0.14369  -0.4416   -0.27579
 -0.61967  -0.076663  0.1509    0.65791  -0.21062  -0.027316  0.37227
 -0.41751   0.26219  -0.26954  -0.19431   0.22602   0.061982  0.57955
 -0.037356 -0.83107   0.43643   0.50904  -0.4069   -0.11905  -0.018381
 -0.020826 -0.58885  -0.67864  -0.74263   0.28555   1.226     0.22316
 -0.18004  -0.20289  -0.47493   0.45988   0.25151  -0.4339    0.15616
  0.38911  -0.16155   0.14329  -0.17434   0.76134   0.17269   0.2186
  0.29491  -0.15275  -0.27613  -0.33089  -0.61178   0.72644   0.64677
 -0.22257  -0.095401 -0.16296  -0.94481   0.16804  -0.028521 -0.040607
 -0.14861   0.089244 -0.4443   -0.49581  -0.60445   0.6623   -0.029835
 -0.036663  0.16428 ]"
davids,"[ 0.6019    0.20764  -0.42767  -0.54666   0.089288 -0.22381   0.65559
 -0.77536   0.09434  -1.3595   -0.1675    0.087478 -0.1846    0.22089
  0.58934  -0.38255   0.40607  -0.13216   0.051212  0.15303   0.008858
 -0.12393   0.48549   0.046686  0.46297  -0.62515  -0.55975   0.11775
 -0.21625  -0.31712  -0.76324  -0.11529  -0.9512    0.3069    0.26375
 -0.9199    0.14501   1.1024   -0.36039   0.14986   0.26081   0.23827
  0.18059  -0.78793  -0.2555    1.0782    0.47245  -0.53176   0.28898
  0.84494   0.87454   0.22529  -0.79642  -0.29562  -0.88172  -0.11922
 -0.13525   0.18734  -0.52513  -0.17425   0.42006   0.61224   0.11211
 -0.39753  -0.83942   0.044483  0.3771    0.21961  -1.0969   -0.23349
 -0.4756    0.081212  0.56013  -1.1138    0.006572 -0.45004   0.073482
  0.32884   0.41464   0.048645  0.18597  -0.27458  -0.025848  0.30822
 -0.11736  -0.53451  -0.24716   0.34223   0.77471  -0.41064  -0.75258
  0.51558   0.22423   0.28648   0.35333   0.36337   0.58704   0.083289
  0.10656  -0.64398 ]"
anthropological,"[-0.049513  0.64156  -0.094214  0.6386    0.037211 -0.49558   0.17547
  0.2503   -0.48053   0.085826 -0.73051  -0.3761   -0.16766  -0.18594
  0.021994  1.0787    0.86092   0.26751   0.17584  -0.085219  0.18764
  0.50231   0.11368  -0.2472   -0.090577 -0.28214   0.26817  -0.34008
  0.14764  -0.82345  -0.82634  -0.5891   -0.73227   0.06819  -0.6837
 -0.14089  -0.49632   0.65648  -0.37837  -0.15208  -0.62816   0.061778
 -0.51359   0.37822  -0.87439  -0.3879    0.71319   0.53366  -0.64286
  0.3621    0.39272   0.34946   0.24085  -0.32878  -0.12866   0.16233
  0.25584  -0.89116   0.49759   0.55233   0.57985   0.67718   0.283
  0.61403   0.53142  -0.45077  -0.58439  -0.055903  0.59336   0.419
 -0.24398   0.81251   0.98941  -0.36899  -0.86353  -0.22008   0.36193
 -0.29673  -1.0706   -0.60937  -0.74453   0.9708    0.8937    0.31673
 -0.15037   0.062722 -0.3377    0.46503  -0.2729   -0.15621  -0.16504
 -0.37846   0.26967  -0.28228   0.50002  -0.13331  -0.3634   -1.1502
 -0.35938   0.92566 ]"
bernal,"[-0.1677    -0.8988     0.015782  -0.4257     0.26949    0.083007
 -0.025374   0.23662    0.38486    0.12962    0.11392   -0.12837
 -1.0908    -0.0086968  0.48089    0.54279    0.4991     0.29723
  0.23508    1.185     -0.41343   -0.040776   0.42284    0.54498
  0.068859  -0.36994   -0.16123   -1.0911     0.75887   -0.23996
  0.16053   -0.31433    0.26692    0.71524    0.27373    0.12125
  0.40036    0.65861    0.82813    0.66628   -0.43365   -0.19461
 -0.246      0.8123     0.51665   -0.46911   -0.044369  -0.21036
 -0.65605    0.75049   -0.082956  -0.48434   -0.4744     0.18794
  0.27524    0.24058   -0.64999    0.52518   -0.66686    0.68591
 -0.18982    0.23846   -0.15992    0.3166    -0.23875   -0.69177
  0.53684   -0.31747   -0.19462    0.5239     0.93483    0.098997
  0.20362   -1.2324    -0.071363  -0.33311   -0.50502   -0.13887
 -0.83303    0.038916  -0.27       0.16878   -0.17252    0.29971
  0.57578    0.049104   0.042464  -0.37712   -0.4497    -0.62564
 -0.5316    -0.25428   -0.61621   -0.12142    0.0061628 -0.26723
  0.079718  -0.39321   -0.51654    0.52219  ]"
smeared,"[-9.9937e-02  1.7127e-01  9.3511e-03 -5.4660e-01  3.5947e-01  1.1375e+00
  2.6163e-02  2.0744e-01  3.3535e-01  4.4270e-01 -4.8491e-01  5.1060e-01
  1.1048e+00  4.0873e-01 -1.4196e-01  3.0915e-01  2.7523e-01 -9.1514e-02
  2.8404e-01 -6.1138e-01 -3.3233e-01  5.4843e-01  3.4162e-01  2.4851e-01
  3.3285e-02  2.5186e-01  9.8067e-02  1.5889e-01 -4.7440e-03 -5.3890e-01
  1.2940e+00 -5.5145e-01 -1.9278e-01  8.8286e-01  1.2954e-02  1.3783e-01
 -2.1697e-01 -8.9314e-02  2.0310e-01  6.5587e-01  1.5368e-01 -7.1311e-01
 -4.1876e-01 -3.0734e-01 -3.8435e-01  5.2041e-01 -4.0287e-01  8.5523e-01
 -2.8617e-01 -6.0249e-02 -4.7754e-02  1.5740e-01 -3.2578e-02  1.2725e+00
 -1.1743e+00 -1.4874e-01  2.1346e-01  3.9751e-01 -5.4953e-01 -5.5797e-01
  4.7248e-01  5.4625e-01  1.1160e-01  3.4436e-01  2.1757e-01  1.9266e-01
  1.2519e+00 -4.1755e-01 -8.8567e-02 -4.6773e-01  2.4152e-01  3.3062e-01
  3.5231e-01  5.7061e-02  2.5946e-01  3.4901e-01  2.3822e-01 -7.2994e-03
  3.0248e-01  1.5203e-01  3.6967e-01  1.5761e-01 -4.5665e-04  5.6834e-01
 -2.7105e-01 -7.0902e-01 -1.6829e-01  4.4056e-01 -5.3969e-01  8.7757e-02
 -1.0412e-01 -5.1469e-01 -2.0314e-01  3.1183e-01  8.9478e-01 -4.8856e-01
  1.2809e-02  9.9715e-02 -3.4075e-02  8.1670e-02]"
tulip,"[-0.18932   -0.077095  -0.47221   -0.3028    -0.50066   -0.17465
 -0.09984   -0.4597    -0.017201  -0.72666   -0.59568   -0.22966
 -0.17486    0.094063  -0.38427    0.32399    0.029332  -0.41623
  1.1596    -0.39969   -0.88723   -0.39457    0.30321    0.10654
  1.4646     0.51936    0.19483    0.02039    0.31249   -0.41435
  0.35507    0.03911    0.99935    0.061183   0.4993     1.0266
  0.466      0.7253     0.22735   -0.70228   -0.43372   -0.0037051
  0.13418   -0.22216   -0.67665   -0.45348    0.71223    0.52963
  0.51868    0.43234   -0.90597   -0.61166   -0.21731   -0.11178
 -0.79084   -0.10073   -0.54466    1.0712     0.22224    0.46424
  0.16125    0.87833   -0.039985   0.14636   -0.035388   0.0298
 -0.47197   -0.57382    0.26638   -0.62257    0.084541  -0.13873
 -0.29928   -1.1302    -1.4283     0.11836    0.27346   -0.014161
 -0.31857    1.2067     0.23058    0.15951    0.42102    0.87251
  0.53773    0.50289    0.36178   -0.31997    0.59822    0.1772
 -0.51454   -0.16742    0.39193   -0.27629   -0.58795   -1.0794
  0.026395  -0.47497    0.39805   -0.62993  ]"
dab,"[-0.15242   -0.59092   -0.36749   -0.92978    0.64122   -0.026206
 -0.095593   0.050062   0.5406    -0.22873    0.093576   0.14782
  0.34224    0.608      0.87606   -0.26514   -0.22648   -0.51738
  0.97707    0.04555   -0.38315    0.47307    0.29404   -1.0422
  0.47624   -0.078381   1.1281     0.38239    0.15777    0.26131
  0.41907    1.0304    -0.12816    1.1285     0.077797  -0.075795
 -0.5332     0.59118    0.10005   -0.33713   -0.47679   -0.51755
 -0.27827    0.0033859 -0.66652   -0.44059    0.28088    0.092605
  0.12515   -0.33183   -1.2093    -0.19086    0.58624    0.072698
 -0.18351   -0.28882    0.027474   0.31181    0.34683   -0.88172
  0.30683    0.085695  -0.15974    0.62243   -0.047703   1.0785
 -0.29839    0.34465    0.4546    -0.24782    0.26026    0.16
  0.76163   -0.41364    0.086121  -0.10263   -0.66079    0.079428
  0.29537   -1.0378     0.79318   -0.78765    0.70605    0.57554
  0.23525    0.5371    -0.067451   0.53754    0.74879    0.2795
 -0.12578    0.41084   -0.4817     0.081625  -0.055766  -0.34015
  0.82904   -0.19383    0.46423    0.84741  ]"
chisholm,"[-0.22746   -0.30694   -0.58389   -1.0542     0.29668   -0.47702
 -0.26272    0.65559   -0.12634   -0.3427    -0.26456    0.13477
 -0.11874   -0.24226    0.65311    0.36097    0.21772   -0.21603
 -1.1284     0.64589    0.10891   -0.24188    0.53402    0.061081
  0.20343    0.84372    0.50789   -0.12691   -0.25343    0.37615
 -0.10079    0.51591    0.040078  -0.37779    0.030291  -0.44358
 -0.37171    0.52674    0.040675  -0.34858   -0.40096    0.072571
  0.32823   -0.013387  -0.45548    0.66472    0.13203    0.44798
  0.71368    0.022727   0.035458   0.031209   0.068164  -0.009435
 -0.075571  -0.38183    0.057588   0.012393  -0.71221   -0.14781
  0.20263   -0.37888    0.91276    0.41066    0.039955  -0.018203
  0.89512    0.016853   0.18538    0.040306   0.35096    0.36156
 -0.28296   -0.066981  -0.057058  -0.76023   -0.083737   0.56542
 -0.064797  -0.46859   -0.62704    0.0043162  0.87592   -0.1719
  0.72494   -0.16963    0.6308    -0.52183    0.16753    0.03996
 -0.81925    0.37213   -0.11521    0.15945   -0.76597   -0.48908
  0.0022027 -0.095583  -0.93402    0.06351  ]"
fourier,"[-1.6459e-01 -3.4948e-01 -1.3980e+00  7.6538e-01 -2.6201e-01  6.6361e-01
 -1.3893e-01 -1.4424e-01 -4.3236e-01  2.9107e-02 -4.8422e-01 -1.0088e+00
 -1.1627e+00 -4.5621e-01 -2.4408e-01 -4.5247e-02 -3.5439e-01  1.3878e+00
  9.8507e-01  1.8049e-01  5.0161e-03 -2.0311e-01  2.8868e-01 -6.4128e-02
  1.1064e+00 -5.9073e-01  1.8968e+00  9.6054e-01 -5.7594e-01 -9.9464e-02
 -5.5668e-01  5.5448e-01 -9.4122e-01  1.2914e-01  1.1148e-01 -5.3461e-01
  4.5205e-01  8.0870e-02 -2.0979e-01 -4.5052e-01  2.1296e-01  1.0243e-03
  3.4180e-02 -1.4212e-01 -6.5489e-01  5.3762e-01 -3.1816e-01  2.3014e-01
  6.6480e-01  4.6829e-01  1.1910e-01  3.6567e-01  1.1303e+00  6.9392e-01
  3.0821e-01 -1.8980e-01  1.4094e-01  5.8269e-01  1.6118e-02 -3.4776e-01
 -1.3477e-01 -4.0708e-01  7.2264e-01 -5.3136e-01  1.2169e+00  6.5341e-01
 -9.6839e-01 -5.2045e-01 -2.4688e-01  5.0234e-01 -5.9586e-01 -2.9261e-01
  3.0027e-01 -5.0594e-02  3.9511e-02 -1.7246e+00 -4.4098e-01 -4.8224e-01
 -5.6422e-01  2.3929e-01 -2.7168e-01 -1.4633e-01 -1.5030e+00 -1.6651e-01
 -1.9780e-01  8.2015e-01  1.0598e+00 -1.1663e+00 -3.1424e-02 -1.5422e+00
 -7.3538e-02  8.2858e-01 -4.1568e-01  2.9505e-01 -1.5473e-01 -1.0636e+00
  2.5944e-01 -6.8842e-01 -1.3048e+00 -1.0780e-02]"
laker,"[ 0.74217    0.12521    0.42993   -1.0789    -1.0266     0.93638
  0.5006    -0.0095356 -0.2984    -0.54099   -0.28303   -0.087684
 -0.12785   -0.14805    0.34072   -1.3968     0.25831    0.47047
  0.52701    0.033843   0.47713   -0.36349   -0.841     -0.20654
  0.58525    0.22273    0.049614  -0.5641    -0.71105    0.013639
  0.047004  -0.033676   0.39172    0.24856   -0.23839    0.0038375
 -0.37584    0.65578   -0.46544   -0.26004   -0.23235    0.66426
  0.64122   -0.16628    0.23177    1.1618    -0.21562   -0.18656
  0.097233  -0.36076   -0.76654    0.13483   -0.32183   -0.72196
  0.81336   -0.26899   -0.7217     0.5252     0.51297    0.4498
 -1.2197    -0.67619   -0.20734    0.74902   -0.25299   -0.18563
  0.2324     0.061935  -0.7408     1.0081     0.28363   -0.29815
 -0.14419   -0.14458   -0.30388   -0.29802   -0.11973    0.30129
  0.079502   0.21333   -0.18532    0.10995    0.50545    0.19526
  0.15191    0.069824  -0.12799    0.5376    -0.072382   0.034095
 -0.23282    0.41596   -0.27225   -1.0885    -0.013383  -0.045398
 -0.42348   -0.26103   -0.99109    0.31533  ]"
demobilization,"[ 0.24882    0.64509   -0.33634    0.21521   -0.68505   -0.30344
  0.3648     0.91547   -0.015656   0.84817    0.89349    0.46843
  0.0032035 -0.43279    0.69904    0.37785    0.79537   -0.75895
  0.39935   -0.22172   -0.62405   -0.060454   0.66493    0.76159
 -0.16567    0.084565  -0.79174    0.28261    0.35928   -0.17745
 -0.49931   -1.1711     0.084884   0.12129    0.13797   -0.54182
  0.80637   -0.35727   -0.3994    -0.46929    0.38846    0.97773
  0.26836    0.23736   -0.17974   -0.43854   -0.12812    0.055922
 -0.2963     0.48841    0.39271   -0.57392   -0.88767    0.29274
  0.26772    0.65484    0.0299    -0.89676    0.47439    0.61168
  0.55413    0.02342   -0.0075549 -0.58828    0.60619    0.37247
 -0.65765    0.36614    0.90756    0.11046    0.74245   -0.95378
 -0.63819   -0.54308   -0.38347    0.24902   -1.097      0.58952
 -0.24793   -0.28517    0.43207    0.57959    0.44606    0.65524
 -0.578      1.0306     0.81894   -0.047383  -0.34183   -0.42766
 -0.54359   -0.72488   -0.7454     1.4957     0.0327    -1.2968
  0.85001    0.96891   -0.24348    0.75912  ]"
b-2,"[ 1.6853e-01  1.0546e+00  6.6614e-01 -4.5752e-01  5.4087e-01 -8.5202e-01
  2.8438e-01 -5.0918e-01 -4.9165e-01  1.8077e+00  4.2364e-01 -4.6848e-01
 -7.0638e-01 -9.5685e-02 -4.1742e-01 -7.3021e-01  1.5193e-01  5.9926e-01
  7.9061e-01  2.4410e-01  3.1469e-01 -1.0143e+00 -4.1181e-01  5.9015e-01
 -8.5534e-02  1.0714e+00 -2.8627e-01  3.9110e-01 -7.9761e-01 -6.6884e-01
 -2.7646e-01  3.5812e-01 -7.6956e-01  7.9567e-01 -2.0151e-01  4.9042e-01
  1.8456e-01 -8.4167e-01  1.4521e+00  3.4288e-01 -1.9721e-02 -4.9262e-01
  5.2513e-01  1.3932e+00  6.1537e-01 -3.4441e-01  6.4184e-01 -3.5056e-01
 -1.8335e-01  2.7998e-01 -3.7000e-01  3.7423e-01 -5.0243e-01  2.9491e-01
 -7.5268e-01  3.0812e-01  8.2693e-01 -6.0110e-01  3.8145e-01  1.9480e-01
  5.9367e-01  9.0495e-01  3.1436e-01  7.9115e-01 -3.0829e-02 -1.4387e-03
 -4.5637e-02  7.5170e-01 -6.2162e-01  1.4321e-01  5.4872e-01 -1.6239e+00
 -3.8652e-01 -2.2622e-01  5.6063e-02  1.2204e-01  2.8482e-01 -8.3454e-01
 -5.1685e-01  1.2040e-01 -5.3900e-01 -3.2896e-01  4.6966e-01  1.9117e-01
 -5.9243e-01  1.5241e-01  6.3066e-01  7.5298e-01 -3.0514e-01  2.5481e-01
 -1.6511e-01 -1.9028e-01  4.4097e-01 -4.2639e-01 -2.3570e-01 -4.8609e-02
  9.1304e-02  4.4343e-01 -2.8296e-01 -9.2825e-02]"
expedited,"[ 0.013527  -0.17086    0.31069    0.42156    0.44607   -0.53641
 -0.18138    1.118     -0.052357   0.0070501 -0.60473    0.26018
  0.19248   -0.67992    0.16148   -0.31526   -0.0071247  0.20409
 -0.058727  -0.096411  -0.24475    0.032784   0.39052   -0.08393
  0.54982    0.51644    0.51829   -0.28872   -0.48889   -0.62467
 -0.030897  -0.26452   -0.41744    0.39127   -0.25953    0.62839
  0.084202  -0.55087   -0.016439  -0.023833   0.032223  -0.16955
  0.11982   -0.15292   -0.30942   -0.54707   -0.11318   -0.67354
  0.57213   -0.29008    0.22621   -0.23012    0.52333    0.15129
 -0.80592    0.73333    0.84675   -0.38523    1.3907    -0.12894
 -0.15331   -0.16045    0.40856   -0.09599    0.92692   -0.97532
 -0.58862    0.34987   -0.44293   -0.57731   -0.35626   -0.28765
  0.62501   -0.27163    0.37256    0.47524   -0.78544    0.13396
 -0.042689  -0.98938    0.25794   -0.13939    0.3314     0.77648
 -0.50567    0.52925    1.0807     0.023576  -0.86477   -0.52033
 -0.1498    -0.27155   -0.57513   -0.28206    1.6554    -0.35049
  1.0413     0.36697   -0.39965    0.13961  ]"
patasse,"[-0.13362   -0.88202   -0.38801    0.48478    0.24075    1.0683
  0.40781    0.031596  -0.28274    0.29872   -0.10421    0.92936
 -0.94121    0.53228    0.31313    0.81002    0.082308  -0.0074007
  0.57388   -0.89479    0.18412   -0.27886    0.85189   -0.011807
  0.051806  -0.14403   -0.76426   -0.77539    0.51313   -0.18481
  0.91083   -0.11094   -0.017996   0.77404    0.48703    0.47187
  0.29911    0.013299  -0.13212   -0.31442   -0.34101   -0.06105
  1.2539     0.65483   -0.28667    0.45971    0.17977   -0.69809
  0.2263    -0.03805   -1.9305     0.16351   -0.089493   0.68879
  0.28413    0.48637    0.22096   -0.11644   -0.094547   0.16506
  0.1949    -0.43738   -0.49432   -0.023853   0.15453   -0.34847
 -0.30808   -0.44048    0.23292    0.10751    0.25035   -0.45604
 -1.2404    -0.49636   -0.29311   -0.23826    0.56886    0.81678
 -0.46043    0.53596    0.5578    -0.60281   -0.93014   -0.9948
  1.1505     0.61886   -0.46622    1.2267    -0.10291   -0.70455
  0.37662   -0.81783    0.025038   0.077195  -0.50522   -0.5473
 -0.061181  -0.12621   -0.95976   -0.1224   ]"
velasquez,"[-0.48913  -0.38082  -0.11978  -0.66398   0.58751  -0.12469   0.32163
 -0.01279  -0.014493  0.61311   0.022507  0.39014  -0.19872  -0.18227
  0.14366  -0.59441  -0.22074   0.42921   0.054215  0.03495   0.18371
 -0.51697   0.62754   0.72295  -0.27571   0.54902  -0.051966 -0.90612
  0.72003   0.04767  -0.38658  -0.12109  -0.67364   0.52989   0.71636
  0.15483  -0.22369   0.98759   0.30587  -0.35526   0.15397   0.26144
 -0.10166   0.51736  -1.0255   -0.24475  -0.17221  -0.21499  -0.21119
  0.82156  -0.29615  -0.25216  -0.44862   0.14097  -0.4665    0.15829
  0.54407   0.84546  -0.65963   0.51048   0.35174   0.36179   0.58355
 -0.49921  -0.55578  -0.41418  -0.12083  -0.58852  -0.81351   0.19115
 -0.043807  1.0807   -0.51692   0.21041   0.060749 -0.67317   0.10259
 -0.14066  -0.98369  -0.42578   0.020257 -0.1747    0.49796  -0.52976
  0.11769   0.23051   0.028115  0.63507  -0.52571  -0.49341   0.66671
 -0.72212  -0.12346   0.064717 -0.021167 -0.21606   0.23357  -0.15975
 -0.39245  -0.038203]"
pelvic,"[-2.2814e-01  6.3810e-01 -5.3791e-01 -5.2316e-01 -7.3793e-01  6.2057e-01
 -7.0872e-01  5.2800e-01  1.0590e+00  1.9783e-01 -6.1892e-01  2.8650e-02
  9.5720e-01  2.3405e-01  2.1167e-01 -2.1049e-01 -7.6931e-01 -2.5550e-01
  4.6132e-01 -1.3958e+00  5.7535e-01 -8.7138e-01 -8.0471e-01  9.0821e-01
  1.0678e-01  4.7563e-01  2.1618e-01 -1.0244e+00  1.5152e-01 -1.1686e-03
 -1.0583e-01 -1.0509e+00  4.3511e-01  2.2802e-01  4.4775e-01 -6.4718e-01
 -1.1218e-01  5.1886e-01 -1.5030e-01  1.0391e+00 -2.2314e-02 -1.9704e-01
 -4.5251e-01 -8.6045e-01 -5.5148e-01  6.4657e-01  3.3409e-01 -7.1202e-01
 -2.6458e-01  6.1058e-01 -1.6690e-01  5.2155e-01 -1.2020e+00 -8.5771e-01
  9.8187e-02 -7.2483e-01  1.0629e+00 -9.6964e-01 -1.4719e-01  7.1600e-01
 -2.6222e-01  9.1076e-01  9.2017e-01  8.8459e-01 -3.8416e-02 -1.2615e-01
  3.4815e-01 -7.6580e-01  1.6310e-01 -4.1043e-01 -1.9750e-01  4.8582e-01
  9.8221e-01  2.6273e-01 -1.4906e-01 -3.6967e-01 -1.6846e+00  6.1707e-01
  6.2708e-01 -3.1726e-01 -4.6722e-01 -4.5214e-02 -5.7965e-01 -3.5239e-02
 -9.0396e-01 -2.3632e-01  5.3855e-01  4.0061e-01  3.4825e-01  5.6140e-02
  6.4971e-02  2.0858e-01  3.6472e-01  8.6884e-01  1.1907e+00  1.6632e-01
 -2.1287e-01 -8.0993e-01  9.9575e-01 -4.4612e-02]"
buford,"[ 0.016332 -0.074479  0.42651   0.078588 -0.28896  -0.15271  -0.56179
 -0.10821   0.36458  -0.45355   0.22204  -0.26086  -0.90796  -0.45638
  0.1027    0.37092   0.63015   0.22675  -0.76151  -0.44574   1.2531
  0.12303   0.086847  0.40178   0.44509   0.54323  -0.1209   -0.29726
 -0.32812   0.54412   0.12955  -0.047644  0.81298  -0.17515   0.039902
  0.55479   0.33532   0.87804   0.31658   1.153     0.36621   0.39944
  0.14204   0.32989  -0.68434   1.1449   -0.10763  -0.39494   0.73161
  0.15561  -0.20449  -0.74429  -0.24804  -0.24717   0.068176  0.44166
 -0.28448  -0.029027  0.33899   0.41265  -0.66957  -0.19106   0.51983
  0.73263   0.33472  -0.50333   0.75207   0.4923   -0.31965   1.3205
 -0.11832  -0.37447  -0.44865   0.14411   0.19032  -0.05451   0.42381
  0.54543  -0.098314  0.033075 -0.46975   0.37809  -0.72437  -0.20136
  0.61971   0.64026  -0.25961  -0.43505  -0.358     0.10121  -0.25623
 -0.22404  -0.74651   0.10372   0.25621  -0.76298   0.46698  -0.51728
 -1.3095    0.35064 ]"
pos,"[-0.48474    0.48422    0.45562   -0.69239   -1.1629     0.16307
 -0.4405     0.16976    0.076642   1.4642     0.9235    -0.17807
 -0.13316   -0.26959    0.10837    0.31359   -0.2704    -0.12586
  0.22485    0.16959   -0.26922    0.93691   -0.20984    0.62953
  0.58565   -0.012159   0.86073    0.47795    0.49511    1.0263
 -0.44849    1.287     -0.85573    0.28349    0.090516  -0.31579
 -0.089371   0.4846     0.089826  -1.8394     0.87851   -0.67895
 -0.16656   -0.68758   -0.062746   0.085649  -0.15374   -0.044327
 -0.051936   0.058681  -0.20971    1.5648     0.18891    0.090107
 -0.32347    0.26471    0.82698    0.063376  -0.26737    0.10218
 -1.9559    -1.8137    -0.24403   -0.19695    0.073324   0.36775
  0.26658    0.13021    0.40757    0.38198   -0.66629    0.39227
  0.43254    0.10095    0.81937    0.0083559  0.0029069  0.2685
 -0.68053    0.27543   -0.21884   -1.5471     0.19371   -0.66288
  0.05452   -0.3183     0.35646   -0.39106    0.41296    0.0088129
 -0.98007    1.4011     0.5193     0.078393  -0.22148   -0.047035
 -0.29796   -0.51293    0.17381   -0.017205 ]"
pantry,"[-2.6970e-01  3.5989e-01  3.5250e-01 -8.0762e-01 -3.4862e-01  2.3212e-01
  5.4130e-01  1.3436e-01  8.7887e-01 -7.3569e-02 -1.1207e-01 -6.9578e-01
  2.0943e-01  5.7399e-01 -5.0567e-01  2.7060e-01 -4.4646e-01  5.7349e-01
 -4.4345e-01 -6.7663e-01 -5.7457e-01  1.6756e-01  1.8655e-02 -6.1233e-01
  1.4464e-01 -1.0253e-01 -9.0450e-01 -3.8719e-01 -7.7429e-01 -2.1259e-01
  4.2734e-01 -7.2287e-01 -1.5837e-01  6.1802e-01 -2.1117e-01  1.0134e+00
 -7.5793e-03  4.6888e-01  4.7628e-01 -5.3319e-01  7.8618e-01 -6.9419e-02
  1.6024e-01 -6.5787e-01  5.2171e-01  6.7619e-01 -7.2036e-01  1.8860e-01
  3.2150e-01  3.6708e-02  1.1227e-02  8.8137e-02 -6.5653e-01 -3.9159e-01
 -7.9150e-01 -4.1358e-01 -1.4389e-01 -3.9276e-01  3.1125e-01 -1.5150e-01
  2.5678e-01 -1.1040e-01  3.5735e-01  4.5517e-01  8.7101e-01  4.6557e-02
  3.8997e-01 -4.4580e-01  2.8508e-01  1.3327e-01 -1.8555e-01  6.2565e-04
  2.2904e-01 -1.9046e-01 -2.2224e-01  1.0520e+00 -1.4646e-01 -3.0808e-01
 -1.2425e-01  2.1671e-01 -1.0052e+00  8.0774e-02 -4.2653e-02  6.0716e-01
  4.0079e-01  1.6349e-01  1.9599e-02  3.4633e-01 -6.7163e-01  9.2105e-02
 -7.3956e-02  9.3696e-01  9.9604e-01 -3.5222e-01 -7.3151e-01 -2.2944e-01
  6.1865e-01 -3.0230e-01  5.7835e-01  1.3825e+00]"
torrid,"[-0.046233  -0.11564   -0.14324    0.14328   -0.84447    0.24643
 -0.095826   0.69012   -0.49631    0.34586   -0.56756    0.11831
 -0.49282    0.03501    0.52435    0.1352    -0.62793   -0.026569
  0.67035    0.060722   0.58259    0.51861   -0.14802    0.71068
  0.049126  -0.11517   -0.55043   -0.021247  -0.69147   -0.32886
 -0.91548   -0.33673    0.44348   -0.32691   -0.40331    0.41822
  0.3409    -0.25014    0.0021593  0.45437   -0.15419    0.15054
  0.24884    0.97435    0.46248    0.15966    0.86069   -0.53462
  1.27      -0.96364    0.10944    0.15507    0.074417  -0.11955
  0.62287   -0.85673   -0.037845   0.20321   -0.11002    0.25945
 -0.71272   -0.046033  -0.68995   -0.60687   -0.012034   0.56093
  0.79287   -1.0295     0.18625   -0.44404   -0.22807    0.26512
 -0.020594  -0.020444  -0.79792   -0.038743  -0.62946   -0.73892
  0.27347    0.10858    0.32202    0.97704   -0.64781    1.2311
  0.059692  -0.53229    0.39739    0.015874  -0.26479   -0.38038
 -0.13577    1.3038    -0.11588   -0.27089    0.40742   -0.28526
 -0.087019  -0.050589  -0.37914    0.098342 ]"
warrick,"[-0.11206    0.022705   0.10792   -1.986      0.20048    0.37905
  0.23585   -0.43832    0.15828   -0.19234    0.042781   0.53365
  0.79349    0.056149  -0.26541   -0.12582   -0.014113   1.1738
 -0.14218   -0.018206  -0.035906   0.36276    0.34392    0.025948
  0.46966    0.63643    0.15287   -0.18519   -0.62466    0.099888
 -0.36361    0.0066369  1.0662    -0.085348  -0.43262    0.19202
  0.027551   0.47968   -0.6289     0.38884   -0.40827    0.23777
  0.69782   -0.35887   -0.93277    0.42677   -0.023574  -1.1193
  0.86304   -0.114      0.082568  -0.09244   -0.053211  -0.18187
  0.11248    0.45021   -0.35652   -0.37174   -0.68245   -0.57441
 -1.1627    -0.23088   -0.12415    0.56174    0.098148   0.079063
  0.69439    0.61025   -0.30743    1.4534    -0.59962    0.21423
  0.30875   -0.49083    0.43518   -0.26834   -0.69489    0.069332
  0.31813    0.3557    -0.20731    0.087439  -0.12309   -0.11623
  0.25266   -0.37895    0.9148    -0.69014    0.13742   -0.34877
  0.12845    0.19481   -0.83604   -0.42429   -0.11705   -0.15948
  0.63178    0.0075318  0.70047    0.20913  ]"
holstein,"[ 0.4891    -0.50838    0.64564   -0.90468   -0.63808   -0.013046
  0.5477    -0.5338     0.32637    0.033935  -1.5943     0.24317
  0.54457    0.84842    0.61722    0.5589     0.39635   -0.79762
  0.011165  -0.63141    0.055736   0.52143    0.29646    0.23961
 -0.74844   -0.28628   -0.045987   0.24464    0.0063233  0.36507
  0.32577   -0.019628   1.0952    -0.07505    0.060961  -0.015431
 -0.17787   -0.3581    -0.55286    0.17032    0.40494   -0.58582
 -0.9203    -0.0805    -0.36283    0.072972   0.71384   -0.31003
  0.12928    0.46596    0.095797  -0.54674    0.042795  -0.49888
 -1.4071     0.017133  -0.47771   -0.065313  -0.74057   -0.078705
  1.3853     0.13969    0.59991    0.52119    0.54737    1.3271
 -0.69725    0.51473   -0.32938    0.041565   0.050067  -0.53608
  0.53494    0.4894    -0.32472    0.87472   -0.26705   -0.087718
 -0.72623    0.23426    0.4805     0.57267   -0.058315   1.2064
 -0.17117    0.13847    0.056199  -0.013093   0.35912   -0.25129
 -0.63628   -0.80977    0.28451    0.3629    -0.41765    0.017836
  0.082523  -0.20898    0.14529   -1.1446   ]"
26.7,"[ 0.90647    1.0672     0.53416   -0.76183    0.1283     0.537
 -0.077812   0.0069497 -0.034514   0.59205    0.86914    0.83228
 -0.25383   -0.61687    1.8335    -0.35386   -0.3121     0.091926
 -0.52947   -0.067612  -0.43096    0.73671    0.69951    0.7795
 -0.22407   -0.44078    0.68887    0.58917   -0.2449    -1.5367
  0.67556   -0.35567    0.45321   -0.57801   -0.44014    0.92631
  1.3813     0.2243    -0.65191    0.53515   -0.017633   0.59731
 -0.24427    0.82075    0.25113    0.24103   -0.47369   -0.78106
 -0.48462   -0.75606   -0.24887   -0.33849   -0.059647  -0.060276
 -0.26966    0.51141   -0.42664   -0.68755    0.060613  -0.11831
  0.16129   -0.56224   -0.7493     0.60334   -0.80308    0.36932
  0.1552    -1.015      0.1647     0.51892   -0.21693   -0.27965
 -0.0065867  0.15851   -0.43839    0.33661   -0.63014    0.090866
 -0.23313   -0.37411   -0.14291    0.037826   0.33865    1.4589
  0.40473   -0.17051    0.39196   -0.16867    0.62034    0.029341
  0.16473   -0.09702   -0.262     -0.76884   -0.048404  -0.40336
 -0.2374    -0.55371   -0.062571  -0.47581  ]"
antiviral,"[ 1.5103    0.01273  -0.070577 -0.024581 -0.54642   0.20317   0.82924
 -0.42686  -0.6875    0.3291   -0.038431 -0.91312  -0.62524  -0.23767
  0.70945   0.53065  -0.28858  -0.4813    0.11739  -0.69774  -0.14976
 -0.34859  -0.4439    0.30686  -0.87583   0.38827   1.2244   -0.3674
 -1.3874    0.086866 -0.49706  -0.21235  -0.94219   0.83838   0.084475
  0.71072  -0.40559  -0.26095  -0.43935   0.30242   0.34962   0.24399
  0.0931   -1.2249    1.5673    0.21956  -0.26037  -0.34199  -0.58237
  0.043284  0.04619   0.83641   0.51634   0.14482   0.61603   0.34281
 -0.35236  -0.6627   -0.31475  -0.41347   0.12863   0.67678   0.56202
  0.023684 -0.05325   0.29496   0.033155 -0.37443   0.10522  -0.46707
  0.47204  -1.6373    0.11719   0.51586  -0.052087 -0.12329  -1.3346
 -0.040457 -0.5365   -0.6173    0.71841  -0.68634  -1.3518    0.48763
 -0.85077   0.57861   0.87944   0.65172  -0.8569   -0.60038  -0.18059
 -0.35099   0.47728  -0.42059  -0.10943   0.076041  0.51661  -0.60291
  0.38175   0.63504 ]"
mcclure,"[-0.32778   -0.59657   -0.3602    -1.2417    -0.015645  -0.34947
  0.18967   -0.14592   -0.10323   -0.45102    0.18974    0.14655
  0.27234   -0.3794     0.075585  -0.084238   0.5125    -0.2339
 -0.2439     0.36606    0.28574   -0.021017   0.32887    0.52374
  0.70904    0.22381   -0.11699   -0.12735    0.054592   0.50905
 -0.18519    0.76067   -0.19546   -0.072018  -0.098934  -0.10561
  0.10273    0.017667   0.43602   -0.15237    0.084105   0.11751
 -0.62089    0.23415   -0.98855    0.4875    -0.29094   -0.47749
  0.23812    0.1652     0.27497   -0.29571    0.24898   -0.27532
 -0.41514   -0.11098    0.0065846 -0.11019   -0.51064    0.39277
  0.25092   -0.070957   0.31674    0.54651   -0.10771    0.050273
  0.4502     0.41732   -0.072065   0.059002  -0.04095    0.31486
 -0.02344    0.13497    0.05646   -0.096657  -0.11192    0.11271
 -0.30451   -0.74443   -0.46341    0.89411   -0.26989   -0.34318
  0.65499   -0.16075    0.19383   -0.54726   -0.029824  -0.41085
 -0.063124   0.19572    0.10239    0.16773    0.40074    0.034414
 -0.137      0.20568   -0.11356    0.27945  ]"
manipur,"[-0.29963   -0.24463    0.93485   -0.092351   0.42739    0.75051
 -0.41396    0.91207   -0.16001   -0.06338   -0.80929   -0.34908
  0.32258    0.76015   -0.29429    0.55698    0.016889  -0.069162
 -0.39497   -0.39322    0.87688   -0.051118   1.1929     0.64318
 -1.0183     0.62424    0.87057    0.55156    0.4039    -0.6784
  0.35698   -0.19319    0.49783   -0.46046   -0.06668   -0.8162
 -0.4618     0.16491    0.31917   -0.35167   -0.28806    0.74868
  0.14704    0.12938   -0.5273    -0.33682    1.2401     0.42724
  0.0023352  0.90375   -0.90339    0.18805    0.57832   -0.1648
 -0.16972    0.26649   -0.06919   -0.84922   -0.27281   -0.2427
 -0.076808  -0.56834    0.15106    0.36011   -0.018154   0.67142
  0.4866     0.020777   0.9187     0.23708    0.56997   -0.42083
  0.45859   -0.2831    -0.25139    0.41927   -0.027502  -0.21691
 -0.6241     0.49899   -0.54442   -0.2787    -0.18098   -0.20034
  0.28332    0.51164    0.042775  -0.16306   -0.12431   -0.033582
  0.60879   -0.12813   -0.94701   -0.064366  -1.1154     0.35589
  0.0359     0.3182     0.31668    0.014539 ]"
synonyms,"[-0.19945    0.43695    0.29841   -0.23552   -0.15164    0.49816
  0.29418   -0.46164   -0.53947   -0.11086    0.15041    0.39556
  0.58011    0.1934     0.3764    -0.096052   0.77302   -0.055215
 -0.50866    0.74356   -0.72338    0.32342    0.49329    0.42435
 -0.035169  -0.36861    0.36542   -0.81037   -0.0066984  0.39239
  0.22648   -0.90718   -1.1048    -0.87382    0.95366    1.0834
  0.059797  -0.61047   -0.48109   -0.084982   0.54875    0.50134
  0.090171  -0.32773    0.66786    1.0613     0.43398    0.12505
 -1.3502     0.332      0.30224   -0.33842    0.038663   0.17385
 -0.3172     0.71793    0.84665   -0.48908   -0.82019   -0.039424
 -0.36258    0.42516   -0.11306    0.47599    0.88321   -0.76197
  0.474     -0.64708    0.89402   -0.56453   -0.64285    0.037155
 -0.074091  -0.17008   -0.6938    -0.1807    -0.34078    0.41031
 -0.22034   -0.25212    0.0099257 -1.3145    -0.08518   -0.67728
 -0.12733    0.67924   -0.21415   -0.78205   -0.10091   -0.010971
 -0.98565    0.59422   -0.30782    0.18796    0.28637    0.28141
 -0.84288   -0.48762   -0.25626    0.72955  ]"
liège,"[-0.1412    -0.46589   -0.47767    0.81521    0.15462    0.75031
  0.16774   -1.0122     0.4278     0.35708   -0.010043  -0.030401
 -0.98838    0.80304   -0.022253  -0.41717    0.90258   -0.5689
  0.37208   -0.47161   -0.2771     0.31784    0.027465   0.11716
  0.25011   -1.0207    -0.35695   -0.70747    0.4185     0.037604
 -0.74905   -0.98083    1.3045    -0.056545   0.24582    0.21189
 -0.13338    0.18284   -0.79222   -0.39083    0.54304   -0.44841
 -0.18068   -1.059     -0.82998    0.88847    0.84479   -0.61291
  0.15418    0.44218   -0.082821   0.13364   -0.67009    0.48081
 -1.1715     0.023018  -0.58312   -0.44157   -0.89198    0.19551
  0.78669   -0.29728   -0.66323    0.73359    0.17362   -0.41642
 -1.4895    -0.38503    0.026703   0.32061   -0.52683    0.22602
 -0.18915    0.45607   -0.56384   -0.043806   0.2933     0.32931
 -0.30195    0.095443   0.066231  -0.50853   -0.46557    0.65001
 -0.52288    0.67865    0.042066   0.080729   0.1943     0.81488
 -0.25946   -0.0026716 -0.3559     1.106      0.20547    0.48414
 -1.0575     0.12007    0.11866    0.28717  ]"
dumplings,"[-0.37593    0.17442    0.57739   -0.51382   -0.41913    0.033632
  1.1988     0.25303    0.66946   -0.45345   -0.7711     0.32755
  0.72219    1.5755     0.085175   0.52197   -0.048688  -0.13998
 -0.32805   -0.31301   -0.0051114  0.36133    0.37927   -0.15445
 -0.49771    0.66828    0.18587    1.0463    -0.36207   -0.2489
 -0.64193    0.68984    0.27447   -0.81557   -0.42319    0.69145
  0.71136   -0.19398   -0.31215   -0.69833   -0.10947   -0.68333
 -0.51063   -0.56766    0.66719   -0.25187   -0.50111   -0.00561
 -0.0082813 -0.15021   -0.13603   -0.49478    0.17657    0.090156
 -1.3535     0.40794    0.12369    0.46477   -0.083695  -0.26768
 -0.31577    0.84965    0.4312     1.0333    -0.29089   -0.28059
  0.1669     0.15666   -0.33246   -0.63026   -0.43225    0.15159
  0.2109     1.2047    -0.51926    1.4455    -0.35041    0.30656
  0.22719    0.97483    0.04436   -0.15289   -0.2604     0.65768
 -0.77362   -0.25959   -0.016135   0.30242   -0.71574    0.21521
  0.24987    0.37026   -0.0056638 -0.55017    0.034016  -0.74838
 -0.18457   -0.4105     0.36571   -0.28218  ]"
'97,"[-0.32998   0.4249    1.2716   -0.76962   0.049211 -0.99051   0.37259
  0.12294  -0.16235  -0.27559   0.23266  -0.21689   0.21716  -0.40651
 -0.33155   0.50679  -0.27665   0.38387   0.61423  -0.26696  -0.67679
 -0.4255    0.23575   1.0018    0.13299  -0.036575  0.261    -0.2895
 -0.41653  -1.149    -0.74683   0.40036  -0.22974   0.052549  0.14515
  0.56035  -0.12127   0.099395  0.20442  -0.074812 -0.025106 -0.3846
  0.21242  -0.22179   0.13956  -0.33682   0.72591  -0.72043   0.02479
 -0.74013  -0.59896   0.23733  -0.1547   -0.59964  -0.551    -0.10704
  0.26007   0.7413    0.22973  -0.56296  -1.1502    0.79103  -0.9968
 -0.47753  -0.83008  -0.40285  -0.5531   -0.49016   0.14506  -0.12512
  0.59515  -0.38829  -0.020677 -0.12195  -0.73413   0.059371  0.28736
  0.51899  -0.28441  -0.76715   0.15857   0.51393   0.052534  0.41494
 -0.095031 -0.067536 -0.20516  -0.64196   0.26471   0.073106  0.25281
  0.15039   0.35327  -0.032155  0.63949  -0.40956   0.24276   0.52813
  0.45386  -0.11222 ]"
hsin,"[-0.45086    0.38845   -0.8761    -0.27657    0.61557   -0.50678
  0.88643   -0.20315    0.42545    0.66868   -0.086237   0.73504
  0.35734    0.45815    0.62265   -1.0692     0.13656   -0.46074
 -0.57582   -0.98428    0.05705    0.21357   -0.21264    0.51607
 -0.40322    0.42783    0.087477   0.12426   -0.68082   -0.13101
 -0.65636   -0.24025    0.375      0.57131   -1.329     -0.22882
  0.56121    0.78049   -0.74476   -1.4577    -0.90994   -0.21595
 -0.41187   -1.1114     0.58854   -0.30479   -0.57118   -0.25555
  0.57909   -0.052997  -0.77779   -0.9685     0.336     -0.72199
  0.55898    0.17518    1.021      0.8699     0.23402    0.2937
 -0.49057   -0.51642    0.32231    0.88376   -0.3155     0.27381
  0.407      1.4271     0.012694   0.36903   -0.44539    1.2334
 -0.16232   -0.19694   -0.35801    0.75157   -0.81166    0.14629
  0.019921   0.013835   0.44473   -0.65092   -0.61584    0.42328
  0.0085872  0.12083   -0.64586    0.43942    0.65414   -1.0044
  0.85928    0.47243    0.67857   -0.044588   0.87078   -0.62043
  0.28317   -1.6175     0.96202   -0.17071  ]"
creatively,"[-0.19268    0.33254   -0.40082    0.14432    0.23632    0.3772
 -0.27798   -0.32238    0.64298    0.42236    0.68781    0.097754
  0.1814    -0.94724   -0.35806   -0.3366    -0.33923    0.40298
 -0.23913   -0.040928   0.090882   0.39648    0.037057  -0.29214
 -0.083783  -0.034552  -0.56433    0.29605   -0.10916    0.19499
 -0.42055    0.74327   -0.33311   -0.1428     0.050001   0.18598
 -0.23424   -0.34476   -0.15615   -0.67095    0.3015     0.50214
 -0.53224    0.1779    -0.81235   -0.070416   0.42242    0.38664
 -0.13073   -0.30802   -0.79936   -0.16065    0.3272     0.57187
 -0.43151    0.040857   0.88119    0.24434   -0.22336   -0.12989
 -0.082483   0.92171   -0.27739   -0.22783    0.083397  -0.46362
  0.91462    0.098685   0.1128    -0.14244    0.56905   -0.16458
  0.0023631  0.085021   0.19726   -0.28013   -0.37553   -0.26635
  0.040737  -0.32787   -0.7105     0.28761   -0.81112    0.57819
 -0.55185    0.2323     0.060253   0.31976   -1.4905    -0.49009
 -0.53522    0.27382   -0.41654   -0.76277    0.11925    0.24501
 -0.22917    0.0064805  0.01797    0.52655  ]"
pimp,"[ 5.7055e-01 -6.4146e-04  3.3069e-01 -3.2781e-01 -2.0924e-01  8.3531e-01
  1.4678e-01  5.2805e-02 -5.4788e-02  3.1766e-01 -1.4565e-01  2.7438e-01
 -2.8935e-02  1.4411e-01  6.1697e-01  3.3660e-01  1.0254e-01 -3.9368e-01
  1.3601e-01  3.1176e-01  3.6234e-01  6.3393e-02 -2.0319e-01  7.2869e-02
 -1.2601e-01  1.2917e+00 -1.5072e-01 -4.7232e-01  2.4109e-01  1.7845e-01
  4.7561e-01  2.6759e-01  8.9994e-02  3.9778e-01  1.9321e-01  7.1908e-01
 -2.6363e-01  1.0208e-01  8.1820e-01 -4.0939e-01  1.6075e-01  4.9828e-01
  2.6189e-01 -4.4869e-01 -3.6791e-01  5.0495e-01 -8.6264e-01 -1.9493e-01
  5.9764e-01  6.6417e-02 -1.3253e+00  2.4131e-01  3.4659e-01  3.9776e-01
 -5.0210e-01  2.7887e-02 -5.1439e-01  2.0184e-01 -4.4809e-02 -1.1545e-01
 -2.1344e-01  4.1672e-02 -9.3655e-01  5.3398e-02  5.9809e-01 -8.8416e-02
  9.1946e-01 -3.0452e-01  4.5623e-01  9.5474e-03 -2.3094e-01  4.5147e-02
 -3.1129e-01  4.2375e-01 -2.2965e-01 -3.1753e-01 -4.4254e-02 -3.0867e-01
  1.0243e-01 -6.3069e-01 -2.1376e-01  7.5128e-02  1.6173e-01  5.1827e-02
 -1.5479e-01  1.2073e-01 -8.4318e-01  2.0096e-01 -5.9800e-01 -2.5428e-01
 -1.7595e-01  5.1677e-01  1.8815e-01 -7.0604e-01  1.0299e+00 -5.4031e-01
  9.7965e-03 -1.4199e-01 -6.2266e-02  2.0135e-01]"
informational,"[-0.29327   0.17471  -0.58641   0.16638  -0.027113  0.1322   -0.33418
  0.53912  -0.043939 -0.080452 -0.15224  -0.53003  -0.19065  -0.91488
  0.40219   0.85203   0.9354    0.39      0.41892  -0.3898   -0.36708
  0.11982   0.21388   0.34485   0.17892  -0.70114   0.49684   0.97406
 -0.88656  -0.40075  -0.31383   0.12797  -0.14713   0.092545 -0.28139
  0.19173  -0.25266  -0.02099  -0.35306   0.17883  -0.05835   0.50487
 -0.47691   0.2697   -0.67896  -0.69087  -0.17291  -0.2652   -0.70615
  0.34681   0.17413   0.087587 -0.1248   -0.099388  0.083883 -0.081027
  0.77628  -0.25945   0.90739  -0.10743  -0.2958    0.29712  -0.24765
 -0.29716   0.071201 -0.80795   0.81884  -0.67675   0.97772   0.058239
  0.28088  -0.98053   0.8834   -0.64242  -0.61839   1.0522    0.39633
  0.27894  -0.16643   0.018948 -0.52116   0.069154  0.44238   0.16038
 -1.0122    0.35037   0.54183   0.8234    0.14622  -0.21843  -0.46872
  0.39316   0.4786   -0.048099  0.064951 -0.47268   0.70386  -0.61728
  0.19508   1.2629  ]"
paralyzing,"[-7.6781e-02 -5.1275e-01 -2.5416e-01  8.0875e-02 -2.6042e-01  5.4419e-01
 -7.9862e-01  2.4672e-01  5.1607e-01 -3.8267e-01 -1.0176e+00  6.2366e-02
  1.3042e-03 -4.0403e-01  4.0923e-01  4.6330e-01 -6.9291e-02 -1.4112e-01
  4.1033e-01 -2.6291e-01  6.3584e-01  3.2616e-01  4.7805e-01 -7.2134e-01
  7.3874e-01  5.4131e-01 -3.1127e-01  1.7563e-01  2.5672e-01 -4.3940e-01
  2.0378e-01  1.1231e-01 -4.3660e-01 -1.0926e+00 -1.1080e+00 -1.0940e-02
 -1.3475e-01 -6.4865e-01 -4.3878e-01  6.2569e-01  3.3199e-01  2.3414e-01
  2.3938e-01 -2.1034e-02  6.6518e-01  1.1560e+00  9.9128e-01 -8.0905e-02
 -3.2140e-01  3.0341e-01 -3.1505e-01  3.8988e-01 -4.1801e-01  2.0357e-01
  2.1121e-01 -4.1383e-02  2.2305e-01  3.4808e-01  2.3796e-01  5.2473e-01
  1.6131e-01  2.0610e-01  2.4144e-01 -2.2000e-01 -3.8591e-01  4.0992e-01
  2.8795e-01 -9.9268e-01  1.4757e-01 -3.0863e-01 -4.5118e-01 -5.9476e-01
 -4.8185e-01  1.5255e-01  5.2414e-03 -4.1183e-02  2.2610e-01 -6.3457e-01
 -8.1676e-01  1.0792e-01  2.1618e-01  4.2424e-01 -7.8642e-01  5.5070e-01
 -5.6765e-01  2.9958e-01  3.3361e-01  1.1009e+00 -5.2203e-01 -5.0233e-01
  2.1363e-01  1.0800e-01 -5.6097e-01  3.7579e-01  1.6303e-01  3.6799e-01
  1.4440e+00 -5.0386e-03  3.0716e-01  7.5935e-03]"
iwc,"[ 0.27325   -0.0070501  0.91587   -0.31986   -0.6389    -0.54417
 -0.10188    1.2113    -0.33738   -1.0354    -0.20627   -0.01002
  0.4412    -0.20008    0.10935    0.50846    0.4648     0.49554
  0.0066591 -0.10294    0.42789    1.0223     0.53846   -0.4435
  0.2754    -0.15383   -1.3072     0.052533  -0.65438    0.63377
 -0.70113    0.064176  -1.1455     1.037     -0.77118    0.61547
  0.57882   -0.0093972 -0.61642   -0.6375    -1.0122    -0.063223
  0.44767   -0.04135   -0.071331  -0.66782    0.38981   -0.27334
 -1.4216     0.19328   -0.18545   -0.17897    0.013808  -0.37041
 -0.57938   -0.23812   -0.23368   -0.33591    0.23893   -0.46068
 -0.29398   -0.75167    0.55254    0.91668    0.30529    0.22973
 -1.1277     0.26477    0.46672   -0.69081    0.803     -0.36829
  0.36419   -0.013227  -1.771     -0.13837   -0.99376   -1.4812
 -0.74405   -0.19647   -0.29164   -0.54241    0.60913    0.47969
  0.012435   0.80091    0.26659    0.18624    0.59769    0.068192
  0.50443    0.29646    0.17434   -0.50584    0.68306    0.025459
 -0.10575    0.75995    0.17866   -0.046961 ]"
chua,"[-0.12465  -0.80587  -0.80468  -0.25135  -0.020028 -0.50437  -0.076856
  0.31784   1.0497   -0.41822   0.29179   0.51728  -0.54728  -0.53134
  0.69259   0.10101   0.35416  -0.28903  -0.35631  -0.67005   0.4448
  0.047269  0.79546   0.2676   -0.86368   0.56319   1.0412   -0.23482
 -0.56787   0.28959   0.37918   0.64656  -0.011059  0.095706 -0.41826
  0.19047  -0.38085   1.6468   -0.3284   -0.57769  -0.38767   0.25168
  0.16932  -0.23163   0.4251    0.68293  -0.22193   0.10509  -0.1874
  0.32287  -0.11325  -0.96591   0.27563   0.52902  -0.25074   0.21271
  0.065346  0.56715  -0.51398  -0.11916  -0.417    -0.39424  -0.044284
 -0.051274 -0.36341   0.36616   0.71748   0.14606   0.72139  -0.46852
 -0.18545   0.63432  -0.097274 -0.33141   0.22201   0.59772  -0.42315
  0.070096  0.25898  -0.18505   0.3638   -0.35164  -0.13561  -0.38104
 -0.19348   0.047702 -0.23353   0.57949   0.42666  -0.08803   0.66169
 -0.079351 -0.16097   0.24634   0.86842  -0.052843  0.08735  -0.71878
 -0.73871   0.050291]"
cancelling,"[ 0.0079362 -0.77293   -0.19667    0.53672   -0.21998    0.15862
 -0.52019    1.2092     0.10268    0.2543    -0.16163    0.24067
 -0.11279   -0.39969    0.24538   -0.50586   -0.46121    0.41474
  1.0581    -0.20851   -0.35345    0.07886    0.42342    0.21449
  0.39847    0.051237  -0.12862    0.52497   -0.053947  -0.17581
 -0.59748   -0.09289   -0.53903    0.15191   -0.58609    0.11751
  0.29708   -0.54604   -1.2405     0.13053   -0.0087811  1.0555
  0.86573    0.43417   -0.10948    0.037899  -0.08106   -0.11579
 -0.18582   -0.46542    0.3062     0.32815   -0.078855  -0.0063855
 -0.99907   -0.085328   0.58624    0.24397    0.18311    0.58087
 -0.11921   -0.06137    0.21486    0.04734   -0.4324     0.062535
 -0.14723    0.41625   -0.033342  -0.56862   -0.68052   -0.63065
 -0.13578   -0.50769   -0.43684    0.41487    0.019272   0.053963
 -0.28467    0.43927   -0.095436  -0.72616    0.19118    0.16437
 -0.42221    0.065129   0.082683  -0.034991  -0.35457    0.011934
 -0.73759    0.20258   -0.13003   -0.54758   -0.18759   -0.40714
  0.30729    0.58652    0.047804  -0.23357  ]"
devolved,"[-0.61028   -0.64266    1.1278     0.11512    0.802      1.1678
 -0.61775    0.020278   0.27269   -0.13403   -0.63499    0.020813
  0.29111    0.62965   -0.57169   -0.56382   -0.16901    0.36384
 -0.16204    0.20844    0.10338   -0.33259    0.52962   -1.4287
  0.123     -0.86408   -0.29895    0.72881   -0.47717    0.39525
  0.31767   -0.055626  -0.54189   -1.0298    -0.34822    0.10022
 -0.31914   -0.6553    -1.1046    -0.25729    0.21115   -0.57218
  0.36689   -0.40903   -0.37994    0.96923    0.44355    0.27969
  0.76027   -0.21013   -0.6396    -0.25201   -0.03151    0.58262
  0.30785    0.072716   0.61554   -0.14802   -0.010884  -0.035438
  1.2121     0.30888   -0.27442    0.011397   0.65442    0.51112
 -1.2862    -0.34457    0.32846    0.16487    0.18982   -0.26676
  0.1751    -0.94778   -0.33278   -0.99772   -0.68463   -0.37673
 -0.71411    0.16037   -0.0042997  0.030788   0.87412    0.037816
 -0.37521    0.6771     0.3103    -0.043061  -0.39717   -0.24229
 -0.42863   -0.49654   -1.2219     0.93425   -0.006786   0.095002
  0.73652   -0.020864  -0.33938   -0.22527  ]"
dynastic,"[ 6.0803e-01 -1.0304e-01 -6.1280e-02  5.7967e-01 -5.8448e-01  3.0489e-01
 -6.2791e-02 -6.3549e-01  3.7340e-02  5.2212e-02 -5.3748e-01  7.4137e-01
  6.6127e-01  2.9836e-01 -9.1705e-02 -1.0937e-01  2.0115e-01 -4.4573e-01
  6.5070e-01 -4.7558e-01  5.0263e-02  3.9981e-02 -1.8056e-01  1.6138e-01
  1.9924e-01 -7.9016e-01 -3.7934e-01  2.4908e-01  3.3673e-01 -3.1121e-01
  4.2762e-01 -2.6260e-01  2.0821e-01 -7.8959e-01 -2.5921e-01 -6.1362e-03
 -4.8079e-01 -3.3213e-01 -4.1671e-01 -3.6277e-02 -2.3484e-01  2.3081e-01
  2.3500e-01 -5.1260e-01 -1.6895e-01 -3.8810e-01  6.6958e-01  7.1169e-05
  3.6034e-01  3.4585e-02  3.6141e-01  3.6589e-01  2.9020e-01 -1.0878e-01
  9.1615e-01 -1.8832e-01 -1.8960e-01 -4.2644e-02  3.2168e-02  4.9262e-01
 -5.3945e-01 -4.6463e-01  1.1500e-01 -9.8587e-02  1.0972e+00  1.9280e-01
 -6.2941e-01 -5.0082e-01 -2.0859e-01 -5.5342e-01 -4.1213e-01  7.7110e-02
  1.2834e-02 -6.1892e-01 -1.8618e-01 -2.5879e-01 -6.9192e-01 -6.0095e-01
 -9.6497e-01 -2.1597e-01  9.8067e-02  1.1487e-01  1.3484e+00  9.4884e-01
 -1.7332e-01  7.3805e-01 -8.3345e-01 -8.5293e-01  4.4161e-01 -9.3989e-01
 -2.8816e-01  3.6053e-01  9.3924e-04 -1.4890e-01 -2.2618e-01 -1.1556e+00
 -5.4078e-03 -6.5997e-01 -1.0691e-01 -5.4959e-02]"
luisa,"[-0.17922  -1.1883   -0.25614   0.47503  -0.55529   0.13051   0.14067
  1.1624    0.45841  -0.21245  -0.15214   0.8871   -1.39      0.083855
 -0.063319 -0.75109   0.72298  -0.012162 -0.30455   0.76648  -0.90619
  0.12438   0.46988   1.1804   -0.074156 -0.090423  0.25551  -0.66402
  0.24944   0.30878   0.23826  -0.16654   0.63443  -0.02314  -0.51794
 -0.23745   0.66546   0.19509   0.31056  -0.056352  0.29218   0.20115
  0.44454   0.25906   0.36771  -0.14202  -0.63834  -0.19339  -0.30563
  0.86215  -0.032208  0.53776   0.4318   -0.09601   0.18471  -0.46634
 -0.20913   0.34888  -0.87615   0.47178  -0.10834  -0.11012   0.39232
  0.49498  -0.40987   0.34473   0.5161   -0.57702   0.46774  -0.31335
  0.54898  -0.30127  -0.044934 -0.10538   0.49041   0.3073   -0.2352
  0.19596   0.036146 -0.47316  -0.32311  -0.53533  -0.20348   0.05918
  0.10734  -0.54304  -0.42819   0.40715  -0.70701  -1.0734   -0.16416
 -0.22988   0.38157   0.30363  -0.21516   0.41423  -0.13781  -0.88589
 -0.61613   0.41749 ]"
danville,"[ 0.20031  -0.16907   0.51628  -0.036431  0.21913   0.069992  0.38014
  0.42021  -0.12529   0.091502 -0.31292  -0.83752  -0.19136  -0.25574
 -0.11288  -0.068965  0.46536  -0.16522  -0.45008  -0.01848   0.046717
  0.062724 -0.18732   0.20203  -0.22591  -0.1314   -0.3476   -1.0372
 -0.30498   0.68044  -0.26775   0.23387   0.462     0.13491  -0.5084
 -0.080422  0.032185 -0.14233   0.49111   0.50282   0.045379 -0.030971
 -0.62011  -1.0631   -0.22072   0.17372   0.82322  -0.62196   0.44229
  1.0772   -0.81667  -0.41216   0.24734  -0.51378   0.57318   0.29771
  0.46365  -0.60062   0.05722  -0.65902  -0.25942   0.18803   0.3244
  0.065304 -0.42634  -0.13276  -0.091533 -0.72517  -0.1934    0.72937
  0.094226  0.53294  -0.34448  -0.52905  -0.15456   0.10038   0.96054
  0.26039  -0.682    -0.37544  -0.57554  -0.13834  -0.53156   0.71673
  0.77208  -0.3975    0.26654   0.11868  -0.28861   0.57567  -0.77137
 -0.65064  -0.17667   0.83816  -0.41114   0.10127   0.80912   0.044148
  0.90927   0.36964 ]"
lecavalier,"[ 0.22817   -0.17963   -0.085911  -0.47953   -0.19251    0.39058
  0.9279    -0.66906   -0.73035   -0.26623    0.2742     0.29153
  0.41475    0.12287    0.68635   -1.1488    -1.3604     0.43294
  0.40006    0.50884   -0.075402  -0.11206   -0.39169    0.24056
  0.79053    0.64247   -0.33097    0.0034608 -0.4967     0.064932
 -0.70678    0.40825    0.93896    0.99604    0.21768   -0.44646
 -0.30032    1.2247     0.087354  -0.43371    0.27594    0.32842
  0.69404   -1.0755    -0.58526    0.4869    -0.8621    -1.2697
  0.71384    0.67088    0.033462   0.65741   -1.2139    -0.44753
 -0.86681   -0.51008    0.46995    0.11151   -0.41527    0.30529
 -1.2739    -0.016753  -0.2491    -0.19071   -0.39587    0.13558
 -0.18376    0.015273  -0.13697    0.29216    0.16052   -0.5453
  0.50627   -0.86851    1.0562    -1.5932    -1.066      0.80299
 -0.030387   1.0927    -0.70248   -0.11245   -0.72092    0.41615
  0.36331   -0.25583    0.52086    0.19251    0.077775  -0.49155
 -0.094751  -0.068586  -0.39202   -0.73054   -0.12928   -0.029605
 -0.48488    0.24081   -0.72806   -0.40831  ]"
notables,"[-0.19799    0.088016   0.22996   -0.43801    0.31849    0.35371
 -0.53158   -0.44031   -0.26613   -0.56177   -0.38215   -0.70539
  0.34613   -0.49412    0.026737  -0.27748    0.35098   -0.26943
 -0.43508    0.27364   -0.056469  -0.0043018 -0.19456   -0.20861
 -0.16762   -0.86729   -0.10201    0.18011    0.3648    -0.41103
  0.19735   -0.73342   -0.26418    0.18462    0.15231    0.20889
  0.18937   -0.069442  -0.52847    0.13894   -0.19663    0.28414
  0.12848   -0.29448    0.29795   -0.69914   -0.47639    0.56099
 -0.28924    0.2803    -0.2854    -0.11582    0.049785  -0.40552
 -0.011453   0.55406   -0.47702    0.10057   -0.79645    0.61058
 -0.7961     0.86476    0.34613    0.072736   0.19973   -0.69333
  0.2124     0.25689    0.41709    0.012308  -0.62469   -0.13072
 -0.41407   -0.03838   -0.84459   -0.22236    0.17392    0.32237
  0.090034  -0.27763    0.013442  -0.20294    1.0161     0.069035
 -0.56498    0.23704   -0.21878   -0.059238  -0.098612  -0.3512
  0.10718   -0.041175  -0.30971   -0.15379   -0.87903    0.059496
 -0.25209   -0.34022    0.62985   -0.20823  ]"
26.3,"[ 1.1294    1.1842    0.60864  -1.0891    0.1219    0.5726   -0.20012
  0.10595  -0.20827   0.8442    0.68586   0.77785  -0.52101  -0.40931
  1.9004   -0.27576  -0.58329  -0.099502 -0.56504  -0.16505  -0.25319
  0.49353   0.82217   0.81487  -0.60342  -0.41777   0.55992   0.72802
 -0.040016 -1.2365    0.5282   -0.2786    0.52664  -0.40674  -0.54058
  0.72657   1.3589   -0.14039  -0.68339   0.49402   0.22261   0.44788
 -0.1526    0.77485   0.10893   0.24838  -0.35555  -0.73632  -0.57366
 -0.84138  -0.33534  -0.49462   0.11431  -0.25702  -0.47251   0.23915
 -0.55465  -0.82722  -0.14906  -0.10919   0.33329  -0.39837  -0.84387
  0.71527  -0.7002    0.38853   0.19769  -1.1043   -0.010717  0.58762
 -0.2037   -0.38218   0.078845  0.11828  -0.45256   0.44102  -0.58059
 -0.051336 -0.23471  -0.30074  -0.38851  -0.12256   0.37491   1.4177
  0.067144 -0.048413  0.28003  -0.20077   0.44862   0.034837  0.18291
  0.071903 -0.74559  -0.86854  -0.28501  -0.60371  -0.071035 -0.50839
  0.17784  -0.5463  ]"
polynomials,"[-2.4155e-01  3.2709e-01 -8.3068e-01 -1.1625e-01  1.7701e-01  6.3228e-01
  1.4642e-01  1.6216e-02 -7.7894e-01  5.5246e-01 -5.5525e-01 -6.2095e-01
 -8.6017e-02  1.6257e+00  4.1062e-01 -1.0631e-01 -1.7701e-01  2.3707e+00
  7.4019e-01 -4.8922e-01 -1.0884e+00 -9.5531e-01  5.1440e-01 -4.0382e-01
  1.6729e-01 -2.1949e-01  1.5871e+00  8.4164e-01 -4.4877e-01  2.6960e-01
 -4.5497e-02 -2.6827e-01 -4.2313e-01  6.7782e-01 -3.3666e-01  3.8448e-01
  8.6145e-01  1.0286e+00  9.7544e-02 -2.6736e-02  6.2578e-01  2.9874e-01
  1.5014e-01 -2.7858e-01 -7.4344e-03 -1.2076e-01  2.6257e-01  1.7576e-01
  4.3448e-01  9.0222e-02  6.3253e-02 -1.7152e+00  3.3753e-01  7.3480e-01
  4.4628e-01  4.9127e-01  9.7289e-02  5.2040e-01 -4.3173e-01  1.7675e-01
 -2.9603e-01 -8.9974e-01 -9.9623e-01 -6.6100e-01  1.2190e+00  2.9306e-01
 -4.3305e-02  6.7460e-01  2.6935e-01 -2.0256e-04 -1.8709e+00 -1.0041e-01
 -8.9018e-01 -6.3605e-01  1.1989e+00 -6.6314e-01 -5.3949e-01 -1.6003e+00
 -2.6958e-01  4.5160e-01 -2.2493e-01 -3.6715e-01 -1.1245e+00 -3.2250e-01
 -7.2428e-02  9.9818e-01 -3.2615e-01 -9.6908e-01 -5.2488e-01 -4.7267e-01
 -1.5914e+00  4.6209e-01 -7.8893e-01 -3.7145e-02 -9.1389e-02 -8.5647e-01
 -2.0008e-01 -4.7142e-01 -1.0486e+00 -2.0072e-01]"
mountaintop,"[ 0.26709   -0.082823   0.15096    1.091     -0.41132   -0.2962
 -0.47783    0.60535   -0.37985    0.5727    -0.08257    0.25616
 -0.23789   -0.31415   -0.098646  -0.13506    0.8207    -0.46319
 -0.14711    0.46154    0.60339    0.54709   -0.34716    0.39667
 -0.22221   -0.11816   -0.34495    0.33234    0.086121  -0.62819
 -0.16253   -0.59487    0.66526    0.33479    0.13916    0.033994
 -0.61911   -0.1816     0.65291   -0.61744   -0.71081    0.36874
  0.30953    0.6416    -0.47684    0.21999   -0.038804   0.84022
  0.21813   -0.070783  -0.70947   -0.22258    0.15986    0.57413
  0.012707  -0.10541    0.50552   -0.18291    0.71681   -0.19151
 -0.20345    0.21199    0.82102    0.053004   0.13665   -0.047217
  0.91615   -0.64334   -0.42043   -0.71774   -0.58648   -0.20695
  0.81211   -0.01431   -0.73836   -0.8847     0.55081    0.086948
  0.20689    0.68431    0.50344   -0.020126   0.28392   -0.12371
  0.39841    0.14409    1.196     -0.0070827  0.48349   -0.28799
  0.25074   -0.45308   -0.1185     0.90809   -0.23261   -0.39031
  0.25484    0.18846    0.24453    0.49339  ]"
saro,"[ 0.16609    0.60456   -1.2987    -1.9745     0.56474    0.049379
 -0.2027    -1.1558    -1.1092     0.1517    -0.24414    0.54261
  0.65321   -0.044607  -0.85472    0.546     -1.2483    -0.090112
 -0.19154    0.451      0.11124   -1.0136     1.0604     0.42024
  0.88942    0.35182   -1.0567    -0.13143   -0.12277    0.63107
  0.32004   -0.54715    0.31771    0.51014   -0.36404   -0.22771
  0.64178    0.32056   -0.91535    0.55777   -1.1576     0.032315
  0.30666    0.27587   -0.38356   -0.23051    0.12447   -1.3059
 -0.64445    0.99698   -1.1026     0.11215   -0.64711    0.82854
 -0.82259    1.1199    -0.15569   -0.28283   -0.14279   -0.235
 -0.3225    -0.44222   -0.26901   -0.77422   -0.21596    0.016461
  0.80504    1.0428    -0.77396    0.75127   -0.51802    0.3895
 -0.067096   0.70942   -0.60201    0.13466    0.0030623 -0.9656
  0.034254   1.1616    -0.45195    0.45953    0.30641    0.63427
 -0.26577    0.30929    0.93826   -0.24723    0.52846   -0.13716
  1.3548    -0.63455    0.50938    0.018468  -0.17536    0.51215
 -0.21922   -0.86492    0.387     -0.98515  ]"
summoning,"[-0.068838  -0.44845    0.89513    0.29752    0.18632    1.0734
 -0.68157    0.059128   0.041792  -0.35589   -0.037989  -0.61084
 -0.21197   -0.20889   -0.087091  -0.41758   -0.26142    0.15864
 -0.1246    -0.28685   -0.17093   -0.68086   -0.39403   -0.18091
  0.086529   0.23128   -0.034639   0.35381    0.30954   -0.081553
  0.13616   -0.76546   -0.68834   -0.045902  -0.52472   -0.17636
 -0.20283   -0.70852   -0.028944  -0.085416  -0.57469    0.24667
  0.37269   -0.16913   -0.028437   0.16682   -0.17395   -0.051101
  0.40494   -0.17037    0.12737    0.085172   0.32842    0.22625
 -0.45835    0.048134   0.02469    0.14147   -0.47936    0.25821
  0.062231   0.30151    0.33168    0.26756   -0.42746    0.08165
  0.25763    0.50926    0.066203  -0.30216   -0.13897   -0.2654
 -0.116     -0.64113    0.17577    0.97415   -0.24839   -0.3901
 -0.26316   -0.0056275  0.099461  -0.031419  -0.074703  -0.13655
 -0.26786    0.40339    0.67653    0.69324    0.13713   -0.53463
  0.25756    0.21498    0.04012   -0.19192    0.50621   -0.84735
 -0.30713    0.0035104 -0.05074    0.11405  ]"
wilfried,"[-4.8995e-01 -4.8688e-01  4.0065e-02 -1.2271e-02  2.4032e-01  2.4352e-01
  8.6610e-01  2.4874e-01  1.0657e+00 -2.6764e-02 -1.1183e-01  6.2347e-01
 -4.7794e-01 -1.5423e-01  6.5684e-01  7.4967e-01  4.7696e-01 -2.6439e-01
 -9.7426e-01  3.1168e-01 -1.4061e-02  3.7922e-01 -3.9938e-01  9.9767e-02
  1.0636e+00  2.4357e-01  1.3748e+00 -8.0993e-01 -3.2515e-01 -9.4228e-01
 -1.3973e+00 -4.6998e-01  2.6619e-01 -8.3320e-01 -1.2178e-01  3.4518e-02
 -5.8695e-01  1.0104e-01 -3.3669e-01  1.0741e+00  9.7336e-02 -4.7752e-01
  5.7643e-01  7.1776e-01  1.0364e-01  5.8288e-01 -4.1461e-01  2.1053e-01
  4.1749e-01 -4.8612e-04 -2.1004e-01 -4.4133e-02 -4.5003e-01 -1.5185e-01
 -8.3100e-01  7.9646e-01  1.0095e+00  9.5579e-01 -4.1387e-01  5.0267e-01
  1.1400e+00 -5.6895e-01 -6.8796e-02  7.0621e-02 -1.7667e-01 -8.5492e-01
  1.7452e-01  1.4170e+00  6.1754e-01 -8.0632e-01  2.7842e-01 -5.1003e-01
 -9.2866e-01 -4.4697e-01 -1.4134e-01  4.5906e-01 -1.6805e-01 -1.5589e-01
  7.2157e-01  5.8543e-01 -1.6385e-01 -1.0822e+00 -8.0501e-01  6.0972e-01
  2.7462e-01 -3.8452e-01 -7.9358e-01  9.7793e-01  6.6595e-03  6.3445e-01
  4.9423e-01  7.8875e-01 -4.9640e-02  8.2006e-01  2.9824e-01  5.3086e-01
  9.0095e-03 -5.3457e-01 -5.0697e-01 -1.1374e+00]"
inbound,"[ 0.18971  -0.028418 -0.4907   -0.50136   0.25435  -0.20396  -0.18732
 -0.10339   0.53395  -0.42858  -0.020805  0.051235  0.28473   0.24843
  0.65624  -0.16831  -0.1201    0.46223   0.28431   0.098018  0.25336
 -0.091469 -0.35986  -0.3422   -0.082143  0.37182   0.27618   1.187
 -0.063991 -0.6784   -1.1708    0.81352   0.53781   0.2724   -0.74245
  0.44324   0.07719   0.52601  -0.23458   0.50151  -0.47123  -0.49819
  0.147     1.0921    0.57561   0.059936  0.54579  -0.47554   0.40241
  0.17972   0.092803  0.57049  -0.09594  -0.65327   0.021026 -0.019852
  0.019946  0.45388   1.3342   -0.3662   -0.7974   -0.54532   0.13737
  0.41185  -1.2323    0.22423  -0.055835 -0.63701   0.72019  -1.0312
 -0.45219  -1.0059    0.64692  -0.45627   0.53151   0.086274 -0.24857
  0.48773   0.14138  -1.0863    0.5241    0.30554  -0.21774   0.36282
 -0.53452  -0.46008   0.63323   0.27407  -0.22365   0.043357 -0.58035
  1.1884   -0.13356  -0.83999   0.26639   0.21141  -0.68263   0.68547
  0.37317  -0.086652]"
shaffer,"[-0.2129    -0.81409   -0.33943   -0.47743   -0.31704   -0.15299
  0.43894   -0.020676   0.070976  -0.13868    0.087771   0.057518
  0.086058   0.25772    0.197     -0.029308  -0.048864   0.1139
  0.042229   0.16887   -0.57983   -0.18325    0.60842   -0.0027755
  0.29174    0.087333   0.41892   -0.52897    0.33613    0.20798
 -0.22998    0.11481    0.15629    0.36102   -0.49515    0.16372
  0.45512    0.39027    0.66709   -0.057997   0.056773   0.91112
 -0.50108    0.70575    0.018199  -0.072154  -0.41131   -0.61876
  0.010217  -0.13686    0.37581   -0.593      0.18424   -0.36179
 -0.38123   -0.018267   0.021216  -0.25753   -0.70896    0.037812
  0.075081   0.10981    0.25838   -0.028789  -0.12359   -0.57327
  0.68073    0.57847   -0.069183   0.20221   -0.13291   -0.26128
 -0.38686    0.15517    0.22215   -0.72891   -0.35885    0.026444
 -0.065824   0.41718    0.19647    0.15848    0.087891   0.0022171
  0.11874   -0.25274    0.1474    -0.41354   -0.075948   0.1977
 -0.44624    0.14931    0.16204   -0.15353    0.23813    0.02998
  0.44417   -0.25374   -0.6899     0.6458   ]"
8-10,"[-0.66527   -0.073214   0.57426    0.21664   -0.71774    0.19166
  0.58734    0.74347   -0.23825   -0.49064    0.58947   -0.39696
 -0.34549    0.73236    0.67633    0.0062296 -0.2518     0.055378
 -0.28291    0.22476    0.19861   -0.48062    0.4316     1.1154
  0.38429   -0.17007    0.12925    0.54369   -0.32618   -0.10384
 -0.42709   -0.22621    0.49551   -0.81218   -0.61631    0.38473
  0.44543    0.16427   -0.36346    0.21493    0.29875    0.019654
  0.14827   -0.11748   -0.29587   -1.0153     0.18228   -0.48433
 -0.36098    0.017498  -0.53238   -1.2607    -0.18927   -0.26867
 -0.50343   -0.39403    0.27289   -0.028341   0.1376     0.45674
 -0.62596    0.5106     0.072492  -0.30469   -0.51174   -0.088562
 -0.9798    -0.069916  -0.14266    0.038843  -0.252      0.1709
 -0.13833    0.19998   -0.70839   -0.04734    0.14635   -0.62011
  0.31558   -0.42339    0.4977     0.1034    -0.30091    0.36055
  0.57143   -0.14542    0.83772    0.81667   -0.28466    0.20306
 -0.27548    0.55357    0.37462   -0.70682   -0.53433   -0.0081381
  0.19093   -0.40875    0.39562    0.33043  ]"
qom,"[ 9.8850e-01  2.7001e-01  5.9362e-01 -4.0244e-01 -4.0726e-02  4.2325e-01
 -7.8216e-01  4.6308e-01  1.5763e-01  1.6576e+00  5.4586e-02 -2.1305e-01
  7.8814e-01  1.5323e-03 -3.5897e-01 -4.0337e-01  1.1079e+00  4.3459e-01
 -5.4037e-01  1.9872e-02 -1.1747e-01  6.7031e-02 -4.2631e-01  9.3230e-01
 -1.5548e+00 -6.2206e-01 -5.2795e-01  9.7712e-01  4.9513e-02  1.7578e+00
 -3.8391e-01 -1.4301e+00  4.8926e-01  3.9541e-01 -8.3166e-01  4.6500e-01
 -4.3579e-01 -2.7568e-01  1.8991e-01  1.2201e-01 -4.7681e-01 -4.9185e-02
  1.7376e-01 -9.5933e-01 -2.9887e-01 -9.5862e-01  1.4888e+00 -5.1642e-01
  7.7171e-01  4.5291e-01  3.4456e-01 -5.2701e-02 -4.3195e-01 -3.3766e-01
 -7.3393e-01 -1.8074e-01 -1.0361e-01 -9.4629e-01 -1.4355e-01 -2.2490e-01
  4.1002e-01 -2.5985e-01  7.1971e-01 -1.6308e-01 -3.2302e-01  4.1141e-02
  5.7554e-01 -4.3965e-01 -4.0063e-01  3.6831e-03  5.6366e-01  5.5517e-01
  2.7722e-01 -3.0215e-01 -1.2710e-01 -2.4228e-01  1.3564e+00 -3.8181e-01
 -6.4239e-02 -3.0543e-01  1.5291e-01  4.7180e-01 -7.7059e-01  1.2188e-01
 -2.8015e-01  7.5080e-01  8.7091e-01  7.6326e-01  1.2714e+00  2.6714e-01
  4.6293e-01 -7.3735e-01 -5.3321e-01  5.5409e-01 -2.9579e-02  2.6434e-01
 -4.1142e-01  2.0253e-01  1.0793e+00 -1.0548e-01]"
muriel,"[ 4.2257e-01 -4.6769e-01 -9.6292e-01 -4.7173e-01 -3.8787e-01  2.8961e-01
  4.5839e-01 -4.5720e-02 -2.9283e-01 -3.1508e-01 -3.0557e-01  1.7493e-01
 -6.3394e-01  4.6829e-01 -8.9702e-02  1.5650e-02  1.6788e-01 -1.1034e-01
 -1.5652e-02  4.3556e-01 -3.2821e-01 -2.3118e-01  5.1883e-01  2.0558e-01
  9.4011e-01  1.1644e-01 -5.3275e-01 -6.7884e-01 -3.5440e-01 -4.4877e-01
  1.6828e-01  1.9636e-01  5.9061e-01  1.5712e-01 -3.0991e-01 -2.2682e-02
  5.2434e-01  2.5300e-01 -1.1700e-01  1.6540e-01  2.1924e-01  3.2787e-01
 -4.0513e-01 -9.5488e-02 -9.9694e-02  7.3180e-02 -2.5727e-01 -4.3414e-01
  1.1124e-01  1.1967e-01 -2.3514e-01  4.2309e-01  8.6358e-02 -1.1838e-01
  7.0557e-02 -4.6984e-01  1.5237e-01  3.8088e-01 -1.1748e+00 -2.0421e-01
  2.9771e-03  3.1938e-01  1.1604e-05  1.0398e-01 -4.1783e-01  1.1673e-01
  1.8214e-02 -5.8304e-03  3.0643e-01 -4.4129e-01  7.8777e-02 -7.3850e-01
 -1.8338e-01 -2.6552e-02  1.0094e-01  6.4465e-01  2.2997e-01 -1.5693e-01
 -3.0156e-01 -3.7133e-01 -1.9945e-01  4.6359e-02  2.1174e-01  5.6485e-01
  3.0487e-01 -6.2370e-01  3.8806e-01  3.5463e-01  3.3459e-01 -7.3198e-01
  2.5191e-01 -1.0239e-01  8.2299e-01 -3.2119e-01 -2.4863e-01  1.2389e-02
  2.3098e-01 -5.0457e-01 -1.4689e+00 -5.1975e-02]"
19.1,"[ 8.1554e-01  7.6636e-01  6.3319e-01 -8.9323e-01 -1.9019e-01  1.6879e-01
 -1.4958e-01 -3.0813e-02 -1.4345e-03  7.6771e-01  4.4132e-01  5.6465e-01
 -5.3592e-01 -6.2306e-01  1.6382e+00 -2.7404e-01 -4.0077e-01  6.5959e-02
 -5.3080e-01  1.7765e-01 -5.7212e-02  6.8962e-01  4.0884e-01  6.3040e-01
 -1.8132e-03 -7.0465e-01  4.2491e-01  5.8930e-01 -1.2556e-01 -1.2422e+00
  5.8281e-01 -5.0020e-02  4.0000e-01 -6.3108e-01  1.0680e-01  9.3161e-01
  1.2550e+00  3.3899e-01 -3.0437e-01  3.1285e-01  3.1426e-02  6.6720e-01
  8.1912e-02  8.7322e-01  1.1495e-01  1.6088e-01 -1.8878e-01 -6.9162e-01
 -2.9774e-01 -9.4239e-01 -9.7588e-02 -4.7810e-01  2.7319e-01  7.0364e-03
 -5.7569e-01  3.9028e-01 -3.8211e-01 -6.3660e-01 -2.2438e-01 -8.4075e-02
  1.5088e-01 -6.1147e-01 -7.0623e-01  5.2198e-01 -9.9835e-01  5.8723e-01
  1.1390e-01 -8.6535e-01  4.9213e-01  4.0514e-01 -6.1330e-01 -4.0975e-03
 -1.5221e-01  2.4089e-02 -4.1317e-01  1.3204e-01 -7.0441e-01  1.8317e-01
  5.3085e-02 -4.0238e-01 -5.6830e-02  4.0741e-01  1.8331e-01  1.1846e+00
  5.2536e-02  2.0670e-02  4.2239e-01 -1.5114e-01  3.6209e-01  5.2990e-02
  7.9087e-02  2.9943e-01 -4.9325e-01 -9.3964e-01 -4.3495e-02 -3.8881e-01
 -4.0558e-01 -3.3565e-01  4.0570e-01 -7.0495e-01]"
reclassified,"[-0.21919   -0.49234   -0.44314   -0.082542  -0.26919   -0.12099
  0.51604   -0.01524    0.65847    0.37108    0.37494    0.3366
 -0.22065    0.016932   0.74011   -0.78705    1.0549     0.46982
 -0.08904   -0.16897    0.39225   -0.20457    0.56623    0.59652
  0.017218   0.51495   -0.41329    0.14394   -0.13883    0.59307
 -0.0016789  0.20204   -0.70208   -0.2208     0.0014217  0.90174
 -0.28468   -0.44647   -0.32606    0.30425   -0.31246   -0.43718
  0.027484   0.18915    0.83227    0.92798    0.44399    0.56349
  0.19773    0.4535    -0.18721   -0.11626    0.22421    0.24722
 -0.57076    0.5111     0.50807   -0.63012    0.75556    0.23367
 -0.35024    0.74775   -0.43396    0.26177    0.36367   -0.21499
 -0.50615    0.36367    0.61491    0.77566   -0.064896  -0.27331
  0.48396    0.48441   -0.27219    0.10045   -0.38833    0.23401
 -0.12958   -0.8623    -0.91733   -1.0534    -0.17209    0.75764
  0.32069   -0.6931     0.36494   -0.52829   -1.0054     0.28634
 -1.2195    -0.25373   -0.052824  -0.20272    0.70895   -0.14255
 -0.29167   -0.33256   -0.56001   -0.68608  ]"
discontinue,"[ 0.33536   -0.61299   -0.97715    0.34702   -0.74503    0.067106
 -0.0089658  0.96701    0.41736    0.41542   -0.38197    0.45552
  0.20597   -0.41378    0.017569  -0.66614    0.44779    0.48363
  0.46048    0.29481   -0.3813    -0.20361   -0.2273     0.72665
 -0.1776     0.70279    0.48858   -0.034052   0.44302    0.19435
 -0.34279    0.57222   -0.79681   -0.096751  -0.61532    0.81131
 -0.0098362 -0.90948   -0.6667     0.039438   0.26179    0.64624
 -0.12483   -0.070473  -0.13673    0.66327    0.52367   -0.27006
 -0.22514   -0.70204    0.077347   0.80729   -0.42938    0.01185
 -0.27027    0.13533    0.47396   -0.60872    0.71809   -0.059624
  0.012402  -0.23869    0.50278    0.47675    0.26037   -0.19486
  0.075901   0.521     -0.348     -0.035269   0.11693   -0.39553
  0.011425  -0.46449   -0.48846    0.092391  -0.040083   0.47889
 -0.18272   -0.3693    -0.62138   -0.54902   -0.22788    0.82321
 -0.3561    -0.013008   0.50457    0.29627   -0.40654    0.35757
 -0.20713   -0.0094898  0.045816  -0.40438    0.06216   -0.54805
  0.47238    0.092126   0.50396    0.13881  ]"
all-america,"[-0.03336   0.24299   0.21199  -0.37551  -0.76167   0.5035    0.86329
 -0.20559  -0.031951  0.44128  -0.55867  -1.4951   -0.30776  -0.99997
  0.26907   0.51544   1.3776    0.34436   0.28734  -0.39204  -1.3566
 -0.16615  -1.5816   -0.4066    0.080703 -1.0188   -0.09631  -0.09165
  0.99497   0.33588   0.024143  0.33628  -0.81074   0.3705    1.1643
  0.70883  -0.80002   0.81846  -1.122     0.57208   0.26679   0.51518
 -0.40421  -0.35102   0.24975  -0.30598  -0.12997   0.95125  -0.93261
 -0.14735  -0.17234   0.64188   0.41101  -0.06473  -0.031689 -0.59066
  0.05863  -0.85655  -0.31861   0.16255  -1.4931    0.11796  -0.38137
  0.44627   0.27387  -1.5971    0.054308 -0.003554  0.71483   0.59447
  0.040199  0.31736   0.2941   -0.2502   -0.43111   1.8361   -0.67033
  0.10561  -0.018083 -0.87138  -0.82909   0.30137  -0.44481  -0.40088
  0.37584  -0.64628  -0.15753  -1.9576    1.2464   -0.90062   0.43315
  0.33838  -0.84209   0.56533   0.09343   0.33248  -1.1149    0.89543
  0.37946   1.5112  ]"
américa,"[ 0.79306   -0.63194   -0.21651   -0.30432    0.44468    1.0752
  1.4016     1.0205     0.26554    0.14296    0.96884   -0.42458
  0.066504   0.13158   -0.032368   0.2471     1.509      0.40973
  1.7286     0.1573    -0.018918  -0.0046763  0.30197    0.76767
 -0.33131    0.47086    0.42301   -0.19788    0.50685   -0.12472
 -0.049454   0.43253   -0.065921  -0.30753    1.0342     0.37233
 -0.82122    0.044316  -0.962     -0.034137   0.22934    0.16593
 -0.25029    0.1455    -0.074095   1.0211     0.5773    -0.46725
 -1.0884     0.33797   -2.0446     1.4223    -0.25595    0.59923
 -0.06703   -0.23509   -0.053491  -0.52508   -0.68924    0.24961
 -1.079     -0.19484   -1.0542    -1.0538    -0.58256   -0.25397
 -1.0392     0.16428    0.82331    0.42087    0.57485    0.32464
  0.37374   -0.40821   -0.40691   -0.14869    0.14369   -0.35382
 -0.64476    0.17274   -0.13552   -0.26916   -0.54614   -0.17891
 -0.34913   -0.38379   -1.1777     0.51372   -0.060792   0.30827
 -0.65803    0.30941    0.13015    0.70739    0.14991   -0.30324
 -0.8663     0.2984     0.031512   0.42085  ]"
serotonin,"[ 9.7048e-01 -6.0421e-01  2.6797e-01 -5.7846e-02 -1.6977e-01 -6.9069e-01
 -3.2456e-01 -3.2348e-01  5.5407e-01 -3.4699e-01  2.4960e-01 -4.1650e-01
 -1.3056e+00 -1.0174e-01  8.8803e-01  1.2070e+00 -2.9886e-01 -4.7280e-01
  1.1052e+00  1.1147e+00  5.7640e-01 -1.4167e+00 -6.3601e-01 -1.0438e-01
 -3.9232e-01  1.6081e-02 -3.3520e-01 -7.8870e-01  1.4846e-01  5.2962e-01
  1.1030e+00  5.1205e-01 -3.8801e-01  5.9195e-01 -1.2877e-02 -9.2030e-01
  8.4349e-01  2.1017e-01 -1.5241e-01  2.0064e-01  1.2170e+00  2.5539e-02
 -1.0543e+00 -1.3141e-01  1.4426e+00  8.9928e-01  7.3841e-01  2.8589e-01
 -2.9703e-01 -4.7250e-01  1.6142e-01 -1.8362e-02 -1.5538e-01  2.3465e-01
 -8.1695e-01  9.4464e-01  3.0902e-01 -5.5669e-01 -6.5313e-01  5.9399e-02
 -6.4880e-02  1.3699e+00  8.3440e-01 -1.8782e-01  4.8687e-01  1.1908e+00
  2.3680e-01 -2.2773e-01  6.9139e-02 -3.2253e-01  6.1428e-01 -1.1526e+00
  1.3835e+00  7.6439e-04 -9.8190e-01  6.9354e-02 -4.9302e-02 -9.0275e-01
  3.2861e-01 -6.7219e-01  2.0209e-01 -2.3900e-01 -8.5776e-01  3.4186e-01
 -8.3396e-01  9.8298e-01  7.0374e-01 -3.8764e-01 -9.7224e-01 -6.5021e-01
 -5.4834e-01 -9.7575e-02 -7.0898e-01  6.7158e-01  7.2159e-01  5.2986e-01
  8.0078e-01 -1.1152e+00  8.8047e-01 -4.5068e-01]"
arjun,"[-0.62234   -0.10802    0.95074   -0.0018943  0.20923   -0.64561
 -0.51769    0.63264   -0.082328   0.55026    0.19869    0.6031
 -0.50385    0.15235   -0.1478     0.42571   -0.57588   -0.045578
 -0.23751    0.48269   -0.14373   -0.91555    0.12508    0.7991
  0.13946    0.3225    -0.39913   -0.078835   0.29119    0.0088913
 -0.45983    0.97102    0.27695   -0.17927   -0.0043143  0.35201
  0.29295   -0.050586  -0.033646   0.31185    0.082667   0.99542
  0.16189   -0.03385    0.60934   -0.17662   -0.7329     0.98993
 -0.94145    0.80016   -0.14985   -0.51597   -0.0032634  0.32651
  0.30342    0.24285   -0.5615    -0.10361   -0.86153    0.038845
 -0.086931   0.12126    0.18119    1.7031     0.4548     0.30128
  1.1199     0.27595    0.35033    0.26662    0.78503    0.16945
 -0.31307   -0.52068   -1.1515     0.66047   -0.62042    0.13712
 -0.10024    0.22338   -0.84346   -0.42831    0.15564   -0.32101
 -0.35503   -0.055689  -0.83025    0.067956  -0.50355   -0.13912
  0.71517   -0.50433   -0.066897  -0.22245    0.26115    0.25789
  0.60792    0.040503   0.0096559  0.13279  ]"
lawrie,"[-2.1725e-01  2.7430e-01  4.3554e-01 -4.2140e-01  2.8708e-01  4.0628e-01
  8.2055e-01  3.0056e-01 -1.5061e-01 -4.9207e-01 -3.8846e-01  7.2640e-01
 -3.6638e-04  9.9658e-01  8.6947e-02  2.3344e-01 -3.0677e-01  6.5533e-02
 -6.7927e-01  4.6120e-01 -5.5531e-01  1.0118e-01 -3.4243e-01  2.6618e-01
  1.0265e+00 -5.3184e-01  4.2588e-01 -5.3042e-01 -2.3208e-01 -1.1245e+00
 -4.6275e-01  2.3768e-01 -6.7742e-02 -5.3787e-01  1.0308e-01 -5.0225e-01
 -4.6813e-01  5.9015e-01 -1.2410e-01  2.9093e-01  3.0991e-02 -6.8513e-01
  3.9171e-01  1.2081e+00 -1.5628e-01  9.2929e-01  3.0044e-01 -5.4155e-01
 -2.8664e-01 -3.6901e-01 -3.2007e-01  1.5381e-01  1.3665e-01 -4.3855e-01
  8.9976e-02 -3.9151e-01 -3.8841e-01  1.3091e-01 -8.6799e-01  8.6898e-02
  7.7853e-01 -5.6874e-01 -2.9656e-01  4.5005e-01 -2.0208e-01 -3.8988e-01
 -5.9884e-02  8.9465e-01 -3.6033e-02 -1.0086e-01 -6.8331e-01  1.8447e-01
 -7.0167e-01 -1.0118e+00 -1.2033e-01 -1.0791e+00 -3.2405e-01  4.6115e-01
 -7.5128e-02  5.8825e-01  7.2537e-01  2.3969e-01 -6.6691e-02  4.4287e-01
  1.0059e+00 -1.4434e-01 -4.7643e-01  3.3858e-01 -6.2764e-01  5.8436e-01
 -4.4438e-01  2.5144e-02  2.5395e-01  3.4320e-01 -2.0130e-02  6.0706e-01
  1.7148e-01  7.3929e-02 -1.1514e+00  5.0926e-01]"
galician,"[-0.15574   -0.11205    0.21016   -0.47326    0.12537    0.78125
 -0.52783   -0.94156   -0.24469    0.96773   -0.67088    0.057602
  0.19242   -0.43952   -0.29039   -0.12401    0.64049   -1.3507
  0.75972    0.73479   -0.20375    0.13325    0.61159   -0.2572
 -0.19758   -0.96428   -0.44855   -0.15889    0.28698   -0.17123
 -0.81642   -0.39581    0.38114   -0.7605     0.020883  -0.13703
  0.15464    0.077692   0.47173    0.4758    -0.23849   -0.084099
 -0.045703  -0.2036     0.1123    -0.28421    0.80835   -0.051378
 -0.24949    1.1876    -0.44504    1.0649     0.24161   -0.12121
 -0.50621    0.31751   -0.20504    0.47864   -0.067749   0.56786
  0.11578    0.49075   -0.67958   -0.22314    0.30951    0.28356
 -1.0179    -0.74566    0.48185   -0.66808    0.12841    0.41055
  1.0752    -0.23713    0.002603  -0.0060059 -0.65117    0.74328
 -0.49179    0.32357   -0.60527   -0.6759    -0.48797    0.30237
  0.14584   -0.064596  -0.25879    0.48854    0.70252   -0.6214
  0.0551    -0.31478   -0.49045    0.30414   -0.85571    0.24244
 -0.6166     0.16321    0.01351    0.031349 ]"
24.4,"[ 1.0443e+00  1.0695e+00  6.1172e-01 -7.8625e-01  9.5218e-02  4.9844e-01
 -1.4303e-01  1.0661e-02 -1.8346e-01  7.5125e-01  7.6127e-01  7.2818e-01
 -3.6378e-01 -5.4820e-01  1.9021e+00 -3.1268e-01 -4.5507e-01  1.5698e-01
 -4.9341e-01 -1.2470e-01 -2.8837e-01  8.3496e-01  6.8934e-01  8.8680e-01
 -3.3030e-01 -5.2710e-01  3.9617e-01  5.0109e-01  2.1864e-02 -1.2012e+00
  4.7552e-01 -9.2194e-02  3.0622e-01 -5.0172e-01 -4.0768e-01  9.8796e-01
  1.2230e+00  1.9277e-01 -4.5369e-01  5.5856e-01  1.4235e-01  2.5629e-01
 -1.7917e-01  7.0148e-01  7.7072e-02  4.8146e-02 -2.3075e-01 -7.8216e-01
 -5.0694e-01 -7.7774e-01 -3.5739e-01 -4.6769e-01  1.1544e-01 -6.9059e-02
 -4.7475e-01  4.6462e-01 -4.1691e-01 -7.4239e-01 -4.7326e-02 -2.2729e-01
  4.5935e-01 -5.8110e-01 -6.1020e-01  8.8255e-01 -7.9148e-01  3.7974e-01
 -1.2534e-01 -1.1557e+00  1.2950e-01  5.6545e-01 -3.9661e-01 -1.8060e-03
  1.5092e-01  2.6868e-01 -4.6269e-01  3.1436e-01 -5.1829e-01 -1.9022e-02
 -4.4109e-01 -3.6654e-01 -5.4563e-02 -7.9774e-03  3.8842e-01  1.4156e+00
  2.8306e-01  1.2673e-04  1.8399e-01 -8.2077e-02  4.0306e-01 -8.8625e-02
  1.3617e-01 -1.2395e-01 -6.7265e-01 -1.0599e+00 -7.6510e-02 -4.4202e-01
 -3.7877e-01 -4.1977e-01 -1.2817e-01 -5.2032e-01]"
morphological,"[-3.4850e-01  3.0328e-01 -4.4612e-01 -6.3201e-02 -5.0407e-01 -3.5514e-01
 -6.0509e-02 -6.4130e-01 -4.0162e-01  8.4732e-02 -6.7115e-01 -2.0178e-01
  5.5558e-01 -1.0822e-01  1.3683e+00  1.0621e+00  2.4765e-01  3.6802e-01
  8.7831e-01  4.9246e-01  1.0552e-03 -6.8942e-01  1.7729e-01  2.2648e-01
  3.3879e-01 -1.1070e+00  9.4579e-01 -1.8488e-01 -4.1868e-01 -1.8185e-01
 -4.1059e-01 -1.9597e-01 -1.0626e+00 -1.1608e-01  8.0053e-01 -3.7733e-01
  6.8563e-01 -2.3272e-01  1.1637e-01 -1.6656e-01 -3.7931e-03 -3.2751e-01
 -2.2330e-01  4.2914e-01 -6.4108e-01  9.2204e-01  4.3081e-01  3.7583e-01
 -9.9258e-01  5.3210e-01  9.7658e-01 -5.8671e-01  4.1152e-01  1.1161e-01
  8.4977e-01  7.0268e-02  4.1842e-01 -1.2030e+00 -1.1575e-01  2.0262e-02
 -6.3155e-01  4.6135e-01  1.3309e-01  2.5710e-01  9.5299e-01  1.3183e-03
 -7.2899e-01 -1.7890e-01  7.0528e-01  4.1839e-01 -9.1515e-01  1.2037e+00
  5.1622e-01 -7.2318e-01 -2.6029e-01  1.7743e-01 -2.4738e-01 -5.2760e-01
 -1.2374e-01  4.3757e-01 -8.8173e-01 -5.7808e-01  2.6841e-01  3.4394e-01
 -7.8619e-01  6.5271e-02  1.5510e-01 -2.6969e-02 -1.2896e-01  5.3265e-01
 -6.0423e-01 -4.5173e-01 -9.4109e-01  3.8082e-01  5.4401e-01  8.5817e-03
 -4.1560e-01 -1.4622e+00  2.9033e-02  8.3273e-01]"
chewed,"[-0.37437   0.52608   0.30477  -0.073103 -0.25513   0.51411  -0.14287
  0.11594   0.34772  -0.7446    0.2394    0.79166   0.17603   0.13314
  0.035035  0.28563   0.066991  0.14334   0.27162  -0.34356   0.46617
  0.56458  -0.10095   0.54676   0.56193   0.64689  -0.47014   0.25872
 -0.85035  -0.16524   0.31949   0.42063   0.66799  -0.026043 -0.33141
  0.26527  -0.73235  -0.0739   -0.26559   0.63971  -0.27109  -0.22542
 -0.058159 -0.42166  -0.21696   0.55726  -0.24937   0.25317   0.18871
 -0.0737   -0.62573   0.067825 -0.14101   0.336    -0.14114   0.78391
 -0.66842   0.60679  -0.011539 -0.234     1.0927    1.3059   -0.19874
  0.045675 -0.4521   -0.31166   1.0238   -0.33527   0.10466  -0.41168
  0.073818 -0.012633  0.74837  -0.39083  -0.59207  -0.15138  -0.81639
  0.36355  -0.12234   0.59479  -0.28868  -0.75937  -1.0679    0.44412
 -0.41574  -0.43344   0.45678   0.37976  -0.80352  -0.3498   -0.19201
 -0.62764  -0.66996   0.14212   0.14315  -0.44043   0.28301   0.24758
  0.35903   0.45993 ]"
gabor,"[-6.0239e-01 -5.3213e-01 -3.4295e-01  3.5140e-01 -6.2090e-01 -3.7649e-02
  5.5908e-02  5.3664e-01 -1.1100e-01  7.6192e-01 -7.4595e-02  3.2926e-01
 -1.1628e+00  4.9149e-01 -4.7304e-01 -1.3889e-01  4.5213e-01 -1.0980e-01
 -4.1940e-02  7.9313e-01 -6.0958e-01  7.5439e-01 -3.6690e-01  1.6051e+00
 -1.5590e-01 -2.9855e-01  7.2637e-02 -3.4198e-01  4.9123e-01 -6.9669e-01
  3.7447e-01  8.1610e-01  4.7653e-01  2.9634e-01  2.2855e-01 -6.5713e-01
  1.5405e+00  8.4612e-01 -4.3768e-01 -4.2891e-01  2.4844e-02  1.8117e-01
  5.5697e-02  5.7626e-01 -5.5477e-01 -5.3412e-01 -2.6523e-01  3.9694e-01
 -1.8622e-01  8.5772e-01 -1.9265e-01 -1.0472e+00 -2.6551e-01  4.3572e-01
  4.7825e-01  7.8533e-02 -1.3166e-01  1.4887e+00 -5.3703e-01  2.0407e-01
  1.8133e-01  4.1218e-01  7.0557e-02  7.2698e-01 -2.2609e-01 -1.6968e-01
 -1.4982e-01  8.9985e-02 -1.1585e-01 -1.6002e-01 -9.9032e-01 -7.9763e-01
  3.1963e-01  1.4500e-01  3.1036e-01  1.5353e-01  3.4791e-02 -6.7083e-01
 -1.3583e-01  1.5475e-01 -8.1551e-01  1.6666e-01  5.4210e-02 -3.2700e-02
  3.4289e-01 -3.7061e-01  1.7354e-01  1.0270e-03 -4.8692e-01 -7.0023e-01
  9.6730e-01  4.8576e-02  3.5124e-01  1.9684e-01  1.8151e-01  4.3779e-03
  1.5083e-01  1.8202e-01 -6.7146e-01 -9.2109e-01]"
faraway,"[-0.086976   0.067846   1.157      0.51602    0.072061   0.38392
 -0.99293    0.31003    0.4915     0.036607  -0.36667    0.034002
  0.19102    0.07526    0.18737    0.18286   -0.04498    0.10039
  0.47278    0.24429    0.20756    0.66089    0.29179   -0.27643
  0.22039   -0.23224    0.082426   0.60536    0.19074   -0.3996
  0.085229  -0.69544    0.6039    -0.10706   -0.11886    0.773
 -0.70286    0.02696    0.4866    -0.58523   -0.34303   -0.038271
 -0.46734   -0.30222   -0.28564    0.15339    0.31456    0.91381
  0.03641    0.052885  -0.40773    0.25934    0.032521  -0.05495
  0.72546   -0.051049   0.44494    0.24361    0.1188    -0.1943
 -0.18803    1.0948    -0.12064   -0.31875    0.049933  -0.0024996
 -0.064742  -0.19093   -0.28683   -0.68812   -0.34225   -0.54258
 -0.078379  -0.34489   -0.23904   -0.41119    0.3989    -0.32992
 -0.52071    0.42232    0.1544     0.51278    0.19406    0.40779
 -0.25294    0.60996    0.13061    0.037139   0.057478  -0.50768
 -0.39051    0.6121     0.76303   -0.32525   -0.77494    0.16355
 -0.54416    0.41705   -0.86846    0.091064 ]"
shalikashvili,"[-1.1758    -0.10259    1.1905    -0.27898   -0.070023  -0.28464
  0.11356   -0.20645   -0.6828    -0.68355   -0.38671   -0.98651
  0.60785    0.76252   -0.47569   -1.1177    -0.052997  -0.042155
 -0.57569   -1.2033    -0.18045   -0.69064   -1.4585    -0.21148
 -0.2897     0.41663    0.69639    1.106      0.61565   -1.141
 -0.58441   -0.56471   -0.059288  -0.72558   -0.4445     0.87092
  0.14924    0.91314    0.35655    1.2828     0.010528   0.20722
  0.88078    0.61854   -0.57741    0.83002   -0.67713   -0.033156
  0.074969  -0.64273    0.43888   -0.76859    0.23229   -1.2422
  0.49232    0.011052   0.75898   -1.0557    -0.35974    0.09739
  0.42925   -0.0090632  0.78076   -0.30443   -0.47712   -0.63813
  0.72205    1.0592    -0.4387     0.75587    0.43434   -0.58028
 -0.43629   -0.27535   -0.047966  -0.79806   -0.59931    0.56168
  0.042979   0.83687    0.52518   -0.99172    0.635      0.39039
 -0.027054  -0.36585    0.39236   -0.5078    -0.81507    0.44526
  0.31748   -0.95758   -0.22064    0.22556   -0.12204    0.63756
 -0.14192    0.053508  -0.69466    0.48234  ]"
flo,"[ 0.43962   -0.60707   -0.72778   -0.35239    0.48295    0.26113
  0.27278    0.14757    0.37954    0.21025    0.54722   -0.623
  0.19543   -0.30399    0.18685    0.50543   -0.5748     0.060022
 -0.0023522  0.18368   -0.54753    0.5887     0.44001    0.38802
  0.45712    0.68625   -0.42396   -0.18153   -0.68951   -0.77761
 -0.0033188  0.16026    0.72082    0.96909   -0.62054   -0.4283
 -0.0058991  1.006     -0.33239   -0.27495    0.68332    1.0491
 -0.61796    0.70238   -0.24101    0.72078   -0.86837    0.17868
  0.4867     0.53999   -0.62331    0.89354    0.049732  -0.14585
 -0.57018   -0.59044    0.089699   0.50166   -0.8797     0.22212
  0.59235    0.2694    -0.56097    0.42583    0.42317    0.11243
 -0.19551    0.80345    0.60587   -0.43384    0.050873  -0.45037
  0.54593    0.28436    0.42854   -0.20871    0.4442    -0.69193
  0.20739   -0.37733    0.67938   -1.1607    -0.14859   -0.28067
 -0.083884  -0.10946   -0.3783     0.58672    0.20395   -0.20116
 -0.49801    1.0186    -0.15963   -0.1079    -0.90276   -0.20932
  0.19404    0.24421   -0.81684   -0.40118  ]"
objecting,"[ 3.4255e-01  5.4798e-02  2.6144e-02  1.7541e-01 -1.6946e-01  6.4988e-01
 -7.6544e-01  1.6428e-01  4.5900e-01 -3.1380e-02 -7.5449e-02 -3.3651e-01
 -3.4003e-01 -5.2052e-01 -2.0820e-01 -1.4256e-01 -2.8097e-01  1.0502e-01
  3.2982e-01 -2.7400e-01 -1.7180e-01  3.4320e-01 -8.9761e-02  6.0847e-02
 -1.2306e-02 -9.0818e-02  2.9911e-02  2.0364e-01  4.8820e-02 -6.2310e-02
  2.8439e-01 -3.3622e-02  7.9306e-02 -8.1310e-02 -1.7718e-01  3.7437e-01
  3.4843e-01 -5.1337e-01 -5.9541e-02 -7.9701e-02 -5.1607e-01  6.9872e-01
  4.5925e-01  3.0828e-01 -3.5007e-01 -3.4471e-02  2.8478e-01 -3.9430e-02
 -2.6689e-01 -1.7944e-01  7.1562e-01  1.4856e-01  1.5888e-01  2.5791e-01
 -6.5494e-01  5.9008e-01  7.1696e-01 -5.4434e-01 -9.6722e-05 -1.1550e-01
 -2.1100e-02 -4.0670e-01  5.1544e-01  1.9180e-01  1.6990e-01 -2.2719e-01
  4.3745e-01  8.4553e-01 -5.6753e-01 -5.0570e-01 -3.2220e-01 -2.9365e-01
 -3.6114e-01 -4.2079e-01 -5.3000e-01  4.1960e-01  7.6186e-02 -8.3402e-02
 -8.1041e-01 -1.6008e-01 -5.5252e-01 -4.8506e-01 -1.1046e-01 -1.1915e-01
 -4.5359e-01 -2.5204e-01  3.2716e-01  7.3190e-02 -3.8551e-01 -1.9213e-01
  6.2733e-02 -5.9452e-01 -6.3736e-01 -2.4055e-01  3.1447e-03 -6.0557e-02
 -6.4331e-01  1.2568e-01  3.0606e-01 -1.8230e-02]"
discreetly,"[-0.56231   -0.1014    -0.39201    0.27039    0.22684    0.99332
 -0.49984    0.36539    0.62945   -0.19983    0.44556    0.57969
  0.45057   -0.0050512 -0.086476  -0.16115    0.088638   0.29798
 -0.076533  -0.90938    0.067303   0.58328    0.010727  -0.10569
 -0.044512  -0.23216   -0.54125    0.026495  -0.091683  -0.41325
 -0.055885  -0.11205   -0.36412    0.28622    0.53294    0.68743
 -0.25346   -0.45064   -0.075753  -0.19962    0.089678   0.25972
 -0.15593    0.2058    -0.28269   -0.25309    0.017077   0.68156
  0.19109   -0.55766   -0.0318     0.036029   0.13954    0.83365
 -0.50781    0.074554  -0.27186   -0.028771  -0.33989   -0.31993
  0.22452    0.66949    0.30259    0.12079   -0.18173   -0.40408
  0.4562     0.078807   0.33402    0.040904   0.23652   -0.50436
  0.41158   -0.44467    0.055471   0.043143  -0.3803    -0.35175
  0.023565  -0.077498  -0.20336    0.034786  -0.025199   0.11379
 -0.12198   -0.52199    0.64297    0.52197   -0.75183   -0.36637
 -0.59904    0.096982  -0.015164  -0.59322    0.090428   0.20758
 -0.27335    0.11231   -0.31026    0.24802  ]"
lair,"[ 0.087638  -0.19571    0.45875   -0.37469   -0.19549    0.43756
 -0.27905   -0.6446     0.32275   -0.043612   0.472      1.1683
  0.13997    0.083455  -0.0076144  0.35327    0.37389   -0.31518
 -0.04495   -0.085678   0.33181   -0.034644   0.081497  -0.28039
 -0.24417    0.80626    0.069433   0.19438    0.20925    0.071908
 -0.13933   -0.98437    0.043224   0.33582    0.6096     0.60071
 -0.51429   -0.027511   0.74089   -0.61438    0.25064    0.83867
 -0.15962    0.36898    0.12648    0.37194   -0.23487    0.58721
  0.99232    1.0758    -0.4892     0.30097    0.24981    0.38102
 -0.17552   -0.98806    0.03855   -0.48602   -0.40484    0.10953
 -0.12157    0.47254    0.07342    0.0064849  0.040699  -0.11876
  0.37988    0.015147   0.18918    0.28714    0.10379   -0.82604
  0.0060257 -0.52817   -0.47823   -0.56079   -0.43053   -0.25622
 -0.34408    0.7094    -0.39115    0.37027   -0.40371    0.20494
  0.20669    0.36791    0.54103   -0.010111   0.51138    0.40126
  0.48234    0.20865    0.9852     0.46071    0.59393   -0.51751
 -0.28109    0.042804   0.61696   -0.11787  ]"
rockland,"[-2.9226e-01  2.1165e-03  4.8137e-01 -1.0804e-01  2.4595e-01  6.4773e-01
  6.3651e-01  9.3898e-01 -2.3006e-02  1.9590e-01 -1.1754e+00  1.4977e-02
 -2.5267e-01  2.3521e-01 -1.3164e-01 -4.7733e-01  1.3796e+00 -5.6784e-02
 -5.8918e-02  3.3161e-01 -1.9013e-01  3.4605e-01  2.6397e-01  2.3771e-01
  3.9812e-02  2.3565e-01  2.1229e-01 -1.4230e-02 -6.1122e-01  1.9332e-01
  8.2683e-01  2.0434e-01  2.9523e-02 -2.0998e-01 -4.3990e-01 -9.6591e-03
  2.6443e-01 -4.8971e-01  1.2775e+00 -4.5578e-01 -3.6914e-01 -4.2120e-01
 -4.9926e-01 -8.3700e-01 -3.5781e-01  2.7670e-01  1.2242e+00 -2.1387e-01
  7.2996e-01  7.4602e-01 -1.3245e-01 -4.1960e-01 -2.8994e-01 -7.7934e-01
 -6.8132e-01 -1.1017e-01  4.4019e-01 -2.3828e-01  2.3508e-03  7.5956e-02
 -6.0175e-01  1.1466e-01  4.5714e-01  9.5289e-01 -5.0284e-01 -3.1503e-01
  1.3524e-03  1.2546e-01  7.8051e-01  5.1919e-02 -3.2302e-01  6.6633e-02
 -3.0902e-01 -2.8306e-01  3.7725e-01 -2.8473e-01  4.8369e-01  2.5120e-01
  3.3855e-02 -2.3238e-01 -3.2354e-01  4.8473e-01  4.1208e-01  4.8570e-01
  6.4939e-01  2.0359e-01 -1.3939e-01 -6.9199e-02 -7.3131e-02  3.1287e-01
  9.3192e-02 -5.5698e-01 -3.6307e-01 -3.1870e-01 -3.9324e-01  5.2524e-02
 -1.2239e-02  3.9431e-01  4.0093e-01  6.7559e-01]"
pageexpress,"[ 0.55197   0.88392   0.50489  -0.2528   -0.024941 -1.4641    0.14154
  0.046168 -0.39557   1.015     0.61596  -0.35172  -0.40966   0.2336
 -0.63661  -1.0556    1.1579   -1.0454   -0.13803  -0.68955  -0.41335
  0.80483  -0.19618  -0.13616   0.71942   0.63453   0.78666   0.23127
 -0.10632   0.069046  1.2972    0.25788   0.21267  -1.0588   -0.10119
 -0.81617  -1.5219    0.29136  -0.043579 -0.55433   1.0644   -0.12654
 -2.135     0.25289   0.88846  -0.05888   0.27279   0.21049   0.99113
 -0.34609   1.387    -0.4361   -1.2126   -0.55494   0.37981  -0.59725
 -0.18232   1.0133    0.40997   0.90396   0.20729  -1.3602    0.096832
 -1.1059   -0.57419  -0.14774  -0.31529  -1.0041    1.4432    1.8098
 -0.77644  -0.082717  1.0466   -0.72482   0.5135   -1.0826    0.36011
  0.34974  -0.54575  -1.1175    0.43855   0.21216   1.2341    0.74722
 -0.39895   0.29235  -0.4067   -0.088344 -0.025721  0.22389   0.88759
 -0.52102   1.1889    0.71787  -0.097625  0.95323   0.85606  -0.037268
  0.092639  0.6827  ]"
366,"[ 0.45675    0.87486    0.32724    0.2833    -0.049629   0.38194
  0.37742    0.27952   -0.36828   -0.080994   0.71224    0.27516
  0.35562   -0.3375     0.39608   -0.17595   -0.24949    0.15598
 -0.11889    0.55422    0.95804    0.29144    0.34878    0.62027
 -0.11985   -0.51216    0.71141    0.72762   -0.14076   -0.53871
 -0.028669  -0.074544  -0.0017658 -0.05418   -0.59202    0.36987
 -0.16235   -0.40928   -0.027754   0.8049     0.11815   -0.32849
  0.11553    0.052338  -0.0549    -0.2401     0.13269   -0.501
 -0.33519    0.63702   -0.31674   -0.13544    0.53831    0.36141
 -1.0667     0.30442    0.75368   -0.33151   -0.1098    -0.19681
 -0.24928   -0.28382    0.2212     0.69911   -0.72583    0.22658
  0.3289    -0.16228    0.27094   -0.40583   -0.1052    -0.33197
 -0.13496    0.24607    0.23087    0.10076   -0.33902    0.51632
 -0.32646   -0.1782     0.11817    0.051321   0.17316    0.3189
  0.0060846  0.1325     0.66315   -0.70964   -0.17058    0.20217
  0.052681   0.80942   -0.15981   -0.017811  -0.53083    0.10633
  0.04803    0.25996   -0.033852  -0.19611  ]"
serialized,"[-0.54229   -0.041904  -0.53282    0.56799   -0.055559   0.45495
  0.056738   0.020355   0.098704   0.16949    0.19131    0.62144
  0.30843   -0.31423    0.40015    0.61843    0.21917    0.9357
  0.77674   -0.42777    0.99472   -0.11158    0.13041    0.35811
  1.1906    -0.8342     0.2869     0.25453   -0.29961    1.2761
 -0.38892   -0.097537  -0.23344   -0.40624   -0.046577   0.60633
 -0.52831   -0.72343   -0.6022    -0.24467    0.24005    0.92329
 -1.084      0.74415   -0.30856   -0.13276   -0.15127   -0.61017
  0.84435    1.0964    -0.11478    0.71645    0.96814    0.33692
  0.33166   -0.16271    0.30659    0.074287   0.16011   -0.18325
 -0.016952   0.73202   -1.2061    -0.37959    0.70093   -0.13138
  0.070035   0.61137    0.51896   -0.038105   0.20252    0.26918
 -0.25269    1.0821    -0.49847    1.1251     0.018001   0.14314
 -0.42668   -0.52708   -0.92118    0.23872   -0.67597    0.23086
 -0.31437   -0.95185   -0.56994   -0.48271    0.15558   -0.21474
  0.16183    0.3772    -0.45136   -0.30841    0.38156   -0.21121
 -0.0096122 -0.64885    0.33881    0.20061  ]"
jovi,"[-2.1686e-01  4.6884e-01  3.4947e-01 -9.6936e-01  3.8339e-01  4.0490e-03
  9.7016e-02  8.5076e-01 -7.3111e-01 -2.4503e-01 -2.6349e-01  3.8299e-01
 -4.4067e-01  2.2095e-01  7.1784e-01 -1.1420e+00  5.4341e-01 -6.2764e-01
 -1.0307e-01  2.1220e-01  1.1247e+00 -2.5642e-01 -3.4927e-01  5.1974e-01
  1.1712e-01  3.9903e-01  3.0183e-01 -2.5417e-01  1.3183e+00 -2.8187e-01
 -4.0045e-02  2.5699e-01 -2.9659e-01  7.5989e-01 -1.5000e-02 -2.9669e-01
  2.3711e-01  3.1138e-01  5.8397e-01 -1.1316e+00  7.9672e-01  1.1534e+00
  2.0835e-01  1.8896e-02 -2.7708e-01 -3.6869e-01 -7.8818e-01 -6.3055e-01
  1.8000e-01 -5.3579e-01  7.4037e-02  1.9859e-01 -3.6562e-01 -6.8682e-01
 -5.2207e-01 -7.6606e-01  2.1929e-01  1.2889e-01 -8.4404e-01  7.9883e-02
 -1.5493e-01 -1.6547e-01  6.2414e-01  1.8590e-01 -6.4729e-02 -7.0675e-02
  9.4185e-01 -5.4439e-01 -4.5679e-02 -6.3166e-01  4.0374e-01  4.3186e-01
 -3.1598e-04  4.8772e-01 -3.1478e-01 -1.8293e-01  6.6518e-01  1.1473e-01
  4.4856e-01 -4.2478e-01 -1.0107e-01  2.1516e-01  9.0507e-01  4.5758e-01
  7.7561e-02 -2.3070e-01 -3.7899e-01 -3.2660e-03 -1.1869e+00  3.2783e-02
 -5.7038e-01 -4.3942e-01 -2.2487e-01 -5.5573e-01  4.1818e-01  1.5340e-01
 -7.6020e-01  6.2333e-01  2.3571e-01  7.1703e-01]"
groh,"[-1.0009e+00 -6.7989e-01  8.7505e-01 -1.3894e+00 -1.0015e+00 -1.1877e+00
  1.0429e+00 -3.1491e-01 -2.2320e-01  2.2088e-01 -5.6850e-01  1.7056e-02
  5.8317e-01 -1.2923e-01  1.1575e+00 -9.9082e-01 -5.9016e-02  1.6630e-01
 -4.7574e-03  3.5669e-01 -7.3883e-01  8.3069e-01 -6.2691e-01  8.7306e-01
  9.9659e-02 -5.9952e-01 -1.6724e+00  3.0298e-01 -8.1275e-02  5.1206e-02
  9.3571e-02 -4.0247e-04 -6.7610e-01 -1.1302e-01 -8.3612e-01 -2.3442e-01
 -5.3174e-01  6.0265e-01 -2.7979e-02 -2.9312e-01 -2.5541e-01 -5.7665e-02
  3.1994e-01  5.8772e-02 -6.0162e-01  1.0456e+00 -4.8164e-02 -4.6302e-01
  6.6535e-01 -9.4978e-01 -3.7799e-01 -2.3832e-01  6.0841e-01 -2.3906e-01
 -9.6586e-01  5.8611e-02  1.3485e+00 -1.7085e-01 -8.4422e-01 -7.3149e-01
  9.8693e-02  2.5509e-01  9.4752e-01 -6.1411e-01 -7.5149e-01  2.3453e-01
  2.4205e-01  4.6442e-01 -1.1715e+00  7.3514e-01  1.6467e-01 -2.1477e-01
 -4.0673e-01 -9.7458e-01 -1.9722e-01 -1.6441e+00  2.5309e-01 -4.0319e-01
  5.6534e-01 -1.8425e-01  1.0614e+00 -7.9056e-01  3.9477e-01 -8.4355e-01
 -3.1834e-01  2.1226e-01  4.2614e-01 -7.9225e-01  3.0789e-03  8.8696e-01
 -2.6941e-01 -3.3124e-01 -3.3311e-01  1.8960e-01  5.2163e-01 -1.8730e-01
  7.0690e-02 -3.9193e-01 -6.4134e-01  6.2240e-01]"
plying,"[ 0.51135  -0.61617   0.29283   0.26855   0.53536   0.67521  -0.41572
  0.75497   0.13762  -0.50675  -0.85797   0.26028   0.81714   0.26869
  0.47711  -0.95885   0.94243  -0.69094   0.25275   0.15498  -0.050134
  0.046167  0.67442   0.075858  0.15917   0.063349 -0.69357  -0.40831
  0.27293   0.74837   0.28891  -0.36812   0.23205  -0.511     0.069554
  0.063474 -0.14331  -0.47821   0.42767   0.49323  -0.29753  -0.057004
  0.34463  -0.39485   0.44859   0.79849   0.20841  -0.5112    0.29159
  0.44897   0.26368   0.86374  -0.050369  0.46622  -0.19087   0.25276
 -0.30579  -0.095536  0.23922   0.81901  -0.67118  -0.033068  0.25083
  0.40974  -1.5061    0.63543   0.92623  -0.80621   0.16617  -0.3759
 -0.074759 -0.80404  -0.25174  -0.33558  -0.53958   0.44974   0.021883
 -0.10427  -0.29167  -0.87731   0.18543   0.59573   0.17178   0.96149
 -0.32923  -0.27612  -0.79893   0.20308  -0.746    -0.030159 -1.121
  0.75205  -0.35162  -1.8381    0.62715  -0.29416  -0.78377   0.13737
  0.40795   0.092845]"
wiwa,"[ 0.12218   0.82226  -0.98724  -2.2388    0.91302  -0.34478   0.11054
 -1.1568   -1.2307    0.47247  -0.46749   0.33724   0.73971  -0.33818
 -0.49187   0.74705  -1.1486   -0.41873  -0.559     0.215     0.26078
 -1.0207    1.1839    0.22536   1.1158    0.60758  -1.2534    0.13085
  0.09333   0.4554    0.4545   -0.23886   0.62841   0.55567  -0.63587
 -0.039311  0.63676   0.66966  -0.81638   0.12867  -1.0969    0.19225
  0.49788   0.026909 -0.72685  -0.042673 -0.025148 -1.2177   -0.17979
  0.38469  -0.98998  -0.23175  -0.30225   0.88983  -0.82893   1.2015
 -0.24266  -0.37568   0.010609 -0.27531  -0.17472  -0.57551   0.080705
 -0.58823   0.25748   0.086589  0.78546   1.1313   -0.98384   1.0515
 -0.60307   0.40771   0.36073   0.69625  -0.50886   0.038795  0.089238
 -0.62093   0.15668   0.60626  -0.5242    0.56274   0.62396   0.90397
 -0.64091   0.20479   0.90122  -0.33543   0.54297   0.080477  1.3413
 -0.67313   0.69242  -0.22662  -0.3014    0.5697   -0.18438  -0.80355
  0.85249  -0.84842 ]"
727,"[ 0.79642    0.31835    0.73175    0.37718   -0.20423    0.48692
  0.75555    0.14294    0.24776   -0.075364   0.41591    0.076479
  0.75965    0.1822     0.11555   -0.84976    0.04788    0.1782
  0.91039    0.035012   0.50265    0.071294   0.55962    0.20842
  0.47634   -0.40535    0.0506     0.75325   -0.54128   -0.1855
 -0.31741    0.65256   -0.3909     0.30039   -0.47305    0.85141
  0.23407    0.70433    0.77739    0.82921   -0.52617   -0.55699
  0.068209   0.26295    0.3581     0.29831    0.027353  -0.066921
 -0.82218    0.22241   -0.81971    0.29382    0.18324    0.6564
 -0.47646    0.48127    0.093058   0.018952   0.66998   -0.37347
 -0.23804   -0.28458    0.51634    0.28451   -1.0084    -0.58645
 -0.51886   -0.38069   -0.55135    0.49045   -0.04763   -0.60063
  0.24617   -0.058753  -0.28666    0.0086917  0.06188    0.58427
 -0.73326    0.52695   -0.49836   -0.63718    0.16009    0.31514
  0.033418  -0.48893    0.69228   -0.58915   -0.60691    0.20286
  0.16956    0.92947   -0.013124  -0.46166   -0.25971    0.18838
 -0.12439    0.24752   -0.347     -0.61287  ]"
austria-hungary,"[ 0.34076    0.0056204  0.10393    1.2559    -0.36827   -0.069841
 -0.42189    0.092225   0.43409    0.29369    0.63279   -0.10884
 -0.35175    0.50801    0.40897    0.1586     0.77395   -0.38059
 -0.78649   -0.7406    -0.72323    0.66008    0.35168    0.40365
  0.08578   -0.79107    0.0467     0.82679    0.9873     0.0074472
  0.15863    0.084836   0.26284   -1.4251     0.066338  -0.18929
  1.458     -0.301     -0.20412   -0.67119   -0.16958    0.30523
  0.1174    -0.66961    0.16583   -0.45797    1.3859     0.15859
  0.21599   -0.086337  -0.08814    1.0352     0.60124    0.64942
 -0.38699   -0.092133  -0.22379   -0.44809   -0.36657    0.28147
  0.78456    0.40237   -0.20235    0.68792    0.44412    0.10678
 -0.72286    0.059125  -0.024202   0.4259     0.37351   -0.90406
  0.56817    0.80553   -0.093961  -0.24874   -0.6295     0.18377
 -0.59536   -0.14422    0.12291   -0.51211    0.046229   0.94331
  0.30733   -0.0016502 -0.75511   -0.28226   -0.27265   -0.52431
 -0.094401  -0.33425    0.46104    0.83823   -0.37249   -0.17413
  0.51301    0.2234    -0.65557    0.22283  ]"
25.8,"[ 1.0727e+00  1.0315e+00  6.0071e-01 -1.0214e+00  7.3263e-02  5.6456e-01
  9.4094e-03  2.8413e-01 -3.5121e-01  6.8306e-01  6.2658e-01  7.6798e-01
 -4.7373e-01 -5.3504e-01  1.8530e+00 -3.0474e-01 -7.2216e-01 -2.7575e-01
 -5.5668e-01 -1.3372e-01 -4.3385e-01  6.9723e-01  5.8064e-01  7.4202e-01
 -4.3129e-01 -5.4051e-01  4.6421e-01  9.2102e-01 -1.5390e-02 -1.0610e+00
  5.6954e-01 -2.2735e-01  2.1738e-01 -6.5207e-01 -2.4599e-01  8.7729e-01
  1.2659e+00  9.8903e-02 -5.7719e-01  1.5825e-01  7.0428e-02  5.3113e-01
 -1.6913e-01  4.6705e-01  2.2821e-01  9.9386e-02 -6.5707e-01 -1.0423e+00
 -5.2636e-01 -7.4623e-01 -1.9285e-01 -5.3100e-01 -1.0202e-01 -1.3716e-01
 -4.7387e-01  2.9909e-01 -5.3599e-01 -9.1986e-01 -2.2889e-01 -2.3947e-01
  4.4109e-01 -6.7940e-01 -6.4281e-01  5.2735e-01 -8.2100e-01  2.8366e-01
  1.8370e-01 -9.9723e-01  2.9635e-04  5.6091e-01 -1.4588e-01 -5.0957e-01
  2.7911e-01  8.8806e-02 -7.3886e-01  3.0465e-01 -6.9649e-01  3.6310e-03
 -3.4827e-01 -3.6548e-01  5.6450e-02  7.6670e-02  1.3076e-01  1.6092e+00
  2.7815e-01 -1.0911e-01  3.7933e-01 -4.6258e-01  5.7564e-01 -1.3296e-01
  9.5886e-02  5.4991e-02 -4.7694e-01 -8.9650e-01 -1.7383e-01 -8.6844e-01
 -4.1289e-01 -4.2157e-01 -3.2266e-02 -3.5703e-01]"
legislate,"[-0.085842 -0.19169   0.72816   0.073044 -0.48654   0.84637  -1.7846
 -0.081867  0.11499  -0.23076  -0.28717  -0.30234  -0.59422  -0.17526
 -0.5087    0.042631  0.23407   1.0338   -0.70367  -0.19356   0.57549
  0.084656 -0.064643 -1.0375    0.10785  -0.12545  -0.2323   -0.37597
 -0.29358   0.32633   0.074677  0.3572   -0.37486  -0.025291 -0.36993
  0.74315  -0.30173  -0.26366  -0.35972  -0.39265   0.04609   0.49443
 -0.14566  -0.8943   -1.3881    0.091559  0.32163  -0.50528  -0.18401
 -0.49823  -0.064235  0.27192  -0.22013   0.49844  -0.031232  0.27221
  0.72992  -0.10715   0.51116  -0.63603  -0.12481  -0.48784  -0.56014
 -0.039966  0.78198   0.58881  -0.087692 -0.3971   -0.44559  -0.5852
  0.19373  -0.41062   0.78614  -0.75369  -0.31567  -0.89829  -0.79535
 -0.083287 -0.20698  -0.092221 -0.61008  -0.41099   0.2202    0.32048
  0.084851 -0.087942  0.71879   0.39236  -0.3013   -0.3117   -0.23344
 -0.30215  -0.99274  -0.29179   0.091471 -0.26998   0.24511  -0.38805
 -0.23384  -0.81041 ]"
downgrades,"[-1.1226     0.17313    0.14583    0.24354   -0.70962   -0.54846
 -0.88393   -0.4753    -0.24811    0.71882    0.021796   0.88094
  0.24818   -0.077697  -0.36169    0.23103   -0.13893   -0.058184
  0.68616    1.4409    -0.65948   -0.65688   -0.11425    1.5353
  0.17436   -0.24002   -1.1411     0.98147   -1.0625    -0.34458
  0.97499   -0.65928   -0.82193    0.89158    0.40163    0.51684
  0.46729   -0.69098   -0.4599     0.19663   -0.044766   0.063192
 -0.71991    0.28275   -0.16469    0.0021589  0.51454    0.26718
  0.35499   -0.67334    0.42644    0.28239   -1.0203    -0.41558
 -0.071196  -0.9443     0.63991    0.098173  -0.18711    0.61533
 -0.53373   -0.61083   -0.26775    1.0369    -0.48785    0.43519
 -0.84827    0.38467    0.14323   -0.44766   -0.58662    0.43038
 -0.11015   -0.56885    0.42419    0.087086  -0.15647    0.47058
 -0.49532   -0.35374    1.0294    -0.37338   -0.16751   -0.30516
 -0.036493  -0.61388   -1.0893    -1.0385     0.14458   -0.64799
 -0.45037    0.74127   -0.63439   -0.63853   -0.46423    0.951
  0.75489   -0.20449   -1.055     -0.27327  ]"
sultry,"[-0.34686   -0.026795   0.77505    0.11435    0.14546    0.43122
 -0.041811   0.71753   -0.65983    0.60482   -0.62989   -0.39955
 -0.097116  -0.098457   0.69503   -0.018475   0.16911   -0.73509
  0.76043    0.083968   0.098402   0.097505   0.37184    0.49803
  0.15127    0.65331   -0.26232   -0.11121    0.17686    0.10982
 -0.20156   -0.394      0.29552    0.33123   -0.30159    0.36265
  0.66488   -0.41064    0.66943   -0.32973   -0.07457   -0.078908
 -0.59579    0.46637    0.40634    0.24742    0.23239    0.13276
  1.1141    -0.028826  -0.059372   0.31715    0.4829    -0.31517
  0.54168   -0.24424    0.55224    0.48966   -0.10467   -0.066142
 -0.16216    1.1714    -0.29701   -0.515     -0.0397     0.29912
  0.67978   -0.47094   -0.58229   -0.67189    0.23402   -0.60686
 -0.29004    0.41302    0.61113    0.31556   -0.024191  -0.58357
  0.87659   -0.94222    0.065315  -0.22469    0.40925    0.13562
 -0.073178  -0.38239    0.68393    0.78592    0.13303   -0.21606
 -0.11944    0.63509    0.14268    0.28995    0.20648    0.6342
 -0.9737    -0.0061751 -0.24503    0.93798  ]"
sedgwick,"[ 0.20778   -0.13374    0.22904    0.26068    0.18112   -0.60237
  0.16191   -0.16622    0.27515   -0.18271   -0.30165   -0.54426
 -0.64463    0.82559    0.53217   -0.27871    0.63385    0.0933
  0.11845    0.19494    0.12699   -0.21782    0.22164    0.54359
  0.68527    0.097134   0.36508    0.26135   -0.58616    0.043923
 -0.30857   -0.093728   0.82383   -0.0045777  0.47534   -0.087103
  0.70781    0.06715    0.24345    0.046465   0.29085    0.69279
 -0.52977   -0.090432  -0.55858   -0.37368   -0.091757  -0.04795
  0.83225    0.68929    0.0099614 -0.44524   -0.015402   0.23409
 -0.76138    0.20313    0.74465   -0.58164   -0.68825   -0.014299
  0.40386    0.60694    0.17033    0.86905    0.40357   -0.72883
  0.23318    0.63579   -0.40747    0.77385   -0.35123   -0.39763
 -0.31815   -0.087274   0.50635   -0.21481    0.14419   -0.67452
 -0.22696    0.30205   -0.54964    0.68282    0.20844   -0.45324
 -0.030857  -0.2197     0.23584   -0.1852     0.30112   -0.60763
  0.54252   -0.68721    0.11773   -0.16312   -0.55395   -0.48354
  1.005      0.51389   -0.68588    0.41339  ]"
shuffling,"[-0.16805    0.049165   0.16984   -0.18696   -0.335      1.151
 -0.099146   0.18268   -0.29755   -0.090915   0.30311    0.33385
  0.29997   -0.50221    0.56241   -0.1396    -0.06454    0.23808
  1.1037    -0.85813   -0.31953    0.91409   -0.34123   -0.16836
  0.39251   -0.45587    0.093179   0.10125    0.21846   -0.089686
  0.1111    -0.29675   -0.15847   -0.085186  -0.70284   -0.32357
 -0.45216   -0.8714     0.02746   -0.087248   0.027996   0.27498
  0.1453    -0.059337  -0.89489    0.30899   -0.40222    0.0071953
  0.066328   0.1512    -0.21278   -0.52548   -0.33442    0.50176
  0.21748    0.32071   -0.051565   0.01006    0.2032     0.64325
  0.11314    0.54944    0.37099    0.16137   -0.099601   0.050429
  0.47981    0.061156   0.78494   -0.48186   -0.19212   -0.35861
 -0.059094  -0.96418    0.1904     0.31994   -0.65762    0.55554
  0.65404    0.45578    0.068799  -0.071619   0.12092   -0.091854
 -0.66148   -0.62704    0.38078   -0.83737   -0.21907   -0.18487
 -0.16442    0.11485   -0.17773   -0.27884    0.66107   -0.69689
  0.37611   -0.4855     0.6076     0.64355  ]"
andreev,"[-0.25704  -0.41826   0.83548   0.96464   0.29179  -0.11585   0.85302
  0.025215 -0.10852   0.30769   0.14571   0.069315 -0.47231   0.012756
 -0.079985  0.38009  -0.26953   1.1884   -0.47006  -0.20947  -0.4461
  0.069837  0.82561   1.4694    0.88505   0.51856   0.13155   0.65994
  0.85502   0.16707  -1.1679   -0.43668   0.034307 -0.54929  -0.11923
 -0.17269  -0.37757  -0.40513   0.45071   0.051275  0.15297  -0.8628
  0.45277  -0.10358   0.42792  -1.467    -0.45105  -0.34638   0.56212
 -0.25413   0.48617   0.47053  -0.68762  -0.056763 -0.24485   0.39917
  0.93593   0.086672 -0.67767   0.82443   0.38275  -0.38967  -0.45758
  0.7471   -0.3623   -0.56336  -0.07747   0.51203  -0.20288  -0.64891
  0.40038   0.012902  0.54318   0.12296   0.053161 -0.78374  -0.29137
 -0.29423   0.18817  -0.045721  1.1205   -0.018356 -0.82657   0.16666
 -0.39944  -0.31243  -1.2644    1.0367    0.14435   0.034966  0.090701
  0.069519 -0.10067   0.029086 -0.045072 -0.12039  -0.40973  -0.098744
 -1.3284   -0.18186 ]"
wigs,"[ 0.98931    0.17337   -0.17993   -0.70455   -0.46804    0.45232
 -0.44231    1.2779    -0.49532    0.7991    -0.20993   -0.1743
 -0.12495    1.0548     1.0556     0.33579    0.35498    0.71555
  0.35444   -0.51384   -0.58899   -0.015517   0.53556   -0.017275
  0.25172    0.46865    0.1854    -0.13092   -0.16679   -0.68648
  0.81626   -0.45859   -0.67517   -0.38196   -0.22219    0.0051796
 -0.042619   0.065487   0.32784   -0.11948    0.29574   -0.15663
 -0.20189    0.016572  -0.61862   -0.47748    0.23027    0.40854
 -0.12482   -0.15337   -0.55508    0.042723   0.35701    0.5119
 -0.50118   -0.095622  -0.040826   0.75435   -0.3577    -0.39039
 -0.10574    0.53424    0.16899    0.66412    0.045248  -0.70123
  0.48462   -0.57343    0.022006  -0.58162    0.3651    -0.24391
 -0.4996     0.20361   -0.019764   0.01359   -0.67746    0.14251
  0.38922   -0.50327    0.68544   -1.0081     0.54068    0.074444
 -0.65441   -0.28716   -0.69342    0.55777   -0.37207    0.38697
  0.075964  -0.91696    0.1615    -1.1524    -0.16673   -0.42321
 -1.044      0.061536  -0.26549    0.087819 ]"
pesky,"[-0.19267   -0.15521    0.73226   -0.75477   -0.80193    0.4538
 -0.62664   -0.70894    0.0016629 -0.19892    0.42536    0.23921
  0.010601  -0.13744    0.35167    0.026829   0.032926   0.019041
  0.87012   -0.34629   -0.17073    0.22009    0.028662   0.17077
  0.54525   -0.4105    -0.61921    0.029598  -0.097695  -0.28133
 -0.27032   -0.026353   0.72957    0.44273   -0.1591     0.41964
 -0.4192    -0.30795    0.40749    0.10967   -0.54428    0.309
  0.082136  -0.55389   -0.75994    0.31438    0.2191     0.19075
 -0.28866    0.63905    0.13228   -0.14218   -0.7664    -0.5727
  0.31476    0.29185    0.4558     0.44844    0.08305    0.36551
 -0.24762    0.43297   -0.44773    0.30892    0.46554   -0.26116
  0.52307   -0.23814    0.021401   0.18412   -0.47525   -0.4206
 -0.67855   -0.008827  -0.080771   0.53354   -0.12116   -0.83039
 -0.22445    0.71961    0.53741   -0.28056    0.061325  -0.022191
 -0.41593    0.36307    0.27532    0.54717   -0.25953    0.053724
 -0.52046    0.11078    0.17597   -0.25242   -0.37934   -0.26059
 -0.27925    0.079896  -0.45399    0.30617  ]"
2.55,"[ 1.0147     0.47213    0.86634    0.38776   -0.60336   -0.2638
  0.33431    0.12027   -0.13027    0.87464   -0.090338  -0.29914
 -0.67976   -0.48159    0.55153   -0.44625   -0.94438   -0.51856
  0.26086    0.6299    -0.12393   -0.34442    0.013972   0.86593
  1.3626    -0.76447   -0.011233   0.42512   -0.08079   -0.3514
  0.13387   -0.0485     0.10674   -0.05981    0.052941   1.0607
  0.41779   -0.29382   -0.15738    0.57007    0.39695   -1.0775
 -0.36532   -0.32877   -0.65213    0.52291   -0.38122    0.31987
 -0.11169   -0.80157   -0.51673   -0.6408     1.4476    -0.021596
 -1.2384     0.69878   -0.22003   -0.53115    0.32074    0.59446
  0.13204   -0.64181   -0.6452     0.6282    -0.76965   -0.67323
 -0.55978   -0.57407    0.72803    0.48011   -0.24994    0.38779
 -0.07107   -0.030807  -0.38171    0.38832   -0.55764   -0.0055692
 -0.32074    0.58321   -0.88733    0.67762    0.38289    0.57334
  0.48286    0.11777   -0.0092494  0.21452   -0.1587     0.17182
 -0.19936    0.38622    0.55441   -0.98313   -0.50124   -0.50926
 -0.16942   -0.52824   -0.19881   -0.4137   ]"
gonaives,"[-0.65867  -0.21611   0.36612  -0.66643   0.14402   0.61065   0.43228
 -0.20591   0.19843   0.32811  -0.80611   0.41507  -0.51082  -0.68891
 -0.12608  -0.41649  -0.51749  -0.36422  -0.30977  -0.76649   0.90273
  0.34247   1.0921    0.53089  -0.2796    0.28714  -0.039325 -0.6183
 -0.021491 -0.78188   0.97848  -1.4325    0.61295   0.5613   -0.31036
 -0.87305  -0.10683   0.53967   0.12387  -0.54467   0.15475   0.52308
 -0.10643   0.093377 -0.016444  0.43155  -0.44029  -0.70051   0.92398
  0.84774  -1.0909   -0.016198 -0.14127  -0.18482  -1.1326   -0.38653
 -0.60554  -0.6627   -0.32389  -0.076357 -0.47903  -0.3177   -0.59721
 -0.37302   0.21816   0.49852  -0.42965  -0.153    -0.34441   0.15814
  0.005125 -0.58365  -0.085529 -0.31774   0.6287   -0.25657   0.99656
  0.11717  -0.29427   0.77647   0.08047   0.17836  -0.61707  -0.15227
  0.15584   0.51438   0.62982   0.39282  -0.52367   0.3175    1.6587
 -0.1027   -0.52059   0.023453 -0.56747   0.15512  -0.17814   0.015142
  0.77218   0.13763 ]"
0.90,"[ 1.1347     0.94636    0.046254   0.52434    0.43791   -0.72366
 -0.014018  -0.23944    0.69942    0.33351    0.37777    0.33086
 -1.3013    -0.74541    0.85198   -0.62335   -0.67556   -0.69086
  0.4404     0.88404    0.68364   -0.23535    0.46301    0.29631
  1.234      0.036817   0.15558    0.017617  -0.14462   -0.67276
 -0.15948   -1.0148    -0.47147    0.54175    0.13015    0.52787
  0.49635    0.26939    0.0032265  0.72785   -0.93977   -0.74217
 -0.77944   -0.053371  -0.80689   -0.1583    -0.41352    1.1388
 -0.17729   -1.3805    -0.69627    0.28523    0.69876   -0.42642
 -1.0446     0.61939   -0.50816   -0.53662    0.68207    0.97943
 -0.50115   -0.6531    -0.37753    0.8646    -0.91101   -0.94407
 -0.098455  -0.065923   1.0199    -0.010716  -1.278     -0.02395
 -0.16643   -0.09711   -0.2699     0.19174   -0.33755   -0.45643
 -0.21274   -0.4568    -1.6074    -0.12782    0.023701   0.40311
  0.24078    0.3808     0.16814    0.96677    1.1078     0.75555
 -0.32632    0.89722    0.24821    0.13572   -0.35907   -0.57466
  0.13747   -0.75811   -0.10891   -0.39735  ]"
cristobal,"[ 0.81776  -0.56159   0.10112   0.22764  -0.094323  0.98306   0.32648
  0.32558  -0.18692  -0.73402  -0.41617   0.48364  -0.14523  -0.45147
  0.70195  -0.62804   0.31372  -0.080625  0.33579  -0.1418    0.23139
  0.79748  -0.19665   1.1954   -0.12671   0.16412  -0.028679 -0.55196
  0.2083   -0.37555  -0.080837 -0.70942   0.6555    0.73983   0.15362
 -0.09824  -0.055388 -0.39039   0.078367  0.46123   0.072822 -0.27529
 -0.21347  -0.24494  -0.59717   0.24078  -0.51624  -0.5929   -0.092674
  1.5166   -0.71864   0.30324  -0.89912  -0.50856   0.29567  -0.17654
 -0.80563  -0.26113  -0.22593   0.082593 -0.34899   0.37124   0.06044
 -0.28993  -0.43806  -0.65821  -0.26556  -0.72123  -0.14239   0.38617
 -0.027621 -0.55402  -0.21505  -0.33614  -0.044521 -0.83867  -0.14416
  0.73542  -0.39154   0.79816  -0.23241  -0.60244  -0.62012   0.62888
  0.26913   0.2161    0.6244    0.3797    0.28912  -0.90932   0.78104
 -0.49969  -0.44285   0.098274 -0.43446   0.46969  -0.75758  -0.42478
  0.044305  0.134   ]"
bihn,"[-0.36359  -0.4942    1.2613   -0.97304  -0.29661  -0.55843  -0.34743
 -1.1884   -0.1897   -0.43824  -0.38528   1.0103   -0.62958  -0.68355
 -0.41558  -0.61368  -0.83361   0.8883    0.98548   0.48188  -0.53751
  1.4829   -0.23555   0.12629   0.59688   0.58614  -0.10901   0.082946
 -0.44546  -0.71325   1.0555   -1.0936   -0.052295 -0.20336   0.53757
 -0.33195  -0.73544   1.1977   -0.94785   0.41275   0.52444  -0.30171
 -0.34991  -0.066629 -0.3884   -1.5216    0.2542    0.71071   1.3645
 -0.53596  -0.79034   0.017479 -0.67466   0.31944   0.017643  1.4369
  0.55089   2.2183   -1.1158   -1.5966   -0.72863   0.36786   0.54904
 -1.5247   -0.76605   0.81448  -0.67303   0.723    -2.016     0.33228
  1.0997   -0.14523  -0.84457  -0.30993  -0.85961  -0.60275   0.45759
 -0.94281   0.3235   -0.84423   0.063264 -0.84346   1.6973   -0.91179
 -1.3136    0.19474  -0.79997   0.72916   0.14162   1.385     1.1962
  1.0683    1.0569    0.087756  0.32979  -0.23032   1.1735   -1.5696
  0.046526  0.014505]"
23.8,"[ 9.8601e-01  8.9264e-01  7.3687e-01 -9.0089e-01 -1.6781e-02  5.8485e-01
 -1.7142e-01  1.1596e-01 -3.8477e-02  7.6003e-01  9.8046e-01  7.0790e-01
 -3.2664e-01 -6.5609e-01  1.7550e+00 -2.3925e-01 -3.6661e-01 -1.1056e-01
 -5.3427e-01  2.9327e-02 -2.6846e-01  7.6304e-01  6.5037e-01  4.7143e-01
 -4.0483e-01 -4.1360e-01  6.2936e-01  5.8624e-01  3.2235e-02 -1.4666e+00
  6.1394e-01 -2.0889e-01  4.5360e-01 -6.8058e-01 -3.4663e-01  9.4008e-01
  1.2535e+00  1.7614e-01 -6.6039e-01  6.3815e-01  1.3662e-01  4.8557e-01
 -3.5991e-01  7.8566e-01  1.8938e-01  1.6936e-01 -3.1834e-01 -9.2251e-01
 -1.6522e-01 -9.2911e-01 -4.1587e-01 -5.0301e-01  2.2644e-01 -2.0494e-01
 -1.6525e-01  5.7002e-01 -4.1100e-01 -6.6175e-01 -6.5804e-03 -3.3261e-01
  2.5816e-01 -3.5959e-01 -6.8121e-01  7.4504e-01 -1.0253e+00  2.0256e-01
  1.0831e-01 -1.0861e+00  1.0566e-01  5.0954e-01 -4.8171e-01 -1.8454e-01
  1.5120e-01  3.4455e-01 -3.6681e-01  3.1440e-01 -4.5199e-01  1.5020e-01
 -2.3444e-01 -5.1505e-01  4.8362e-03  1.9056e-01  2.0926e-01  1.6398e+00
  1.3099e-01  4.7955e-02  2.5419e-01 -1.4841e-01  5.8458e-01  1.4427e-03
  1.2203e-01 -5.4195e-03 -6.8950e-01 -8.2140e-01  3.7376e-02 -4.8184e-01
 -2.0732e-01 -6.1102e-01  1.3028e-01 -4.3399e-01]"
1661,"[ 0.22199  -0.70513  -0.29783   0.24901  -0.2012    0.6413    0.50693
 -0.66806   0.12654  -1.0382    0.10844  -0.25622  -0.095987 -0.27159
  0.8915   -0.031906 -0.31986  -0.077987 -0.22797  -0.27274  -0.56877
 -0.56624   0.90218  -0.53076   0.25974  -0.54044  -0.34765  -0.046755
  0.32241   0.15938   0.051071 -0.10185  -0.12592  -0.56118  -0.86225
  0.49281  -0.33044   0.27115  -0.089081 -0.45866   0.081221 -0.24619
  0.77185  -0.9957    0.1106   -0.42863   0.35715  -1.0288    0.22878
 -0.16708  -0.53999   0.046371  0.64067   0.13709  -1.2579    0.1163
  0.32483  -0.93758  -0.87765  -0.60859  -0.32647   0.17197  -0.57283
  0.63635   0.047446 -0.17201  -0.54081  -0.47546   0.31984  -0.50933
  0.53494  -0.050439  0.64797  -0.25208  -0.57122  -0.50118  -0.066818
  0.65017  -0.64828  -0.51508  -0.40134  -0.58593   0.49752   0.69096
  0.72552  -0.14814   0.58411  -1.333    -0.2366    0.11655   0.2095
 -0.15829   0.54949   0.80961   0.040203  0.74715  -0.025283  0.31023
 -0.29967  -1.4117  ]"
annuities,"[-0.043394  0.66263  -0.11869   0.68714   0.3029    0.14921   0.35302
  0.13867  -0.20263  -0.67046  -0.43458   0.75701  -0.22004   0.40374
  0.65887  -1.1059    0.50181   0.52228   0.60974   0.38413  -0.097971
  0.046765 -0.63611   0.953    -0.1227    0.1335   -0.54654  -0.18871
 -0.91858  -0.30029   0.86382   0.44258  -0.59024  -0.44021  -0.41572
  0.48451   0.63725   0.49818  -0.47462  -1.0384    1.7153    0.043163
 -0.17559  -0.3806   -0.73991  -0.11231   0.20619   0.090245  0.051923
 -0.96005   0.14077   0.1648    0.28118   0.36023   0.74772   1.018
  1.1495    0.19146   1.1479    0.81355   0.25669  -0.054726  0.032511
  0.49643   1.1397   -0.30556  -0.16145  -0.41565   0.6064   -0.51944
 -0.42339  -1.1025   -0.37747  -0.42949  -0.53591  -0.29948   0.76789
 -0.47213  -0.5979   -1.0595    0.94011   0.56616   0.25377   0.43898
  0.14196  -0.015903  0.37807  -0.59704  -0.57655  -0.15824  -0.55511
  0.11226   0.7635   -0.70739  -0.12873  -0.020048  0.27762   0.19381
  0.12795   0.1324  ]"
formula_12,"[-0.38574    0.60328    0.31091    0.98624    0.23376    0.65624
 -0.74413    0.74932   -0.6647     0.51104    0.065444  -0.80234
  0.32145    0.36874   -0.094406   0.011159  -0.86436    1.1414
  0.50199   -0.37791    0.10034   -1.0157     0.2275     0.0082438
  0.48802    0.15937    0.93601   -0.43256   -0.0036589 -1.0987
 -0.36827    0.63001   -0.14278    0.4701     0.46368   -0.26621
  0.33352    0.14051    0.23035   -1.0202     0.46119   -0.16223
  0.19751    0.31006   -0.29171    0.17679    0.038516   0.5148
 -0.74104    0.54627    0.95606   -0.23454    1.1367     1.011
  0.23945    0.2079    -0.30649   -0.0040093 -0.44814    0.35673
 -0.14014   -0.561     -0.24274    0.050018   1.3725     0.82687
  0.5385     0.35124    0.94591    0.35402   -0.73194   -0.069594
  0.41631   -0.12321    0.86703   -0.02001    0.10963   -0.92475
 -0.67793   -0.189     -0.31983   -0.47084   -1.8998    -0.43183
  0.42102    0.81236    0.50657   -0.17967    0.048353  -0.4167
 -1.5408     0.45306   -0.19332   -0.012181  -0.14907   -0.41434
  0.70072    0.66646   -0.71467    0.34662  ]"
engravings,"[-0.24464    0.2366    -0.66307   -0.13721    0.81694   -0.034348
 -0.025918  -0.033204  -0.74549    0.16904    0.36996    0.07081
  0.22404   -0.18695    0.21171    0.79046   -0.070993  -0.28338
  0.3527    -0.35425    0.13577    0.028358  -0.10353    0.16943
  0.74746   -1.1157     0.29855    0.24027   -0.20872   -0.078751
 -0.32484   -0.89313   -0.89446    0.34618   -0.15508    0.3724
 -0.22364   -0.55321   -0.51214   -0.77336    0.1851     0.19681
 -0.53304   -0.10427   -0.70732   -0.36198    0.1954    -0.66775
  0.11882    0.2324     0.022052   0.088096   0.20188    0.44845
 -0.22986    0.32056   -0.48427   -0.49076   -0.62189   -0.11191
  0.28465    1.224      0.24354    0.30448    0.59601   -0.31276
  0.66946    0.32261    0.01277   -1.4673    -0.23112    1.0626
  0.65438    0.29642    0.26612   -0.12152    0.26585    0.91518
 -0.33734    0.35019    0.17822    0.50278    0.29171    0.28588
  0.14709   -0.41208    0.028507  -0.60258    0.086965  -0.030274
 -0.093508  -0.93189    0.39286   -0.31167   -0.4874    -0.81882
 -1.4487    -0.95159   -0.0057679 -0.50095  ]"
krai,"[-1.1276    -0.44452    2.0127     0.013569   0.26534   -0.28066
 -0.52973    0.17882    1.3788    -0.04499   -0.44179   -0.12485
 -0.023649   0.42172   -0.11614   -0.0069898  1.1371     0.36612
 -0.90763   -1.7027    -0.018009   1.071     -0.57542    0.99758
 -0.77908   -1.2134     0.77042   -0.44957   -0.71739   -0.21201
 -0.50011   -0.35479    0.39516   -0.29945   -0.31494   -1.1941
  0.38153   -0.23104    0.054521  -0.59743    1.1942     0.15207
 -0.009243  -0.039416  -0.46033    0.80392    0.37768    0.58255
 -0.54986    1.0413    -0.52465    0.40263    0.56986    0.43563
 -1.0007    -0.52646    0.82798   -0.83162   -0.49941   -0.63656
  1.0848     0.18189   -0.26905    0.91726    0.84003    0.27883
 -0.64697    0.10833    0.04049    1.2156    -0.92209   -0.96302
 -0.069071   1.4329     0.53494   -0.26295   -0.63134   -0.35294
 -0.38425   -0.29511   -0.77853   -0.3689     0.48868   -0.091824
  0.35256   -0.56741   -1.1769    -0.30885    0.84582    0.63376
  1.3622    -0.086143  -0.89392   -0.57539   -0.3024     1.2883
 -0.18314    0.26051   -0.012598   0.19883  ]"
1754,"[-0.04831   -0.64543   -0.20887    0.66132   -0.70188    0.079288
  0.35637   -0.38772    0.29331   -0.38123    0.31697   -0.41741
 -0.096514   0.53543    0.71363    0.0039392  0.013652  -0.091822
 -0.32479   -0.30427   -0.097529  -0.3128     0.81631   -0.03993
  0.040264  -0.50283   -0.44359   -0.21178    0.50464   -0.20126
 -0.26064   -0.18591    0.20097   -0.9397    -1.3237     0.059154
 -0.39778   -0.38979    0.038238   0.0082485  0.43864    0.10158
  0.10656   -0.52426   -0.13275   -0.88318    0.25557   -0.6284
  0.10949    0.64868   -0.94737   -0.071195   0.87311    0.15152
 -0.89986   -0.2515    -0.11883   -1.2031    -0.89243   -0.12681
 -0.015096   0.36583    0.10048    0.38569   -0.015834  -0.19632
 -0.56643   -0.26555    0.19053   -0.13085    0.22761    0.39653
 -0.076433  -0.083368  -0.5752    -0.47945    0.40498    0.74537
 -0.71243    0.02703   -0.59194   -0.54731    0.63436    0.36271
  0.72379   -0.30971    0.57643   -0.84818   -0.52069    0.052938
 -0.32925   -0.12289    0.31607    0.50705   -0.45559    0.20062
 -0.0085295 -0.35258   -0.60567   -0.7809   ]"
smartphones,"[-0.21377   -0.32451    0.28064   -0.44096    0.68972    0.32312
  0.27885   -0.36644    0.6728     0.20782    0.12015   -0.4575
  0.052438  -0.039261   0.4759    -0.9409    -0.20041    1.3758
  0.24761   -0.050214  -0.0048673 -1.2542     0.47439    2.0374
  0.29199    0.32506    0.57543    0.21657   -0.4888     0.13399
  0.41626    0.017325  -0.19242   -0.12225    1.4553     0.36608
 -0.41565    0.30215    0.22914   -0.43358    0.20808    0.24542
  0.081475  -0.32698   -0.70402    0.35887    0.61747   -0.13919
  0.54571    0.58268   -0.20181    0.62277    0.56776   -0.47844
  0.010712  -0.075226  -0.45984   -0.2718     0.04331   -0.85128
 -0.7097    -0.06603    0.022996   0.37734   -0.73084    0.80729
  0.25229   -0.86493    0.73269   -0.35323    1.0293     0.60593
  0.091716  -0.67044   -0.66896    0.35623    0.31535    0.61623
  0.27375   -0.45273    1.1997    -0.80517   -0.54804    1.0692
 -0.947     -0.14251    0.58884   -0.31815   -0.30894   -0.083906
  0.15854    0.9642     0.1138    -0.78871    0.025785  -0.1499
 -0.58575   -0.35495    1.2846     0.5576   ]"
watery,"[-0.21839   0.27866   0.81795   0.39629  -0.080963  0.20321  -0.1728
  0.18073   0.49679  -0.15988  -0.8843    0.50621   0.58273   0.16504
  0.74885   0.20915  -0.052624 -0.52045   0.27516  -0.38839  -0.024575
  0.55095  -0.20873  -0.28911   0.46845   1.033     0.49152   0.85384
  0.13818  -0.40612   0.50138  -0.60624  -0.20722  -0.58063  -0.25377
  0.7381    0.10359   0.5159    0.29973   0.095674  0.63451  -0.15648
 -0.31279  -0.73188   0.28733   0.97341  -0.026973  0.30865  -0.037853
  0.23675   0.19808  -0.52959  -0.16238   0.22845  -0.4475   -0.63242
  0.71372   0.2228   -0.1574   -0.31128  -0.11955   0.94483  -0.16837
 -0.039604  0.41986  -0.5205    0.65472  -1.1321   -0.34889  -0.90847
 -0.39546  -0.22739   0.26077  -0.20575  -0.029343  0.2201   -0.4095
  0.39466   0.31869   0.20879   0.50775   0.83877  -0.09557   1.0328
 -0.38841  -0.43197   0.38097   0.057539 -0.34979   0.46436   0.51965
  0.7535   -0.28073   0.28113   0.49068   0.01253  -0.26554  -0.2854
 -0.80902   0.20085 ]"
bandages,"[-0.1987     0.090939  -0.78119    0.10003   -0.24017    0.50393
 -0.027404   0.39      -0.50281   -0.2573     0.20126    0.10415
  1.0909     1.6457     0.7203     0.16717    0.37756   -0.1361
  0.67609   -1.4256    -0.43772    0.36349    0.032989   0.56278
  0.21955    0.96567    0.2235    -0.42898   -0.26838   -0.46105
  0.8379    -0.85202   -0.78071    0.44868   -0.87921    0.55524
 -0.48433    0.32717   -0.13349    0.26501    0.0049039  0.097634
 -0.033384  -0.24444   -0.89737    0.11573    0.068611   0.78267
 -0.41237    0.1627    -0.18088    0.67868    0.26929    1.015
  0.28014    0.15202   -0.36202   -0.079642  -0.40354    0.36479
  0.7389     0.94227   -0.096458   0.97666   -0.17267   -0.2531
  0.80868   -0.045669  -0.1943    -0.74569    0.1016    -0.29578
  0.15999    0.79154    0.83097    0.98686   -0.70319    0.71894
  0.51451   -0.013092   0.8534    -0.053668  -0.071434  -0.020961
 -0.69487    0.17042   -0.19364    0.75575   -1.0597     0.22277
  0.42336   -0.61698   -0.21233   -0.25426   -0.056112   0.1847
  0.60087    0.27756    0.38525    0.67566  ]"
solvency,"[-0.77354  -0.25211   0.77917   0.277    -1.026     0.35286  -0.5301
 -1.0697    0.059218  0.042917  0.090272  1.9166   -0.63249   0.19795
 -0.28022  -1.0836    0.52121   0.77302   0.46647  -0.72917  -1.2268
 -0.38245  -0.84509   0.80802  -0.19378  -0.51062  -0.73729  -0.49627
 -0.64981  -0.014704  0.52167  -0.34984  -0.058725  0.073295 -0.064668
  0.42443   0.37925   0.25773  -0.042593  0.11154   0.6264   -0.61477
 -0.31366   0.51293  -0.41193   0.16819   0.87717   0.29425  -0.84311
  0.35994  -0.17144   0.065468 -0.70661   0.47777   0.37363  -0.74603
  1.3959   -0.89688   0.082107  0.37516   0.59169  -1.1811   -0.2376
 -0.072421  0.45737   0.54466  -0.17846  -0.56064   1.0054   -0.3442
  0.50267   0.26855  -0.2981   -0.16155  -0.22783   0.1448   -0.13013
  0.039875  0.21285  -0.10426   0.57723  -0.13233   0.46133   0.35419
 -0.71647   0.25473  -0.041923  0.046437 -0.34971   0.42034   0.056617
  1.0453   -0.23768   0.22289   0.47414   1.0846    0.86266   0.15212
 -0.33442   0.75886 ]"
abdoulaye,"[-5.7270e-01 -2.5984e-01  2.3318e-01 -1.4157e-01  2.4565e-02 -1.0113e-01
  5.1432e-01  8.7640e-01 -5.7375e-01 -2.1752e-01 -4.0705e-01  1.4150e-01
 -8.5446e-02 -6.2280e-01  1.2219e+00  5.4214e-02 -3.1093e-01 -5.7873e-01
  3.6923e-01 -1.3664e-01  8.3165e-02 -4.9594e-02  1.2080e+00  1.5340e-01
  8.3779e-01  5.3135e-01 -3.4208e-01 -3.6714e-01  2.7022e-01 -6.9325e-01
  1.6325e-01  1.8154e-01 -2.8534e-01  5.1409e-01 -6.6603e-01  1.4413e-01
  4.6389e-01  9.5744e-01 -9.3857e-01  7.5993e-01 -2.4050e-01  1.0881e+00
  2.7507e-01  2.2002e-01 -9.9241e-01  6.2118e-01 -5.8413e-01  3.0563e-01
  1.8938e-04  4.4729e-01  1.0279e-01 -2.2317e-01 -4.3553e-01 -1.0144e-01
  1.3488e-01  7.1307e-01 -6.4285e-01 -5.3406e-01 -5.8755e-01 -3.5320e-02
 -7.4744e-01 -7.9248e-01 -5.2438e-01 -4.3484e-01  1.6423e-01  5.7456e-01
 -2.2512e-01  7.8239e-01  1.3677e-01  1.2177e-01  3.3852e-02  1.1240e-01
  2.1616e-01 -9.3818e-01  1.6602e-01 -1.1108e-01  2.4262e-01  7.0956e-01
  5.6030e-01  2.2794e-01 -4.7876e-01 -6.6434e-01  2.4792e-01 -1.8395e-01
 -1.5264e-01 -2.4496e-01 -3.8687e-01  6.4648e-01  4.2259e-01 -1.9280e+00
  4.1125e-01 -1.5632e-01 -9.0416e-01  3.3454e-02 -6.4894e-03 -4.0189e-01
  2.6719e-01 -4.1552e-01 -1.0666e-01 -7.1178e-01]"
25.7,"[ 0.85183   0.9295    0.80753  -0.98832  -0.099144  0.53372   0.055736
 -0.064304 -0.055779  0.67177   0.34039   0.72786  -0.42949  -0.57964
  1.706    -0.40492  -0.27906  -0.063415 -0.54995   0.25813   0.054276
  0.63994   0.8837    0.91254  -0.31736  -0.4811    0.67269   0.72989
 -0.083153 -1.2439    0.67233  -0.16335   0.60393  -0.68965  -0.28083
  0.6107    1.4693    0.16549  -0.81035   0.28799   0.049594  0.31021
 -0.36941   0.78874  -0.1931    0.1948   -0.50572  -0.74911  -0.38367
 -0.68703  -0.19636  -0.42799  -0.045518 -0.19461  -0.22122   0.46261
 -0.29761  -0.87334  -0.16861  -0.30217   0.53789  -0.59763  -1.1564
  0.85919  -0.89485   0.38922   0.26281  -0.9932   -0.038847  0.80531
 -0.28173  -0.24306  -0.19498   0.16739  -0.45623   0.31002  -0.70751
 -0.086933 -0.46186  -0.5156    0.083397 -0.013214  0.47208   1.5969
  0.38888  -0.38044   0.21328  -0.13399   0.70538  -0.36924   0.042961
 -0.025011 -0.79428  -0.73965  -0.025642 -0.47883  -0.14957  -0.48109
 -0.14874  -0.59778 ]"
mcneill,"[-4.4630e-01 -2.9332e-01  4.9696e-01 -1.8166e-01 -5.6607e-01 -5.0544e-01
 -2.0331e-03 -4.5132e-01 -3.6933e-01  2.0855e-01 -4.2056e-01 -2.8192e-01
  2.7099e-01  1.7398e-01 -1.6024e-01  3.5926e-01  1.0514e-01  2.2592e-01
 -1.1709e+00  1.2420e-01  3.8543e-01 -7.7810e-01  8.5459e-01  4.5219e-01
  1.4446e-01  3.0428e-01  2.4727e-01  5.2873e-02  3.1617e-01 -2.6368e-01
 -6.2875e-01  1.2297e-01  9.7021e-02 -1.4562e-01  4.2348e-01  1.0127e+00
  2.6950e-02  5.6786e-01  3.1358e-01  1.8814e-02  2.9962e-01  5.0750e-01
  5.5300e-01  4.1563e-01 -3.6903e-01  7.7035e-01 -7.7917e-01 -7.0365e-01
  6.6408e-01  2.0200e-01 -7.8020e-02 -5.6134e-01  2.5237e-01 -1.9781e-01
 -7.1502e-01 -2.9028e-02  4.0457e-01 -6.5571e-01 -8.5474e-01  6.1162e-01
  5.2443e-01  2.6054e-01  2.8638e-01  5.0181e-01 -4.7690e-01 -2.9414e-01
  1.8825e-01  1.6362e-01 -2.7764e-01  6.4450e-01 -5.4612e-01  2.6468e-01
 -2.5843e-01  4.0015e-01  7.3059e-04 -7.8876e-01  2.7808e-02  7.5548e-01
 -4.2806e-01  5.4168e-01 -6.3331e-02 -2.9487e-01 -3.6126e-01  1.3798e-01
  2.1864e-01  2.8673e-01 -1.2993e-01  9.5323e-03 -4.9180e-01 -4.5198e-01
  7.7329e-01 -6.8821e-01 -3.5029e-01 -9.5942e-02  2.5240e-01 -9.8519e-02
 -1.2822e-01 -7.5905e-02 -5.9419e-01  5.0877e-01]"
cram,"[-0.49859   0.21301  -1.1022   -0.46224  -0.66605   0.48947   0.19756
  0.6493    0.1486   -0.13956   0.2316    0.36903  -0.58786   0.11104
 -0.3655   -0.19538   0.065754  0.83846  -0.30003  -0.032702 -0.074323
 -0.064252  1.6082   -0.78591  -0.13673  -0.81385  -0.302    -0.21953
 -0.28427   0.1015   -0.48474   0.21432  -0.60103   0.060204 -0.15488
  0.51977  -0.22253   0.17056  -0.044432  0.38363  -0.64343   0.045039
 -0.34178  -0.0907   -0.82432   0.48652   0.14429   0.063733  0.3164
  0.20537   0.013675 -0.29989  -0.35708  -0.42922  -0.050188 -0.60551
  0.15821   0.63947   0.10874  -0.31905   0.27078   0.78477   0.095054
  0.35084  -0.84516   0.15493   0.61242  -0.039395 -0.16866  -0.50148
 -0.29305  -0.18342  -0.25745  -0.037781 -0.51964  -0.040864 -0.40946
  0.10496   0.39019  -0.16343   0.017097  0.11929  -0.32405  -0.10889
 -0.045195  0.45952   0.032549 -0.21851  -0.22977   0.13354  -0.36567
  0.4082    0.1886   -0.66992  -0.10557  -0.5784    0.81066   0.1602
 -0.39752   0.22577 ]"
nunavut,"[-1.2588    -0.63167    1.6288     0.70465    0.80938   -0.24121
 -0.39143    0.20304    0.32157   -0.7474    -0.65949   -0.10923
  0.68696    0.29559   -0.3172    -0.39902   -0.16573    0.31862
 -0.16129   -0.01711    0.061373   0.44149    1.1376    -0.43169
 -0.38727    0.24895    0.33324   -0.10431   -0.44554   -0.70915
 -0.21322    0.40186    0.01817   -0.0081967  0.056975  -1.0359
 -0.095947   0.2407    -0.046769  -1.4192    -0.4478     0.40596
  0.0051914 -0.23383   -0.32881    0.25016    0.62283   -0.48726
  0.65953    0.90818   -0.051809   0.54527    0.60334   -0.21495
 -0.87012    0.030221   1.1413    -0.75415    0.53823   -0.30895
  0.2232    -0.047056   0.26248    0.19321    1.0453     0.25417
 -0.25696   -0.16508    0.65608    0.14668    0.51153   -0.44219
 -0.22027    0.48395   -0.055626  -0.27947    0.28054    0.54491
 -0.16877   -0.19754   -0.81269    0.23188    0.65219    0.89662
  1.0247     0.13839    1.1505     0.077358   0.94816    0.20281
  0.65619    0.29668   -0.65529   -0.08954   -0.68666    0.75391
 -0.17112    0.26455    0.1681    -0.49826  ]"
codified,"[ 0.025505  -0.23511    0.2627     0.44969    0.085112   1.0168
  0.13256   -0.095602  -0.077955  -0.089033  -0.086881  -0.19522
  0.17197   -0.0031153  0.078863   0.09722    0.9182     0.88978
 -0.46965   -0.69894    0.22537    0.0080721  0.97581    0.58184
 -0.022627  -0.74731   -0.046091  -0.52114   -0.61024    0.21262
 -0.084605   0.30073   -0.3046    -0.58298   -0.50304   -0.18018
 -0.43746   -0.92996   -0.6065     0.063469  -0.17918    0.14737
  0.076414   0.40563   -0.018516  -0.23328    0.47672    0.24549
 -0.17861   -0.50401    0.23172    0.24778   -0.015636  -0.059878
 -0.40433    0.5431     0.5087    -0.049608   0.09137   -0.055695
  0.14858   -0.10422   -0.45666    0.019349   0.27067   -0.49934
 -0.34527    0.071803   0.24306    0.0702     0.24913   -0.36517
  0.74507    0.52057   -0.15428   -0.61832   -0.51798   -0.47418
 -0.25701   -0.6929    -0.63478   -0.68547    0.16143    0.040701
 -0.23242    0.85924    0.27053   -0.97213   -0.39102    0.06957
 -0.46355   -0.63677   -1.1308     0.17789    0.63035   -0.21885
 -0.47298   -0.61468   -0.17461    0.47614  ]"
23.2,"[ 0.71227   1.3101    0.49992  -1.0583   -0.090756  0.53314  -0.11692
  0.1684   -0.21857   0.60855   0.75008   0.42819  -0.34536  -0.54209
  1.6952   -0.42365  -0.49708   0.080164 -0.57577  -0.19611  -0.41637
  0.54208   0.32723   0.99292  -0.047629 -0.37321   0.53619   0.7687
 -0.24748  -1.1426    0.83747  -0.32      0.33791  -0.32267  -0.25051
  0.90682   1.37      0.13194  -0.34552   0.60227   0.067853  0.41089
  0.083336  0.47522   0.21852   0.066727 -0.30362  -0.59337  -0.4463
 -0.9825   -0.3777   -0.21341   0.19847   0.010142 -0.31113   0.32481
 -0.45019  -0.73085  -0.20557  -0.28482   0.25554  -0.55606  -0.64367
  0.64127  -0.90831   0.19938  -0.14861  -0.75095   0.18216   0.47115
 -0.41759  -0.17206   0.1473    0.2041   -0.19612   0.30081  -0.90289
  0.13328  -0.21588  -0.67726  -0.19653   0.017898  0.02734   1.4673
  0.30925  -0.013587  0.44489  -0.35937   0.58817  -0.072357  0.34405
  0.42924  -0.23529  -1.0181   -0.083776 -0.54823  -0.18786  -0.39516
  0.16432  -0.46149 ]"
tarrant,"[ 4.6051e-02 -3.8059e-01  5.0048e-01 -7.7098e-01  2.7120e-01  7.0912e-01
  6.5440e-01  8.7489e-01  5.5055e-01 -2.0835e-01 -1.9881e-01 -4.5890e-01
  4.3537e-02  7.4474e-03  4.0504e-02 -8.1013e-01  6.6068e-01 -8.3487e-02
 -7.7006e-02  3.6164e-01  2.0995e-01  5.6297e-02 -1.1141e-01 -3.2727e-01
 -4.5435e-01  5.5993e-01  6.3090e-01 -6.5038e-01 -7.0576e-01  3.5730e-01
  6.9915e-02 -8.4468e-01  6.8181e-01  1.9105e-01 -4.5122e-01 -1.5543e-01
  1.4539e-01 -6.7719e-03  9.9035e-02  2.3188e-01 -7.0139e-02  5.3081e-01
 -9.3854e-02 -4.1091e-01 -6.2790e-01  5.7040e-01  2.5454e-01 -6.3021e-01
  3.2089e-01  2.3993e-01 -1.9412e-01 -4.0660e-01  3.5932e-01 -1.5109e+00
  5.1380e-01  3.1107e-01  2.1717e-01 -9.2605e-01  3.2888e-01  1.5238e-01
  2.3770e-01  3.1952e-01 -6.2556e-02  4.8050e-01 -4.0724e-01 -4.9798e-01
 -7.4657e-02  4.0289e-01 -2.0686e-01  7.9814e-01 -3.3874e-01  1.5522e-01
 -3.4252e-01  6.2135e-02  1.7834e-01 -2.4350e-01 -1.2529e-01  1.6851e-01
 -1.6367e-01  1.4488e-01 -3.0640e-02  6.5689e-01 -6.4935e-03 -9.0927e-02
 -8.4086e-02  1.5823e-01 -7.1848e-02 -1.1241e-03  2.5449e-01 -3.0458e-01
  2.3299e-01 -3.2539e-01 -1.4023e-01 -2.2319e-01 -3.8715e-01  3.3937e-01
  6.4860e-01 -1.1296e-01  1.1226e+00  2.0142e-01]"
childish,"[ 0.36089   -0.2098     0.43162   -0.9503    -0.52836    1.046
 -0.20027   -0.24159    0.19237    0.66661   -0.6821     0.26472
 -0.22355   -0.49492    0.055127   0.53656   -1.0278     0.61595
  0.19895    0.52172    0.11123    0.0071465  0.82049   -0.27918
  0.10219    0.47791   -0.23509    0.42201   -0.10755   -0.24101
 -0.053957   0.40019   -0.46107   -0.67099   -0.2908     0.46916
 -0.64128   -0.38537    0.29423   -0.64977    0.31441    0.48531
 -0.17859   -0.11774   -0.8302     0.31125    0.32427    0.43134
 -0.044976  -0.0085708  0.29913   -0.23143    0.45399   -0.36227
 -0.59817   -0.50846    0.4915    -0.28104   -0.97377   -0.0048381
  0.34913   -0.10061   -0.93571    0.066554  -0.078482  -0.2351
  0.93281   -0.058568  -0.079109  -0.5642     0.3137    -0.54556
  0.16054    0.017603  -0.46776    0.5523    -0.14886   -0.002187
 -0.098954   0.041742  -0.068601   0.55072    0.47203    0.36637
 -0.92404    0.19819   -0.086012   0.29279   -0.26323   -0.15859
 -0.49493    0.5856    -0.03726    0.30905    0.22423   -0.58946
 -1.1026    -0.6289    -0.26173   -0.12058  ]"
guerilla,"[-0.38277    0.36303   -1.1634     0.053269  -0.08877    0.70553
  0.63925   -1.0246    -0.54596    1.0545     0.036378  -0.59008
  0.36317   -0.047221   0.10879    0.6744     0.087573  -0.66685
  0.58214   -0.26616    0.86974    0.10968    0.36679    0.036496
 -0.97747    0.039218  -0.11898   -0.13494    0.3122    -0.30936
 -0.68301   -0.1467    -0.20373    0.10307    0.38807   -0.076597
 -0.125     -0.39096    1.0242    -0.37253    0.050053   0.69252
  0.013629   0.43737    0.40947   -0.37129   -0.037903  -0.15777
 -0.20102    0.31959   -0.96387    0.48323   -0.25979    0.83068
  0.79366    0.32307    0.2611    -0.14334    0.34018    0.31852
  0.62553    0.3337    -0.28474   -0.68379    0.4993     0.28407
  0.504     -0.28194    0.37143    0.32797    0.34382   -0.87941
 -0.50783   -0.12926   -0.75007   -0.71105   -0.095711   0.38982
 -0.84702    0.487     -0.0079078  0.096118   0.17441    0.34849
 -0.24133    0.34873   -0.10559    0.34307    0.59667   -0.32124
  0.18917    0.014388  -0.038781   0.794      0.56158   -0.9557
 -0.20968    0.32317    0.039968   0.2532   ]"
lenox,"[ 0.93073    0.14731    0.065935   0.96705   -0.25919   -0.2348
  0.34848    0.81467    0.15943   -0.080408   0.19597   -0.23909
 -0.52908   -0.20988   -0.39144    0.31935    0.68031   -0.50134
 -0.65898   -0.95417    0.39732   -0.13117    0.0086193  0.033252
  0.44791    0.2882     0.79955    0.31195   -0.73501    0.48692
 -0.11754    0.10002    0.73274    0.3979    -0.2217     0.92713
 -0.21976   -0.055912   0.43311   -0.62086   -0.13072    0.058449
 -0.4551    -0.4562    -0.77369    0.72294    0.12142    0.34364
  0.67267    1.3094     0.1556    -0.53962   -0.63466   -0.74032
 -0.67109   -0.94923   -0.10103   -0.048549  -0.55275   -0.73087
 -0.31165    0.40074    0.20995    0.65022   -0.62086   -0.19887
  0.91681   -0.36119    0.27275   -0.14825   -0.57507   -0.33715
 -0.56857   -0.082801  -0.019479  -0.73217    0.51979    0.24741
  0.096622  -0.72425    0.2263     0.60151    0.22426    0.37312
 -0.11565   -0.11897    0.43262   -0.40521   -0.3437     0.47496
  0.31462   -0.20922    0.8426     0.40875   -0.53337   -0.32513
  0.78345   -0.070279   0.39641   -0.045852 ]"
zeman,"[-0.85      -0.11462    0.05624   -0.46612   -0.2954     0.085758
  0.18374   -0.26183   -0.075587   0.060159  -0.84982   -0.58564
 -0.31641   -0.13651    0.64508    0.41457    0.12844   -0.045874
  0.17896   -0.12164   -0.20522   -0.049752  -0.28357    0.63957
  0.33253   -1.1515     0.70952    0.50922    0.11792   -0.43204
 -0.4023     0.64386    0.026601   0.055222  -0.23081    0.64785
  0.9638    -0.08633   -0.51959    0.080272  -0.69541    0.87014
  0.27995    0.24613   -0.73774    0.65716    0.33367    0.060602
  0.091406   0.55617    0.48958   -0.59023    0.15482   -0.022263
 -0.30487    0.39769    0.50287    0.77314   -0.47073    0.78479
  0.66744   -0.28355   -0.69993    0.22344    0.49298    0.8287
  1.3796     0.47853    0.013034  -0.22988   -0.18756   -0.63028
 -0.0039951 -0.41571   -0.87871   -0.38379   -0.70562    0.61258
 -0.2278     0.85307   -0.39866   -0.092904  -0.14906   -0.79825
 -0.026973  -0.61952    0.043842   1.3085    -0.30196   -0.048131
  0.41269   -0.11487    0.010313   1.2249    -0.10657    0.10225
  0.22254    0.41944    0.24195   -0.19372  ]"
mariam,"[ 0.17256   -0.042077  -0.67629   -0.23192   -0.70513    0.027375
  0.59413    0.29476    0.60718    1.0978     0.18537    0.016036
  0.57111    0.51936   -0.16897   -0.1854    -0.37197   -0.51213
 -0.74718    0.073444  -0.17008    0.78325    0.94507    0.85635
 -0.018235   0.95019    0.44848   -1.0788    -0.19659   -0.1937
  1.0765    -0.57951    0.25955    0.40643   -0.4099     0.35663
  0.33811    1.0202    -0.67943   -0.42171   -0.5418     1.1206
  0.36055   -0.19641   -0.049503   0.0065157 -0.24771   -0.43698
  0.70861    0.34646   -0.43424    0.52359    0.52657    0.48093
  0.016692   0.57265   -0.47554    0.31208   -0.54676   -0.5526
  0.090239  -0.28231    0.06814    0.14942   -0.11774   -0.23285
 -0.26806    0.0832    -0.61541    0.42705   -0.023188  -0.081371
 -0.48124   -0.18969    0.57074    0.4496     0.061727  -0.69335
  0.42663   -0.4054     0.20755    0.12088    0.23282    0.3376
 -0.002428   0.040128   0.099293   0.049947   0.15836   -0.10871
  0.91438    0.13058    0.091611   0.58316    0.24106   -1.0676
  0.64742   -0.99703    0.132      0.026639 ]"
volker,"[-0.74194   0.095162 -0.053072  0.10472  -0.37758  -0.82972   0.17491
  0.40454   0.049612 -0.34751   0.11661   0.083026 -1.1447    0.62326
  0.34131   0.1257    0.30657  -0.67181  -0.95675  -0.25075  -0.052985
  0.82732   0.20804   0.095732  0.1512   -0.72434   0.68485  -0.34356
  0.14966   0.18632  -0.35698  -0.10387  -0.22083  -0.11188  -0.01074
 -0.31896   0.41697   0.85588   0.27033   0.10865   0.037888  0.56198
 -0.025317  1.0227   -0.67601  -0.63322   0.40399  -0.41322  -0.4664
  0.28381   0.22273  -0.61268   0.24719  -0.13236  -0.059057  0.047764
  0.34501   0.67058  -0.1617    0.27428   1.09     -0.21343   0.90879
  0.7604    0.069947 -0.56269   0.57007   1.0756   -0.020446 -0.52217
 -0.13225  -0.13069  -0.38716  -0.29928  -0.078693  0.98838  -0.85478
  0.81221   0.78302   0.74685  -0.3299    0.11918  -0.042395 -0.29374
  0.17266  -0.48036   0.030052  0.36624   0.10436   0.33612   0.69254
 -0.44779   0.35158   0.35189   1.1944    0.2264    0.23988   0.4881
  0.034284  0.48662 ]"
indurain,"[-0.023357 -0.91405   0.25298   0.11918   0.80285   0.32277   0.98613
  0.43527  -0.94602  -1.0615    0.19964   1.5693   -0.83539  -0.17486
 -0.3315    0.11828  -0.38907   0.085785  0.47786   0.22104  -0.22502
  0.36382   0.27061   0.89282   1.1047   -0.3346    0.09177  -0.97034
  1.0647   -1.3161   -0.18776  -0.35871  -0.47597   0.33602   0.65836
  1.2045   -0.23131   0.80054   0.19027   0.38246   0.28325   0.28172
  1.1128    0.08741   0.091623  0.45362   0.97331  -0.52503  -0.46008
 -0.21076  -0.14807   0.48501   0.12275   0.68645  -0.19892  -0.12112
 -0.48308   1.2094   -0.52792   0.57679   0.26853  -0.45451   1.275
 -0.35577   0.45188   0.51035  -0.14915  -0.45058   0.13837  -0.26216
  0.35055   0.34784  -0.47335  -0.37217   0.42466  -0.021474  0.1805
 -0.51507   0.10983   0.11081  -0.010232 -0.33075  -0.40789   0.90232
 -0.068128  0.47636  -0.77308   0.58227  -0.39831   0.16028  -0.54257
 -0.41838  -0.054278 -0.80957  -0.2534    0.20824  -0.2535    0.07736
 -0.89702   0.50208 ]"
arun,"[ 0.0055493 -0.46918    0.27784   -0.27024    0.47397   -1.1083
 -0.044504   0.94697   -0.42379    0.11493   -0.18493    0.70738
 -0.34333    0.30878   -0.03713   -0.46984   -0.16544   -0.21793
 -0.30884    0.45589   -0.13324   -0.5423     0.31208    0.51396
  0.0049326  0.15943    0.39218    0.54584    0.2087     0.19059
 -0.20266    0.74814    0.3656    -0.51716   -0.11408   -0.08366
  0.092294   0.55966    0.49572   -0.089598   0.020616   0.83919
  0.26647   -0.54564    0.068524   0.63427   -0.22695    0.51337
 -0.14144    0.8547     0.59134   -0.11121    0.59613   -0.0506
 -0.49129    0.25533   -0.86996    0.77408    0.09644   -1.2141
 -0.31148   -0.0045642  0.36572    0.83042    0.36887    0.61104
  1.7188    -0.072791   0.8568    -0.067433   0.4158    -0.7212
  0.36707   -0.78502   -0.91943   -0.2177    -0.73443    0.33018
  0.015637  -0.039937  -0.044264  -0.1086     0.53959    0.46566
  0.18686   -0.092773  -0.4182    -0.74903   -0.066707   0.56212
  1.022     -1.0409    -0.7216     0.034144   0.4316     0.16471
  0.12879    0.16957   -0.36008    0.20793  ]"
criss,"[ 0.070018  -0.37081   -0.17649   -0.30714    0.72865    0.387
 -0.29995    0.84722    0.23602   -0.76732   -0.35382    0.15195
  0.85852    0.23561    0.3278    -0.57307    0.9719    -0.31063
  0.62942   -0.2467     0.57778    0.47962    0.84378    0.18224
  0.34828    0.43622   -0.12289    0.077823   0.58469   -0.57858
  0.30069   -0.39206    0.37078    0.94061    0.44828   -0.64926
 -0.30101    0.25551    0.5761     1.1796    -0.31008    0.83447
 -0.13006    1.0053     0.1187     0.3398    -0.22434   -1.1019
  0.15087    0.74856   -0.016989   0.44203    0.58112    0.45225
 -0.62814   -0.56781   -0.024573   0.68758   -0.55329    0.79231
  0.63651   -0.035685   0.68648   -0.06261   -0.40224    0.35955
  0.31526    0.59073    0.39873   -0.80359    0.2569    -0.53536
 -0.26432   -0.12504    0.22323   -0.90716   -0.29678   -0.039779
  0.45727   -0.051784   0.25594   -0.034273   0.0050172 -0.13569
  0.0057454  0.28225   -0.47476    0.025517  -0.5394     0.19677
 -0.97564    0.34057   -1.1303    -0.64848    0.077385   0.035603
  0.4574    -0.64598   -0.69619    0.12008  ]"
gr,"[ 6.8241e-02  3.8247e-01 -2.7415e-01  1.5178e-01 -3.3158e-01  5.1028e-01
 -1.7596e-01 -6.1673e-02  2.5372e-01  1.9681e-03  9.1012e-01  1.0530e+00
  1.5451e-01  9.1644e-01  3.5560e-02  3.5254e-01  1.1034e-01 -2.0167e-01
  5.0241e-01  1.9320e-01 -6.4052e-01  6.7742e-01 -1.7876e-01  3.7726e-01
  3.7275e-01 -1.8027e-01  4.8308e-01  1.2906e-01  8.9282e-04  4.8725e-01
 -4.6208e-01 -4.5548e-01 -8.0865e-01  5.6627e-01  4.6484e-01  8.2098e-01
  7.0386e-02  7.3435e-03  3.1068e-01  6.4946e-01  9.9675e-01 -6.2241e-01
 -8.0784e-01 -2.3013e-01  3.6299e-02 -6.7661e-01 -3.4504e-01 -2.7294e-01
  2.8939e-02 -1.1419e-01 -2.1574e-01  8.8648e-02 -3.8496e-01 -3.8526e-02
 -1.2499e+00 -1.9526e-01  6.7344e-01  5.7360e-02 -1.2044e-01 -6.8820e-02
  3.9633e-01 -4.0576e-01 -3.1890e-01  8.8696e-01 -5.3024e-01  1.1147e+00
 -8.7741e-01  2.2001e-01  1.0941e-01  4.6898e-01 -2.2247e-01 -7.9579e-01
 -2.3517e-01  2.8931e-02  3.4943e-01 -8.0720e-01  4.8083e-01 -2.2678e-01
 -9.6268e-01 -1.4543e+00  9.4148e-02 -1.0319e+00  1.4066e-01  4.2016e-02
  5.6364e-01  8.7117e-01 -5.5782e-01 -6.2994e-01  4.8071e-01  2.4069e-01
  9.6824e-03 -3.7165e-01  2.4371e-01  1.1564e-01  6.9227e-02 -5.4034e-01
  9.6015e-01 -9.2834e-01 -1.9998e-01  3.1866e-01]"
equate,"[-0.099101   0.58856    0.079239   0.55535   -0.501      0.39106
 -0.51453   -0.38007    0.086961   0.53886   -0.35767    0.018256
  0.10756   -0.41539    0.19136    0.049627   0.053121   0.042878
 -0.085467   0.43968    0.48197    0.1098     0.14212   -0.23415
 -0.32432   -0.26815    0.23455   -0.42       0.52855   -0.60188
  0.13491    0.56232   -0.36108    0.27243   -0.49121    0.21629
 -0.0059511  0.20667   -0.21468    0.14082    0.12559    0.45231
 -0.51984   -0.0069302 -1.019      0.12614    0.7293     0.074377
 -0.90846   -0.71498    0.1831     0.3898     0.15717    0.083159
 -0.27751    0.32394    0.56999   -0.24438   -0.27971   -0.54518
 -0.16222   -0.51654   -0.014346  -0.27035   -0.023373   0.62887
  0.67817    0.082945  -0.48499   -0.65583   -0.02792   -0.81171
  0.046239  -0.034695  -0.64206    0.049393   0.043885  -0.34885
 -0.29401    0.05082   -0.11867    0.12504   -0.39541    0.43297
 -0.51014   -0.20728   -0.12105   -0.15716   -0.037361  -0.069965
 -0.022776  -0.0026257 -0.47059   -0.71536   -0.15638   -0.74884
 -0.17746   -0.28897    0.10589    0.27101  ]"
yucca,"[-0.17557    1.0203     1.0269    -0.12382    0.20994   -1.4982
  0.081589   0.85261    0.20655    0.31695    0.42564    0.71242
 -0.51368   -0.84831   -0.084086   0.19288    1.6549     0.49424
 -0.25592   -0.13908   -0.63268    0.16198   -0.19007    0.22714
 -0.68415    0.92638    0.0096371  0.25042    0.010764   0.35902
 -0.278     -0.70244    0.75191    0.25639    0.44578    0.99103
  0.25853   -1.0107     0.67668   -0.23331   -0.53353   -0.50919
  0.14438   -0.41873   -0.14885   -0.1092     0.048846   0.60475
 -0.81886    0.98322    0.23397   -0.29362   -0.1419    -0.1311
 -0.76554    0.040107   0.13669   -0.11724    0.52288   -0.62509
  0.24784    0.28778    0.55853   -0.36384    0.48168    0.017442
  0.97957   -0.39084   -0.076597  -0.32588    0.38376    0.10807
  0.24777    0.38574   -1.205     -0.86415   -0.12657    0.11335
 -0.2492     1.0394     0.37957   -1.086     -0.31496   -0.1156
 -0.011267   0.50856    1.1837     0.11627   -0.085174   0.48551
 -0.25928    0.083738   0.066921   1.2021    -0.068411  -0.81871
  0.046233   0.25059    0.86647    0.072545 ]"
roulette,"[-0.11178   -0.15693    0.88677    0.051888  -0.61366    0.89062
  0.31467   -0.20499    0.55273   -0.66186   -0.016266   0.28711
 -0.0043042 -0.13098   -0.52937    0.33734    0.30562    0.10599
  0.14414   -0.57796    0.030018   0.34677   -0.13805    0.0056922
  0.35336   -0.45665   -0.19308    0.14042   -0.28656   -0.084797
 -0.032185   0.10717   -0.43678    0.062384   0.60681    0.19767
 -0.22116    0.74098    0.51399   -1.6102     0.34046    0.43597
 -0.54357   -0.17132   -1.1192    -0.44662   -0.5729    -0.024184
 -0.45131    0.25992   -0.77995    0.073196  -0.48624    0.63925
  0.36099   -0.72574    0.24931    0.59738   -0.63928    0.83429
 -0.19839   -0.38373   -0.28415    0.0057895 -0.77248   -0.088219
  0.1496     0.095476  -0.33939   -0.11822   -0.80316   -0.48824
  0.71957    1.2386    -0.55806   -0.36627    0.17076   -0.050046
  0.20671    0.019064   0.80797    0.34596    0.27686    0.23982
  0.037168   0.38334    0.51884   -0.77396    0.14843   -0.38633
 -0.39437    0.99656    0.049388   0.12025    0.47228   -1.0494
 -0.12849    0.56909    1.1184     0.052765 ]"
almagro,"[ 0.42937   -0.69602    0.21224    0.075472   0.64832    0.80135
  0.11931    0.23173    0.19841   -0.19372    0.92362    0.6532
 -0.70775   -0.30693    0.71706    0.47701   -0.57725    0.66596
  0.16306    0.20883   -0.13958    0.51996    0.20093    0.92187
  0.37144   -0.14499    0.56932   -0.92335    0.77222   -0.30977
 -1.7483    -0.18803    1.0517    -0.22357   -0.10931    0.26322
 -0.81026   -0.70979    0.024262   0.86391    0.5447    -0.78592
  0.60841   -0.48216    0.50766   -1.1718    -0.57772    0.12049
  0.62525    0.68506   -0.67119    0.53256   -0.93565    0.0041108
 -0.24601    0.40026    0.53465   -0.70373   -0.99485    1.0293
  0.034083  -0.11624    0.21041   -0.35466   -0.35057    0.017097
 -1.1896     0.99953   -0.18713   -0.70404    0.23344    0.63889
  0.45431   -0.2691    -0.29823   -0.46355   -0.019773  -0.027121
 -0.087965   0.23649    0.52128   -0.20824   -1.2097     0.83109
 -0.31937   -0.50383   -0.78277    0.74215   -0.10438   -0.47236
 -0.45016   -0.52481    0.44177    0.21433    0.35939    0.35344
 -0.34944   -1.2272    -0.36931   -0.76215  ]"
25.95,"[-7.8347e-01  1.8903e-01  1.1121e+00  2.4092e-01  2.6253e-01  1.0036e+00
  2.0181e-01  5.0945e-01  9.1014e-01 -6.0595e-01  1.6428e+00 -1.1945e-01
 -1.0473e-01  2.4689e-02  2.3595e-01  6.0222e-01 -8.0233e-01  3.3759e-03
  4.2984e-01  1.1122e+00 -2.5066e-01 -2.3323e-01 -6.3255e-01  2.0297e-01
  8.9617e-01  6.2993e-01  2.7717e-01 -4.1101e-01  2.4653e-01 -3.4512e-01
  1.7047e-01 -4.5938e-01 -1.3960e-01 -6.2698e-01 -8.3402e-01 -2.5114e-01
 -1.4694e-01  5.2918e-01  1.1524e+00  1.4850e-01  1.4910e-01  2.9724e-01
 -1.4646e-01 -1.0674e+00 -1.1403e+00 -8.1555e-01 -2.6647e-01  6.2634e-02
 -6.7643e-01  2.2384e-01  1.0373e+00 -6.6747e-01  4.9396e-02  4.7963e-01
 -1.2774e-01 -6.7117e-02  1.0575e-02  1.5837e-01 -5.7891e-02 -3.5008e-01
 -3.2620e-01 -4.2961e-01  2.2853e-01  3.1609e-01  1.9513e-01 -7.1629e-01
 -3.3247e-01  1.5457e+00  7.2027e-01 -1.4159e-03  1.2540e-01  1.1089e+00
  4.6482e-01  3.9742e-02 -7.2518e-01 -1.0325e+00 -1.2157e-01  6.8075e-01
 -1.0943e+00  7.3177e-01 -4.4670e-01  7.5080e-01  1.6388e+00 -2.0098e-01
  6.8296e-01  3.9987e-01  4.3229e-01  3.6256e-01 -2.6549e-01  8.0853e-01
 -1.1174e-01  5.6979e-01  5.9329e-01  9.6141e-02 -4.9977e-01  4.7819e-01
 -2.8913e-01 -5.9039e-01 -1.8998e-01 -1.6030e+00]"
libertarians,"[-0.38763    0.9202    -0.11683   -0.86428   -0.33318    0.42968
 -0.87596   -1.224      0.24338   -0.41427   -0.32948   -0.21225
 -0.18955   -0.71909   -0.2529    -0.42704    0.14998    0.29603
 -0.15975    0.20607    0.62073    0.049235   0.63205   -0.60174
  0.17532   -0.32789   -0.26881    0.077132  -0.22123   -0.66518
  0.64744    0.049249   0.037164   0.083286   0.1702     0.42633
  0.01444    0.42621    0.67359    0.20711   -0.72863    0.10235
 -0.0066545 -0.35438   -0.69398   -1.2058     1.2129     0.4865
  0.065876   0.29422    0.68034    0.099244  -0.60355   -0.036141
 -0.22218    0.60787    1.1242    -0.23516   -0.019931   0.39144
 -0.16283   -0.25703    0.070543   0.33972   -0.0088099  0.42926
 -0.11855    0.25232    0.34459   -0.29239   -0.21054    0.4203
 -0.25181   -0.11982   -1.1588    -0.36469    0.51696    0.19976
 -0.011411  -0.55202    0.28601   -0.69904    0.26134    0.22509
 -0.58668   -0.016476   0.10594    0.57321   -0.52919   -0.38725
  0.18292   -0.74629   -0.67758   -0.043383   0.21752    0.27107
 -0.31788    0.21946    0.54465   -0.3103   ]"
newsstand,"[ 0.26514   -0.11516    0.069977  -0.029026   0.38887    0.10954
  0.39307    0.090148   0.65406    0.057727  -0.2012     0.16628
  0.39165   -0.87864   -0.073741   0.74978   -0.19234   -0.30972
  0.45134   -0.65507    0.3876     0.03292    0.072442   0.38024
  1.5261    -0.078951   0.84546   -0.27465   -0.31434   -0.18596
  0.41388   -0.23623    0.24437    0.58963   -0.2503     0.96849
  0.19234   -0.24196    0.39995   -0.27107    1.1199     0.6149
 -0.52452   -0.0468    -0.53478   -0.42542    0.2971    -1.2544
 -0.014294   0.16232    0.40571    0.54441   -0.62309   -0.33348
 -0.12991    0.41904   -0.20593   -0.32934    0.98171   -0.28498
  0.18488   -0.004978  -0.51014   -0.20259    0.079051  -0.24407
  0.84512   -0.31325    0.55652    0.18709   -0.074549  -0.17653
  0.9355    -0.0082767 -0.38779   -0.4382     0.50815   -0.15064
 -0.014122   0.072843  -0.025791  -0.24338   -0.070367  -0.085872
 -0.061412  -0.86233    0.082345  -0.53273   -0.6223    -0.064834
  0.64932    1.1761     0.85615   -0.48605   -1.2055    -0.10477
  0.97014    0.60149    0.93042    0.79979  ]"
ccm,"[-0.057683   0.5223     0.03061   -0.48418    0.76825    0.36699
  0.74352    0.077897   0.51084   -0.43566    0.33035   -0.11753
  0.0033223 -0.1148     0.16606    0.086212   0.40238   -0.99155
  0.93849    0.14305    1.2155    -0.35264    0.54429   -0.37401
 -0.96352   -0.10316    0.62564   -0.86591    0.6353     0.087351
 -0.10867    0.54915   -0.051839   0.57069   -0.12905   -0.31057
  0.50982    0.53476   -0.72111   -0.64182   -0.08997    0.54674
  0.83685   -0.27496   -0.28237   -0.59797    0.19795   -0.92384
 -0.46582    0.50432   -0.8018     0.078017   0.071679  -0.48586
  0.24703    0.935     -0.19344    0.87809    0.52809    0.2219
 -0.25956   -0.15877   -0.30133    1.245     -0.26229    0.60614
 -0.12914    0.086534   0.35423   -0.36513    0.39916    0.42806
 -0.41669   -0.65588   -0.48382   -0.17827    0.21631    0.25603
 -0.73091   -0.35886   -0.79525   -0.226      0.40732   -0.34316
  0.45533   -0.30822   -0.08073    0.76881    0.16721   -1.0947
  0.30766    0.53333   -0.62737    0.6034     0.81304   -0.34266
 -0.33975   -0.80387    0.25063    0.30641  ]"
cargill,"[ 0.52525   -0.12931    0.033967  -0.2859    -0.19311   -0.88292
 -0.0072333 -0.24932   -0.25626   -0.74645   -0.21426    0.15737
  0.52521   -0.12897   -0.079822   0.15257    0.35164    0.047651
 -0.61284   -0.23305   -0.16207    0.28353    0.66374    0.42646
 -0.0094271  0.76616    0.072151   0.57638   -1.0544     0.24218
 -0.79555    0.15747   -0.27109   -0.42622    0.084275   0.82555
  0.5549     0.27839    0.44898    0.017429   0.15728   -0.38274
 -0.43116   -0.015794  -0.090754   0.70061   -0.442     -0.53174
  0.35873    0.032792  -0.38987    0.042072   0.33243   -0.60519
 -0.38185   -0.021908  -0.049476  -0.47427   -0.44616   -0.41272
  0.28991   -0.74238    0.83716   -0.094479  -0.27775   -0.74836
  0.31192    0.45924    0.067737   0.12836   -0.63394   -0.019873
 -0.62626    0.029815   0.090163  -0.11996   -0.10333   -0.83112
 -0.80192    0.87616    0.91817   -0.15439   -1.1653     1.3838
  0.27196   -0.29111    0.43789    0.12589    0.40384   -0.071804
  0.18302   -0.55963   -0.12421    0.034329  -0.17656   -0.38229
  0.48112   -0.30789    0.45956    0.34144  ]"
harlequins,"[-0.3149     0.43655   -0.22627   -1.4282    -0.39498    0.45402
 -0.14275    0.35113   -0.374     -0.23775    0.06807   -1.0489
 -0.19079    0.85545    0.24607    0.10346   -0.21223   -0.082386
  0.15055    0.24221    0.097627  -0.62648   -0.10207    0.11431
  0.29792   -0.6548     0.13616   -0.04751   -0.27988    0.86966
 -0.9483     0.58229   -0.21016   -0.42799   -0.30485   -0.22711
 -0.37566    0.98287   -0.33518    0.11163    0.74465    0.087375
  0.23603   -0.51247    0.32741    0.33938   -0.022906   0.40214
  0.54055   -0.74836    0.6837    -0.3002    -0.87934    0.31224
 -0.60898   -0.33867   -0.34947   -0.0098165 -1.6389     0.22531
  0.2769    -0.2442    -0.99424    0.44609   -0.16657    0.47545
  0.22088    0.53257   -0.53006   -0.92659   -0.40273   -0.1533
 -0.21225   -0.83097   -0.5886    -1.4024     0.18838    0.26141
 -0.67612    0.23125   -0.077778  -0.47328    0.7653     0.36516
  0.71973   -0.3332     0.03467    1.2218     0.53521    0.98023
 -0.87403   -0.22135    0.73239    0.1506     0.2127    -0.73287
  0.46744    0.49123    0.50951   -0.15369  ]"
netanya,"[-0.66234  -1.0474   -0.10423   0.074741 -0.25299   0.65223   0.42217
  0.066193 -0.2139    0.69421   0.34167  -0.49532  -0.14407   0.1452
  0.71433   0.97155  -0.42699  -0.33203  -1.2352    1.0906    0.78778
 -0.52097  -0.7924   -0.29909  -0.16389   0.030264 -0.36451   0.28728
 -1.3588   -0.46299  -0.55892   0.34543   0.24283   0.337    -0.75617
 -0.37931  -0.31094   0.43207  -0.28808   0.074688  0.19632   0.46681
  0.95124   0.34473   0.67201   0.48953   0.75516   0.39208  -0.1491
  0.13751  -0.10311   0.16773   0.69402   0.39861  -1.1869   -0.19283
  0.24939  -0.65884  -0.6734    0.327    -0.21611   1.0238    0.27968
 -0.13363  -0.83575   1.293    -0.24669  -0.4087   -0.49279  -0.36413
 -0.62517  -0.95271   0.51608  -0.039407 -1.171    -0.18329   0.93756
  0.26668  -0.21229  -0.24227  -0.54266   0.33826  -0.35259   0.85337
  1.1233   -0.31395  -0.33048   0.24275   0.38473   0.13865   1.0189
  0.014576 -0.24423  -0.23809  -0.51703   1.1857    0.39354   0.54342
  0.69494   0.80583 ]"
lobes,"[-0.71636    0.4285    -0.67124    0.47735   -0.11517    0.42305
  0.095314   0.4299     0.42679   -0.71712   -0.61573    0.016074
  0.61614    0.73491    1.604      0.625     -1.1195     0.16707
  0.69174   -0.34588    0.074484  -0.057293  -0.34285   -0.13682
  1.1487     1.0347     0.64597    0.18284   -0.3846    -0.068815
  1.1912    -0.099771   0.85228   -0.25427    0.14703    0.55557
  1.0034     0.5713    -0.70181    0.42019    0.99972   -0.34327
  0.086531  -0.77028   -0.27062    0.4408     0.53886    0.43766
  0.029705   1.0813     0.045205  -0.99979    0.17761    0.431
  0.1947     0.099096   0.64905   -0.57925   -0.10243    0.69821
  0.20806    1.0825     0.61184    0.52308   -0.062037   0.28763
 -0.35575    0.47124   -0.063315   0.029449  -0.055129   0.31049
  1.0166    -1.0039    -0.33928   -0.027645  -0.68135    0.63356
  0.3539     0.3516    -1.1012     0.78548   -1.2347    -0.10532
 -0.53248    0.0097999  0.20083    0.77134    0.61001    0.53491
 -0.72683    0.62623   -0.92715    0.12671   -0.15368    0.24795
 -1.1273    -0.53786    0.55178   -0.71434  ]"
overjoyed,"[-0.14131    0.083962   0.39646   -0.31261   -1.1769     0.52735
 -0.32998    0.25507    0.69352   -0.37189    0.50111    0.70637
  0.70612   -1.3707    -0.2605    -0.5619    -0.18836    0.14972
  0.13024    0.32943   -0.10035    0.39863    0.13825    0.32471
  0.61027    0.15805    0.34867    0.61006    0.54781   -0.0036199
 -0.44664   -0.094596   0.23653    0.66129    0.3583    -0.084683
 -0.1761     0.21218    0.24593   -0.62352   -0.13898    0.43422
 -0.16076   -0.31204   -0.084512  -0.15471    0.49608    0.21377
  0.13119   -0.30418   -0.18383   -0.76338    0.7074     0.15131
 -0.39126    0.19324   -0.11981    0.15049   -0.60331   -0.18459
 -0.148     -0.019123  -0.27355   -0.035297  -0.31635   -0.4967
  0.14166    0.73689   -0.36815   -0.31564    0.08173   -0.23072
  0.14722   -0.78515   -0.08909    0.9463     0.088058  -0.26494
 -0.18106   -0.7436    -0.096129   0.12622   -0.13638    0.43894
 -0.29254   -0.67725    0.33955    0.017706  -1.2211    -0.54641
 -0.078169  -0.51266    0.10095    0.17432   -0.5833    -0.25619
 -0.1973     0.025111  -0.57219    0.39605  ]"
fulfills,"[-0.3282     0.3094     0.33316   -0.033024   0.11773   -0.27636
 -0.49832    0.77252    0.61581    0.25526   -0.22328   -0.18046
  0.063302  -0.22153   -0.326     -0.17048    0.012696   0.7323
  0.45403   -0.093563  -1.1461    -0.67099   -0.16564    0.050495
  0.056714   0.048339  -0.72926   -0.64985   -0.15489   -0.8121
 -0.20754    0.80278    0.38369    0.15493   -0.37744    0.48168
  0.17937   -0.42435   -0.6918    -0.29872    0.10622    0.87949
  0.96585    0.5632     0.25352    0.19094    0.14925   -0.15397
 -0.70542    0.37383    0.14646   -0.055349   0.63608    0.1367
 -0.22669   -0.0034394  0.56927   -0.2372    -0.045942  -0.32448
  0.5798    -0.23877   -0.22346   -0.3426    -0.20677   -0.0025213
 -0.30132   -0.065119  -0.52608   -0.060672   0.52618   -0.49999
 -0.23286   -0.085616   0.33189   -0.037213  -0.32896   -0.67102
 -0.5887    -0.16254   -0.10838    0.0077558 -0.60323    0.85547
 -0.22102    0.29527   -0.15208    0.23574   -0.33584    0.097965
 -0.48021    0.631     -0.060957   0.095624  -0.14748    0.0034873
 -0.018022  -0.40639   -0.6085     1.1399   ]"
0.78,"[ 1.0053e+00  6.4910e-01  6.1078e-01  3.4022e-01  1.6842e-01 -4.9169e-01
 -7.9953e-02 -7.2065e-02  7.8285e-01 -2.7288e-01  2.0122e-01  3.0302e-01
 -1.1549e+00 -7.6936e-01  6.4658e-01 -3.5245e-01 -9.1829e-01 -9.3733e-01
  7.7756e-01  9.1598e-01  6.8192e-01 -2.0737e-01  4.6313e-01  4.5625e-01
  1.5735e+00 -6.2933e-01  1.6854e-01  1.9179e-02 -7.8219e-02 -4.3119e-01
 -2.9068e-01 -8.9627e-01 -6.3230e-01  3.7292e-01 -2.0413e-01  5.1870e-01
  7.5257e-01 -2.0864e-02 -1.5056e-04  1.0811e+00 -6.5886e-01 -5.8773e-01
 -9.8867e-01  4.2100e-01 -7.7510e-01 -2.3853e-02 -6.7403e-01  8.2726e-01
 -1.7568e-01 -1.1496e+00 -6.9860e-01 -7.7711e-02  5.0526e-01 -2.0686e-01
 -9.5703e-01  1.0873e+00 -6.1057e-01 -2.4961e-01  4.6401e-01  7.2249e-01
 -5.1069e-01 -3.7503e-01 -4.1285e-01  9.1474e-01 -6.9483e-01 -9.4316e-01
  1.6040e-01 -5.6402e-01  1.0261e+00  2.0564e-01 -1.5423e+00 -6.5834e-02
 -3.3377e-01  2.9858e-02 -3.1488e-01  6.0686e-01 -4.3999e-01 -6.5247e-01
 -2.7119e-01 -4.7806e-01 -1.4510e+00  1.8584e-01 -2.3266e-01  7.7789e-01
  1.0242e-02  5.3419e-02  7.4122e-02  1.3492e+00  1.0700e+00  4.2751e-01
 -1.5243e-01  4.5852e-01 -1.8962e-01 -1.2518e-03 -4.6504e-01 -2.8976e-01
 -7.3554e-02 -7.2439e-01 -1.0742e-01 -1.7141e-01]"
doughnut,"[-0.12354    0.4684    -0.07472    0.1784    -0.43646    0.43495
  1.1058     0.46578    0.16      -0.051481  -0.90135   -0.19618
  0.26824    0.17662    0.15921    0.41338   -0.071315  -0.031743
  0.041112  -0.41067    0.48678    0.93814   -0.26924   -0.46232
  0.36489    0.78104    0.48859   -0.43319   -0.25317   -0.50852
  0.58272    0.34025    0.75777   -0.049059  -0.31405    0.62418
 -0.93345    0.27653    0.68765   -1.0011     0.27845    0.063822
 -0.0013398  0.051371  -0.35827    0.16434   -0.38692    0.86912
 -0.47721    0.11642   -0.77584   -0.021649  -0.53564   -0.15294
 -0.90046   -0.19724   -0.24488    0.22345    0.49801    0.52269
 -0.014171  -0.47143    0.74548    0.52784   -0.35647   -0.45032
  0.28033   -0.4254     0.14941   -1.1255     0.074291   0.3618
 -0.25603    0.25703   -0.36503   -0.41633    0.6795    -0.65626
  0.15925    0.82439   -0.065586  -0.56434    0.1277     0.51345
 -0.33746   -0.30786    0.29693   -0.27622   -0.69626    0.59698
  0.32499    0.80892   -0.11884   -0.73799    0.060525  -0.74167
  0.98874   -0.27983    0.19419   -0.10762  ]"
menlo,"[-0.0090165  0.28253   -0.20027    0.77067   -0.13945    0.25902
 -0.15095    0.53564   -0.69859    0.39411    0.25949    0.21413
 -0.0046597 -0.26627   -0.11993   -0.23526    0.64769    0.77066
  0.10832    0.32532   -0.26689    0.79799    0.41986    0.55016
 -0.73562    0.55088    0.020629   0.78219   -1.1231    -0.85708
 -0.64972    0.58074   -0.083953   0.34069   -0.29752   -0.030484
  0.23341    0.32005    0.61865   -0.83976    0.0089544  0.9313
 -0.41262   -0.23981   -0.1669     0.51718    0.7561     0.60764
  0.15335    0.74125   -0.41048   -0.84885    0.13943   -1.0689
  0.62104   -0.7592    -0.28235    0.021146   0.3836    -0.038907
 -0.48924   -0.11778    0.54516   -0.082418  -1.2476     0.10028
  0.82908   -0.27758    0.53652    0.66481    0.55446    0.86623
 -1.0118    -1.559     -0.39739   -0.55331    0.96379   -0.057763
 -1.0401    -0.35707    0.19317    0.3387     0.1471     0.74789
  0.92834    0.2215     0.735     -0.29864   -0.15806   -0.29671
 -0.6362    -0.47025   -0.016872  -0.32999    0.22663    1.0202
  0.058701  -0.2786    -0.16613    0.19871  ]"
britton,"[-0.071512 -0.45312  -0.67947  -0.48486  -0.13754  -0.011563  0.39374
  0.36733   0.47885  -0.16539   0.12561  -0.12504   0.060566  0.59362
  0.58716   0.02785   0.59178  -0.18968  -0.36156   0.70241   0.18021
 -0.53693   0.2933    0.32001  -0.12122   1.0802    0.76161  -0.38763
 -0.46597  -0.090544 -0.20118   0.19838   0.8082    0.11282   0.086287
  0.19896  -0.40679   0.30492   0.41455   0.24257  -0.18117   0.23281
 -0.12404   0.66046  -0.20908   0.14677   0.27367  -0.19259   0.22888
 -0.04245  -0.22947   0.075159 -0.073065 -0.31382   0.24968  -0.17293
  0.15713  -0.09535  -0.76569   0.073722  0.3112   -0.18128   0.33836
  0.4323   -0.6041   -0.8899    0.34757   0.55816   0.047684 -0.14309
 -0.39204  -0.089755 -0.16547  -0.2682    0.16878  -0.18293  -0.12384
 -0.43112  -0.38419  -0.3106    0.14591  -0.36961  -0.27788   0.13538
  0.68568  -0.45553   0.392    -0.55323  -0.049689 -0.1812   -0.27772
 -0.17032   0.24817   0.32448  -0.33149   0.052737 -0.24115   0.089727
 -0.35102   0.29878 ]"
crucible,"[ 0.35165    0.45493    0.16061   -0.024202  -0.33147   -0.39841
 -0.097678  -0.2902    -0.93074    0.23287   -0.12155   -0.43183
 -0.28384    0.43214   -0.24661    0.12616    0.61348    0.58397
  0.49841   -0.39704    0.61865   -0.40429    0.39192   -0.33607
  0.81078    0.27301    0.2598     0.28526   -0.15472    0.1913
 -0.41913   -0.2288     0.071089  -0.41246   -0.1802    -0.095222
 -0.084533   0.37058   -0.099072  -0.31451   -0.094326   0.43346
 -0.2639    -0.16388    0.37614   -0.42055    0.093612  -0.0080576
  0.16947   -0.13264   -0.68536   -0.55046    0.095435   0.3335
 -0.050993  -0.51567   -0.075506   0.11388   -0.9413     0.0947
 -0.36003    0.5418    -0.67227    0.20388    0.12732   -0.69258
  0.39666    0.27436   -0.6698    -0.64432   -0.37061    0.29828
  0.0032985  0.37209    0.071552  -0.73208    0.78222   -0.66766
 -0.66377    0.27398    0.26309    0.55545   -0.19367    0.9927
  0.027411   0.62717   -0.26105   -0.16363    0.034126  -0.071475
 -0.18592   -0.04192   -0.07096    0.88046    0.92181   -0.12287
  1.2642     0.30606    0.058541   0.93842  ]"
reining,"[ 0.27894  -0.78524   0.24066   0.64211   0.23802  -0.19549  -1.2824
 -0.20443   0.51074   0.32252   0.38372   0.24757  -0.2249   -0.26451
 -0.56034   0.44968  -0.39777  -0.23359   0.16994  -0.29675  -0.30266
 -0.20188   0.13448  -0.10691  -0.084891  0.4966   -1.0729   -0.51419
 -0.83876   0.25631  -0.10211  -0.85992   0.10818  -0.14092  -0.22561
 -0.25208  -0.50481   0.069397 -0.45509   0.47456   0.33963   0.4546
 -0.25815   0.59865  -0.47414  -0.1214    0.69562  -0.33629  -0.41005
 -0.14098  -0.5348   -0.11605  -0.31226   0.50809  -0.32876  -0.39321
  0.79718  -0.085087 -0.681     0.040056  0.25638  -0.51484   0.19021
  0.44281  -0.18116   1.0507    0.060744 -0.20793   0.69312  -0.22519
  0.46313  -0.90402  -0.84562   0.050189 -0.21339  -0.23889  -0.26743
 -0.1691   -0.042601 -0.1932    0.58286  -0.088978 -0.24539   0.17794
 -0.19992  -0.17111  -0.34901   0.58773  -0.56914  -0.4973   -0.55743
 -0.30341  -0.37239  -0.2148   -0.49391  -0.85746   0.28407  -0.01811
  1.1713   -0.16683 ]"
triple-a,"[ 1.1169e-01 -1.1461e+00  1.1826e+00 -2.3814e-01 -6.3719e-01  1.6059e-01
 -1.1630e-01  2.8547e-01 -9.9131e-01  4.4477e-01 -3.2215e-01 -1.3031e+00
  9.5357e-02 -2.8997e-01  8.9239e-01 -1.2534e-03  2.6225e-01 -2.4783e-02
  6.9395e-01 -5.1737e-01 -8.4219e-01  5.4178e-01 -8.5518e-01 -6.7761e-02
  1.6018e-01  6.8051e-01 -3.7647e-01  2.1777e-01  9.0981e-01  3.1027e-01
  3.8714e-01  4.4686e-01 -4.1454e-03  2.5500e-01 -4.3699e-01  5.0380e-01
 -9.0698e-01 -7.0743e-01  5.4694e-01  6.1268e-01  2.9366e-01  6.9528e-02
 -1.0177e+00 -8.0831e-01  5.3874e-01  1.4391e+00  1.0452e-02 -5.8626e-02
  2.4645e-01 -5.1951e-01 -2.4656e+00  9.3407e-02 -9.2256e-01 -1.3355e+00
 -3.9770e-01 -9.4881e-02 -3.3788e-01 -1.2299e+00  2.1202e-01  9.6388e-01
 -9.3008e-01  3.9708e-01 -1.2626e+00 -6.2449e-01  5.2628e-02 -5.7476e-01
 -3.9763e-01 -4.6466e-01  2.2540e-01  2.1064e-01 -2.4610e-01 -1.0983e+00
 -5.2108e-01 -3.0252e-01 -1.7967e-01  1.2884e+00 -1.4772e-01 -3.0346e-01
 -7.7699e-01  1.5103e-01 -2.4946e-01  2.1672e-01 -3.7984e-01  6.0061e-01
  2.7983e-01  3.6562e-01  4.0983e-01 -2.8003e-01 -2.5098e-01  1.3757e+00
 -1.5726e+00 -3.0329e-01 -4.1973e-01  6.0056e-01  6.0221e-01 -4.2750e-01
 -1.2499e+00  9.7548e-01  1.0620e+00 -4.2795e-01]"
tully,"[ 3.8342e-01 -4.1902e-02 -2.6470e-01 -6.2734e-01 -5.7207e-01 -4.9387e-01
 -8.7293e-02  6.1102e-01 -4.3142e-01 -6.9574e-01 -3.2370e-01  3.5134e-01
 -1.5813e-01  6.3370e-01  2.6735e-01  1.1504e-01  8.6929e-01 -4.8144e-03
 -6.7524e-01 -1.3498e-02  5.0062e-01 -4.9296e-01  4.5767e-02 -3.5768e-01
 -9.6568e-02  1.1222e-01  2.3885e-02  7.0580e-02 -2.5301e-01  6.1719e-01
  2.4739e-01  3.5549e-01  2.5766e-01  1.1221e-01 -1.7281e-01 -1.1642e-01
  4.8966e-01  1.9614e-01 -1.2121e-01 -8.1515e-01 -2.1914e-01 -9.4154e-02
 -2.3267e-01  4.2354e-01 -2.9734e-01  7.6191e-01 -8.7273e-02 -5.5025e-01
  2.8555e-01  4.2452e-01  4.0779e-01 -1.0209e+00  3.8504e-01 -8.4965e-01
 -3.0166e-01 -6.7728e-01  2.0724e-01  1.7766e-01 -5.0880e-01 -2.0297e-02
 -3.2182e-01  2.2928e-01  2.6037e-01  6.7947e-01 -9.2889e-01 -4.9087e-01
  4.0161e-01  5.4234e-01  6.2045e-01  1.9239e-01  7.7992e-02 -5.1360e-01
 -9.3600e-05  6.0172e-01 -1.6697e-02 -4.3676e-01 -3.2615e-01 -6.7391e-02
  1.2788e-01 -6.2059e-02 -5.9893e-01  6.2225e-01 -8.9362e-02 -9.7629e-01
  7.3367e-01  1.8169e-01  2.0595e-01 -4.9968e-01 -8.4619e-01 -2.3162e-01
  3.5645e-01  1.1350e-01  1.3065e-01  5.4605e-01 -1.5892e-01 -8.9629e-01
  4.0037e-01 -1.8857e-01  2.7284e-02  4.4292e-01]"
vaginal,"[ 0.78762    0.037841  -0.71895    0.28861   -0.39357    0.3246
 -0.55107    0.33578    0.14988    0.16543   -0.70703   -0.53165
  0.57508    0.096097   1.1238    -0.21549   -0.32125    0.084529
  0.75487   -0.82515   -0.42132   -0.80004   -0.6253     0.83096
 -0.14194    1.0094     0.43332   -0.83541    0.048406  -0.39253
  0.082613  -0.82269    0.30396   -0.21025    0.75959   -0.96007
 -0.043929  -0.061993   0.13283    1.284      0.43376   -0.97302
 -0.83647   -0.49764   -0.36795    0.53723    0.16103   -1.1018
 -0.15526   -0.097348  -0.062912   1.1151    -0.15645   -0.19959
 -0.38279   -0.46485   -0.030722  -0.64062   -0.32216    0.54903
 -0.62987    0.15971    0.37242   -0.10171    0.1478     0.70633
  1.5442    -0.9872     0.517     -1.8312    -0.83956   -0.24086
  1.1479     0.86456    0.10864   -0.010937  -0.36082   -0.26826
  0.36672   -0.51098   -0.0071176 -0.11579    0.16833    1.1638
 -1.16      -0.82479    0.87835    0.15441    0.11903   -0.44984
  0.76701    0.66569   -0.033073   0.4798     0.91099    0.2183
 -0.13568    0.10948   -1.0954    -0.44396  ]"
alkmaar,"[-0.27896   -0.087621   0.14534   -0.32351   -0.065506   1.0425
  0.84068   -0.50948    0.18411   -0.64836    0.62305   -0.17764
 -0.74906   -0.092812  -0.061517  -0.0038695  0.66126   -0.34494
  0.85197   -0.033801   0.22019   -0.31449   -0.20295    0.11084
  0.44427   -1.0303     0.14154   -0.09842   -0.064451  -0.51189
 -1.8122    -0.18144    0.024579   0.91805   -0.18221    0.021556
  0.1089     0.98608   -0.39225   -0.11544    0.31916   -1.0987
 -0.069372  -0.2487    -0.34662   -0.20155    0.22093    0.026316
 -0.2238     0.10113    0.31984   -0.021048  -0.715      0.78653
 -0.56219    0.95808   -0.10914   -0.027972  -1.0118     0.15839
  0.95245   -0.20515   -0.62994   -1.0679    -0.23315    0.46087
 -0.5389     0.96605   -0.90844    0.16324   -0.51732    0.15029
  0.36007   -0.95361   -0.069141  -0.85583   -0.23641   -0.37976
  0.038299   0.56722    0.068453  -0.45207   -0.8307     1.0789
 -0.042309   0.49783    0.14297    0.97687    0.27317    1.409
 -0.079216   0.23678    0.010273   1.2351     0.091234   0.26417
 -0.60517    0.27819    0.075394  -1.0732   ]"
howie,"[-0.011958   0.13796    0.0013973 -1.0137    -0.9324    -0.39392
 -0.058608  -0.41054   -0.64328   -0.65718   -0.092625   0.22931
 -0.099092   0.10925    0.69101   -0.53199    0.030507  -0.046412
 -0.24989   -0.21381   -0.3088    -0.030821   0.87567   -0.31352
  0.76558    0.14934   -0.42333   -0.032475   0.35827    1.0661
 -0.48791    0.47503    0.46104    1.0162     0.12165    0.25581
  0.22358   -0.044794  -0.1114     0.010437   0.96435    0.6373
 -0.04894    0.63592   -0.61244    0.21836   -0.64219   -0.6267
  0.25559    0.31742    0.22705   -0.46705    0.098467  -0.5676
  0.048455  -0.062052  -0.024484   0.026175  -0.80416    0.45944
 -0.19094   -0.013731  -0.18096   -0.12983    0.93983   -0.10759
  1.2094    -0.071052   0.16919    0.045849  -0.076023  -0.050451
 -0.43643    0.039434  -0.40402    0.11911   -0.36392   -0.22872
  0.073742  -0.041371   0.29427   -0.079643  -0.20818    0.19695
  0.20662   -0.057548  -0.31331    0.42965    0.25407    0.32962
  0.09694    0.2822     0.30436   -0.0061808  0.17834   -0.32154
  0.42944    0.23806   -0.94229    0.070561 ]"
dg,"[-0.096688   0.31607    0.68464   -0.20301   -0.33759    0.33697
  0.6803     0.2679     1.0224     0.65063    1.3553     0.40983
 -0.11111    0.5881    -0.16137    0.010944   0.39872   -1.2866
  0.048903  -0.040811   0.1056    -0.50484   -0.71553    0.13284
 -0.16808    0.070637   0.77      -0.3179    -0.66581   -0.08786
 -0.5487    -0.022449  -0.28085    0.56012   -0.35      -0.21684
  0.41131    1.3246    -0.22865   -0.036975   0.19942   -0.77647
 -0.96488    0.074055   0.26341    0.14644    0.020537  -0.72425
 -0.010082  -0.076742  -0.45035    0.70772   -0.046313   0.0056043
 -0.074559   0.43026    0.22685    0.99871   -0.71248   -0.51288
  0.12256   -0.56211   -0.69927    1.1029     0.69313    0.4288
 -0.49602   -0.14265    0.36086    0.40448    0.26397   -0.27584
 -0.074733  -0.3999    -0.70754   -0.75869   -0.66256   -0.5406
 -0.82604   -0.66348    0.46563   -0.87738    0.74327    0.67035
  0.2379     0.86457   -0.42303    0.0051863 -0.069547  -0.1323
  0.50385    0.52012    0.47588   -0.086182   0.43181   -0.16359
  0.63033   -0.44428    0.1465     0.21661  ]"
unpunished,"[-0.31384  -0.39405   0.075753 -0.69961   0.070807  1.2738   -0.7403
 -0.4043    0.62318  -0.21625   0.096308  1.2611    0.27296  -0.13283
 -0.13472   0.42735  -0.26371   0.81296  -0.90326   0.70272   0.29691
  0.47451  -0.099396  0.36082   0.24957   0.065153  0.07346  -0.096405
  0.15134  -1.2075    0.23755  -1.1574   -0.22611   0.083843 -0.48339
  0.64059   0.12385  -0.32631  -0.4374   -0.92484  -0.066892  0.92593
 -0.40712   0.33407   0.29604  -0.36877   0.55727   0.22308  -0.77293
 -0.4595    0.47091  -0.63777  -0.81264   0.25021  -0.080128  0.34962
  0.11668   0.4505    0.16813  -0.61877  -0.62902  -0.49648  -0.31852
 -0.84718   0.65516   0.35091   0.10342  -0.31095  -0.3574    0.68582
 -0.32783  -1.1338    0.58838  -0.16491   0.29785  -0.79031  -0.90055
 -0.18413  -0.23367  -0.24519   0.75666   0.96895   0.43802   0.096594
 -0.16515  -0.060302 -0.53057   0.35946  -0.81502  -0.38311  -1.1429
 -0.60696   0.24189  -0.001885  0.3625    0.30353  -0.095995  0.61434
 -0.20553  -0.3331  ]"
tokai,"[-0.093891   0.30931    0.32444   -0.023306  -0.38969   -1.2957
  0.0087506  0.20572   -0.86927    0.80564   -0.80233    1.0335
 -0.36396    0.50317   -0.35428    0.17963    0.097252  -0.56446
  0.45855    0.028457   0.16204    0.74493   -0.32155    0.13076
  0.42123    0.62712    0.34441   -0.44095    0.61772    0.91289
 -0.62523    0.77176   -0.063725   0.22166   -0.9532    -0.84868
  1.0898     0.1856     0.066606  -0.99527    1.1379    -0.2826
 -0.87616    0.06517    0.079256   0.39221    0.64829   -0.049354
 -0.57969   -0.34211   -0.09402   -0.37845    0.76959   -0.90673
 -1.0801     0.46874   -0.33607    0.33373   -0.35344    0.86007
 -0.14887    0.27443   -0.05231    1.0936     0.23348    0.14069
  0.56907    0.94721    0.67984    0.24656   -1.4112    -0.24273
 -0.76478   -0.11339   -0.16688    0.071675   0.59718    0.59685
 -0.71385    0.31859    0.54174    0.23827   -0.56471   -0.23129
  0.28361    0.50483    0.38923   -0.12713    0.30138    0.1102
  0.84873    0.42693    0.46528   -0.55814    0.22925    1.4335
  0.77872    0.58192    0.45473    1.1066   ]"
diagnoses,"[ 0.2124     0.21618    0.17758    0.28838   -0.59564    0.13998
  0.48412   -0.4181     0.017395   0.42319   -0.23145   -0.19968
  0.02216    0.54306    1.8193     0.09642   -0.15769   -0.16018
  0.35594   -0.10475   -0.09878   -0.73685   -0.26216    0.60381
 -0.22133   -0.6706     0.93876   -0.43215   -0.30917   -0.48072
  0.60497   -0.21803   -0.34761    0.30905    0.0040835  0.79548
 -0.68696    0.21837   -0.627      0.14491   -0.17382    1.0743
 -0.44261   -0.43044   -0.61854    0.058876   0.22946   -0.1961
 -0.10508    0.066845   0.70456    0.0092672 -0.2274     0.16256
  0.090547   0.17009    0.72403   -0.24395   -0.54445    0.17702
  0.2033     0.16083    0.73715    0.26424    0.19357    0.050065
 -0.36872   -0.26053    0.089614  -0.65229   -0.67525    0.063605
 -0.35039   -0.036129   0.54802   -0.20888   -0.090495  -0.19706
 -0.042452  -0.72591    0.40979    0.52939   -0.19311    0.072973
 -1.5085    -0.16367    0.090545  -0.34403   -1.325      0.27699
 -0.13388    0.14324    0.36513   -0.54212    0.26119    0.57182
  0.48286   -0.33426   -0.0099484 -0.22872  ]"
nyunt,"[-1.1864    -0.96084    0.71853    0.90839    0.562     -0.93381
  0.34604    0.81617    0.43507    0.5076     0.10138   -0.084395
  0.32756   -0.28605    0.20007    0.67779    0.11298   -1.0188
  0.064944   0.28677    0.37507   -1.0565     0.12091    0.11863
 -0.12642    0.44033    0.14295    0.024113   0.011198  -0.71697
  0.69922   -0.32302    0.44493    0.2002    -0.96858    0.67438
 -1.124      1.074      0.11398    0.50985   -0.50377    0.21354
  1.1513    -0.39454   -0.18123   -0.091112   0.4591     0.097359
  0.21993    0.35628   -0.706     -1.1656     0.50898    0.85203
  0.28937    1.2036    -0.71881    0.4487    -0.40023    0.22338
 -1.5724    -0.0063932 -0.061604  -0.017062  -0.089444   0.18663
 -0.084855   0.73903    0.35482    0.85662    1.3249     0.21673
  0.17084   -1.0932    -0.33151    0.68257   -0.58617    0.44527
  0.53934   -0.25903    0.56771   -0.71609   -0.22687    0.43947
 -0.39669    0.88906    0.84043   -0.42488    0.3062    -0.85543
 -0.069465  -0.096128  -1.0275     0.63526   -0.35686   -1.2067
 -0.013221  -1.2426     0.27162   -0.65126  ]"
modesto,"[-0.33266  -0.82666   0.23683  -0.7804   -0.079138  0.79361   0.55815
  0.926     0.2153    0.71809  -0.40543  -0.29887  -0.62923  -0.28022
 -0.32775  -0.090796  0.5085    0.40566  -0.23695   0.37842  -0.74922
  0.68463   0.3684    0.84032  -0.6568   -0.10478  -0.28041  -0.63182
  0.037914  0.15352   0.079415 -0.19744   0.60384   0.47707  -0.39454
 -0.038996  0.44153   0.13146   0.77522   0.053664  0.19697   0.4769
 -0.41919  -0.54222  -0.16105   0.38826   0.3599   -0.47523   0.23276
  1.135    -0.67167  -0.77409  -0.20279  -0.87145  -0.39803   0.4223
 -0.44831   0.47941   0.3323    0.092906 -0.17538  -0.032152  0.47397
 -0.27665  -0.35422  -0.29891   0.46794  -0.32146   0.52344   0.63342
 -0.16144  -0.026551  0.094857 -0.58453  -0.24896   0.21941   0.1456
 -0.57627  -0.5386    0.53193   0.024267 -0.071162 -0.29961  -0.034763
  0.40227  -0.22082   0.27716  -0.18184  -0.8086   -0.15446  -0.47723
  0.27692  -0.26025   0.61405  -0.54071  -0.10456   0.047706 -0.28336
  0.11895   0.073458]"
miyazaki,"[-0.018142  -0.74465    0.75611    0.0045289 -0.025348  -0.22609
 -0.37112    0.4993    -0.088437   0.63175   -0.33461    0.67361
  0.43018   -0.18213   -0.050609   0.67248   -0.019845  -0.036757
 -0.048474   0.69721    0.54639    0.0020756 -0.40806    0.5258
 -0.26297    0.21265   -0.2184     0.32983   -0.56854   -0.025469
 -0.84042    0.063567   0.24944    0.4123    -0.10109    0.65339
  0.57108   -0.28355    0.16412   -1.0623    -0.023082   0.11676
 -0.34811    0.31164    0.36183    0.10559    0.73727   -0.85322
  0.46755    0.56196   -0.86581   -0.88534   -0.082853  -0.28078
 -0.19913    0.75955   -0.45343   -0.34432   -0.51355   -0.20273
  0.45428    1.3044     0.013228   0.63618    0.14863    0.082821
 -0.030743   0.51562   -0.012184   0.88793   -0.035519   0.39589
  0.13779    0.14754   -0.42419    0.98271   -0.5691     0.32438
 -0.4258     0.31403   -0.5777    -0.21275   -0.64499    0.5018
 -0.312      0.61944   -0.77338    0.81575    0.05258   -0.415
  1.0074    -0.10603   -0.045197  -0.37457    0.36595    0.52082
 -0.12573    0.092272   0.73691   -0.49472  ]"
racine,"[ 0.6685   -0.30177  -0.39141  -0.015732  0.20925   0.2445    1.2836
 -0.31846   0.31336  -0.28013  -0.96669  -0.066802 -0.21093  -0.70639
 -0.033909  0.22167   0.54202   0.68263  -0.059592  0.10723  -0.24969
  0.39613   0.28369   0.45548   0.14556  -0.50395  -0.8967   -0.41288
 -0.020446  0.30349  -0.56419  -0.30573   0.054237  0.18013  -0.90492
  0.088323  0.34262  -0.02118   0.19059   0.12613   0.069443 -0.16338
 -1.2888   -0.37529  -0.25404   0.17087   0.41661  -0.48867   0.17017
  0.33699  -0.37084  -0.052913 -0.35261  -0.42261  -0.60921   0.26904
  0.53983   0.26209  -0.72733   0.12404   0.46163   0.08506   0.20861
  0.76967  -0.17199  -0.19152   0.28521   0.71287  -0.38503   0.65787
 -0.054747 -0.30203  -0.83817  -0.25224   1.122     0.75891   0.83531
  0.0129   -0.30107   0.071759 -1.0976    0.068872 -0.58387   0.50394
 -0.31313  -0.35038  -0.25241   0.092402  0.87792   0.24176  -0.1447
 -0.075819 -0.031888  0.69712  -0.13133   0.017909 -0.6116    0.014157
 -0.013114  0.096665]"
canister,"[-0.3008     0.11039    0.022901  -0.38521    0.063189   0.58589
  0.75345    0.90019    0.52826    0.98966   -0.037465  -0.37927
 -0.050684   0.32175    0.048656   0.40487   -0.63337    0.32347
 -0.044801  -0.79501   -0.07157   -0.95146   -0.47143    0.0020324
  0.70936   -0.091196  -0.17568    0.8146    -0.21726    0.36616
  0.14455   -0.27566   -0.27651    0.29185    0.32563   -0.70619
  0.56807    0.28616    0.65762   -0.44642    0.45679   -0.23609
 -0.043019  -0.42366    0.51685   -0.25588   -0.60383    0.38388
 -0.59242    0.20734    0.090037   0.59923   -0.11259    0.69157
 -0.47025   -0.40065   -0.42537    0.082506   0.62967   -0.024708
  0.88463    0.72465    0.0046992  1.1958    -0.24259   -0.44588
  0.8621    -1.0261    -0.62481   -0.35987    0.015947   0.18805
  0.89285    0.50901   -0.83784    0.41677    0.91828   -0.8676
 -0.24583    0.64672    0.063219   0.10417   -0.85305   -0.41349
  0.13642   -0.56244    0.78495    0.10417   -0.4529     0.014314
  0.19855   -0.13268   -0.26892   -0.46858    0.52379    0.12053
  0.29187    0.34025   -0.35762    0.14537  ]"
montague,"[-1.0499e-01 -5.0234e-01  4.6974e-02 -5.5344e-01 -3.7122e-01 -2.2098e-01
 -8.2196e-02  1.3963e-01 -2.0500e-02 -4.0715e-01 -3.7301e-01  5.9644e-01
  9.5347e-02  1.5103e-02  2.9347e-01  2.0961e-01  5.3552e-01 -3.5145e-01
 -2.3213e-01  2.8406e-01  6.2427e-01  3.8413e-01  9.0327e-01 -4.6094e-01
  1.4416e-01  2.0003e-01  1.8695e-01 -1.1966e-01 -2.6796e-01  9.2689e-01
  2.4602e-01  3.1206e-01  4.9135e-01 -1.9941e-01 -3.3706e-01  7.5119e-01
 -4.0883e-01 -4.6184e-01  3.5776e-01  3.3892e-01 -2.3623e-01  4.8545e-02
 -4.2682e-01  9.4644e-02 -5.2024e-01  7.6281e-01  1.1301e-01 -6.4459e-01
  6.2412e-01  5.2616e-01  2.3884e-01 -4.5822e-01 -7.8993e-02 -5.1497e-01
 -6.5071e-01 -2.1313e-01  1.6083e-01  3.4930e-02 -1.0689e+00  6.8077e-02
 -1.4713e-01  1.6330e-01  5.6402e-01  4.2324e-01 -1.6828e-01 -4.5610e-02
 -8.8516e-03  4.6937e-01  3.3147e-01 -1.1002e-01 -5.2198e-01  1.9680e-01
  7.7604e-02 -4.7071e-01  3.2198e-01 -5.5280e-02  1.6864e-01  4.4660e-02
  8.8251e-02 -6.8397e-02  1.0770e-01  9.2695e-01 -1.8214e-01 -8.7269e-02
  2.7874e-01  2.1138e-01  5.8717e-01 -8.4067e-01  4.5149e-01 -6.1823e-02
 -1.5016e-01 -2.1204e-01  3.3307e-01  4.0794e-01  3.0806e-01 -6.5439e-02
 -2.5069e-04 -4.6239e-01 -3.8124e-01 -4.4606e-01]"
weis,"[ 0.14418    0.15796   -0.12989   -0.67799   -1.1433     0.041788
  1.0025    -0.54583    0.70739   -0.36532   -0.42795    0.22147
 -0.2743     0.41773   -0.50251    0.57447   -0.41957    0.31811
 -0.039646   0.30535   -0.62396   -0.19493    0.16202    0.19806
  0.6578    -0.6513     0.32368   -0.61675   -0.40452    0.44323
 -0.33378   -0.71074   -0.12635    0.44066   -0.66807    0.54196
 -0.23494    0.76923   -0.26432    0.060049  -0.017586   0.43387
 -0.15883    0.42927   -0.22197    1.189     -0.30848   -0.64942
  0.54139   -1.0246    -0.35736    0.58752    0.18838   -0.034637
 -0.60819    0.48214   -0.40303    0.41543   -0.52456    0.1059
  0.28825   -0.40452   -0.50087    0.019402   0.0023342  0.29451
 -0.40323    0.11464    0.25356    1.3843    -0.089471  -0.60879
 -1.0155    -0.34062    0.20036   -0.5764    -1.0938     0.75093
 -0.014461  -0.098762   0.65759   -0.39676   -1.5591     0.24351
 -0.16966    0.073184   0.021433  -0.84279   -0.042174  -0.32748
  0.29125    0.19349   -0.34298    0.57683   -0.084958  -0.29808
  0.14027   -0.011858   0.18281    1.3682   ]"
vientiane,"[-0.60435  -0.55669   0.35867  -0.01267  -0.14336   0.68716  -1.2451
  0.93264   0.29756  -0.047545 -0.16969   0.84343  -0.24917   0.40012
  0.11893  -0.021348  0.073024 -1.1731    0.056794 -1.159     0.35992
  0.30737  -0.41149   1.4128   -0.6027   -0.42541   1.0167    0.44445
 -0.076743  0.15864  -0.32726   0.46642   0.40535  -0.31405   0.38761
  0.35363  -0.093497  0.057095 -0.89605  -0.69677  -0.34925   0.85484
 -0.12791   0.11278   0.29504   0.21642   0.40259  -0.93186  -0.41359
  0.77597  -0.77488  -0.19874  -0.17402  -0.038061 -0.4969    0.7246
 -0.87759  -0.34935   0.58822   0.19814  -0.91674   0.50967  -0.45246
 -0.38635  -0.64073  -0.1219   -0.75568  -0.4898   -0.45939  -0.074491
  0.20961  -0.84464   0.45163  -0.58268  -0.84574   0.46266   0.51209
 -0.049803 -0.83831   0.007443 -0.20597   0.58756  -0.030611  0.049021
  0.53642   0.83931  -0.15926   0.29918  -0.46765  -0.096951  0.58425
 -0.52745  -0.5571   -0.1013   -0.44712   0.56524  -0.35029  -0.80417
 -0.26611   0.27254 ]"
527,"[ 0.74214   0.75714  -0.52216  -0.47888  -0.025844  0.62505   0.39321
 -0.29037  -0.51377  -0.47046   0.76533   0.052967  0.28574  -0.83416
  0.17354   0.004602  0.20185  -0.14744   0.568    -0.021212  1.1327
  0.63422   0.40237  -0.016361 -0.83804  -0.086851  0.22096   0.86792
 -0.29638  -0.26327   0.61212   0.18841   0.25277  -0.070153 -0.71607
  0.59462  -0.092157  0.16071   0.6204    0.86789  -0.30242  -0.069194
 -0.11311  -0.28272  -0.5166   -1.043     0.24554  -0.011122 -0.88817
  0.9255   -0.62056   0.62666   0.43916   0.071571 -0.93245  -0.24828
  1.0741   -0.3864    0.37384   0.39258  -0.40109  -0.7921    0.51857
  0.76326  -0.179     0.019967  0.17241   0.31417   0.90828  -0.69859
  0.36655  -0.83962  -0.42649   0.24761  -0.59951  -0.26367  -0.26674
 -0.034662 -0.42002  -0.73016   0.017882  0.10039   0.3602   -0.065348
 -0.39481   0.70606   0.014917 -0.87331   0.12215   0.40865  -0.24882
  0.60327  -0.54621  -0.35291   0.70126  -0.067792  0.047788  0.1985
 -0.33368  -0.3091  ]"
rumbling,"[-0.25988    0.31619    0.645     -0.087203   0.022124   0.53269
 -0.36074   -0.24342    0.55203   -0.37471    0.067545   0.30564
 -0.15273    0.26377    0.17333   -0.30274   -0.75031   -0.085527
  0.56441   -0.28294    0.41738    0.63485    0.093945  -0.072283
  0.15649   -0.031593  -0.89241    1.1589     0.86518    0.16404
 -0.078345  -0.99073    0.25023    0.54706   -0.64172   -0.08748
  0.20753   -0.41424    1.2767     0.28597    0.10944    0.29334
 -0.69902    0.19933    0.15333    0.64716    0.84851   -0.058272
  0.77781   -0.39213    0.35672    0.20085   -0.028874   0.2302
  0.33035   -0.31741    0.2338     0.19322    0.44657    0.32392
  0.80367    0.83179    0.088477   0.38491   -0.40086    0.62098
  0.47658   -0.83248   -0.25846   -0.12603    0.73823   -0.75256
  0.086849  -0.77043   -0.43312    0.5826     0.68898    0.0033412
  0.49391   -0.50669    0.32283   -0.1885    -0.17673    0.19763
  0.2542     0.019533   0.69164   -0.59035   -0.64295   -0.17995
 -0.22593    0.45863   -1.4683     0.77457   -0.09275    0.07992
 -0.75358   -0.041736   0.83669    0.38311  ]"
upheavals,"[ 0.15139    0.40315   -0.041129   0.21425   -0.33214    0.076346
 -0.60737   -0.38708    0.024321   0.20528   -0.12412   -0.047757
  0.27236    0.030764   0.16163    0.021072  -0.81382    0.039823
  0.21322   -0.73178    0.11216    0.42443   -0.14377    0.3981
  0.66288   -0.75992   -0.15228    0.66543    0.46624   -0.40995
  0.021319  -0.68766    0.015782   0.3593    -0.49521   -0.40542
  0.42212   -0.48771   -0.75002   -0.83091   -0.60364    0.47212
 -0.35329   -0.054644  -0.40978    0.72651    1.5562     0.12824
  0.35947   -0.044665  -0.11702    0.2601    -0.57223    0.25002
  0.92662   -0.35151    0.13936    0.0060917 -0.12075    0.65666
 -0.86075    0.52753   -0.083767   0.11916    0.66269   -0.076049
 -0.14977   -1.0931     1.2649    -0.22807   -0.47      -0.23237
 -0.37104   -0.1264    -0.63425   -0.86721   -0.18048    0.073984
 -0.15889    0.75282    0.11667   -0.23497    0.502      0.77498
 -0.15927   -0.14151   -0.7393    -0.27785   -0.51328   -1.3731
  0.4457     0.46572   -0.3986    -0.022957  -0.20179    0.064242
  0.54249   -0.34414   -0.71682    0.1381   ]"
gull,"[-0.7093    -0.30444   -0.30056    0.19443   -0.31214   -0.81183
 -0.70271   -0.40327   -0.14923   -0.41444   -0.72474    1.5433
 -0.95497    0.55745    0.12336   -0.37203   -0.45614   -0.51235
  0.13858   -0.40959    0.22096    0.1526     0.58697   -0.2905
  0.63037    1.3833    -0.52033    0.49884   -0.45801    0.68316
  0.23341   -0.075838   0.12616    0.090843   0.63918    0.1118
  0.26346    1.103      0.83819    0.026229   0.12514    0.30976
 -0.58619   -0.60392   -0.1147     0.51215    0.65602   -0.42843
 -0.20958    0.82357   -0.37202   -0.20996   -0.57552   -0.30314
 -1.4175    -0.23521   -0.41648    0.80601    0.070319   1.13
 -0.25679    0.42334    0.51008    1.0128     0.27328   -0.81825
 -0.13385   -0.21861    0.52       0.41509    0.0036497 -0.73284
  0.14144   -0.42068   -0.11912   -0.40968   -0.44827   -0.27753
  0.06176    0.16542   -0.81443   -0.24451    1.1178     0.008385
  0.56688    0.3614     0.20756   -0.45817    0.84617    0.51762
 -0.26745   -0.625      0.12585   -0.96662    0.20455   -0.086623
 -1.5153    -0.53568   -0.12656   -0.2413   ]"
evansville,"[ 0.58281   -0.4366    -0.11908   -0.91058   -0.072078   0.52149
  0.38955    0.84176   -1.0781     0.78432   -0.7763    -1.1385
 -0.14919   -0.5181     0.1646     0.35967    0.72739    0.58393
 -0.10121   -0.30469    0.021325   0.73228   -0.61749    0.19167
 -0.17475   -0.087043   0.32223   -0.30867    0.45803   -0.072389
 -0.097224   0.005194  -0.24176    0.22287   -0.8424     0.032955
  0.053645  -0.53909    0.34119    0.64671    0.14226   -0.603
 -0.60386   -0.0027463 -0.16908    0.28626    0.86971    0.14603
 -0.23124    0.24428   -0.91579    0.2005     0.075297  -0.30896
 -0.21705    0.23927   -0.18729   -0.95303   -0.55722   -0.016931
 -0.064445  -0.3421    -0.4779    -0.15401   -0.3369    -0.51347
  0.48533   -0.1378    -0.36237    0.96775   -0.35916   -0.69326
  0.12518    0.46071    0.5097    -0.15953    1.2947    -0.20966
 -0.53109    0.32466    0.084839   0.34536    0.046678   0.76203
  0.64365   -0.51713    0.35435   -0.34862    0.23923    0.57745
 -0.16499   -0.30427   -0.071931   0.41735   -0.6187    -0.45308
  0.25047   -0.49222   -0.063928   0.23484  ]"
enamored,"[-0.28049   -0.06577    0.48811    0.14044   -0.51945    0.20051
 -0.17096   -0.42634    0.50067    0.027802  -0.094317   0.25182
  0.041401  -0.81425    0.030492  -0.59515    0.081748   0.23917
  0.61818    0.053386  -0.21856    0.54419    0.0877    -0.47431
  0.26996   -0.44372    0.11109   -0.32098   -0.11758   -0.045305
  0.0061756  0.24481    0.15295    0.011604   0.090095   0.027759
 -0.38977   -0.30936   -0.022138  -0.19677    0.066041  -0.033101
  0.32014   -0.056451  -0.29427   -0.075294   0.62611    0.53869
  0.62651   -0.27218   -0.10454   -0.1653     0.073954  -0.18055
 -0.38936    0.083237   0.38069    0.09433   -0.65575   -0.54833
  0.31604    0.34577    0.13716    0.013679  -0.10869   -0.40747
  1.0132     0.16819    0.15322    0.18973    0.082265  -0.71115
 -0.19643    0.40317   -0.6976    -0.21639   -0.043619  -0.60702
 -0.18078   -0.91243   -0.28665    0.18234   -0.52363    0.66816
 -0.43067   -0.090708  -0.46547   -0.18322   -0.80867   -0.84886
  0.25593   -0.098304  -0.17466   -0.31457   -0.16661   -0.37409
 -0.86103   -0.033886  -0.18976    0.22403  ]"
mcafee,"[ 0.108     -0.63334   -0.36212   -0.67724   -0.05699   -0.17976
  1.0499    -0.68943    0.63314   -0.014216   0.076299   0.2632
  0.1089    -0.79097    0.1387     0.086905   0.86938    0.17838
  0.015925   0.38151   -0.69782   -0.63321    0.84819    0.35201
  0.26499    0.45934    0.078357  -0.30977   -1.3066    -0.2933
  0.88989    0.38398   -0.47923    0.27809    0.18179    0.51953
  0.024454   0.19711    0.60999   -0.31124    0.59499    0.4507
 -0.13332   -0.2091    -0.10288    0.70719   -0.54687   -0.18023
  0.46924   -0.2698     0.12732   -0.33757    0.068698  -0.56807
 -0.96473   -0.43551    0.94534   -0.20754   -0.5655    -0.43313
  0.18462   -0.51177    0.031763  -0.25479   -1.4327     0.21265
 -0.095167  -0.0066896  0.4093     0.62824   -0.17948    0.56928
 -0.82052   -0.65838   -0.4147    -0.65737   -0.04734    0.20577
 -0.23851    0.5475     1.4787    -0.43616   -0.42546   -0.21714
 -0.55194    0.57628    0.36175    0.44065    0.079479   0.77237
  0.0032546 -0.08639   -0.11386    0.16716   -0.2418     0.062247
  0.40953   -0.36841   -0.02006    0.56145  ]"
converging,"[-0.20281    0.27502    0.0083241  0.58776    0.56745    0.19599
 -0.2757    -0.083858   0.23717   -0.31048    0.15881    0.037714
 -0.096989  -0.16559    0.11919   -0.3284    -0.072064   0.044479
  0.021789  -0.78426    0.37803   -0.029974   0.44319   -0.059524
  0.20252   -0.37012    0.82253    0.68658    0.18004    0.33207
  0.064229  -0.97746   -0.30421   -0.22987    0.10944   -0.46656
  0.024041  -0.0042712  0.0030547  0.1514    -0.56618   -0.052551
 -0.58788    0.48776   -0.13754    0.052486   0.096121   0.1838
 -0.15435    0.15698    0.5255     0.26975    0.20248    0.49666
  0.13422    0.29366    0.64271    0.20422    0.18925    0.11508
 -0.76341    0.78066    0.098268  -0.073581  -0.41076    0.26092
 -0.50209   -0.3536    -0.12966    0.028485  -0.12812   -0.61475
  0.25663   -1.0904    -0.15042   -0.59937    0.56013   -0.4671
  0.17836   -0.25199    0.18721    0.68299   -0.6094     0.33155
  0.23259   -0.47599   -0.11891   -0.077626  -0.36243   -0.26164
 -0.36181    0.18886   -0.92742   -0.26244   -0.065677  -0.33459
 -0.30032   -0.5318     0.76578    1.1961   ]"
vitale,"[ 0.33269  -0.8356   -0.1949   -0.68239  -0.68317   0.20761   0.58488
 -0.25571   0.18855  -0.13953   0.60577  -0.03586   0.30846   0.080626
 -0.034222 -0.75282   0.44846   0.64401   0.51337   0.23171  -0.77701
  0.35244   0.30173   0.59153  -0.49097  -0.21648  -0.41002   0.43775
 -0.23647  -0.031036  0.32613  -0.24502   0.22567   1.1874   -0.37329
  0.55557   0.51165   0.64924   0.49929   0.14794   0.51947   0.066343
  0.09141   0.17782  -0.64243  -0.31106   0.16856  -0.59153  -0.16337
  0.27193  -0.50309   0.32012   0.083317 -0.028786 -0.851    -0.18667
  0.1922    0.36136  -0.74519  -0.32841  -0.17666  -0.036437  0.52658
 -1.4339   -0.15641  -0.48563   0.82478   0.44758  -0.41159   0.46435
 -0.13555  -0.45056  -0.23656   0.40605  -0.27402  -0.47348  -0.11053
 -0.38895   0.41253   0.1069    0.53325  -0.11384  -0.47426  -0.47308
 -0.3408   -0.28161  -0.3671    0.036062  0.37043  -0.48545   0.49
  0.56809   0.44718  -0.12156   0.80175   0.035811 -0.45916   0.45942
 -0.2194    0.03418 ]"
kufa,"[ 0.21921    0.33761   -0.20646   -0.086452   0.098362   0.86469
 -0.62878   -0.22761    1.0076     0.36514    0.19875   -0.40606
  0.58336   -0.12401    0.15046   -1.0626    -0.72427   -0.14205
 -1.0282    -0.29771    1.5467    -0.68313   -0.39001   -0.027466
 -0.51343   -0.25294   -0.6521     0.0031914  0.28304    0.32381
  0.07396   -1.8164     0.73726    0.28896   -0.15326    0.29523
 -0.41646    0.34512    0.031824   0.50254    0.15501    0.20744
  0.33107   -0.53802   -0.55105    0.81717   -0.34469    0.22176
  0.84255   -0.083475  -0.54792    1.1419     0.70792   -0.1219
 -0.46443   -0.38632   -0.016497  -1.0852    -0.58548   -0.18749
 -0.34192   -0.21802    0.86285   -0.74671   -1.215      0.24886
  0.0062651 -0.11081   -0.91298   -0.20027    0.20932   -0.14393
  0.042833  -0.63284   -0.20062   -0.13147    1.4992    -0.064251
 -0.15438   -0.17349    0.37941    0.15626   -0.43586   -0.35753
  0.10473    0.94431    0.11411   -0.09853    0.61288   -0.2499
  0.85897    0.47251   -0.32939    1.0108    -0.92944    0.53828
  0.44683   -0.14617    0.51052    0.53575  ]"
wien,"[-0.046703 -0.29299   0.7113    0.17346  -0.82906  -0.7626    0.38659
 -0.095468 -0.40543  -0.57176   0.75581   0.012977 -1.3966    0.093113
  0.22346   0.4465    0.54761  -0.75452   0.10745  -0.26194   0.68628
  0.35526  -0.73863   0.46162  -0.54244  -0.2704    0.056541  0.35871
  0.88084   0.46068  -0.69013   0.1885   -0.031304  0.30739   0.045217
 -0.22875   0.97558   0.44038  -0.095276 -0.64502   0.76394  -0.6316
 -1.4499    0.62305   0.69883   0.2317    0.69323  -0.78879  -0.11753
 -0.030352  0.12617  -0.77078   0.49305  -0.12154  -0.20452  -0.6387
  0.78428  -0.74437  -1.1541   -0.36755  -0.033026 -0.045697  0.078182
  1.1849    0.423     0.20394   0.18369   0.61816  -0.22019   0.48004
  0.16845  -0.96386   0.09524   0.33089  -0.42737  -1.385    -0.412
 -0.76361  -0.49843  -0.97897   1.0251   -0.37057  -0.070882 -0.061615
  0.6501   -0.49612  -0.26549  -1.0527   -0.095864 -0.54113   0.55314
 -0.72211   0.41866   0.52568   0.47722   0.18778   0.026931  0.46252
  0.37173   0.82666 ]"
characterizes,"[-0.46343    0.10405    0.3128     0.37851   -0.18126    0.33529
 -0.35861   -0.41132    0.1692     0.23529   -0.35999   -0.12836
 -0.0072416 -0.34032    0.23269    0.55253   -0.082583  -0.069069
  0.47369    0.16938   -0.080591  -0.43499   -0.16319   -0.28443
  0.011691  -0.13551    0.052845  -0.19673   -0.12744   -0.38302
 -0.085982   0.84128   -0.038995   0.1745    -0.17925    0.41644
  0.076776   0.068464  -0.18713   -0.36584   -0.41542    0.21388
  0.10983    0.33819   -0.5723     0.058659   0.31897   -0.15987
 -0.10889    0.14369    0.17632    0.1007     0.18415    0.070056
 -0.21999   -0.0059042  0.56503   -0.2498    -0.48814    0.061913
 -0.019243   0.0013047  0.42809   -0.30127    0.057997   0.12585
  0.67793   -0.11427    0.19549    0.19385    0.31845    0.012133
  0.037129   0.5667     0.60053   -0.62616    0.15832   -0.51404
 -0.38347    0.0079007 -0.27431    0.26198   -0.47998    0.55203
 -0.14148    0.37984   -0.37364   -0.47671   -0.12384   -0.38066
 -0.031352  -0.20498   -0.15536   -0.26691    0.48384   -0.19131
 -0.10852   -0.32946   -0.42837    0.61594  ]"
rada,"[ 8.9999e-01 -3.5181e-01  1.5988e-01  1.1051e-01 -1.0377e-01  1.7487e-01
 -6.6358e-01  7.6964e-01  1.1591e-01  1.0683e+00  1.4180e-01 -2.4837e-01
 -2.4767e-01  4.3619e-01 -6.4699e-01 -8.4112e-03 -4.8456e-01  1.5159e-01
  8.5863e-01 -5.9529e-01 -7.4565e-01 -3.2553e-01  1.8523e-01 -4.2330e-01
 -6.5392e-02 -1.1645e+00  3.9846e-01  1.2596e-01  1.0184e+00  5.2528e-02
 -4.7377e-01 -4.7027e-01 -4.8260e-01 -1.2632e-01  6.7635e-02 -5.1209e-01
  4.9476e-01  8.4710e-02  2.0013e-01 -7.6556e-01  1.4653e-01 -8.4708e-02
 -4.8891e-01 -4.5780e-01  9.1445e-02  1.1782e-01 -4.4327e-01 -3.4887e-01
 -2.8013e-01  1.0945e+00 -2.6113e-01 -1.1090e-01  3.7244e-01 -6.5428e-02
 -1.0577e+00 -4.2743e-01  7.4144e-01 -2.2859e-01 -6.1816e-01  6.1703e-01
  3.4110e-01  1.8811e-01 -3.8830e-01  7.9422e-01 -5.8576e-01  6.5476e-01
  2.6270e-01  1.3611e-01  2.2077e-01 -3.6613e-01  6.9052e-01 -1.9978e-01
 -1.2545e-02  4.1255e-01 -6.8486e-02 -5.7160e-01 -9.3032e-01  4.1202e-01
 -1.6583e-01 -5.2084e-01 -6.0530e-01 -9.2818e-01 -4.9851e-04 -1.3619e+00
  2.5196e-02 -2.3328e-01  6.0878e-01  7.8830e-01  4.2518e-01 -7.4734e-01
  2.9776e-01 -7.4868e-01 -4.3883e-01  1.8415e+00 -7.5622e-01  3.6664e-01
 -9.7521e-03 -2.4288e-01 -6.7133e-01 -7.1622e-01]"
tokens,"[ 1.6452e-01  6.7649e-01 -5.0708e-01 -8.2344e-01  5.4009e-01  2.0551e-01
 -4.9066e-01  2.5047e-02  4.2290e-01 -5.5203e-01 -2.8887e-01 -6.5411e-02
  1.7741e-01  3.1261e-01  4.8465e-01 -1.9843e-01  3.1010e-01  4.6611e-01
 -1.3970e-01  9.1410e-02  2.1480e-01 -3.3501e-01 -4.9054e-01 -6.2057e-01
  5.8893e-01 -4.5739e-01  3.3293e-01  3.5690e-01  2.1915e-01 -3.6832e-01
  4.0214e-01  5.2132e-01 -6.1914e-01  3.3469e-02  6.0599e-01  9.8426e-02
 -3.3826e-01  6.8368e-02 -1.9477e-01 -9.8446e-01  1.0813e+00 -6.8441e-01
  1.5304e-01 -4.8944e-01 -1.7836e-01  1.5515e-01  2.1864e-01 -3.1973e-01
  7.7314e-02  2.3258e-01 -6.5728e-02  2.5177e-01  5.4244e-01  6.9192e-01
  1.4101e-01  5.4293e-01  7.7205e-01 -2.5839e-01  2.8908e-01  4.4549e-01
 -3.0323e-01  3.6912e-01 -3.5052e-01  8.6533e-01 -4.5646e-01 -3.2486e-01
  1.8275e-01 -2.4237e-01  5.4893e-01 -1.1634e+00 -9.5316e-01 -5.6101e-01
  3.7315e-01  2.6194e-01 -1.2391e-01  7.0040e-01  3.0254e-01  1.4890e-01
 -7.6720e-01 -7.5533e-02 -2.6315e-02 -7.4720e-02 -1.6695e-01 -1.8200e-01
 -1.5246e-01  5.4956e-01  9.1529e-02 -1.7809e-01  3.0882e-04  2.0577e-03
 -4.3812e-01  5.2505e-01 -2.3834e-01  3.7367e-02 -3.6843e-02 -8.3845e-01
  1.8227e-01  1.5990e-04 -2.4213e-01  1.0451e-01]"
valuing,"[ 0.78751   0.61474   0.28583   0.71166  -0.21647   0.013649 -0.32376
 -0.45845  -0.60181   0.12886   0.37714   0.49824   0.23184  -0.67135
 -0.25153  -0.58512   0.028471 -0.12471   0.31917   0.24088  -0.24272
 -0.45219   0.3776   -0.10917  -0.10745  -0.034275 -0.30054   0.50926
 -0.86789   0.035769 -0.33432   0.57071  -0.34597  -0.90748   0.47715
 -0.38855   0.41148   0.20173  -0.32358  -0.5329    1.0277   -0.27961
 -0.19236   0.28542  -1.0701    1.1986   -0.33273  -0.24468  -0.50356
  0.24185   0.047018  0.15648   0.60405   0.5116   -1.1784    0.13159
  0.65362  -0.64238   0.13514  -0.36927   0.74018  -0.16126  -0.51996
 -0.44637  -0.75132   0.2051    0.48801  -0.058479  0.73889  -0.36685
 -0.65463  -0.211    -0.17356   0.020694 -0.49848   0.058671 -0.41613
 -0.48787  -1.3093    0.10773  -0.092688  0.37016   0.0883    0.26967
 -0.072105 -0.053497 -0.032832  0.10943   0.10605  -0.062053 -0.90796
  0.073337 -0.16595  -0.75112  -0.022951  0.1918   -0.044765  0.15455
  0.10814   1.0075  ]"
anchoring,"[-0.42243   -0.4143    -0.49213   -0.37731   -0.18445   -0.29525
 -0.51117    0.22267   -0.34366    0.32674    0.76857    0.24088
  0.19102    0.026428   0.28823   -0.44853    0.029358  -0.16824
  0.70242   -0.57256   -0.33457    0.18897    0.090158   0.46098
  0.89857   -0.12922   -0.13785    0.73878   -0.05951    0.34447
 -0.45001   -0.11436    0.27209   -0.13123    0.10362   -0.3977
 -0.30833   -0.051333  -0.25946    0.0065338 -0.14436   -0.015882
 -0.20777    0.44927    0.14664    0.070594   0.035627  -0.82971
 -0.25732   -0.61381   -0.53896    0.49937    0.32392    0.37718
 -0.031517  -0.41634    0.43717   -0.55682    0.21067    0.39049
 -0.49794    0.042958   0.35614   -0.085729  -0.17103   -0.036555
  0.070125  -0.22397   -0.11489    0.16758   -0.20998   -0.20332
  0.36726    0.1834     0.40076   -0.17912   -0.20911   -0.13921
  0.43359   -0.41827   -0.63317   -0.057471  -0.064572   0.72494
  0.21173   -0.39562    0.16562    0.99318   -0.20466   -0.28544
 -0.233      0.17327    0.70081    0.049202  -0.06773   -0.54603
 -0.027183  -0.080443   0.73278    1.3496   ]"
chills,"[ 0.030042   0.092504   1.0788    -0.15498   -0.1845     0.16562
 -0.14652    0.34826   -0.6085    -0.77386    0.14629   -0.38703
  0.40522    0.13547    0.52253    0.35054   -1.2427     0.096526
  0.30077   -0.4779     0.086158   0.77855   -0.48813    0.32608
 -0.021961   1.0338    -0.38427    0.3099     1.0041    -1.2191
  0.61204   -0.12038   -0.0045662  0.49637   -0.98249    0.65573
  0.86259   -0.96145    0.30213    0.021937  -0.60783    0.91324
 -0.53826   -1.5122    -0.020619   0.56672    0.16782   -0.38002
  0.66888    0.46681   -0.54088   -0.1881    -1.0901    -0.23077
 -0.17105   -0.36203    0.93416    0.49477    0.24048    0.11067
  0.75116    1.4701    -0.74803    0.34133   -0.34972    0.6142
  0.31372   -0.50489    0.88062    0.059486   0.097714  -0.34677
  0.32785    0.21012   -0.064041   1.2366    -0.0077516 -0.33411
  0.068526  -0.56007   -0.29198    0.052369  -0.61568   -0.30972
 -0.46026    0.31722    0.29281    0.15731   -0.72096   -0.11152
 -0.41464   -0.52292   -0.19096   -0.3429     1.0296     0.30523
  0.45092   -0.27888    0.010082   0.84806  ]"
omer,"[-1.0361   -0.35275  -0.44942   0.86762   0.27608  -0.24836   0.22652
 -0.18515  -0.065447  0.18391   0.26841   0.59132   0.73807   0.56443
 -0.48333   0.29291  -1.0627   -0.36879  -0.54574   0.92808  -1.2896
  0.2563    0.63397   0.21437  -0.78838   0.014395 -0.060038 -0.38069
  0.037027  0.085088 -0.77025  -0.68455  -0.010253  0.65933  -0.67372
 -0.052559 -0.18036   1.2549   -0.023976  0.057772  0.22475   0.15902
  0.061232 -0.23833  -0.38988  -0.73714   0.42327  -0.080672 -0.088192
  0.57491  -0.3656   -0.057101  0.11595  -0.15702  -0.74184   0.33029
 -0.24325   1.084     0.014779  0.28242   0.27097  -0.3427    0.1418
 -0.052531 -0.43976  -0.66521   0.24437   0.48638  -0.33047   0.47772
 -0.11535  -0.46413   0.050249 -1.6586    0.11193   0.12407   0.055141
 -0.024211 -0.16769   0.30567   0.22773  -1.265    -0.2656   -0.021577
  0.47284  -0.72104   0.18044  -0.3226    0.70641   0.07803   0.1409
  0.83252  -0.022624  0.45231  -0.31079   0.086674  0.60706  -0.33906
 -0.052123 -0.26257 ]"
athleticism,"[ 0.56011   -0.25887    0.73804    0.10858   -0.85644    0.035297
 -0.18905   -0.034941  -0.83905    0.69995    0.077438  -0.16556
 -0.1798    -0.82212    0.093846   0.24349   -0.49517    0.97456
 -0.27637    0.42029   -0.6221    -0.2228    -0.096779  -0.37026
  0.53832    0.84999   -0.38809   -0.26771    0.10919   -0.49784
 -0.10756    0.10496   -0.48692   -0.20961    0.36315   -0.26257
 -0.15188    0.62723   -0.33991    0.30222    0.61362   -0.19125
 -0.08127   -0.1549    -0.70253    0.070488   0.65816   -0.46665
  1.0633    -0.42107   -0.30337    0.13484   -0.089066   0.78991
  0.69942    0.1791     0.2263    -0.25081   -0.15552   -0.12744
  0.10744    0.27693    0.016185   0.42868   -0.29847   -0.14956
  0.47546   -0.87365    0.17221    0.43121    0.72796   -0.32439
  0.57053    0.13148    0.56677    0.12818   -0.22983   -0.0025373
  0.67472    0.25672    0.33404    0.41422   -0.07035   -0.65689
 -0.4459    -0.4947     0.50237    0.2606    -0.30841   -0.61552
 -0.32671   -0.36585   -0.59149    0.21616    0.071932  -0.94506
 -0.64844   -1.3936     0.59099    1.0687   ]"
bethany,"[-0.0072286 -0.079239  -0.31001   -0.27603   -0.1933     0.77952
  0.14701    0.59453    0.033339  -0.14489    0.35177    0.37929
 -0.038449   0.44487   -0.29068   -0.33406    0.19001    0.30092
 -0.82452    0.96273   -0.13462    0.27409    0.29752    0.66171
 -0.4005     0.42284   -0.070465  -0.61365   -0.37987    0.038328
 -0.18536    0.18158    0.32713    0.44547   -0.63158   -0.45681
 -0.28351    0.4592     0.25327   -0.089428  -0.8756     0.024427
 -0.22328    0.88465   -0.49669    0.27072    0.74085    0.72569
  0.2753     1.158     -0.19165   -0.018275   0.59157   -0.94628
  0.13232   -0.97087   -0.10766   -0.7263    -0.62256   -0.55279
  0.040944  -0.19859    0.10725    0.17351   -0.69078   -0.31136
  0.28592    0.01297    0.18628   -0.35705   -0.22789   -0.033446
 -0.028972  -0.55093    0.25001    0.66793    0.28391   -0.41721
  0.015337  -0.61816   -0.55897   -0.12632    0.16378    0.5607
  0.50158   -0.34806    0.16682   -0.84874    0.059523  -0.11044
 -0.33022    0.2073     0.27893    0.42036   -0.31754   -0.50429
  0.56138   -0.10334    0.1549     0.67704  ]"
thunderbird,"[-0.15958    0.1919     0.35385    0.3371     0.063914   0.56145
  1.0603     0.065917  -0.26779   -0.054362   0.067577   0.41843
 -0.63662    0.10106   -0.31748   -0.37887    0.90137    0.61708
  0.75746    0.50465   -0.18702   -0.12179   -0.36688    1.1636
  0.52757    0.45731   -0.15446    0.024825  -0.3572    -0.10622
  0.5389     0.79069    0.023835   0.64546   -0.41854    0.78603
  0.14889    0.14763    0.33516    0.21989   -0.075857  -0.18017
 -0.16796    0.56834   -0.25347    0.82276    0.48706    0.25287
 -0.0054555 -0.093806  -0.79841   -0.22134   -0.85981   -0.41304
  0.058047  -0.4865    -0.052117   0.61709    0.2725    -0.25558
 -0.10215   -0.0033884 -0.19457    0.42557    0.27558   -0.31486
 -0.28176   -0.67486    0.2668     0.42179   -0.0085718 -0.32629
 -0.054663  -0.34044   -0.62635    0.1707     1.0461     0.69957
 -0.43348   -0.57369   -0.34292   -0.12108    0.17928    0.075725
  0.50266    0.52537    0.51125   -0.32004   -0.22189   -0.059314
 -0.66373   -0.21404    0.64302    0.44224    0.20922   -0.35912
 -0.73584    0.26274    0.20212    0.38717  ]"
marketable,"[ 0.74254    0.6803     0.41373   -0.1308    -0.21059   -0.66021
  0.11205   -0.72636    0.52031    0.92474   -0.10618    0.49328
 -0.15989   -0.55381    0.27885   -0.29107    0.99871    0.76396
  1.0104     0.015547  -0.091307  -0.012403  -0.426     -0.15236
  0.12751    0.15454   -0.0016187 -0.31156   -0.42338    0.63535
  0.17075   -0.087139  -0.52758   -0.73903    0.33973    0.19792
 -0.74871    0.10774   -0.99607   -0.51944    0.98493    0.16665
  0.0063692 -0.21121   -0.18023    0.38832    0.11812    0.040476
 -0.36198   -0.40778   -0.39743   -0.51439    0.39398   -0.18956
  0.42714    0.40789    0.088675   0.080405   0.43771   -0.6837
  0.23068    0.60169   -0.50896    0.2262     0.054913  -0.67637
  0.91854   -0.019918   0.49645   -0.46975    0.019577  -0.9053
  0.15228    0.38502    0.29515    0.089972  -0.98125   -0.21598
  0.12343   -0.39533    0.87431    0.30001   -0.28251   -0.68623
 -0.024299   0.16817    0.065313  -0.15029   -0.3328    -0.52674
 -0.24461    0.40871   -0.043065  -0.65555   -0.24257    0.23871
 -0.7523    -0.50627    0.12994    0.71839  ]"
dictatorships,"[-7.0201e-02  7.0217e-01  4.5756e-01 -6.9172e-02 -3.7031e-01  7.8982e-01
 -5.6480e-01 -6.9550e-01 -2.5233e-01  2.7836e-01 -5.2418e-01 -3.1361e-01
  5.0231e-01  6.7308e-01  1.8330e-01  4.2265e-02 -1.5574e-01 -1.6741e-01
  6.8356e-02 -1.4267e-01  5.8430e-01  7.1193e-01  3.4931e-01 -3.7852e-01
  9.0607e-01  3.0195e-03  1.5686e-02 -2.0113e-01  8.7787e-01 -3.9157e-01
  1.0086e+00 -2.5940e-01 -4.5266e-01  1.8465e-01  7.1353e-01  6.7579e-01
 -2.9028e-02 -1.1929e+00 -5.4739e-01 -5.2899e-01 -7.2035e-01  3.3823e-01
 -6.7617e-01  4.0915e-01 -4.1053e-01 -1.9484e-02  1.3625e+00 -2.2620e-01
 -7.4149e-01  1.1290e-01 -1.1960e+00  7.5450e-01 -1.0415e+00  4.9553e-01
  8.0215e-01  5.2063e-01  1.6073e-04  9.4853e-02  3.6069e-01  8.7852e-01
 -6.7927e-01 -8.6842e-03 -1.8096e-02 -4.7851e-01  4.7278e-01 -5.3748e-01
 -2.3116e-01 -4.1282e-01 -3.8546e-02  1.7177e-01  5.2742e-01  3.9173e-02
 -5.3286e-01  1.2654e-01 -7.8015e-01 -9.8424e-01 -3.3553e-01  5.2504e-01
 -3.5964e-01  5.4868e-01  6.0476e-01  5.7631e-01 -3.9142e-01  8.2990e-01
  1.1086e-02  7.8698e-01 -4.7803e-01  2.6564e-01 -7.1027e-02 -5.6221e-01
  7.7396e-02  9.0927e-02 -5.1015e-01  1.4019e-02 -1.7885e-01 -3.0787e-01
 -4.9944e-01 -4.7107e-01 -1.0289e+00  9.7022e-02]"
mckeon,"[-6.8137e-01  3.6632e-02  4.8961e-03 -8.1869e-01 -4.7938e-01  2.7375e-02
  2.9409e-01 -2.1677e-01 -2.8248e-01 -8.8703e-02 -1.3260e-01 -3.5807e-01
 -2.4994e-01 -3.2966e-01  1.0285e-01 -2.7391e-01  1.0596e-01  1.0929e+00
  5.2641e-03  7.2766e-01  3.6624e-01 -2.2823e-02 -3.1331e-01  2.1950e-01
 -3.7301e-01  1.7257e-01 -2.1459e-01 -6.1677e-01 -7.8422e-01 -4.1613e-01
 -2.9744e-01  3.7103e-01 -2.7205e-01  5.3995e-01  2.6953e-01  6.0450e-01
 -6.8543e-01  7.3953e-02  4.3409e-01 -3.7603e-01  3.2734e-01 -2.1273e-01
  2.2644e-01  7.7915e-02 -2.5144e-01  1.0722e+00 -2.4799e-01 -3.3019e-01
  7.3885e-03 -2.2922e-01  1.9151e-02 -1.0124e+00  2.8169e-01 -1.4774e-01
 -2.0797e-01  2.6557e-01  5.3199e-01  3.5682e-01 -5.7734e-01  1.0413e+00
  2.5787e-01 -8.7993e-02  3.6659e-02  6.5679e-02  2.0324e-02  1.1151e-01
  7.1444e-01  6.4820e-01 -2.7904e-01  5.0116e-01 -3.0260e-01  2.9225e-01
 -4.4016e-01 -8.3895e-01 -2.6479e-01 -5.2993e-01 -5.4446e-01 -3.8219e-02
 -1.0405e+00  5.0560e-01 -7.6260e-01 -8.4390e-01 -4.3762e-02 -8.8216e-01
  8.4185e-01  6.7068e-02  2.4880e-04  3.7933e-01 -3.7700e-01 -1.4700e-01
  1.5505e-01 -4.5145e-01 -5.5964e-02  9.8786e-01 -1.9523e-01 -2.2080e-01
  7.3709e-02  7.2539e-01 -2.5596e-01  2.2933e-01]"
molding,"[-0.70825   0.56457  -0.3052   -0.50448   0.22311   0.16765  -0.62715
  0.61927   0.20851   0.43293   0.18205   0.12778  -0.23511   0.42396
 -0.080485  0.21131  -0.25987   0.1453    0.93919  -0.40884  -0.71898
 -0.62589  -0.42297  -0.40954   0.206     0.13298   0.72106  -0.55173
 -0.7726   -0.10893   0.19719   0.10734  -0.50032  -0.86739  -0.30764
 -0.67928  -0.5729   -0.35643   0.31489  -0.58863   0.16193  -0.86947
 -0.10584  -0.15486  -0.54373  -0.12369   0.20721  -0.09671  -0.31007
 -0.83741  -0.38946   0.30522   0.16015   0.96035  -0.49862  -0.13301
 -0.25566   0.2285   -0.1908   -0.26363   0.28365   0.66856   0.92314
  1.2987   -0.51096  -0.27574   0.18667   0.025248 -0.79771  -0.8198
  0.071388 -0.05171   0.53873   0.23094  -0.21316  -0.56545   0.14002
  0.4002    0.81616   0.026785  0.31399   0.50753  -0.46774   0.74053
  0.1925    0.42559   0.57733  -0.033463  0.20606  -1.0701   -0.26842
 -0.29964   0.060209  0.58663   0.60172  -0.70856   0.40116  -0.22764
  1.4889    0.46762 ]"
bony,"[-0.80868    0.4473     0.044279  -0.06974   -0.61891   -0.52935
 -0.67008    0.31614    0.28755   -0.10965   -0.47139   -0.58636
  0.7034     0.37492    1.1527     0.36745   -0.577     -0.3275
  0.35107   -0.096478   0.55787    0.58238   -1.0197    -0.011683
  1.7551    -0.45984   -0.39888   -0.90384    0.012044   0.89075
  0.70311   -0.84993   -0.34446   -0.070128   0.0096014 -0.13332
 -0.54088    0.13049    1.0119     0.11885   -0.10627   -0.55304
  0.21591    0.070968  -0.13535    0.18437    0.2017     0.25358
 -0.43144    0.6268     0.13238    0.19628    0.48414   -0.30272
  0.21174    0.3024    -0.023028  -0.90123   -0.27555    1.2962
  0.44624    0.60224    0.39432    0.4798     0.49035   -0.59332
 -0.064541  -0.36638    0.20256   -0.63402    0.20488    0.45537
  0.82911   -0.43566   -0.59027   -0.16407   -1.3132     0.012999
  0.49401    0.60658    0.070647   0.55076   -0.33539    1.0493
  0.37323   -0.81337    0.033464  -0.44352    0.14904    0.15607
 -0.73493   -0.54937    0.53626   -0.11841    0.26118   -0.95172
 -0.87143   -1.2134     0.48216    0.04807  ]"
tryout,"[ 0.86423    0.28145   -0.62597    0.021049  -0.70253    0.067653
  1.0277     0.72931   -0.8953    -0.22262   -0.66941   -0.40671
  0.86789   -0.49114    0.57989    0.73514    0.28837   -0.2055
  0.52135   -0.056678  -0.35823    0.21643   -0.45881    0.089095
  0.43083   -0.52783   -0.39439    0.0027333  0.27169   -0.06096
 -0.76387   -0.18775    0.38954    0.30296    0.42739    0.56269
 -0.69114   -0.089512  -0.21594   -0.43475    0.65421    0.40247
  0.16929   -0.18289    0.12703   -0.33375   -0.55796   -0.45265
  0.34758    0.25225   -0.72288   -0.069044   0.45794   -0.22915
  0.30547   -0.6263     0.19363   -1.0053     0.36615    0.46903
 -0.48937    0.28885   -0.51632   -0.49234   -0.14303   -0.62991
  0.50973   -0.034648  -0.90351    0.034686  -0.13579   -0.62895
 -0.24375   -0.50024   -0.99001    0.18293    0.12655   -0.33953
 -0.71458   -0.4602    -0.49329    0.44084    0.14203    0.28042
 -0.19159    0.3478     0.44857    0.50606   -0.1256     0.067569
 -0.4223     0.4013    -0.15409    0.05766    0.7596     0.069312
  0.27988    1.7933    -0.033446   0.93436  ]"
gaunt,"[-0.47745   -0.1997     0.063571  -0.4636    -0.19627    0.13657
  0.33543    0.014441  -0.11864   -0.68112   -0.21954    0.25373
  0.030284  -0.37564    0.77605    0.081124  -0.16116   -0.80687
  1.1114    -0.20496    0.018886  -0.15795    0.37447    0.39371
  0.49708   -0.047069   0.52435   -0.51072   -0.0042604  0.56229
  0.56067   -0.69815   -0.40085   -0.50984    0.13387    0.46955
 -0.56938   -0.066776   0.58578    0.57598    0.14059   -0.44113
  0.19357   -0.091874  -0.48903   -0.088739   0.58213    0.90945
  0.20765    0.29865   -0.019467  -0.63352    0.59853    0.45153
  0.11017   -0.56646   -0.088374  -0.3775    -1.28      -0.45666
  0.45236    0.49698   -0.37477   -0.28731   -0.46889   -0.2244
  0.3973     0.28308   -0.78946    0.036996   1.1956    -0.47201
 -0.22365   -0.37217    0.48516   -0.037817   0.15168    0.30776
  0.50409   -0.53746    0.44402    0.66106    0.4313     0.49758
 -0.26402   -1.177      0.085185  -0.42217   -0.32563   -0.20713
  0.42356   -0.34508    0.79372    0.21015   -0.27641   -0.67412
 -0.44718   -0.35084   -0.3924    -0.56295  ]"
intently,"[-0.58799   0.47248  -0.082057  0.1711    0.39885   0.43694  -0.19349
 -0.14096  -0.013038 -0.68044   0.17605  -0.11989  -0.27912  -0.85963
 -0.10997  -0.4613   -0.75996   0.47228   0.79405  -0.85822  -0.54839
 -0.025252  0.38615  -0.22114   0.40696  -0.2388    0.03797   0.072496
 -0.28397   0.88175  -0.33851  -0.2708   -0.28954   1.0967   -0.12951
  0.25254  -0.49737  -0.39857   0.80781  -0.19282  -0.54927  -0.37793
 -0.19537   0.19708  -1.7089    0.12908   0.30695   0.41014   0.26742
 -0.86989   0.30874  -0.63569   0.27805   1.0003   -0.5584    0.38711
 -0.13457  -0.16669  -0.16521  -0.15777   0.31735   1.5362    0.37633
 -0.61657  -0.56592  -0.01628   0.2849    0.57815  -0.19731   1.406
  0.62179  -0.22485   1.3127   -0.99225  -0.48017   0.26531  -0.42592
 -0.37264   1.1114   -1.0461    0.57952   0.53277  -0.13819   0.52231
 -0.79707  -0.57179  -0.46498   0.21028  -0.68259  -0.52868   0.30827
  0.36229  -0.20456  -0.23954   0.23089  -0.23533  -0.61284   0.35395
  0.035841  0.53369 ]"
stepashin,"[-0.65225  -0.95255   1.0169    0.46296   0.37033  -0.35556  -0.12559
  0.11125   0.44951   0.47176  -0.89105   0.4575    0.048286  0.18703
  0.28607   0.12092  -0.32636   0.36064  -0.76127  -0.39194  -1.1833
 -0.17989  -0.88267   0.09078   0.078822 -0.033341 -0.19624   0.80486
  0.10492   0.19682   0.86302   0.25884  -0.59871  -0.43052  -0.36443
  0.87288  -0.15243  -0.31691   0.31786  -0.057877  0.85399  -0.26499
  0.26621  -0.043166  1.0053    0.13065  -0.19828  -0.7432   -0.12522
  0.45005   0.85615   0.15408   0.37183   1.0723   -0.51183  -0.21523
  1.3031    0.76724  -0.39656   1.2214   -0.45198  -0.083426  0.42597
  0.278    -0.51714   0.044917  0.79221   0.095683 -0.32131  -0.077072
  0.39409  -1.0429   -0.18137   0.44966  -0.13178  -0.72433  -1.111
  0.44052   0.18677  -0.62114   0.20724  -0.23983   0.36853  -0.48423
 -0.46476  -0.91375   0.75395   0.8245   -0.33197  -0.55199   1.1622
 -0.43093  -0.41728   0.41296  -0.7997   -0.021383  0.065889  0.045048
 -0.65502   0.34354 ]"
evolves,"[ 0.13662   0.36812   0.80083  -0.01609  -0.11256   0.31706   0.41574
 -0.30972   1.0088   -0.24748  -0.13174   0.15978   0.19319  -0.32259
 -0.1386   -0.14615   0.040609  0.31257   0.17254  -0.40132  -0.16875
 -0.45274  -0.034017  0.53436   0.58108   0.10461   0.076485 -0.10129
 -0.30577  -0.14782  -0.94923   0.82397  -0.50108  -0.55643   0.14737
 -0.12782  -0.33356  -0.63197  -0.42979  -0.90246  -0.37456   0.40307
 -0.7002   -0.019849 -0.72248   0.09332   0.16455   0.57131   0.44726
  0.062248 -0.061054 -0.47242   0.18832   1.0427    0.18009   0.067952
  0.057165  0.022165 -0.11445  -0.052476  0.072001  0.79114   0.25666
 -0.25187   0.44705   0.5533   -0.26716  -0.84065   0.78193   0.24565
  0.71809  -0.71033  -0.23203  -0.38042   0.9176   -0.23977  -0.41419
 -0.62765   0.36677   0.11523  -0.16984   0.048193 -0.20411   0.20716
  0.1299    0.27319   0.12754  -0.7789   -0.30675  -0.35253   0.33087
  0.31937  -0.79742  -0.37791   0.77593  -0.025888  0.46177  -0.46404
 -0.6085    0.92787 ]"
reconsidered,"[ 0.50175   -0.2781     0.14518    0.20479   -0.47996    0.0024852
 -0.0080782  0.5361     0.49844    0.096115  -0.25886    0.62539
  0.21447   -0.6252    -0.089783  -0.56722   -0.3205     0.41869
  0.20416   -0.726     -0.089057  -0.52895   -0.17189    0.44996
  0.041876   0.33767   -0.035123  -0.039898  -0.16256    0.38481
  0.26823    0.24754   -0.79791    0.18766   -0.32903    0.51563
 -0.26203   -0.38617   -0.66788   -0.66501   -0.63907   -0.28776
  0.24561   -0.27183   -0.24633   -0.20385    0.59828    0.14314
  0.17682   -0.293      0.25743   -0.14613    0.048771   0.46388
 -0.85179    0.45441    0.49881    0.14321   -0.27183   -0.015276
  0.065859   0.29381   -0.17523    0.36681    0.65985   -0.85375
 -0.21767    0.67126   -0.465     -0.097202   0.52989   -0.025608
  0.22574   -0.32258   -0.50041    0.04516   -0.47114   -0.012804
 -0.16588   -0.20956   -0.47997   -0.4251    -0.21625    0.20806
 -0.046088  -0.092006   0.53076   -0.13098   -0.84782   -0.26668
 -0.6676    -0.35271   -0.13756   -0.10094   -0.049699   0.3813
  0.63309    0.2204    -0.29784    0.40085  ]"
crave,"[ 0.18144    0.21097    0.27892   -0.17783   -0.49886    0.22217
 -0.55991   -0.3421     0.59657   -0.55697    0.34421    0.05756
  0.090397  -0.16105    0.031113   0.0075216  0.1861    -0.053226
  0.36704    0.37861   -0.052989   0.30754    0.19208   -0.77659
  0.020024   0.47008    0.13887   -0.094626   0.41894   -0.51207
  0.3689     0.42069   -0.45364    0.0049816  0.38288    0.25445
  0.27109    0.72337   -0.22575   -0.38478    0.42898    0.22608
 -0.69541   -0.67349   -0.80656    0.025012   0.50267    0.1518
  0.41543   -0.23379    0.083196  -0.19191   -0.39093    0.14391
  0.29963    0.21159    0.50844   -0.16446   -0.30253   -0.71998
 -0.29069    0.67691   -0.33462   -0.61781   -0.028616   0.1271
  0.10667   -0.58598   -0.32821   -0.5478    -0.19218   -0.71007
 -0.15644    0.19516   -0.5481     0.56163   -0.35735   -0.78719
 -0.31368   -0.64933    0.031053  -0.21283   -0.61734    0.652
 -0.17482   -0.10053    0.10952    0.10557   -0.53306   -0.1012
  0.40856   -0.0023382  0.13652   -0.72867   -0.15965   -0.60922
  0.067194  -0.325      0.32286    1.0467   ]"
tambien,"[ 0.23696   -0.26292    0.5389     0.66743   -0.51894   -0.42225
  0.24588    0.013721   2.5169    -0.19198   -0.519     -0.48722
 -0.742      0.86564    0.81252   -0.1482     0.39085    0.096
 -0.09653    0.96285    0.015299   0.40232   -1.3395     0.3119
  0.45526    0.6794    -0.95708   -0.51713    0.081123  -0.63167
 -0.65585    0.6782     0.85709   -0.18733    0.0061614  0.88542
  1.604     -0.35116    0.59848    0.18235    0.46799    0.40285
 -0.84131   -0.29526    0.5255    -1.2628    -0.0426    -0.42653
 -0.4291    -0.20708   -0.93684    1.734      0.7423    -1.0278
  0.46731    0.48943    0.0064746  0.79436   -0.019975  -0.39588
 -0.78452   -0.65462   -0.47018   -1.5723    -0.10235   -0.58759
 -0.1704    -0.35267    0.54139    1.0482     0.47935    0.72879
 -0.042741  -0.24454    0.91131   -0.57509   -0.079125  -1.246
 -0.87695   -0.77927    1.5327    -0.88458    0.11627   -0.61301
  0.55895    1.5047    -0.050122  -0.18834    0.48554    0.60362
 -0.052102  -0.28337    1.1095    -0.14553   -0.39041    0.7164
 -1.1806    -0.37193   -0.42806    0.18642  ]"
cursing,"[ 0.55647   -0.29954    0.4546    -0.25209   -0.55832    1.3747
 -0.65277    0.10538    0.25952   -0.26691    0.086394  -0.035503
  0.083763  -0.034975   0.26625   -0.52773   -0.15031   -0.041144
  0.024857  -0.066765  -0.14267    0.14942    0.015757   0.10038
  0.76931    0.24233   -0.38705    0.48644    0.46715   -0.032325
 -0.097922  -0.29678   -0.12324   -0.089655  -0.45053   -0.035387
 -0.79027   -0.1387     0.25661    0.067302  -0.33081    0.77953
 -0.07328   -0.24565   -0.35367    0.32462    0.21631    0.23611
 -0.29688   -0.53033    0.2544     0.079046  -0.15018    0.62341
 -0.40462    0.21494    0.17238    0.043134  -0.37137    0.089321
  0.46044    0.052303  -0.0014261  0.029084  -0.61332    0.39316
  1.3773    -0.45165   -0.28843   -0.094201  -0.36039   -0.24039
  0.44444   -0.57227   -0.39666    0.72128    0.093636   0.11943
  0.076368   0.16092    0.2116    -0.78182   -0.27448    0.04845
 -0.44577   -0.090487  -0.60854    0.29138   -0.29957   -0.37757
  0.010499  -0.3184     0.052914   0.26365    0.1137    -0.62882
 -0.2435     0.44648    0.44902    0.418    ]"
blared,"[-5.2938e-01 -3.5682e-01  5.4368e-01 -1.1477e+00  8.2857e-01  1.4161e+00
 -7.7906e-01 -1.2917e-01  4.3458e-01  2.8071e-01 -3.9147e-02  4.2933e-01
 -1.2839e+00  2.3948e-01  3.6691e-02 -1.1723e-01  4.4690e-02 -7.3011e-01
 -5.8957e-01 -9.5236e-01  4.3071e-01 -2.7546e-01  3.6298e-02 -5.3413e-02
  4.0356e-01 -6.2528e-01 -6.9185e-01  1.5428e+00  2.1598e-01 -4.6893e-02
  5.1219e-01 -4.8544e-01 -2.1458e-02  9.9368e-01 -7.1798e-01 -1.7603e-01
  1.0597e-01  2.5712e-01  2.5253e-01 -5.6495e-01  4.0608e-01  8.1460e-01
 -9.9130e-01  8.6508e-01  1.4335e-01 -1.6171e-01  4.8019e-01  1.4614e-01
  2.1816e-01 -7.1116e-01 -2.0442e-02  4.5681e-01 -4.5579e-02 -2.1837e-01
  6.8602e-02  7.7286e-02 -2.3163e-01  1.1177e+00  4.7819e-01  5.5759e-01
  6.1610e-01  4.3923e-01  2.6334e-01 -4.5455e-01 -3.3893e-01  2.0249e-01
  1.0733e-01 -5.5816e-01  2.9906e-01  2.3615e-01  1.3059e-01  4.5750e-04
  8.7255e-02 -8.5910e-01  1.0556e-01  6.5214e-01  5.6690e-01  1.9123e-01
  5.2489e-01 -1.3786e+00 -2.9293e-03 -1.9155e+00 -3.7308e-01  6.3436e-02
  9.3026e-02 -3.6156e-01 -2.7204e-01 -5.1710e-01 -3.1809e-01 -2.6848e-02
  1.3151e-01  5.2923e-01 -4.0302e-01  4.3390e-01 -3.3478e-01 -4.8209e-01
 -6.6424e-01  1.0755e-01  6.6926e-01  8.6489e-01]"
fonseca,"[ 0.085321  -0.17567   -0.61589   -0.75206    0.083451   0.0054602
  0.22359   -0.28594    0.2872     0.18356    0.40257   -0.11602
 -0.38968   -0.37763   -0.10468   -0.13934    0.39146    0.17689
  0.4677    -0.0022231 -0.16241   -0.04423    0.46812    0.63081
 -0.12524    0.7397    -0.73876   -0.17061    0.57307   -0.71689
  0.022511   0.21574   -0.15013    0.45147   -0.087174  -0.5737
  0.64619    0.47587    0.26852    0.33129    0.27718   -0.21961
  0.054121   0.4979     0.11893    0.29001   -0.36739   -0.11758
 -0.40817    0.90789    0.23253   -0.0063502 -0.33143   -0.16005
 -0.9232    -0.14404   -0.98053   -0.3455    -0.68844    0.68234
 -0.16691    0.32491   -0.087082  -0.44279   -0.51073    0.29294
 -0.19831    0.13948    0.17473   -0.10132    0.10908    0.67782
  0.74371   -0.60687    0.099939  -0.26165   -0.62247   -0.48959
 -0.15382    0.29086   -0.24387   -0.037314  -0.38664   -0.034217
  0.34599    0.10491   -0.25186    0.07891   -0.41069   -1.4788
 -0.37152    0.24804   -0.56707   -0.25885   -0.39257    0.23506
  0.25684   -0.37002   -0.6127    -0.081393 ]"
cachet,"[ 0.49546   -0.27636    0.25553   -0.27223    0.11708    0.0063991
  0.06527   -0.81594    0.52006    0.60427   -0.73386    0.17912
 -0.0090286 -0.77217    0.14996   -0.23833    0.37015    0.14277
  0.48787    0.21482   -0.13981    0.19785   -0.5855    -0.44503
  0.13816   -0.04747    0.26473   -0.56373   -0.15641   -1.2434
  0.63788   -0.26386   -0.41646    0.16048   -0.064368   0.58788
  0.23158   -0.032668  -0.74162    0.050984   0.72893   -0.38676
  0.095365  -0.4893    -0.077772   0.041887   0.63067    0.27205
  0.22743   -0.082024  -0.49991    0.20109   -0.57646    0.15792
  0.087268  -0.6136    -0.14221   -0.052051  -0.36098   -0.27915
  0.13406    0.40568    0.062101   0.28554    0.0040351 -0.43711
  0.33783   -0.64081    0.55538   -0.19243    0.052351  -0.31543
  0.26085   -0.081458  -0.015487   0.19342   -0.12623   -0.67777
 -0.34576    0.065641  -0.55905   -0.81866    0.21265   -0.20341
 -0.058391   0.13516   -0.32855   -0.046838  -0.41462   -0.35881
 -0.30097    0.33947    0.44896   -0.5842     0.070013   0.027346
  0.010909  -0.4044     0.25868    1.1904   ]"
12-member,"[ 0.094024  -0.049995   1.0621    -1.2442     0.71256    0.50269
  0.32016    1.2716    -0.59506    0.39868   -0.29906    0.091471
  0.72409   -0.36204   -0.54081    0.013502   0.32792   -0.31986
  0.077568  -0.64496   -0.22      -0.92347   -0.60561   -0.47651
 -0.063754  -0.54883   -0.37007    0.41887   -0.6041     0.47652
  0.20469   -0.89928   -0.61638   -1.1439    -0.085052   0.36971
  0.97153    0.75829    0.324     -0.042063  -0.79132    0.69009
  0.72983    0.5625     0.23526    0.59865   -0.21002    0.22318
 -0.050477  -0.39797   -0.35326    0.12809   -0.22348   -0.4532
 -0.45514   -0.19034    0.26937   -0.2867     0.594      0.37492
  0.30458   -0.20681    0.33974    0.52343   -0.08919    0.38401
 -1.2943     0.59442   -0.30719   -0.51159    1.0466     0.36695
  0.3413    -0.22287   -0.92345   -0.43654   -0.51153   -0.78282
  0.42032   -0.3956     0.18309    0.89976    0.088325   0.10601
  0.0088666 -0.94705    0.66685    0.52214    0.69111   -0.70851
  0.20736   -0.321     -0.39438    0.19682    0.75576   -0.15863
  0.53965    0.15743    0.59936    0.12932  ]"
zy,"[-1.2557     0.40471    0.58309   -0.43945   -0.63396   -1.013
  0.17274   -0.75334   -0.47547    0.25341   -0.41294   -1.1095
  0.50177   -0.14671    1.5227    -0.56047   -0.96168    0.17672
  0.17378    0.5296     0.3784     1.5852    -0.17834    0.28426
 -0.061207  -0.43382   -1.0706    -0.41732    0.13183    0.075813
  1.257     -0.31114   -0.43877    0.45523   -0.22379   -1.228
  0.41175    0.45245   -0.15792   -0.29138    0.41466    0.48733
 -0.0123    -0.27364   -0.26284   -0.76478   -1.6882     0.12861
  1.3262     0.4494    -1.055      0.46479   -0.23211   -0.020908
 -0.6125     1.241      0.20589    1.6121    -0.25384   -1.4185
 -0.21223   -0.053023   0.12851   -0.56589    0.28522   -0.30155
  0.39483   -0.59129   -1.3849    -0.032546   0.42341   -0.28453
 -0.52288   -0.02419   -1.568     -0.80805    0.38429   -0.16378
  0.32498   -0.4056     0.59161   -0.14229    1.6724    -1.3856
 -0.65379    0.4728    -0.53293   -0.52162    0.031481   0.57552
  0.65725    0.35153   -0.47581   -0.25528    0.96204    0.0040806
  1.1599    -0.79935   -0.5224    -0.51178  ]"
checklist,"[-0.50861    0.2403     0.85276   -0.44577   -0.61778    0.01735
 -0.13285    0.5145    -0.60229   -0.19576    0.22783    0.44363
  0.031523  -0.71374    0.30286    0.89846    0.45453    0.78881
 -0.12035   -0.73236   -0.79903    0.074127  -0.016845  -0.17521
  0.42092   -0.155     -0.63412    0.12942   -0.87933   -0.076867
 -0.42593   -0.094233   0.65353   -0.16531   -0.22546    0.60254
 -0.37867   -0.14619   -0.10872   -0.35298    0.18677    0.25884
  0.27142   -0.018732  -0.67793    0.26463   -0.28585   -0.007549
 -0.5383     0.1241    -0.23271    0.22387   -0.25476    0.034781
  0.1506     0.34508    0.20278   -0.19121    0.25019    0.15088
 -0.099231   0.10839    0.21545   -0.20557    0.19381   -0.24695
 -1.1385    -0.18724    0.34925   -0.30354   -0.73086   -0.0055475
  0.097697   0.085092  -0.061839   0.80811   -0.18728    0.12182
 -0.5528    -0.61307    0.034099  -0.43793   -0.27962    0.48175
 -0.89481    0.1428     0.65894   -0.40861   -0.85909    0.42702
 -0.22539    0.5482     0.37134   -0.0088344  0.13654   -0.026733
  0.40926   -0.95179   -0.044331   0.81691  ]"
conveyor,"[-0.12734   -0.14129    0.4841    -1.2312     0.15573   -0.73875
 -0.25183    0.40284    0.057412   0.90254    0.10857   -0.18508
  0.19268   -0.31601    0.93428   -0.58034    0.47488    0.13113
  0.048948  -1.3298     0.35489    0.38456   -0.111     -0.67464
  0.63721    0.40006   -0.37418    0.088872   0.31665    0.11274
 -0.43454   -0.042502   0.43764   -0.352      0.10894    0.18102
  0.13343   -0.58983    0.4749    -0.28897    0.20246   -0.36123
  0.098525  -0.62016   -0.13338    0.53914    0.069068   0.64448
  0.36357    0.6059    -0.38175    0.83835   -0.014199   0.87539
  0.3733     0.22463    0.77804    0.54135    0.63137   -0.23959
  0.34721   -0.0078837  0.71151    0.40765   -0.0046757  0.072578
 -0.25495    0.21297    0.61017   -0.58236   -0.70508   -0.064685
  1.5073     0.42799   -0.40954   -0.081573   0.5086    -0.2833
  0.26416    0.47955   -0.034003  -0.25592   -0.80275    0.34384
 -0.0804    -0.30226    0.74545   -0.86882   -0.39345    0.087198
  0.29917    0.68113   -0.20237    0.063215   0.57015   -0.33289
  0.37475    0.0065874  0.52895    0.04318  ]"
lister,"[-4.4112e-01 -6.3523e-02 -7.1108e-01 -4.5969e-01 -5.7453e-01 -2.9599e-01
  3.0807e-02  3.5689e-02  3.4764e-01 -6.4183e-01  2.0057e-01 -2.5835e-01
  3.7768e-02  3.0241e-01  5.5881e-01  5.6336e-01  2.5982e-01  2.2829e-01
  6.7527e-01  2.7588e-01 -2.9575e-01 -2.0118e-01  4.6154e-01 -2.8040e-02
  2.5727e-02  4.6408e-01 -1.0310e-01  3.1400e-01 -4.8686e-01  4.7936e-01
  3.9449e-04 -1.3179e-01 -9.0507e-02  1.3984e-01 -5.4473e-01  7.4775e-01
 -4.0516e-01  6.6647e-01  1.2595e-01 -3.4088e-02 -6.3258e-01  6.6811e-01
 -4.0070e-01 -2.5557e-01 -6.4059e-01  8.2000e-01 -7.6216e-02 -3.5652e-03
  5.6701e-01  5.4587e-01 -2.3044e-01 -3.4803e-01  2.3589e-01  2.3100e-01
 -1.8217e-01 -5.8609e-01  1.0317e-02  4.7768e-02 -9.3380e-01 -2.7467e-01
  9.6181e-01 -7.8935e-02  3.3728e-01  8.8896e-01  9.8098e-02  1.6819e-01
 -1.9790e-01  3.5838e-01 -1.5730e-01  9.3975e-02 -3.2899e-01 -2.0788e-01
 -5.3151e-01 -1.6637e-01  4.7860e-01  2.6453e-01  2.0277e-02 -2.4728e-01
 -2.7249e-01 -3.6217e-01 -1.8212e-01  8.5218e-02 -2.9530e-01 -1.3224e-01
  4.8517e-02  1.3813e-01  3.2163e-01 -4.2626e-01  2.2367e-01 -4.8931e-02
 -3.5646e-01 -4.9635e-01  4.6886e-02  4.9857e-01 -7.5163e-02 -7.6373e-01
  3.3883e-01 -2.6202e-01 -5.4554e-01 -2.3395e-01]"
deb,"[-0.63905   -0.57296    0.19883   -0.5111    -0.73135   -0.21646
 -0.8837     0.090739  -0.20771    0.064042  -0.013335  -0.20009
 -0.34895    0.10785   -0.28891    0.030457  -0.42064   -0.095602
 -0.70514   -0.42593   -0.44662    0.085449   0.26093    0.62213
  0.54242    0.45357    1.0389    -0.87717   -0.277     -0.17346
  0.48025    0.13654   -0.38783    0.51078   -0.19514    0.42632
  0.057925  -0.074902   0.39205   -0.7839    -0.34012    0.60461
 -0.21431    0.42248    0.079768  -0.19154   -0.68045   -0.10452
  0.38514    0.44762   -0.22849    0.35644    0.069477  -0.058011
  0.32994   -0.11001   -0.05998    0.42304   -0.83317   -0.67246
 -0.18566   -0.51564   -0.048204   0.049727  -0.43758   -0.20105
  1.0542     0.83066    0.4141     0.32737   -0.45093   -0.55391
  0.11164   -0.0026549  0.81984    0.23343   -0.020029  -0.53391
 -0.65095    0.045835  -0.91274    0.16187   -0.16926   -1.2816
  0.30165    0.45542    0.16016   -0.57327   -1.0456    -0.15861
  0.49163    0.38279    0.11862   -0.11652   -0.55785   -0.11361
  0.40092    0.062062  -0.30251   -0.62037  ]"
espanol,"[ 0.28555   -0.16349    0.99684   -0.08317   -0.21618    0.58112
  1.3221     0.55741    1.0727     0.67366    0.76617   -0.067112
 -0.84815   -0.077949  -0.23467   -0.32673    0.0084372  0.19434
  0.6317     0.42817    0.2425     0.14054    0.60004    0.08368
  0.3632    -0.22158    0.79709   -0.12135    0.17077   -0.087957
 -0.38485   -1.062     -1.1336     1.5071     0.95643    0.29282
  0.32352    0.58344    0.35536   -0.45382   -0.45202   -0.12345
 -0.1696     0.59313    0.32549   -0.23327   -0.29539    0.44451
 -1.2055    -0.48271   -0.077492   2.1398    -0.71073    0.0059406
 -0.45742   -0.52397    0.040365   0.22775   -0.17107    0.10512
 -0.3904    -0.61506    0.1823    -0.29034   -0.25037    0.18408
 -0.55952    0.23702   -0.3261     0.51087    0.011263  -0.10169
 -0.54441   -0.57583   -0.40217   -2.2432     0.66228   -0.32529
 -0.031339  -0.26874   -0.54849   -1.0224     0.38379   -0.56919
  1.2334    -0.6994    -0.52309    0.71416    0.093947   0.058252
 -0.0095469  0.30968    0.59698    0.42098   -0.91121   -0.3628
 -0.56946   -0.13117    0.33465    0.82715  ]"
"3,100","[ 0.43523    0.67367   -0.05217    0.25632   -0.24551    0.10377
  0.12915    0.71496   -0.029984   0.42335    0.6433     0.24654
  0.54567   -0.43168    0.15521    0.026231  -0.03168   -0.011344
  0.20452    0.17756    1.2388     0.11525    0.27562    0.50463
  0.35655   -1.0136     0.12144   -0.23426    0.25113   -0.56234
 -0.15551   -0.29596   -0.21474   -0.022612  -0.66511    0.14245
 -0.078501  -0.13876   -0.041483   0.44182    0.17464   -0.32808
 -0.08337   -0.091123  -0.12686    0.48537    0.26434   -0.21201
 -0.087612   0.44745    0.14708   -0.66382   -0.37103    0.20055
 -0.53381    0.78555    0.61635   -0.68016    0.036024  -0.20555
  1.063      0.39643    0.57452    0.092326  -0.53186    0.10404
  0.20785    0.18258    0.99031   -0.10082    0.17077   -0.065654
 -0.49851    0.3402     0.57841    0.26891    0.63283    0.23371
 -0.28666    0.36418    0.31306   -0.58886   -0.0017482  0.071334
 -0.085123   0.27573    0.68377    0.39683    0.1381     0.15893
  0.47365    0.71306   -0.1384    -0.52316   -0.44362    0.080439
 -0.23162    0.43909    0.27471    0.078185 ]"
larissa,"[ 0.13221   0.4123    0.35173   0.6873   -0.67637   0.46057   0.35605
 -0.14922   0.26797   0.86556  -0.38896   0.15229  -0.22643   0.080276
 -1.1337   -0.55118   0.83864  -0.10527  -0.054717 -0.035106 -0.35304
  0.091267  1.0811    1.5867   -0.52354   0.25525  -0.14144   0.16251
 -0.18003  -0.18255  -0.26043  -0.052861 -0.22027   0.96632   0.54065
 -0.55768   0.69271   0.76353  -0.045997  0.14287   0.76733  -0.64774
  0.25033  -0.4598   -0.014177  0.67635   0.065519 -0.52279   0.74683
  0.76017   0.26949   0.36925  -0.49545   0.95457  -0.43971  -0.24457
 -0.11175   0.051298 -1.3525   -0.001819  0.039355  0.06319  -0.25517
  0.50587  -0.15732   1.034    -0.11523   0.56313   0.27778   0.4338
 -1.1027   -0.26409   0.32149   0.69532   0.48277   0.017506 -0.225
 -0.54909  -0.024511 -0.95921  -0.28825  -0.086328 -0.46353   0.05724
  0.33858   0.24326  -1.0421    1.1555    0.52005  -0.45366   0.14761
  0.58305  -0.50328   0.56828   0.16074  -0.17418  -0.1612    0.35435
 -0.97716   0.18587 ]"
montréal,"[ 0.2626   -1.2202    0.10917   0.065413  1.0952    0.2974    0.50556
  0.58956   0.25996   0.29266  -0.069274  0.25445  -0.054834  0.3215
 -0.78491  -0.53327  -0.17157   0.17437   0.087484 -0.28268  -0.60174
 -0.01721   0.32548  -0.5137    0.28258  -0.88449   0.5501   -0.7711
  0.9524   -0.38103  -0.75546   0.32514  -0.6487    0.056819 -0.44299
  0.16553  -0.11448   0.22008  -0.93164  -0.38413   0.42281  -0.028035
 -1.1425   -0.98744   0.015913  0.18131  -0.05245   0.10051  -0.48188
  1.0118   -0.58111   0.6408   -0.96401  -0.47695  -1.6952   -0.51147
  0.53721   0.68154  -0.13721   0.35411  -0.54871  -0.63897  -0.83626
  0.054072  0.30603  -0.25066  -0.44459  -1.5374    0.83687   0.92114
  0.027959 -0.14697  -0.39011   0.52387   0.014758 -0.40705   0.89365
 -0.52518  -0.50002   0.048188 -1.0677    0.17799   0.24256   0.36882
 -0.22651   0.39688   0.40391   0.11325  -0.24505  -0.054014 -0.16107
 -0.99046   0.18091   0.82386   0.17018   0.29117  -0.35657   0.11374
 -0.24357  -0.39075 ]"
muni,"[ 0.34796    0.67977   -0.12576   -0.028749  -0.30113   -0.036595
 -0.70348    0.16032    0.050166  -0.49842   -0.1998     1.2233
 -0.39307    0.15069    0.26214   -0.42794    0.41904    0.7652
  1.1064     0.059093   0.11407   -0.19264   -0.30947    0.4523
 -0.61533   -0.39844   -0.030849  -0.51653   -0.41561   -0.14546
  0.074167   0.10107   -0.76411    0.57635   -0.24789    0.86653
  0.19338    0.0099398  1.016     -0.066531   0.73793    0.015402
  0.23937   -0.24292    0.1945     0.85362   -0.38218   -0.32043
 -0.35164    0.29639   -0.64551   -0.28724    0.11062   -0.54359
 -0.77445   -0.095732   0.026887   1.1167     0.80778    0.023688
 -0.59478   -0.60053   -0.0050312  0.30885    0.082223   0.50464
 -0.022527  -0.20884    0.86982    0.53005   -0.34101   -0.086759
 -0.21038   -0.41379    0.19564   -0.53144    0.5248     0.2765
 -0.14999   -0.43998   -0.18669    0.059426  -0.22329   -0.69598
  0.37009    0.74265   -1.5241    -0.10521   -0.26101   -0.27589
 -0.60113    0.095185  -0.58017   -0.21173    0.022308  -0.073532
  0.26861   -0.12934   -1.2413     0.27939  ]"
robyn,"[-0.51307  -0.60329  -0.37629  -0.49999   0.037842  0.040785  0.15552
 -0.020533  0.119    -0.48138   0.008318 -0.02417   0.032891  0.39762
  0.32009  -0.71228  -0.33992  -0.18449  -0.019209  0.72692  -0.014953
 -0.16354   0.15303   0.55216   0.8001    0.24647   0.61854  -0.74672
 -0.49368  -0.047633 -0.42236   0.39979  -0.31837   0.59251  -0.18774
 -0.51204   0.24313   0.18183   0.44986  -0.62447   0.48071   0.48155
 -0.26154   1.187    -0.66792   0.53491   0.023323 -0.37631   0.27799
 -0.037073  0.19447  -0.52689   0.30601  -0.26741  -0.093951  0.040785
 -0.32724  -0.13894  -0.80384  -0.09508  -0.054471  0.13528  -0.43442
  0.070877 -0.17041   0.11398   0.8615    0.50899   0.35337  -0.018454
 -0.07408   0.10617  -0.69873  -0.48688   0.69178   0.57849   0.10016
 -0.33421  -0.1607   -1.026    -0.43881   0.22248   0.51775   0.35505
  0.19886  -0.60569   0.11938  -0.21045   0.078487 -0.14959   0.29796
  0.29916  -0.34531  -0.24598   0.48899  -0.068029 -0.57127  -0.044657
 -0.4372   -0.01807 ]"
puntland,"[-0.60121  -1.1757    1.0849   -0.33193   0.76871   0.58952   0.14746
  0.15151   0.74035   0.79742  -0.46571   0.4083    1.0712    0.18719
 -0.75504   0.17568   0.75951  -0.4572   -0.047272 -0.22821   0.094517
 -0.089297  0.95098  -0.098849 -1.1438    0.56578  -0.18148  -0.079002
 -0.70511  -0.61512  -0.41315  -1.041    -0.30264  -0.4259    0.035017
 -0.44397  -0.31338   0.9542   -0.2533   -0.52507  -0.23108   0.54959
  0.42804   0.3953    0.082392 -0.083909  0.25283  -0.29004   0.49978
  1.1202   -1.0464    0.8247    0.099109  0.48307   0.39103   0.1914
  0.552    -0.7511   -0.56375   0.34258  -0.30892  -0.15877  -0.46267
 -0.49226  -0.0428    0.5567   -0.45982   0.38146   0.69876   0.40385
  0.17957  -0.53213   0.88507  -0.23154  -0.055048 -0.56562  -0.14327
  0.094817 -0.24727   0.076523  0.39239  -0.7278   -0.7113    0.068796
  0.70355  -0.045848  0.15658   0.84648  -0.18803  -0.90323   1.3291
  1.1339   -1.0585    0.093182 -0.81686   0.45287  -0.39333   0.20719
 -0.38905  -0.48493 ]"
adebayor,"[ 0.3818     0.38643    0.14509   -1.3012    -0.16556    0.73367
  0.36997    0.85257    0.21973    1.071      0.17831    0.45723
 -0.70708   -0.0071768  0.93501    0.15572    0.27318    0.11732
  0.028801   0.27639   -0.17114   -0.18765    0.11393   -0.25448
 -0.63134    0.31874   -1.2008     0.47239    0.23036   -0.15912
 -0.50584   -0.61899   -0.33708   -0.057846   0.71491   -0.72188
  0.64498    0.75661   -1.2275    -0.42664    0.39487    0.7985
  0.061702  -0.33513    0.36717    0.4257     0.46427    0.098739
  0.30755    0.30787    0.71754    0.25251   -0.75497   -0.12718
 -0.35755   -0.44219   -0.67866    0.070248  -0.72485    0.40212
  0.59279   -0.59082    0.019019   0.64958   -0.25281    0.32294
 -0.14868    0.47133   -0.90714    0.18077    0.59246   -0.1199
  1.2959    -1.2423     0.36435    0.15709   -0.037479  -0.17595
  0.011814   0.057012   0.65857    0.2263    -0.46514   -0.37783
  0.20449   -0.29175   -0.4246    -0.06928   -0.2801    -0.81014
 -0.76165    0.33103   -1.1076     0.1587    -0.56473   -0.41101
  0.66296    0.29449   -0.54599   -0.60664  ]"
fredericksburg,"[-0.3862    -0.13649   -0.21753   -0.011611   0.041077  -0.044069
  0.14244    0.058665   0.048761  -0.083493   0.54752   -0.36667
 -0.52125   -0.77748    0.03462    0.080525   0.8073    -0.65339
 -0.84704    0.036889   0.6898    -0.011089   0.17445   -0.027029
 -0.79798    0.44298   -1.028     -0.30096   -0.061519  -0.029727
 -0.028387  -0.12751    1.104      0.11817   -0.14205   -0.031642
 -0.27882   -0.34776    0.51481    0.013507   0.49159    0.0021207
 -0.37789   -0.57802   -0.4269    -0.065459   0.6786     0.0025759
  0.42848    0.51593    0.26961   -0.42696    0.20817   -0.71379
  0.67317    0.20865    0.18087   -1.239     -0.14209   -0.15776
  0.19282    0.72491    0.36624   -0.2359    -0.79076   -0.073448
 -0.12838   -0.43042   -0.24867    0.69431    0.1093     0.14412
  0.12128   -0.079962  -0.098831  -0.20632    0.83384    0.087915
 -0.6033    -0.45      -0.27995    0.062159  -0.13       1.392
  0.52813   -0.37011   -0.34352   -0.028193   0.35126    0.030813
 -0.40992   -0.11724   -0.17763    0.88808   -0.8442    -0.087179
  0.9907     0.25402    0.49767    0.58078  ]"
freshness,"[-0.056177   0.16071    0.91863   -0.15412   -0.34306   -0.084523
 -0.12968   -0.096495  -0.25665    0.40541   -0.33711    0.3566
 -0.079234  -0.56759    0.16291    0.19058    0.3011     0.20765
 -0.11441    0.5019    -0.33564   -0.47537   -0.11001   -0.53077
  0.28944    0.73879    0.20407   -0.067171  -0.45463   -0.82458
 -0.077024  -0.40693   -0.45042    0.21936   -0.3497     0.051453
  0.38427    0.065023  -0.3514    -0.66095    0.71873   -0.65341
  0.24902   -0.22998   -0.02494   -0.0056552  0.55427   -0.47074
  0.37694   -0.30877    0.16134   -0.28717   -0.32833    0.56311
  0.25702    0.068338   0.0015983 -0.19665   -0.05913   -0.50033
  0.33402    0.52878   -0.43429    0.29096    0.41752    0.18558
  0.4914    -0.91542    0.27669   -0.54252    0.32192    0.46333
  0.41341    0.06092    0.54183    0.73376   -0.85691   -0.76202
 -0.096656  -0.56877   -0.48003   -0.29532   -0.16285    0.59312
 -0.096062  -0.1231     0.29408    0.26869   -0.92542    0.33819
 -0.057125   0.051581   0.044864  -0.097114  -0.24899   -0.55813
 -0.077814  -0.54228    0.015249   1.5777   ]"
planetarium,"[ 0.47316    0.92668    0.080627  -0.26246    0.72444   -0.61204
 -0.45946    0.57971   -0.25321    0.38181   -0.05393   -0.24996
  0.15904    0.10679    0.34117    0.26649    0.58523    1.5338
  0.57507   -0.34224   -0.70402   -0.30845    0.015906  -0.25107
  0.6246    -0.48815    0.58379    0.86273   -0.56674    0.31039
 -0.474      0.13189   -0.46564    1.2983    -0.12793    0.78388
 -0.33314    0.1562     0.17805   -0.30567   -0.091149   0.47407
 -1.1585    -0.15842    0.39241    0.26047    0.56927   -0.072089
  0.67169    0.55398   -0.46573   -0.7474    -0.35936   -0.17678
 -0.77299   -0.71589   -0.060411   0.03645   -0.16527    0.05384
  0.0066088  0.096836   0.37258    0.61213   -0.22647   -0.091829
  0.067232   0.43988   -0.13555    0.49057    0.16507   -0.054121
  0.71356    0.43349   -0.44737   -1.0397     0.84006   -0.23965
 -0.26653    0.065171  -0.7702     0.11086    0.64173   -0.25392
  0.063918   0.4522     0.28378    0.604      0.41024   -0.30111
  1.254      0.050914   0.84908   -0.017495  -0.11717   -0.22386
  0.1518    -0.35503   -0.3172     0.6976   ]"
1707,"[ 0.033714  -0.60487   -0.13837    0.64083   -0.90126    0.7415
 -0.13966   -0.4748    -0.067613  -0.78756    0.46472   -0.85321
 -0.8284     0.52017    0.43437    0.058884   0.214      0.032463
 -0.93362   -0.58588    0.030048   0.20704    0.72272   -0.59147
  0.33084   -0.31622   -0.092927   0.25647    0.85401   -0.29202
  0.45773    0.1102     0.18442   -1.3514    -1.1168    -0.01114
 -0.10421   -0.50077   -0.33586   -0.44703   -0.026968   0.34837
  0.67553   -0.35873    0.18551   -0.37716    0.89495   -0.60015
  0.51161   -0.017403  -0.27062    0.44782    0.55478    0.048938
 -0.92008   -0.19618   -0.32722   -1.0074    -1.147      0.31609
  0.14892    0.23318   -0.57464    0.30659    0.071924  -0.29426
 -1.1366    -0.52709    1.0034    -0.85397    0.2099    -0.033003
  0.058812  -0.37965   -0.12525   -0.782      0.55991   -0.41184
 -0.40473   -0.0085471 -0.028201  -1.1666     0.97356    0.5896
  0.19599   -0.19139    0.40776   -1.015     -0.24855    0.38008
 -0.0275     0.19835   -0.066712   0.47691    0.36415    0.15006
  0.16481   -0.41447   -0.4434    -0.94993  ]"
rea,"[-0.20234  -0.95501  -0.44783  -1.0337   -0.10597  -0.1257   -0.224
  0.4206    0.629    -0.46038   0.22757   0.67831  -0.55199   0.09817
 -0.050911 -0.30005   0.66135   0.066736  0.01448   0.43879  -0.009333
 -0.28648  -0.053253 -0.018119  0.70575   0.29067   0.41676   0.18837
  0.046039 -0.072119  0.095047 -0.11382  -0.33887  -0.34845  -0.27733
 -0.58884   0.03396   0.64383  -0.11347   0.12502  -0.12857   0.81295
 -0.34496   0.20912   0.50281   0.46141  -0.03315  -0.35065  -0.46593
  0.66933   0.21531   0.21407   0.72288  -0.14626  -0.35735  -0.30329
 -0.044204 -0.019568 -0.64759   0.10911   0.25566  -0.8269   -0.36788
  0.47855   0.20023  -0.042433  0.18327   0.13595  -0.11384  -0.038636
 -0.12483  -0.27742  -0.3993    0.13665   0.208    -0.35982  -0.75525
 -0.15794   0.35789  -0.86569   0.3125    0.10457   0.25724  -0.37126
  0.50222   0.23006  -0.61498  -0.53204  -0.14669   0.099541 -0.52
 -0.76593  -0.26458  -0.18763  -0.13258   0.26934   0.16446  -0.75883
 -0.027147  0.38207 ]"
wesson,"[ 0.40596   -0.40286   -0.34213   -0.36669   -0.50519   -0.077095
  1.1116     0.32016   -0.62686    0.53834   -0.24752    0.015348
 -0.43103    0.22933   -0.82917   -0.087398   0.46613    0.28944
 -0.7771    -0.12376    0.17865   -0.72904    0.53767    0.7283
  0.34483    1.3129    -0.067454   0.21902   -0.95219    0.65867
  0.93218    0.38804    0.037474   0.39472    0.24734   -0.4986
  1.0201    -0.094808   0.47438   -0.014849   0.40388   -0.17454
  0.25086   -0.39888   -0.81701    0.21465   -0.067918   0.039416
  0.30959   -0.31088   -0.38754    0.1886    -0.65652   -0.034898
 -0.023808   0.046959  -0.74315   -0.73311   -0.56287   -0.038308
  0.69245   -0.57665   -0.20775    0.87173    0.1967    -0.17668
  1.0146     0.59175   -0.18727    0.11145   -0.32114    0.05848
 -0.051377   0.35599    0.24838   -0.56038   -0.40018   -1.1307
 -0.65556   -0.96349    0.14479   -0.65851    0.50217   -0.23041
  0.37267    0.0099428  0.63937   -1.2952    -0.7181    -0.20859
  0.52262    0.11631    0.10817   -0.40712   -0.60302   -0.26913
 -0.38156    0.42384    0.50024    0.55401  ]"
reorganisation,"[-0.36657   -0.48138   -0.51059    0.089868  -0.43339   -0.016078
 -0.34172    0.35307    0.18916    0.69699    0.49155   -0.34696
 -0.033436   0.0042856  0.31681    0.16851    0.029947   0.64941
  0.14529   -0.16167   -0.31554   -0.19738    0.032561  -0.26519
 -0.54574   -0.37701    0.73824    0.41709   -0.46616   -0.4285
 -0.56279    0.45916    0.043038  -1.1578    -1.2252    -0.39826
 -0.033625  -0.25477   -0.32899   -0.59496    0.11428    0.26533
  0.3555     0.32889    0.18895    0.61411    0.86085    0.53653
  0.25537    0.19435   -0.45345    0.15977   -0.18498    0.50058
 -0.24699   -0.03738    0.42564   -0.646      0.58528    0.36487
  0.026261  -0.57243    0.24523    0.49097    1.1948    -0.62065
 -1.5504     0.041676   0.52897   -0.11092    0.34535    0.03841
 -0.43723   -0.095065  -0.45769   -0.063807  -0.45738    0.55126
 -0.61871    0.20311    0.10788   -0.26181    0.55011    0.75343
 -0.21163   -0.06064   -0.22694   -0.82699   -0.17551    0.27004
 -0.049196  -0.44229   -1.8589     0.67304    0.33268   -0.13872
  1.1069     0.21994   -0.10123   -0.16619  ]"
beatification,"[ 0.46653   0.69526  -0.57609   0.73303  -0.21124   0.31584   0.5702
 -0.07087   0.17133   0.31575  -0.65188   0.21683   0.039499  0.17547
  0.019354 -0.61182   0.3649    0.35961   0.43604   0.26358  -1.3655
 -0.69878  -0.46766   0.63053   0.58967   0.30909  -0.47334   0.42944
  0.72169   0.026184 -0.14634  -0.45076   1.2578    0.49888  -0.45199
 -0.25079   0.46077  -0.26785  -0.53868   0.81761  -1.2036    0.77027
  1.2327   -0.40401  -0.43513  -0.15506   0.58261  -0.51427  -0.014424
  0.25266   0.72764  -0.76937  -0.23567   0.57101  -0.95678  -0.029113
 -0.97132   1.2306    0.21769  -0.63754  -1.2338    0.3603    1.5436
 -0.36903   0.40866  -0.47071  -1.0006   -0.083008 -0.64193  -1.2363
 -0.13883  -0.0329   -0.80609  -0.072991  1.466    -0.073098 -0.13067
 -0.12401   0.17778  -0.30246  -0.018175  0.073762  0.48393   0.66049
 -0.81215   0.09094   1.3809   -0.080703 -0.29132  -0.35906  -0.42621
 -0.24558   0.12668   1.696     0.46875  -0.96229   0.95046  -0.66529
 -0.17269   0.043298]"
mamet,"[ 0.036439  -0.065618   0.27865   -0.33253    0.087801  -0.042854
  0.26295   -0.10979   -0.50674    0.65154   -0.34178   -0.10039
 -0.24975    0.18851   -0.034544   0.59205   -0.87353    0.35695
  0.78582    0.51456   -0.1198     0.055558   0.77064   -0.40196
  1.1377    -0.20083   -0.68084   -0.58316    0.019829  -0.20601
 -0.56444    0.82636   -0.074564  -0.066455  -0.14897    0.28837
  0.65491   -0.21851   -0.0096177 -0.068924   0.19311    0.78038
 -0.6759     0.93579   -0.24245    0.04168   -0.41539   -0.97929
  0.040404  -0.02018   -0.37578   -0.1376     0.54078   -0.48734
 -0.1123     0.23001   -0.13683   -0.11189   -0.87963   -0.74021
  0.3599     1.1884    -0.026467  -0.83974    0.58991   -0.29775
  0.92304    0.33618   -0.53902    0.076804  -0.14515   -0.29159
 -0.043307  -0.30872    0.04954   -0.4224     0.51069   -0.14493
 -0.19455    0.026315  -0.21459    0.19812   -0.44893    0.43676
 -0.36772    0.48432   -0.30315    0.13855    0.16989   -0.37788
 -0.37137    0.0075766 -0.33736   -0.14203   -0.028358   0.24769
  0.56734   -0.11186   -0.1883     0.79425  ]"
sahel,"[-0.62989  -0.15453   0.091813 -0.1847    0.37378  -0.24738   0.72965
  1.5362    0.075355 -0.015415 -0.57479  -0.019009 -0.97459  -0.3198
  0.63875   0.61477  -0.13007  -1.781    -0.30065  -0.72868  -0.052012
  0.80356  -0.25003   0.36793   0.087417  0.84515   1.0629    0.063092
  0.04192  -0.81891   0.29097  -0.26026  -0.28085  -0.1563    0.10401
 -0.14008  -0.44789   1.581    -0.67785   0.54555  -0.2774   -0.27361
 -0.36764  -0.22285   0.70518  -0.14465   0.66227   1.1463   -0.51349
  0.34901  -1.6757    0.90769  -0.63555   0.56665  -0.37279   0.21874
 -0.1702   -0.30992  -0.95017   0.10348   0.53989  -0.083386  0.041261
 -1.0963    0.9027    0.11453  -0.13691   0.33812   0.23155  -0.86714
  0.31237  -0.19083   0.25058  -0.46473  -0.06792   0.13157   0.29435
  0.65644  -0.051562  0.085963  0.30787   0.098641 -0.78575   0.077147
 -0.30093   1.3523   -1.2591    0.20287   0.27834   0.29815   0.010627
  0.73504   0.23066  -0.24237   0.11358   0.62818  -0.19533  -0.25132
 -0.22382  -0.72652 ]"
recklessly,"[ 9.8169e-02 -8.0633e-01  2.9708e-01  1.5379e-01  9.2830e-02  7.5898e-01
 -3.9628e-01  3.7670e-01  9.3827e-01  2.5819e-02  1.0738e-01  7.2067e-01
 -3.3872e-01 -5.9258e-01 -3.8989e-01 -4.1166e-01 -2.2699e-01  7.0821e-01
 -4.2237e-01  2.2784e-02  8.7765e-01 -7.9842e-04  4.8507e-01 -2.7242e-01
 -1.0473e-01  7.6895e-01 -1.6673e+00 -1.3902e-01 -5.5881e-01  2.8589e-01
  6.3365e-01  9.4599e-01 -1.0517e+00 -3.2162e-01 -1.5134e-01 -3.8726e-01
  1.1169e-02 -8.4931e-01 -5.5671e-01  6.9530e-01 -1.8594e-01  6.6965e-01
 -4.1436e-01  3.6693e-01 -2.5723e-01 -2.4339e-03  5.4039e-01 -1.6011e-01
 -4.2478e-01 -9.1857e-01 -4.0668e-01 -1.6114e-01  3.6941e-01  4.2663e-01
 -3.3245e-01  5.9624e-01  7.6066e-01  2.8372e-01 -4.8899e-02 -3.3022e-02
  5.5910e-01  3.2747e-01  6.6062e-02  2.4016e-01 -4.3154e-01 -2.2220e-01
  1.7133e-01 -6.7363e-01 -5.9273e-02  4.1879e-01 -2.0614e-01 -8.0725e-01
 -3.4409e-03 -5.9586e-01 -2.3640e-01  2.6280e-01  7.9810e-02  3.2103e-01
  1.1145e-01 -1.2506e-01  3.3589e-01  8.8654e-01 -6.9854e-01  1.8602e-01
 -1.6825e-01 -4.5312e-01  5.3201e-02  1.1381e-01 -7.4257e-01 -7.1251e-01
 -1.0516e+00 -3.3265e-01  2.1330e-01 -5.1888e-01  9.5080e-01  3.0822e-01
 -1.6934e-01 -6.9804e-02  2.5959e-01 -3.1950e-01]"
357,"[ 0.032983   0.81775    0.47127   -0.099183  -0.022225   0.91359
  0.37779   -0.062878  -0.20561    0.22501    0.62181    0.16001
  0.037224   0.16719    0.24735   -0.31373   -0.21746    0.34044
 -0.10741    0.70058    1.0568     0.012815  -0.013681   0.71483
  0.25466   -0.73661    0.88147    0.28511   -0.20532   -0.41621
 -0.0019743  0.27729   -0.1868     0.12634   -0.66508    0.48083
  0.31089   -0.035324  -0.035004   0.51168    0.081875  -0.17979
  0.08234   -0.1264     0.34706   -0.60108   -0.064407  -0.29761
 -0.48329    0.45526   -0.31663   -0.41149    0.14419    0.46418
 -1.3204     0.26203    0.69831   -0.11867   -0.2398    -0.41426
 -0.73425   -0.69995    0.049586   0.77505   -0.9886     0.13944
  0.032856  -0.086868  -0.047491  -0.1148    -0.2982    -0.024222
  0.0068901 -0.022369  -0.070794   0.39198   -0.0049502  0.53462
 -0.68498   -0.01705    0.041889   0.36075    0.15004    0.61163
  0.21479    0.3208     0.33537   -0.70775   -0.11769    0.51913
 -0.14931    1.0646    -0.44793   -0.3808     0.02985    0.37433
  0.15982    0.33161   -0.18682   -0.28041  ]"
annulment,"[ 0.49564    0.01524   -0.73428    0.23825   -0.24207    1.0624
 -0.30377    0.40922    0.058956   0.12978    0.19269    0.5522
 -0.18706   -0.0056388  0.084425   0.019083  -0.16122    0.14793
  0.88928    0.79468   -0.51405   -0.63536    0.62176    0.92177
  0.40013   -0.61283    0.12187   -0.30293   -0.049232  -0.11002
  0.83232   -0.12756    1.2339    -0.071042  -0.67041   -0.12837
  0.87567   -0.37436   -1.0386     0.048813  -0.69524    0.52295
  0.5296    -1.2229    -0.91959   -0.96178    0.19911   -0.12467
  0.70155   -0.25223    0.48069   -0.086126   0.18426    0.40967
  0.092198  -0.1793     0.35162    0.3672     0.28393   -0.26303
 -0.86199   -0.8124     0.38138    0.1755     0.36668   -0.502
 -0.3461    -0.67852   -1.1976    -0.6551    -1.0173     0.042914
 -0.37575   -0.081595   0.5706     0.096612  -0.32283   -0.40408
 -1.2463    -0.54608    0.0903    -0.33651    0.75669    0.60465
 -0.0033962 -0.41115    0.58261   -0.093281   0.0328    -0.83641
 -0.035307  -0.39439   -0.58413    0.75477   -0.06852   -0.47362
  0.26671    0.72302   -0.42767    0.44936  ]"
berkley,"[ 0.25204    0.12219   -0.057469  -0.12833    0.28397    0.56537
  0.51997    0.65151   -0.0018764 -0.22782    0.36699   -0.17935
 -0.97137   -0.014345   0.15394   -0.1635     0.71916    0.28338
  0.51722   -0.032371   0.22245   -0.30837    0.69414    0.58602
  0.51797    0.99823   -0.41816   -0.27824   -0.98301   -0.1111
  0.4055    -0.35011    0.099104  -0.9037    -0.065982  -0.2372
  0.41798    0.80177    0.81094    0.093191  -0.83262    0.73338
 -0.98957   -0.19315   -0.23181    0.17077    0.14217   -0.39196
  0.1474     0.94335    0.14846   -0.33437    0.088362  -0.37817
  0.081537  -0.50429    1.538     -0.084721  -0.71168    0.034142
  0.17018    0.12639   -0.054632  -0.048224  -0.43391   -0.47103
  0.2492     1.1051     1.3007     0.38944    0.21817   -0.013504
 -0.0072595  0.37233   -0.25349   -0.86163    0.22827   -0.28605
 -0.79213    0.582     -0.34611   -0.51217    0.2157    -0.26566
  0.35854   -0.024049   0.54652   -0.089327   0.28476    0.061785
 -0.46853    0.24997    0.95292   -0.016331  -0.67864    0.11966
  0.72486    0.1815    -0.28917   -0.091648 ]"
qarase,"[-1.0668   -0.80851   0.58858   0.061527 -0.31969  -0.13509  -0.55805
  0.3949    0.11136   1.0986    0.036669  0.14719  -0.53085   0.24763
  0.65973   0.064109 -0.70973   0.1823    0.1489    0.3557   -0.28213
 -0.65872   1.179    -0.45537   0.22095  -0.31028   0.11047   0.19892
 -0.067589 -0.31282   0.38106   0.29924  -0.16192   0.27959   0.067715
  1.3325    0.32289   0.026327 -0.31851  -0.77323  -1.4947    0.78154
  0.98175  -0.17358  -0.057896  0.33159  -0.17312  -0.1028    0.18732
  0.37935  -0.75973  -0.32208   0.71845   0.25555   0.018956  0.71431
  0.034758 -0.072716  0.23006   0.67623  -0.3143   -0.67793  -0.90749
 -0.21374   0.032016  0.50943   0.32747  -0.13421  -0.14597   0.60799
  0.54601   0.13652  -0.27987  -0.83112  -0.57018   0.21916  -0.79853
  1.2667   -0.44382   1.168    -0.14717  -1.1711    0.37845  -0.44244
  1.1777   -0.28207   0.69016   0.90692  -0.25979  -0.89665   0.27707
 -0.57548  -0.63305   0.32839  -0.042029 -0.39992  -0.3715    0.11316
 -0.29215   0.19142 ]"
radicalism,"[ 6.6160e-02  6.4729e-01  1.0916e-01 -2.1710e-01  1.6038e-01  2.1269e-01
 -4.4737e-01 -1.4548e+00 -1.9474e-01  1.3004e+00 -6.5525e-01 -4.7001e-02
  1.2387e-01  2.2839e-03  4.0779e-01  2.2425e-01 -9.1059e-01  3.7287e-03
 -4.3462e-02 -5.3228e-01  8.0035e-02 -2.3089e-01  3.6803e-01 -5.9784e-01
  2.6636e-01  4.7984e-01  2.7299e-01 -5.7447e-01 -1.0990e-01 -9.4337e-02
 -2.3133e-01  3.2553e-01 -2.5635e-01  4.6505e-01 -1.5149e-01  3.4566e-01
 -1.0788e-02 -2.7594e-01 -4.7912e-01 -1.0947e-01 -5.9972e-01  3.8347e-01
 -4.2526e-01 -1.4541e-01  9.2772e-02 -7.8417e-01  1.5125e+00  7.1493e-01
  1.7881e-01  1.0175e-01 -9.4565e-02  5.2155e-01 -7.1723e-01  6.4138e-01
 -2.3835e-01 -5.2939e-02  2.5655e-01 -1.6073e-01 -3.8475e-01  1.1832e-01
  7.5260e-02 -9.8755e-02  1.6092e-01 -5.3981e-01  3.6040e-01  3.0882e-01
  6.5711e-01 -6.9255e-01  5.9034e-01 -3.4653e-01  3.7298e-01 -6.1013e-01
 -5.7879e-01 -2.1712e-01 -3.6568e-01 -1.5131e-01  5.3629e-03 -4.2894e-02
 -4.3747e-01  2.1955e-01 -5.7690e-01  3.2498e-01  3.7698e-02  4.3374e-02
  2.9075e-01 -1.9544e-01 -2.6873e-01  5.7568e-03 -3.8011e-01 -1.0561e-01
 -3.1563e-01 -7.2644e-02  9.2583e-04  2.7417e-01 -4.1301e-01 -6.4436e-01
  5.2241e-01 -4.6198e-01 -1.0750e-01  3.0147e-01]"
poppies,"[ 0.13635    0.83145   -0.25301   -0.70171    0.21877   -0.49861
 -0.19239    0.14115    0.26301    0.6265    -0.8207     0.099506
  0.29518    0.76428    0.65618   -0.34062    1.508      0.50797
  0.42559   -0.45237   -0.13356   -0.014782  -0.059157   0.70547
  0.0096903  0.4363     0.97991   -0.83433    0.53305   -0.41894
 -0.42811   -0.93592    0.97133   -0.64945   -0.22575    0.50761
 -0.19368    0.18365    0.18963    0.46193    0.16019    0.49373
  0.070411   0.1811     0.61027   -0.54851    0.48634    0.084112
 -0.49434   -0.31263   -0.37825    0.039714  -0.049632   0.92849
 -0.43583    0.70959   -0.71484    0.24683   -0.44664   -0.88426
  0.50607    0.5571    -0.038436  -0.42166   -0.034391  -0.13433
  0.64953   -0.69374    0.44527   -0.39805    1.0452    -0.33059
 -0.21871   -0.22555   -0.39915   -0.23109   -0.17176    0.35838
 -0.65048    1.3485     0.91084   -0.24257   -1.0411     0.20151
 -0.14128   -0.12961    0.63102    0.10962   -0.75118    0.96914
  0.083377  -0.37553   -0.26367   -0.40859   -0.7456    -0.37606
 -0.53384    0.51903   -0.20656    0.75351  ]"
superfund,"[ 0.21129    0.1137     0.57442   -1.0212    -0.018847  -0.90435
 -0.51567   -0.28328    0.48785    0.86606    0.91018    0.1404
 -0.7276    -0.72798   -0.97016   -0.083285   2.4529     0.15216
 -0.52383    0.74598   -0.27541    1.0234    -0.35683    0.66062
 -0.6964    -0.13434   -1.0045     0.31389   -1.4905    -0.5856
  0.45748    0.21683    0.55501    0.90617   -0.66834    0.30015
 -0.38154   -1.3818    -0.21286    0.63442    0.40737    0.31798
  0.16397   -0.20664    0.83141    0.51429   -0.42234    0.24122
 -0.94982    0.26538    1.0461    -0.27049   -0.34086   -0.073772
 -1.3484     0.28142    0.86528   -0.14059    0.75152    0.22424
 -0.42206    0.39132    0.32194    0.6465     1.3681     0.65754
  0.10878   -0.52422    0.72175   -0.62733    0.65596   -0.23121
  0.17124    1.297     -0.67643   -0.57547   -0.42007   -0.16252
 -0.26215   -0.62311    0.50314   -0.25639    0.053726   0.489
  0.19233    0.5318     0.28471   -0.0057507 -0.77125    0.020453
 -0.20158   -0.27715   -0.36837    0.40466    0.62706    0.31413
  0.51048    0.69294    0.14479    0.13601  ]"
éireann,"[-1.0411   -0.91314   0.65578   0.71794   0.98696   0.16408   0.49069
  0.81696  -0.36756  -0.84512  -0.51601   0.35236  -0.021797  0.82064
 -0.29361  -0.57313   0.50468   0.12319   0.48988   0.030417  0.25944
 -0.39325   0.90344  -1.3964   -0.1243   -1.0674   -0.20931   0.5324
  0.67251  -0.25776  -0.69586   1.4037    0.06008  -0.45892   0.048434
  0.89418  -0.54224  -0.37963   0.56284  -0.26055  -0.28478  -0.068794
 -0.10618  -0.024682  0.067572  0.12606   0.72867  -0.86625  -0.55768
  0.42618  -0.79639   1.0891    1.0655   -0.48125  -1.2776    0.54828
 -0.09985   0.31374   0.61627   0.24522  -0.013604 -1.0119   -0.80022
  1.5865    0.080012  0.39875  -0.15308  -0.84371   0.57074   0.54001
  0.063565  0.11608   0.058747 -0.42478  -0.26888  -0.65322   0.12736
  0.057541 -0.49168  -1.918    -0.72667  -0.28566   1.3235   -0.38456
 -0.39858  -0.69103  -0.34676   0.40701  -0.50615   0.55396   0.39028
 -0.030257 -1.127     1.0468   -0.071973 -0.034206  0.98233   0.33911
  0.15837  -0.93617 ]"
dhahran,"[ 0.076375   0.28353    0.36887   -0.34435   -0.61133   -0.56442
 -0.65973   -0.22196   -0.36461    1.0129     0.92069   -0.93584
  0.34161    0.98373    0.67273   -0.059851  -0.94913   -0.24263
 -0.72938    0.14461    0.50434   -0.13492    0.17432    0.54596
 -0.066972  -0.31936    0.64893   -0.30164    0.10658    0.047917
 -0.0028865 -0.81829    0.28069    0.75591   -0.59332    0.16044
 -0.38847    0.76892    0.74836    0.13343    0.8194    -0.23003
  0.12214    0.0083203  0.42583    0.35068    0.17486    0.73438
 -0.082378  -0.43249   -0.73128    0.15332    0.28512    0.13733
 -1.1373     0.20215    0.24449   -1.7306     0.71531    0.081112
 -0.53761    0.014815   1.3438    -1.077     -0.5286    -0.84232
 -0.81107    0.016779  -2.1543     0.25649   -0.55183   -1.4126
 -0.26632    1.137     -0.70404   -0.60819    1.8995     0.23088
  0.11925    0.40696    0.29069    0.60013   -0.048712   0.28608
  0.45548    0.33378    0.62143   -0.5649    -1.0132    -0.02344
  1.3963    -0.47639   -0.12111   -0.12677   -0.54746    0.90442
  0.31744   -0.66748   -0.46585    0.53326  ]"
dissolves,"[-1.0786e+00  1.1789e-03  5.3293e-01  4.6945e-01  1.2317e-01  9.2215e-01
 -4.8909e-01  2.8079e-01  9.8808e-01 -1.5584e-01  2.1418e-01 -7.1235e-03
 -8.4157e-01  3.5308e-01  1.1416e-01  3.8739e-01 -3.7866e-01 -1.7895e-01
  6.2313e-01 -5.0734e-01 -4.3870e-01 -5.6948e-01  6.0125e-01 -2.2100e-01
 -2.8700e-01  8.0909e-01 -5.7279e-01  1.0440e-01  3.0945e-01 -3.8701e-01
  3.0765e-01  9.7935e-01 -1.1951e+00 -7.7978e-01 -6.2528e-01  9.5539e-02
  2.0308e-01 -6.0550e-01 -4.9419e-01 -3.6910e-01 -4.7132e-01 -2.7007e-01
 -3.7295e-01 -8.1953e-01  2.3971e-02 -1.7613e-01 -6.0891e-01  4.6687e-01
  2.1688e-01 -3.4679e-01 -2.0404e-01 -4.7963e-01  6.4384e-01  7.3945e-01
 -1.9635e-01 -2.8785e-01 -5.7331e-01  4.4299e-01  4.8628e-02  2.5701e-01
  1.7395e-01 -1.8716e-01  4.5000e-01  2.4212e-01  5.8780e-01  3.5626e-01
  6.4067e-01 -5.6106e-01 -5.0165e-04 -9.5168e-01  1.0160e+00 -3.7817e-01
  3.2410e-02  2.7438e-01  7.0366e-01 -6.2273e-01 -8.4719e-01 -6.9544e-01
 -4.0125e-02 -3.6185e-01  2.2578e-01 -3.6098e-01  2.1361e-01  5.3270e-01
  8.6057e-01 -3.8269e-02  5.0103e-01  2.4544e-01  2.1890e-01  2.2257e-01
  4.6496e-01  1.9403e-02 -1.4374e+00  7.7526e-01 -2.4545e-01  1.7193e-03
  7.0320e-01  2.9830e-02 -4.2429e-01  8.7106e-02]"
microbial,"[-0.14179    0.75792    0.12016   -0.66186   -0.3766    -0.4904
 -0.38441   -0.71481   -0.20245    1.0317    -0.86327    0.10479
 -0.23249   -0.44896    0.48368    0.68301   -0.46538    0.61975
 -0.12825   -0.53541   -0.63495   -0.17451    0.38047    0.34854
  0.39679    0.13739    0.8488    -0.52446    0.058291   0.17831
 -1.0312    -0.30046   -0.75304    0.054104   0.81558   -0.73158
 -0.36601    0.053105  -0.46886   -0.0062378 -0.66119   -0.19375
 -0.39009    0.10569    0.46798    0.42823   -0.47386   -0.29714
 -0.81706    0.52749    0.24866   -0.19438   -0.48932   -0.46667
  0.25803    0.45756    0.15781   -0.70464    0.46436    0.24762
 -0.061235   0.64559    0.39569   -0.31013    0.94962    0.75598
  0.65956   -0.73656    0.71285   -0.76628   -0.15096   -0.26035
  0.32849   -0.27076   -0.47408   -0.43417    0.40585   -0.67666
 -0.29461    0.70315   -0.56783    0.31895   -0.76092    1.1835
 -0.041309   0.25437    1.2042     0.072513  -0.69581   -0.26123
  0.11757   -0.58365    0.038008   0.46635    0.91006   -0.68182
  0.2193    -0.73071    0.56534   -0.14313  ]"
watcher,"[-0.10077    0.45964    0.68773   -0.93306   -0.34293    0.32777
  0.15082   -0.46016    0.048253  -0.34328   -0.5246     0.13248
  0.45703   -0.24909   -0.30658   -0.0070036  0.27448   -0.5544
  0.5594    -0.4544    -0.31002    0.3469    -0.58242   -0.22022
  0.79191    0.19704   -0.32538    0.12329   -0.42587   -0.20658
 -0.17666   -0.033754   0.34021    0.87164    0.068793   0.46699
 -0.17873   -0.030571   0.15563   -0.9116    -1.0619     0.64527
 -0.62826   -0.17238    0.27668   -0.55618   -0.20014   -0.45899
 -0.21253   -0.054963   0.39641   -0.545     -0.2967     0.082792
  0.17954   -0.35845   -0.44566    0.12976    0.25149    0.18121
  0.26907   -0.1909     0.18681    0.43135   -0.53044    0.17184
  0.050114   0.31061    0.5657     0.85294    0.38854   -0.30263
  0.15827    0.18237   -0.59389   -0.61583    0.034863  -0.28
  0.084476  -0.40118    0.23857   -0.46346   -0.15448    0.28762
  0.40147   -0.40972   -0.50335    0.2141     0.42174   -0.071568
  0.87494    0.57126    0.8472    -0.29261    0.06604    0.1369
  0.72376   -1.24      -0.46323    0.62588  ]"
suspiciously,"[ 4.5778e-01 -2.2107e-01  4.8780e-01 -3.8288e-01  2.9603e-01  2.3938e-01
 -5.5544e-02  1.4365e-01  5.4638e-01 -7.1808e-03 -7.2385e-01  3.5611e-01
  1.5245e-01 -1.1987e-01  4.3423e-01 -4.1338e-02 -6.4462e-01 -8.8125e-02
  2.8858e-01  3.8550e-02  4.8714e-01  5.5419e-01  3.4126e-01 -8.5957e-01
 -8.5442e-02 -1.6413e-01 -2.8363e-01  2.1496e-01 -6.2394e-01  1.0591e-01
  1.5556e-01  2.2359e-02 -2.7528e-01 -1.5815e-01  7.7670e-01  5.5374e-02
 -1.4192e-01 -6.9366e-01  2.0267e-01 -4.1179e-01  3.9946e-01  2.8233e-01
 -8.0325e-02 -6.0889e-02 -1.4100e-01 -6.3953e-02  4.3218e-01  1.1621e+00
 -3.8065e-01 -5.2311e-01  1.3481e-01 -4.9705e-01  6.4819e-01  5.6801e-01
 -9.5807e-01  3.8026e-02  5.7910e-01  8.9981e-02 -3.2767e-01 -4.6147e-01
 -2.9456e-01  1.4396e+00 -1.1090e-03  4.7544e-01 -1.0035e+00 -2.9146e-01
  1.1434e-01 -5.2695e-01 -4.7027e-01  8.9615e-01 -8.3275e-02 -5.5782e-01
  4.9813e-01 -5.8694e-01  2.3204e-01 -2.7025e-01  2.8132e-01 -2.8173e-01
  1.2087e-01 -1.0165e+00  3.1541e-01  1.4061e-02  2.5258e-02 -4.0808e-01
 -3.9207e-01 -7.8921e-01  8.4862e-01 -2.0494e-02 -8.3432e-01 -7.6165e-01
 -4.5041e-02  3.7377e-02 -1.8387e-01 -6.4316e-02  3.0714e-01 -1.1480e-01
 -8.7264e-01  2.5507e-01 -3.5311e-01 -3.1795e-01]"
untitled,"[ 0.069829   0.2308     0.57646   -0.0037591  0.56037    0.10805
  0.20174    0.1898     0.30997    0.053536   1.4612     0.34591
  0.32808   -0.31347   -0.22309    0.10228    0.90004    0.24902
  1.6285     0.072664   0.30986   -0.14342    0.21084    0.34591
  0.63453   -0.48604    0.45835    0.51263   -0.052519   0.08713
 -1.3346    -0.73503    0.01549    0.030077  -0.35267    0.58409
  0.19192   -0.11456    0.69289   -0.28788    0.76022    0.49393
 -0.17315    0.42936   -0.1085    -0.72882   -0.73183    0.090352
 -0.18152    0.3859    -0.22968   -0.021611   0.47293   -0.41742
 -0.69749   -0.49366    0.45621   -0.34251   -0.31437    0.1585
 -0.1131     0.57092   -0.06799   -0.13554    1.136     -0.6532
  0.57631    0.29147   -0.87758   -0.67814    0.84842    0.11851
 -0.39693    0.69731    0.035469  -0.016039  -0.452      0.31841
 -0.03082   -0.89396   -0.5207     0.3897     0.64516    0.014372
 -0.566     -0.16904    0.25974   -0.59239    0.030759   0.25072
 -0.46187   -0.11274    0.19132    0.28719    0.28708   -0.5794
 -0.37552   -0.42606   -0.17668   -0.60879  ]"
14-month,"[ 7.1848e-01 -7.2901e-02 -2.5842e-01  6.0735e-01 -5.6680e-01  5.4316e-02
  1.8685e-01  6.2641e-01 -5.7577e-01  1.0880e+00 -1.0995e+00  7.0069e-01
  9.6950e-02  2.7648e-01  7.3230e-01  2.4758e-01 -5.7140e-01 -1.1069e+00
  9.6812e-02  5.6634e-01  1.7564e-01  4.9750e-01  7.3921e-01  1.2318e+00
  9.0135e-01 -4.2585e-03 -9.0337e-01 -2.6191e-01 -3.0705e-01  6.2428e-01
  9.4454e-02 -9.8678e-01  1.5355e-01  4.7655e-01 -3.7565e-01 -3.6541e-01
  5.5464e-01 -1.0309e+00  7.6079e-01 -3.7684e-01  4.3477e-01  4.7957e-01
  5.9282e-01  2.5720e-02  3.2204e-01  5.2401e-01 -2.0065e-01 -6.5908e-02
  2.9454e-01 -4.8397e-01  2.3220e-01 -6.9205e-01  3.6268e-01  1.7288e-01
  4.2405e-01 -6.7067e-01  2.8137e-01 -1.5103e-01  3.7206e-01  3.3518e-01
  5.5185e-01 -3.0855e-01 -2.4719e-01 -5.1976e-04 -3.4006e-01  6.1264e-01
 -3.5382e-01 -4.4431e-01 -6.9325e-01 -4.5080e-01  3.6030e-01  7.3342e-01
 -8.5029e-01  2.9664e-01 -7.4843e-01 -2.8811e-01 -9.0992e-01  2.6885e-01
 -1.2081e+00 -7.8812e-01  5.9065e-01  6.1066e-01  4.8618e-01 -1.2431e-01
  2.2003e-01  1.2905e-01 -3.9367e-03  8.3819e-01  9.5299e-02 -2.5227e-01
 -6.3588e-01  8.4004e-01 -6.1777e-01 -8.6318e-02  3.9774e-01 -1.3939e-01
  6.7082e-01  5.6348e-01 -9.8592e-01  3.4597e-01]"
caveat,"[-2.0328e-01  4.4277e-01  7.7996e-01 -3.2766e-02  6.3869e-02 -2.7548e-01
 -6.3661e-02 -5.1176e-01  5.8646e-01 -3.8982e-01 -9.2750e-03  9.5194e-02
 -1.8382e-01 -3.4801e-01 -2.5603e-01  2.5385e-01 -9.6661e-02  1.6840e-01
  3.4230e-01 -1.9045e-01 -3.9222e-01  5.8528e-03 -8.1597e-01 -4.1460e-02
  3.3970e-01  3.6933e-02 -2.1834e-01  2.4168e-01 -8.3442e-01 -7.7241e-01
 -2.2814e-01 -5.9220e-01  5.4460e-01 -5.1674e-01 -8.9733e-01  1.1707e+00
 -7.1298e-02  2.1869e-01  6.5556e-01 -3.0090e-01  2.5342e-01  6.6994e-01
  7.3828e-01 -3.4417e-01 -3.5064e-01 -4.4668e-01  5.6017e-01  2.1340e-02
 -5.1661e-01 -2.8598e-03  5.0065e-02  1.4959e-01  4.2927e-03  1.5221e-01
 -4.1251e-01  2.3697e-01  2.0114e-01 -2.9343e-01 -2.0311e-01  1.6553e-01
 -4.4573e-01 -1.1367e-01 -6.2075e-02  5.5931e-01  6.3398e-01 -4.0762e-01
 -1.1031e-01  2.6411e-02 -3.6510e-01 -1.7361e-02  8.5187e-02  4.2106e-01
  3.3025e-01 -1.4913e-01 -2.4589e-02  5.2683e-01 -1.0283e-01 -8.3836e-01
 -1.5779e-01 -6.3043e-01  2.6809e-01 -1.6051e+00 -1.0355e-01 -4.0586e-02
 -1.1736e-01 -9.6810e-03  3.4360e-01 -4.3266e-01 -4.1190e-01  7.9309e-02
 -3.9808e-01  1.8375e-01  1.4755e-01 -4.9069e-01  6.7912e-02  1.7861e-01
  1.4161e-04 -4.4960e-01 -4.6194e-01  9.9953e-01]"
stepson,"[ 0.57627   0.13682   0.36562  -0.42528   0.23044   0.5987    0.1828
 -0.24402  -0.22995   0.68403  -0.19431   0.46135  -0.24808   0.18334
  0.37762  -0.49473  -0.14609  -0.5524   -0.51073   0.48657  -0.29913
 -0.18087   0.31845   0.73088   0.8789    0.36921  -0.49331  -0.49893
  0.052789  0.62811   0.098234  0.33058   0.24405  -0.18595  -0.71729
  0.12969   0.36751  -0.56276   0.79949   0.33565   0.38928   0.42136
  0.57976  -0.62882  -0.19803  -0.060695 -0.49492   0.018614  0.43215
  0.20161  -0.09368  -0.29607  -0.084548  0.30014   0.55075   0.043094
 -0.11381  -0.07536  -1.0367   -0.18634   0.085766  0.24448   0.81852
  0.17799   0.17709  -0.41867   0.43248   0.083963 -0.24881   0.22529
 -0.20016   0.2071    0.33978  -0.19543  -0.13145  -0.094372  0.034108
 -0.34775  -0.62346   0.1885    0.24814   0.10018   0.61045   0.030199
 -0.2951   -0.21797   0.28191  -0.4676   -0.39217  -0.61561  -0.10697
  0.031651  0.82204   0.057134 -0.28861  -0.29115  -0.016588 -0.52917
 -0.30272  -0.23252 ]"
parrots,"[ 0.25342    0.86871    0.91261   -0.3146    -0.039256   0.60453
 -0.50619   -0.37857   -0.46729   -0.80786   -0.32036   -0.1491
  0.51513    0.17883    0.21741    0.54598    0.36428    0.10595
  0.72646   -0.4966     0.49504    0.17377    0.26696   -0.35865
  1.0847     0.75407    0.052506   0.24207   -0.17995    0.38693
 -0.30267   -0.22273    0.4917     0.38764    0.84252    0.66799
  0.25563    0.43667    0.52427   -0.15841   -0.15369    0.70421
  0.1308    -0.49476   -0.47892   -0.31721    0.15555    0.67227
  0.46767    0.35926    0.60847    0.08871   -0.047429   0.0046318
  0.028525   0.76964    0.35904   -0.46471   -0.55281   -0.088111
 -0.46982    0.0045492  0.37379   -0.25305    0.24001    0.54132
 -0.18491    0.46832    0.97456   -0.43078   -0.53499    0.22423
  0.18327   -0.33418   -0.34329   -0.42912   -0.52335    0.46939
  0.030199   0.55915    0.51676   -0.56327    0.10567    0.79768
 -0.23344   -0.44782    1.0625    -0.49968   -0.30644    0.49403
 -0.60147   -0.7435     0.53186   -0.80936   -1.2463    -0.45486
 -1.6979     0.046097  -0.39119   -0.08859  ]"
culpepper,"[-0.12465   -0.62518    0.37845   -1.6785    -0.74848   -0.0042375
  0.090646  -0.28487   -0.42571   -0.64431   -0.097065   0.6189
 -0.33219   -0.038441   0.021656  -0.029963  -0.076309   0.37306
 -0.064259   0.27661   -0.6747    -0.056112  -0.3728     0.59235
  0.21343   -0.038533  -0.62868   -0.30229   -0.50857    0.4905
 -0.2775     0.66464    0.28811   -0.11366    0.40279   -0.66377
 -0.81428    0.6283    -0.018545   0.56786   -0.1977    -0.12899
 -0.25424    0.33506   -0.87161   -0.20542    0.60998   -0.6247
  0.76599    0.38065    0.010324   0.06924    0.13675   -0.09158
 -0.55608   -0.21799    0.25595   -0.31385   -1.0653     0.66627
 -0.035464   0.27722    0.12097   -0.10079    0.27517    0.39033
  1.0624    -0.018303  -0.34294   -0.29164    0.088731   0.39625
  0.053173  -0.022619   0.026934   0.35524   -0.37635    0.46059
  0.16275   -0.056593   0.10945    0.4778    -0.86212    0.16539
  0.37634    0.024603   1.6031     0.083238   0.37962   -0.34977
  0.22146   -0.21817   -0.69532   -0.30666   -0.1735     0.34827
  0.029287   0.80556   -0.0052391 -0.25933  ]"
guaranty,"[ 7.7135e-01 -9.7021e-02  2.5282e-01  8.5107e-01  1.4122e-01 -1.7662e-02
  9.7733e-01  1.3856e+00 -2.5672e-01 -7.8295e-01  4.9114e-01  1.5345e+00
 -1.4402e+00 -2.7914e-04 -1.2368e+00  4.2303e-01  1.8373e+00  7.3905e-02
  6.7892e-01 -1.9729e-01 -6.7235e-01  1.3275e-01 -5.4180e-01 -1.9316e-01
 -4.4611e-01  2.1649e-01 -6.9619e-01 -6.3134e-01 -1.4528e+00 -5.2012e-01
  1.1175e+00  9.1403e-01 -7.2745e-01 -1.8178e-01 -4.8618e-01 -4.0176e-01
  6.9549e-01  5.3313e-01 -1.2600e-01 -3.7987e-01  3.2757e-01  7.9810e-02
 -1.0899e+00  1.0828e-01  1.0646e-03  6.2227e-01  3.2125e-01  5.6096e-01
 -3.0605e-01 -7.9221e-01 -8.9536e-01 -1.2099e-01  7.3460e-01  4.1555e-02
  6.1628e-01 -3.2318e-01  6.0058e-01 -8.9560e-01 -2.5138e-03  1.3352e-01
 -4.5821e-01 -5.6490e-01 -1.0358e-01  5.2286e-01  8.5542e-02 -1.0637e-01
  1.1004e-01  1.2946e+00  7.3480e-01  2.4307e-01 -1.1777e+00  4.4431e-01
 -1.6279e-01 -1.6060e-01  6.8672e-01 -1.7812e-01  1.2855e+00 -1.0730e-01
 -1.0212e+00 -2.0148e-01  3.4569e-01  1.1432e+00  1.3502e+00 -3.8244e-01
 -4.3387e-01  5.4258e-01 -9.4810e-01  3.3795e-01  4.1143e-03 -1.8711e-01
 -3.2226e-01 -5.8890e-01 -4.7803e-01  1.0781e-02 -1.5660e-01 -4.4020e-02
  9.9945e-01  1.1773e-01 -2.0992e-01  1.1364e-02]"
mus,"[-0.97887   -0.10482    0.82762   -0.8825    -0.21614    0.25896
  0.81502   -0.45163    0.67524   -0.07645    0.13942   -0.41758
 -0.097997   1.2022    -0.61538    0.50501   -0.032222  -0.6636
  0.015617   1.0312     1.1849     0.75133   -0.54441    0.65487
 -0.19852    0.6598    -0.56632   -0.034953  -0.19213   -1.0469
  0.56093   -0.6491     0.12272    0.77616    0.39744   -0.56166
 -0.59699   -0.27148    0.086971   0.10477   -0.041903  -0.017575
 -0.86941    0.076911  -0.94004    0.49531   -0.76889   -0.38958
  1.1407     0.09062   -1.078      0.13537   -0.73997   -0.60327
 -1.6293     0.66166    0.35179   -0.55357   -0.02624   -0.92987
 -0.0063841  0.44731   -0.13143   -0.38029    0.4031     0.60759
 -0.3903     1.298      0.049477   0.42453    0.14896    0.71855
 -0.22114    0.21413   -0.93167    0.21814    0.44286   -0.82883
  0.47087    0.14812    0.68107   -0.99215    0.25541   -0.80595
 -0.39142    0.8825    -0.1031    -1.0894     0.49816   -0.78651
  0.13198    0.61418    0.14011   -0.14341   -0.085144   0.069196
  0.090946  -0.99895    0.15917   -0.035876 ]"
daredevil,"[ 0.33757   -0.76834    0.32846   -0.45498   -0.05173    0.061076
 -0.57829    0.062625  -0.17754    0.04635    0.17693    0.036
 -0.20413   -0.82494   -0.070185   1.0209     0.61774    0.4026
  0.24841    0.46002    1.2775    -0.30233   -0.36097   -0.15876
  0.94509    0.43675   -0.30307   -0.22022    0.24776   -0.63975
 -0.97207   -0.0020671 -0.53121   -0.3027    -0.16195    0.58661
 -0.68188   -0.40486    0.33193    0.29951    0.18038    1.0069
  0.041634   0.25467   -0.2876     0.13251   -0.32322    0.52577
  0.12761    0.28853   -0.72343    0.43856   -0.17791    1.1283
  0.3627     0.14851    0.51669    0.47036   -0.37716    0.17574
  0.58753    0.27783    0.054236   0.27495    0.48875    0.10266
  0.17377   -0.22443    0.14894    0.52708   -0.2591    -0.63561
 -0.48187    0.82668   -0.33305   -0.14383    0.75332   -0.29752
 -0.19463   -0.0054391 -0.069631  -0.23025    0.76596   -0.19382
 -0.096506  -0.59621   -0.27345    0.1182    -0.68265   -0.31841
 -0.29365   -0.25165    0.12951    0.32054   -0.2451    -0.35713
 -0.29651   -0.41595   -0.29179   -0.55046  ]"
druze,"[-0.83994   -0.0943    -0.13411   -0.098909   0.12475    0.7064
 -0.068651  -0.74718    0.56414    0.38111   -0.4288    -0.16542
  0.31249   -0.096772   0.16905    0.10598   -0.43394   -1.4359
 -0.63233    1.2772     0.59002   -0.012014   0.62833    0.29347
 -0.28115   -1.5131     0.32753    0.25681    0.45255    0.082397
  0.11291   -0.26497   -0.13568   -0.12869   -0.059444  -0.2112
  0.73186    1.1055     1.1397    -0.49102   -0.8595     0.67258
  0.86057    0.013052  -0.10952   -0.8911     1.0947     0.59841
  0.107      0.54454   -0.59265   -0.30833    0.40415    0.060102
 -0.014128   0.84223    0.17564    0.045559   0.21268   -0.30703
  0.94756   -0.20893    0.51631   -0.038853   0.72228    0.43367
  0.47436   -0.33836    0.07647   -0.15014    0.25486   -0.25496
  0.12568   -0.7324    -1.188      0.47204   -0.27173    0.41025
  0.36997   -0.63643   -0.0019525  0.12257    0.40409    0.57847
  0.72885   -0.37694    0.44048    0.21251    1.2267    -0.21284
 -0.59678    0.035056  -0.17248    0.49746   -0.6331    -0.15049
 -0.29996   -0.075602   0.94921    0.10034  ]"
lun,"[ 0.57065   -0.23918   -0.030917  -0.097116   0.17539   -0.37999
  0.1061    -0.6489     0.70601   -0.82904   -0.20121    0.69445
  0.28645   -0.035276   0.54487   -0.64597   -0.53077    0.54059
  0.5407     0.040122   0.88146   -0.24759   -0.87496    0.93161
 -0.34054    0.53324   -0.21518   -0.035542  -0.31443    0.40971
 -0.59944   -0.24806    0.26009    0.55291   -0.43963    0.058109
  0.39652    1.2999     0.46027   -1.0958     0.79327   -0.54585
 -0.22502   -1.1413     0.45503    0.66072   -0.27777   -0.082287
  0.98277   -0.33035    0.071729  -1.2099    -0.34529   -0.026712
 -0.83465    0.69253   -0.016473   0.4757    -0.53207   -0.65957
 -0.031348  -0.28102    0.87114    0.58798    0.36791    0.85538
 -0.30506    0.60016   -0.032734   1.025      0.4169     0.10337
  0.11143   -1.3858    -0.38285    1.0844    -0.82096   -0.3025
 -0.98519   -1.2015     0.73325    0.18805   -0.66525   -0.28723
  0.071668   0.68009    0.15331    0.080383   0.20349   -0.33564
 -0.81643    0.41903    0.88865    0.26071    0.79819    0.45557
 -0.81596   -0.77749   -0.71489   -0.0015722]"
pathogenic,"[-0.18184  -0.42542   0.11041  -0.65932  -1.1236   -0.21778  -0.056433
 -1.356     0.12806   0.66183  -0.67933   0.024893  1.1272   -0.25048
  0.573     0.74753  -0.052253 -0.22755   0.53324   0.36507   0.11927
 -0.57296   0.25727  -0.14901   0.48798  -0.17277   1.2563    0.89117
 -0.55748   1.5171   -0.60378   0.55749   0.21368  -0.77927   0.77936
 -0.64325  -0.4894   -0.67533  -0.58235  -0.020795 -0.37112  -0.21649
 -0.87504  -0.30147   1.3261    0.91553   0.44075  -0.48384  -0.61923
  0.15375   0.68257  -0.41382  -0.52882  -0.33593  -0.42452   0.40747
 -0.31718   0.10732  -0.010973  0.023611  0.091175  1.325     0.25274
  0.095557  0.34109   0.31494  -0.70905  -0.22003   0.48924  -1.169
  0.41893  -1.0031   -0.47011   0.26828   0.33988   0.27275  -0.85799
 -0.96849  -0.72435   0.56422   0.35421  -0.26374  -0.70918  -0.5668
  0.15072   0.48012   0.80479   0.64137  -0.43892   0.067775 -0.39873
 -0.16606  -0.23057   0.50959   0.56601   0.46244  -0.87411  -1.5918
 -0.21327  -0.73894 ]"
yahd,"[-1.3499    0.32629   0.01587  -0.14536  -0.60732  -0.90739  -0.10657
 -0.90327   0.40762  -0.2079   -0.83806   0.21418  -0.28635   0.67624
 -0.29442   0.5678   -0.69913  -0.24722   0.81166  -0.88413   0.086593
  0.98711  -0.81323   0.57325  -0.2639    0.76847  -0.19026  -0.57472
 -0.36084  -0.67668   0.59778  -0.61801  -0.21682   0.43328   0.69669
 -1.6886   -0.39056   0.38205  -1.08     -0.16957   0.33218   0.17449
 -0.43041   0.62973   0.60284   0.17104  -2.021     0.56517   1.1757
  0.63032  -0.55029   0.3071   -0.76186   0.25396  -1.0803    0.97018
  0.75228   0.93519   0.03004  -1.0671   -0.12883  -0.52584   0.56466
 -0.94735  -1.5835    0.46467   0.10218  -0.15541  -1.4014    0.18494
 -0.093736  0.63917  -0.76226  -0.92064  -0.4707   -0.65387   0.4248
 -0.03225  -0.24786  -0.15772   0.49666  -0.092637  1.563    -1.0207
 -0.29858   0.23301  -0.63821   0.5007    0.043032  1.0226    0.42556
  0.38324  -0.10667  -0.075621  0.19167   0.41998   0.88937  -0.88771
  0.18406  -1.2569  ]"
avis,"[ 0.27643   -1.0515    -0.033323  -0.27558   -0.35888   -0.17665
 -0.32289   -0.18753    0.46368    0.099279   0.8695    -0.086415
 -0.52689   -0.56002   -0.26983   -0.14665    0.14899    0.26128
 -0.42943    0.84687    0.11254    0.45525    0.0079238  0.097255
  0.33811   -1.1212    -0.37223    0.036748  -0.93227   -0.083016
  0.84379    0.3814    -0.36623    0.20415    0.52037    1.22
  0.77609    0.19479    1.2459    -0.60234    1.0981     0.63097
 -0.55536    0.39611   -0.373      0.84749   -0.22104   -0.63589
 -0.17618    0.15104   -0.5283     0.24947   -0.40281   -0.1799
 -0.103     -0.24107    0.52548    0.11826   -0.07763   -0.49579
  0.90998   -0.36069    0.54751   -0.16226   -0.16824   -0.21634
 -0.0014015 -0.27765    0.35416   -0.28826   -0.21365   -0.45447
 -0.61762   -0.69799    0.25979   -0.23083    0.25857   -0.16437
 -1.3137     0.20808   -0.45183   -0.32403    0.71153   -0.010515
  0.86427   -1.0481    -0.27196   -0.6818    -0.067361  -0.4237
 -0.43287    0.090828   0.49562   -0.36136    0.1042    -0.2488
  0.36683    0.48155    0.47787   -0.39536  ]"
twister,"[ 5.5722e-01 -1.7653e-01  3.3620e-01 -4.5585e-02 -4.4978e-01  2.3004e-01
  1.0578e+00  2.5059e-01  1.8969e-01  2.7075e-01  1.5398e-01 -2.9773e-01
  2.0718e-01 -3.8622e-01  5.2654e-02  7.7288e-01 -1.8730e-01  5.9472e-01
  1.1769e-01  8.6717e-01  4.7744e-01  2.7161e-01 -2.5279e-01 -1.7339e-01
  4.9781e-01  1.1093e+00 -1.0869e+00  6.0028e-01 -9.6468e-01 -2.2269e-01
  7.0139e-01 -1.7517e-01  3.8001e-01  9.6315e-01  2.4362e-03 -7.3644e-01
  2.5266e-01 -2.1683e-01  6.0711e-01 -6.2561e-02  2.3220e-01  4.3351e-01
 -8.7942e-02  6.7898e-02 -2.2984e-02  2.1492e-01  4.5970e-01 -8.0396e-02
  3.5448e-01  2.7878e-01 -1.0244e+00  3.2439e-01  4.9217e-01  2.6867e-01
 -3.6973e-01 -7.2734e-02  5.5185e-01  8.8135e-01  3.0077e-01  6.4293e-01
  3.4712e-01  1.5775e+00 -2.0941e-01 -1.5137e-01 -3.2318e-01 -1.0387e-01
  1.2561e-01  2.3956e-01  2.3723e-01 -2.1769e-01  2.0252e-01 -3.5079e-01
  5.9830e-01  3.4157e-01 -1.2888e-01 -2.9298e-01  2.4413e-03  1.5159e-01
 -1.8691e-01  3.1013e-01 -5.6606e-01 -5.9138e-01 -3.1227e-01 -7.3519e-02
  4.6080e-03 -5.2805e-02  2.4011e-01  7.1315e-02  3.0939e-01 -8.1237e-02
  2.2743e-01  4.6596e-01 -8.9561e-01  5.6817e-01 -2.7372e-01 -4.1789e-01
  9.7737e-01  3.5276e-04 -3.9326e-02 -3.5733e-01]"
warmian-masurian,"[-0.61009  -0.51246   1.424     1.1889    0.13339   0.69688   0.44408
  0.25459   0.18682   0.1092   -0.75499  -1.1415   -0.88054   1.3339
 -0.035169 -1.06     -0.44778  -0.52998   0.38377   1.3927    0.76608
  1.508     0.69141  -0.68814  -0.81595   0.40327   0.60027  -0.33334
 -0.95299  -0.3498    0.72284  -0.54934   0.65498  -0.37701  -0.86674
 -2.0546    0.27616  -1.127     1.3908   -0.37069   1.0888    0.61497
  0.3655   -1.5052   -1.2573    0.41078   2.568    -0.52378  -1.1799
 -1.1427    1.6862    0.1706    0.72228  -0.066833 -0.83459  -0.087713
 -0.28375   0.034579 -0.41758  -0.16638   1.4798   -0.73054   0.6034
  0.33557   1.0377   -0.38052  -0.39214   0.61404   0.28923   1.3183
  0.59318   0.57964   1.1904   -0.78407  -0.23883  -0.74229  -0.31332
 -0.95602   0.054995  1.4949    0.26365   1.1676   -0.48636  -0.85102
  2.471     0.69536   0.21978   1.3329    0.72293   2.0102   -0.13114
 -1.0744    0.27397  -0.53961   0.20898   1.5055    0.2777    1.1301
  0.18119  -0.15618 ]"
brotherly,"[ 0.75567   0.41539   0.35299  -0.25259  -0.18894   0.3287   -0.28813
 -0.1973    0.17965   0.44272  -1.0326   -0.87766   1.169     0.54955
  0.70126   0.22345  -0.014232 -0.52563  -0.48122   0.90549   0.28664
  0.30957  -0.45627  -0.48026   0.39752   0.096801  0.25172   0.63313
  0.49057   0.080843  0.16403  -0.062325  0.44898  -0.59921   0.21905
  0.43163   0.82547  -0.095495 -0.051749  0.16369   0.12113  -0.34273
  0.34888  -0.11413  -0.37129  -0.15809  -0.29667   0.28534  -0.046227
 -0.57048  -1.0883    0.2682    0.43539   0.17183   0.20909  -0.23757
  1.0737   -0.022931 -0.41554   0.091628 -0.50133  -0.24228  -0.77171
 -0.47596  -0.46022   0.72707  -0.15917   0.19226  -0.307    -1.0164
  0.63183  -0.50874   0.59392  -0.86547   0.61518   0.75636   0.17314
 -0.48305  -0.68075   0.41445  -0.029133  1.2134    0.67746   1.1864
  0.12458   0.94354  -0.71991   0.35203  -0.44515  -0.67228  -0.73285
  0.43031  -0.50249  -0.36818  -0.12191   0.18374  -0.1454   -0.36261
 -0.99088   1.0656  ]"
23.7,"[ 1.0871e+00  1.0822e+00  9.0724e-01 -7.7785e-01  1.9293e-01  3.8752e-01
 -1.2668e-01 -2.2585e-01  9.0828e-02  5.6951e-01  6.7637e-01  7.9438e-01
 -5.7267e-01 -6.0609e-01  1.8499e+00 -3.7570e-01 -3.6941e-01  8.2162e-04
 -4.3322e-01 -2.8153e-01 -2.6443e-01  8.8196e-01  5.4378e-01  8.5418e-01
 -4.9150e-01 -4.3194e-01  6.7609e-01  6.5656e-01 -8.0981e-02 -1.4587e+00
  7.6086e-01 -4.7948e-02  5.3185e-01 -4.9447e-01 -3.7739e-01  8.0312e-01
  1.2152e+00  3.1474e-01 -5.8847e-01  4.2296e-01  2.1744e-01  4.1836e-01
 -1.1514e-01  6.7756e-01  1.4931e-01  1.5241e-01 -3.5296e-01 -7.3115e-01
 -4.3726e-01 -6.4337e-01 -1.2321e-02 -3.4925e-01  1.7527e-01 -4.2130e-02
 -3.1730e-01  4.0978e-01 -3.1109e-01 -8.5354e-01 -1.1658e-01 -3.1585e-01
  2.8205e-01 -5.1249e-01 -5.9606e-01  7.1248e-01 -6.6890e-01  2.8410e-01
 -8.3617e-02 -7.3874e-01  1.4289e-01  5.2995e-01 -4.6176e-01 -1.3438e-01
 -6.2683e-02  1.8220e-01 -7.2289e-01  2.6432e-01 -6.5932e-01  5.4026e-02
 -2.8405e-01 -6.0771e-01 -9.4880e-02  9.2588e-02  3.6284e-01  1.4515e+00
  2.8071e-01  6.5457e-02  4.2331e-01 -1.7549e-01  5.6015e-01 -1.3485e-01
  3.6130e-01  2.4952e-02 -5.7946e-01 -9.8250e-01 -1.0150e-01 -4.4939e-01
 -1.9069e-01 -3.4308e-01  8.4481e-02 -4.1828e-01]"
reinhardt,"[ 0.0034755  0.038266  -0.69809    0.17596   -0.13566    0.10803
  0.12306   -0.34527   -0.44348   -0.10225   -0.6307    -0.036276
 -0.68266   -0.030336  -0.18296   -0.043196   0.083967  -0.5907
  0.058757  -0.19311   -0.062721   0.45179    0.48559    0.5583
 -0.25987    0.08164    0.1776    -0.2002     0.029343   0.075699
 -0.24124    0.5548    -0.32256    0.24852   -0.99095    0.47911
  0.21432   -0.066651   0.06944   -0.49804   -0.37602    0.56224
 -0.71774    0.62942   -0.4504    -0.41402    0.04784   -0.49551
 -0.050541   0.75571    0.39124   -0.70901   -1.0018    -0.42973
 -0.93675   -0.64681    0.1533     0.076965  -0.73183    0.68568
  0.74548    0.14391    0.80299    0.43556   -0.45341   -0.60626
 -0.26402    0.42548   -0.54548    0.85571    0.34283   -0.59436
  0.052825   0.18997   -0.16802   -0.12746   -0.53382   -0.60493
  0.7038    -0.48393    0.022991  -0.99297   -0.14816   -0.21924
 -0.52497    0.052118  -0.14068   -0.85007   -0.65796   -0.23646
  0.13669   -0.53589    0.27464    0.45316    0.30181   -0.3929
  0.49802   -0.03457    0.11432    0.038595 ]"
agh,"[-0.020339   0.71294    0.16287   -0.11321   -1.8089    -0.11962
  1.1828    -0.2671     1.0063    -0.55121    0.56801   -0.2396
  0.88271    0.67288    0.17287    0.7437     0.61543   -0.98485
  0.51175   -0.37608   -0.098074   0.96205   -0.58822    1.6587
  0.16226    0.011308   0.35093   -0.025616   0.39887    0.35638
 -0.75159    0.12502   -0.30597   -0.011607  -0.47927   -0.45876
 -0.032015   0.26871   -0.46742   -0.2797     0.80444   -1.069
 -0.46651   -0.30903    0.13386    0.38208   -0.46399   -0.29689
  0.12014   -0.25683   -0.45602   -0.14583   -0.44956   -0.64427
  0.40488    1.0389     0.42921    0.98864   -0.73084   -0.66238
  0.0059331 -0.11842   -0.75264    0.64587   -0.3183    -0.016377
  0.48351    0.74525    0.29275    0.59728    1.0865    -0.70523
 -0.46486   -0.29318   -0.080626  -0.62929    0.81436   -0.45444
 -1.6065    -0.018528  -0.61028   -1.2676     0.09113   -0.074512
 -0.3716     1.0555    -0.31327    0.38308    0.58932    0.59965
  1.0845     0.0031588  0.041164  -0.45249    0.35928   -0.86787
  1.3483     0.083332   0.69347   -0.22501  ]"
bering,"[ 0.50456    0.33291    0.35124    0.51087    0.39223   -1.2403
  0.32347    0.18868    0.065807  -0.15424   -0.12341    0.61092
  0.79351   -0.84545    0.25018   -0.85548    0.76758   -0.50344
 -0.62978   -0.45589    0.3243     0.47104    1.1924     0.44643
  0.54174    0.89811   -1.0246     0.28138    0.20594   -0.3051
 -0.42871    0.073239   0.64827    0.010525   0.29526   -0.25171
  0.091296   0.14099    1.0502    -0.62987   -0.8666    -0.16237
 -0.77475    0.1481    -0.57428    0.77248    0.29907   -0.015274
  0.53423    1.0206     0.61474    1.122     -0.32209    0.0035113
 -0.91716   -0.021161   0.7426    -0.49579    0.079042  -0.082314
 -0.084269   0.72745    0.2627    -0.28368   -0.33193    0.071045
 -0.32622   -0.0021258  0.10501   -0.29238   -0.098045   0.090671
  1.2066     0.22353   -0.24679   -0.48915   -0.43086    0.35207
  0.15229    0.44036    0.096572   0.71616    0.020893   0.3043
  0.35771   -0.10222   -0.2854    -0.59043    0.70152   -0.11099
  0.0066539  1.0164    -0.75134    0.15934    0.019025   0.1389
 -0.76829    0.87283   -0.44288   -0.58607  ]"
one-day,"[-0.29701   0.21604  -0.61049   0.34467  -0.48905   0.40498   0.5451
  0.76621  -1.4333   -0.051138 -0.61022  -0.60005  -0.07642   0.008603
  0.09702   0.8306    0.5428    0.83139   0.41599   0.41567   0.32251
 -0.021607  0.65845  -0.34667   0.44602  -0.13383  -0.018075  0.43644
 -0.15823   0.15437  -0.93315  -0.33635  -0.1865   -0.043291  0.19172
  0.46594  -0.12012   0.33419  -0.45983   0.42203   0.099298  0.82523
  0.74671  -0.32257   0.46469   0.14408   1.2324   -1.0687   -0.32683
 -0.1754   -0.73006  -0.028447  0.21637  -0.011268  0.34051  -0.15804
 -0.75971   0.1041   -0.031433  0.25736  -0.96705  -0.12138  -0.185
 -0.023975  0.20778   0.048985 -0.87991  -0.64303   1.0015   -0.40019
 -0.32744  -0.069895  0.58909   0.15264  -0.37781   0.43417  -0.62302
 -0.48825  -0.26845  -0.32615   0.13444  -0.023263  0.8919    0.25509
 -0.58132  -0.68056  -0.89768  -0.033574  0.50282   0.5964   -0.93054
  0.67743  -0.25136  -0.28422   0.92706   0.15679   0.26337   0.72308
  0.87556   0.077706]"
optioned,"[ 0.37865   -0.43993    0.48262   -0.52071    0.22564   -0.031538
 -0.76154   -0.35692   -0.72304   -0.069779   0.12231   -0.57552
  0.39791   -0.53604    0.66701   -0.20093    0.49407    0.29408
  0.049891  -0.48916   -0.097486   0.2123    -0.40176    1.4804
  0.7498    -0.009445  -0.4007     0.21492    0.050467   0.79638
  0.51274    0.32614   -0.29027    0.81885   -0.074377   0.64272
 -1.1723    -0.2281    -0.71491    0.55721    0.61389    0.96219
 -0.66865   -0.71679    0.33384    1.0957    -0.82915   -0.21833
  0.47131    0.41489   -0.90311    0.45786   -0.47282   -0.90603
 -0.095363   0.31313   -0.77356   -0.33024    0.83609    0.13231
 -0.078985   0.86127   -0.87395   -0.62892    0.70515   -1.1526
  0.72156    0.80057   -1.108     -0.29328    0.40763   -0.041349
 -0.3356     0.83206   -0.054392   0.67886   -0.56456    0.64962
 -0.76152    0.045769  -1.3075    -0.16337   -0.0035187  0.29305
  0.041831   0.1897     0.5068    -0.018251  -0.57707    0.11376
 -1.4628    -0.89462    0.19769   -0.39595    0.5222     0.22206
  0.67518    0.75671   -0.019004  -0.74314  ]"
imagines,"[ 0.11359    0.3764     0.65375    0.24313    0.19659    0.36305
 -0.42094    0.183      0.69949   -0.12122   -0.0013108  0.20009
 -0.047058  -0.030657   0.45274    0.29923    0.094958   0.46135
  0.60464    0.13762   -0.25501   -0.33618   -0.09199   -0.3628
  0.32326   -0.19836   -0.67826   -0.14719   -0.062348   0.10737
 -0.47507    0.27834   -0.21058   -0.34343   -0.01594   -0.029775
 -0.22141   -0.022801   0.24277   -0.24003   -0.55926    0.67719
  0.1362    -0.025933  -0.55014    0.34984    0.044725  -0.39145
 -0.11219    0.22628   -0.083231  -0.30779    0.60036    0.44292
 -0.27842   -0.074265   0.27447   -0.0070965 -0.92689    0.38545
  0.18772    0.81417    0.37839   -0.30491   -0.22011    0.44873
  0.91753   -0.044122  -0.52856   -0.10252    0.48562   -0.31348
 -0.21614   -0.027073   0.070314  -0.23894    0.49731   -0.70152
 -0.31163    0.07159   -0.64257    0.067173  -0.48205    0.39798
 -0.086739  -0.37602   -0.31662   -0.35368    0.03106   -0.50585
  0.26654    0.28994    0.48913   -0.32997    0.27228   -0.14757
  0.1343    -0.13889   -0.49188    0.37453  ]"
replying,"[-0.83195    0.15903    0.64045    0.1471    -0.30675    0.82189
  0.06572   -0.023296  -0.13569   -0.5026     0.13555   -0.19775
 -0.80609   -0.029025   0.063684  -0.43857   -0.46325    0.28516
 -0.19796   -0.40453    0.42574    0.19699    0.020774   0.21365
  0.35844    0.039978  -0.033141   0.89581   -0.35979   -0.20913
 -0.66887    0.17887   -0.28294    0.13597   -0.16839    0.37894
 -0.65446   -0.5506     0.1469    -0.26351   -0.60831    0.83819
  0.22335   -0.29735    0.18421    0.21624    0.36421   -0.41889
 -0.5856    -0.18664    0.36384    0.82364    0.88699    0.31767
 -1.1025     0.56757   -0.28491   -0.5792    -0.59908    0.0048655
 -0.53645   -0.37411   -0.36264    0.13141    0.25965    0.075474
  0.6688     0.70006   -0.0091742  0.3172     0.15014    0.62077
  0.50503   -1.5242     0.34032    0.88433   -0.61079   -0.27372
 -0.58564   -0.42304   -0.11098   -0.6803    -0.21655   -0.57722
 -0.51961   -0.69043   -0.226      0.091179  -0.1885    -0.29954
  0.074869   0.41459    0.13414   -0.39434   -0.30035    0.41036
  0.088137   0.52208   -0.56437    0.17123  ]"
anglicans,"[ 0.67829    1.1074     0.52971   -0.36821   -0.0027841  0.76759
 -0.44402   -0.87693    0.17322   -0.46489   -0.47414    0.023268
  0.65239    0.41299   -0.1787    -1.1989    -0.31176    0.022485
 -0.55201   -0.28039    0.60367    0.38117   -0.10947    0.56622
 -0.15675   -0.95318    1.4193     0.46195    1.0616     0.29207
  0.01871    0.35312   -0.087975  -0.56701    0.65373    0.44701
  0.50497    0.95257   -0.1317     0.4488    -1.3541     0.11527
  0.53464   -0.54196   -0.97428   -0.79026    0.4623     0.2706
  0.63483    0.44591    0.28604    0.028069  -0.31766   -0.47891
  0.029599  -0.43059    0.022028  -0.79475    0.17302   -0.76635
 -0.24006   -0.87375    0.97936   -0.41272   -0.82888   -0.40235
  0.0050777  0.70674    0.53513   -1.558      0.16815   -0.03455
 -0.48361    0.14674   -0.54331   -1.0426     0.44569    0.35426
  1.0074    -0.29973   -0.19947   -0.62729    0.73634    1.626
 -0.89977   -0.50861    0.39338    0.1136    -0.4376     0.16454
  0.20992   -0.072907  -0.40745   -0.1676    -0.12837   -0.80069
  0.080144  -0.22898    0.14471    0.16897  ]"
trilateral,"[-0.13835  -0.25272   0.17463   0.60197   0.16161  -1.1198    0.27396
  0.48733  -0.50346  -0.27801  -0.79808   0.20212   0.77146   0.64022
  0.61698   1.1367   -0.18526  -0.1543   -0.25222  -1.3778   -0.27023
 -0.25645  -0.25352  -0.12267   0.087781 -0.16884   0.22424   0.90701
  0.10946   0.19546  -0.92516   0.3038    0.18074   0.02863   0.36943
  0.3719    0.27328  -0.23178   0.4697    0.31152   0.063188 -0.15959
  0.93666   0.40075  -0.29212  -0.2332    0.083025  0.38089  -0.38025
 -0.42898  -0.81256   0.16814  -0.35497  -0.25491  -0.94649  -0.56798
  0.83108  -0.44105  -0.15438   0.2796   -1.4227   -0.20848   0.25042
 -0.34502  -0.17468   0.431    -0.2928    0.93382   0.49894  -0.52179
  0.58903  -0.85087   0.68321  -0.73264  -0.73209   1.0952   -0.32266
 -0.77912  -0.27297   0.11651   0.13835   0.38706   0.99452   0.25522
 -0.1842    1.0536   -0.047284  0.5181    0.5433   -0.37372  -0.26589
 -0.13797  -0.9399   -0.41261   0.74428   0.04601   0.73771  -0.119
  0.51172   0.55434 ]"
shimmering,"[ 0.083986   0.27993    0.34566    0.15717    0.88857    0.25825
 -0.35043    0.48602   -0.45616    0.37825   -0.15801    0.23235
 -0.082455   0.17945    0.32712   -0.42289   -0.11151    0.131
  1.0313    -0.82523   -0.28938    0.057263   0.18709   -0.11205
  0.60112    0.61403   -0.2019     0.033547  -0.47631   -1.047
 -0.033909  -0.71385   -0.10451   -0.15177   -0.41543   -0.25494
  0.32185    0.22262    0.28295   -0.25452    0.38717   -0.70947
 -0.5911     0.237      0.0050535  0.45783    0.20604    0.72931
  0.17395    0.012629  -0.20809    0.19564    0.53255    0.081573
 -0.14351   -0.9353     0.60131    0.53849   -0.076627  -0.18788
 -0.52066    0.92469   -0.18069    0.29913   -0.24771   -0.2662
  0.79705   -0.56997   -0.76248   -0.58593    0.4552    -0.018181
  0.061682   0.35357    0.27872    0.24473    0.35172   -0.46942
  0.95516    0.032076   0.24614   -0.3064     0.32236    0.46829
  0.42453   -0.1388     0.42623    0.028558   0.37521    0.41718
  0.26688   -0.005192  -0.24278   -0.24386    0.012754   0.037022
 -1.0591    -0.50952   -0.38004    0.71747  ]"
zi,"[-0.65387  -0.45626   0.40767   0.45901   0.45866  -0.57319  -0.62667
 -0.13181   0.57571   0.096779  0.45761   0.59556   0.59612  -0.024618
 -0.15553   0.025617  0.022971 -0.31468  -0.64773  -0.077854  0.8622
  0.31188   0.13057   2.3433    0.20217   0.8414    0.52783  -0.098244
  0.13252  -1.0739   -0.79532   0.75944   0.4244   -0.40687  -0.056332
 -0.54744  -0.79592   0.28696  -0.45202  -0.75219   0.022242  0.065662
  0.026317 -0.39723   0.68744  -0.56948  -0.61001  -0.024565  1.2098
  0.24     -0.74897   0.1754   -0.50857   0.5787   -1.0309    0.89417
  0.61712   0.30488  -0.71272  -0.73697  -0.19712  -0.10979  -0.37846
  0.13466  -0.14789  -0.20089   0.019643  0.32339  -0.78119   0.11033
 -0.44515   0.4654    0.35477  -0.15952   0.12841   0.3325    0.50347
  0.067644  0.24733   0.16482   0.64276  -0.072466 -0.32618  -0.3263
 -0.97896   0.27752  -0.54984   0.091998  0.43508   0.058042  0.53635
 -0.087576  0.29133   0.20161   0.42078  -0.29806  -0.89742  -1.3817
 -0.15883  -0.5432  ]"
kieran,"[-5.5666e-02  8.4988e-02  1.1562e-01 -1.3505e+00 -4.0895e-01  1.9467e-01
  2.9480e-01  5.0583e-01 -4.0216e-01 -4.9128e-01 -3.8846e-01 -5.0251e-01
  2.5707e-01  8.5953e-01  9.8323e-01 -2.4972e-01  3.0724e-02  4.8764e-02
 -5.2686e-01 -4.2861e-01 -1.5436e-01 -2.4744e-01  1.3331e+00 -4.8752e-01
  2.0853e-01 -1.1798e-01 -3.9137e-01 -4.0412e-02  7.0166e-02  4.5488e-01
 -6.0208e-01 -3.6080e-01 -7.2204e-02  6.2602e-01 -5.0507e-01 -2.0267e-01
 -5.5871e-02  1.0345e+00 -4.0271e-02  4.3646e-02 -3.4134e-01  3.3800e-01
  1.7732e-04  3.9461e-02 -5.0315e-01  2.1425e-01 -4.3107e-01 -3.2927e-01
 -4.6626e-02  3.3414e-01  8.5534e-01 -1.8807e-01 -3.7231e-01 -7.2341e-02
  5.4628e-01 -5.7797e-01 -6.3246e-01  1.1932e-01 -1.1477e+00 -4.7608e-01
  1.0427e-01 -8.7725e-01 -4.4749e-01  1.2260e-02 -1.8423e-01 -2.7686e-01
  2.3383e-01  3.3953e-01  2.0007e-01  6.9606e-01  3.1191e-01  6.3478e-02
  3.9010e-01 -6.5776e-01 -1.5712e-02 -1.8280e-01 -6.3900e-01  2.1542e-01
 -1.1703e-01  6.5584e-02 -2.7412e-01 -1.3039e-01  7.0638e-01  1.1669e-01
  3.6481e-02 -2.3168e-01 -5.3248e-01 -2.0902e-01 -1.9824e-01 -7.1291e-01
 -4.6091e-01  9.4580e-01 -6.3692e-01 -7.4241e-01  2.6888e-02 -5.2133e-01
  9.1909e-01 -2.1651e-02 -6.6696e-01 -1.7608e-01]"
pinter,"[-0.055784   0.5504     0.011786  -0.1714     0.32848   -0.39768
 -0.74583   -0.12429   -0.91392    0.093467  -0.11989    0.40605
 -0.51446    0.29715   -0.34429    1.1575    -0.2925    -0.0030786
  0.18784    0.97519   -0.2736    -0.01718    0.65745    0.11315
  0.85215   -0.71685   -0.14607    0.36537    1.0668    -0.13987
 -0.77737    0.49231   -0.12357   -0.47968   -0.42797    0.23467
 -0.12574    0.30786   -0.70695    0.031248   0.20071    0.68177
 -0.26835    1.0078     0.34063    0.32717   -0.48478   -0.50923
 -0.040077   0.038408  -0.16011   -0.21648    0.59424    0.3025
 -1.2385     0.2022    -0.13748    0.31515   -1.0919    -0.074321
  0.38269    0.45832   -0.42829   -0.19235    0.74302    0.21583
  0.66899    0.07084   -0.21392   -0.59183   -0.15645   -0.39686
  0.43082   -0.20297   -0.68638   -0.43845    0.29894   -0.24738
 -0.52425    0.33248   -0.34764    0.16781    0.41136    0.19333
 -0.45186    0.13479    0.61766   -0.61975   -0.58035   -0.3859
  0.60647   -0.76084   -0.035049   1.0068    -0.025816   0.58018
  0.75027   -0.19076   -0.96662    0.6375   ]"
farmington,"[ 0.22778   -0.28635    0.6812     0.083748   0.31137   -0.52998
  0.07713    0.99946   -0.24158    0.29895   -0.20789   -0.045699
 -0.044636  -0.46095    0.44438    0.31073    0.64985   -0.28671
 -0.67734    0.18935   -0.17755    0.76152    0.19767    0.84472
 -0.56096   -0.42808   -0.10251   -0.035542  -0.76428   -0.029303
 -0.0045336 -0.0055824 -0.36446    0.26231   -0.47493   -0.23345
 -0.13814   -0.53608    1.1695    -0.3298     0.055711   0.049789
 -1.0627    -0.57063   -0.68777    0.30869    0.52269    0.29016
  0.069672   1.5547    -0.68967   -0.31504    0.26227   -0.62978
 -0.16903   -0.71753    0.26037   -0.45381   -0.15778   -0.56623
  0.25311   -0.083385   0.19663   -0.026609  -0.6855    -0.23247
  0.41912   -0.096076   0.26389    0.27336   -0.22479   -0.086516
 -0.2818    -0.03914   -0.13202   -0.1894     0.48917   -0.078826
 -0.20459   -0.37365   -0.21591    0.29258   -0.25425    0.7973
  0.41971   -0.34901   -0.083354  -0.52366   -0.15659    0.26052
 -0.38377   -0.26687   -0.075505   0.62263   -0.90859    0.33892
  0.40918    0.13253    0.49537    0.44827  ]"
flicks,"[ 0.097196  -0.20714    0.11987   -0.86483   -0.25043    0.3363
 -0.36916   -0.29386   -0.0060268  0.10471    0.050087  -0.19614
 -0.42237    0.74546    0.67914    0.5794    -0.28594    0.26426
  0.60833    0.43925    0.46168    0.2437    -0.28273   -0.33324
  0.72564    1.0077    -0.034682   0.026054  -0.70814   -0.54216
  0.084824  -0.11175   -0.40542    0.34522    0.25855    0.25162
 -0.030539  -0.47695   -0.54376   -0.37167   -0.11542    0.61176
 -1.0388    -0.12019   -0.38076   -0.65283    0.28029   -0.18237
  0.30594    0.36864   -0.36127   -0.34203    0.16739    0.39751
  0.17481   -0.11293    0.053619   0.93691    0.14666    0.66911
  0.25572    1.4967     0.68734    0.1793     0.088939  -0.14129
  0.040525   0.14985   -0.39082   -0.47185    0.39153   -0.26323
  0.034502   0.56782   -0.62561   -0.10169   -0.54245    0.56885
  0.41723   -0.34133   -0.3397    -0.014524   0.13702   -0.29283
 -0.76733    0.045487  -0.52567    0.022694  -0.35595   -0.53029
 -0.18111    0.3082    -0.15733   -0.43562   -0.17009   -0.3078
  0.6228     0.31841    0.52576    0.010497 ]"
torquay,"[ 0.22491   -0.31375   -0.13009   -0.063665   0.40657    0.1321
  0.43765    0.28774    0.32738   -0.25372    0.65193   -1.1654
  0.36922   -0.15293    0.7814    -0.53502    0.97444    0.52299
  0.86854    0.24323    0.18888   -0.25576    0.12675   -0.015192
 -0.4346     0.54246    0.22402    0.0046856 -0.39066    0.11412
 -0.18862    0.19579    0.0065375  0.18679   -0.55782    0.71048
 -0.90099    0.22535   -0.10431   -0.21029   -0.055691   0.22589
  0.26886   -0.2903     0.40005    0.31452    1.2995     0.1687
  0.78939    0.51514   -0.44579   -0.0068148 -0.38072    0.24921
 -0.14372   -0.34728   -0.56269   -1.7557    -1.3765     0.13975
 -0.61945   -0.42164   -0.73475   -0.15958   -0.020734   0.12507
 -0.21947    0.46619   -0.24838   -0.25347   -0.47085    0.18784
  0.65951   -0.93993   -0.017195   0.14476    0.39813   -0.38741
  0.14651   -0.27337    0.24763    0.5109    -0.11496    0.78815
  0.17222   -0.28215   -0.92215    0.36666    0.29437   -0.15842
 -0.80029    0.16519   -0.24631    0.53644    0.058695  -0.83433
 -0.015365   1.4        0.35459   -0.78393  ]"
repealing,"[ 1.4942e-01 -2.3278e-01  1.7301e-01  5.7100e-01  9.6206e-02  2.7687e-01
 -9.8384e-01  4.6526e-01  3.9773e-01  2.9149e-01  1.0170e-01 -1.5671e-01
 -1.1779e+00 -2.5173e-01  3.7408e-01 -2.3585e-01  6.6340e-01  1.6232e-01
 -9.2776e-02  2.8057e-01  4.7988e-01 -3.5999e-01 -1.6636e-01  1.7031e-01
  2.4470e-01  4.2768e-01 -7.8947e-01 -1.0985e+00 -1.0821e+00  1.0494e-03
  5.0598e-01  6.1233e-01  8.9814e-01 -4.3169e-01 -5.4843e-01  5.4668e-01
 -1.7801e-01 -8.8996e-01 -2.3585e-01  3.5450e-01 -7.0769e-02  1.6030e-01
  8.3633e-01  5.1849e-01 -5.4739e-01 -1.1877e-01  2.2970e-01  3.9887e-02
 -9.1796e-01 -1.1936e+00  7.0228e-02  5.4733e-01 -6.3459e-01 -8.0456e-02
 -3.8348e-01  2.3623e-01  1.1542e+00 -7.9240e-01  8.0479e-02  2.9064e-01
 -1.0334e-01 -3.8523e-01  2.8975e-01  2.7592e-01  2.4877e-01  1.7101e-01
  4.0902e-01  2.4972e-01 -6.1114e-01 -1.0109e+00  4.3332e-01  1.9680e-01
 -3.8200e-02  2.5570e-01 -8.0787e-01 -1.8919e-01  7.8775e-02  3.9297e-01
 -3.0597e-01 -2.0561e-01  2.0183e-01 -1.0813e+00  4.3707e-01 -2.3370e-01
 -3.7626e-02 -1.6816e-01  1.6010e-01 -5.1157e-01 -4.5159e-01 -4.2854e-01
  3.4023e-01 -5.9001e-01 -4.1984e-01  1.6159e-03 -4.1158e-01 -7.4489e-01
  3.8218e-01 -9.0892e-02  2.7197e-01 -7.1216e-01]"
1.87,"[ 1.0001    0.7302    0.45401   0.11063  -0.014541 -0.16936   0.25552
  0.15091   0.17719   0.53197   0.26155  -0.1745   -0.78738  -0.34624
  0.39833  -0.19699  -0.82985  -0.40467   0.2197    0.59158   0.46099
 -0.049023 -0.067904  0.81613   1.0357   -0.54258   0.15119   0.43467
  0.023792 -0.77942  -0.19664  -0.067665 -0.12411  -0.15295  -0.14926
  0.67695   0.19397  -0.049587 -0.037898  0.98297   0.016095 -1.1294
 -0.31774   0.0687   -0.51715   0.34013  -0.21905   0.26873  -0.26599
 -1.0372   -0.14393  -0.33629   1.2025   -0.067747 -0.86573   0.753
 -0.082008 -0.36693   0.61399   0.23517  -0.02134  -0.63263  -0.47631
  0.60322  -1.1599   -0.52463   0.13271  -0.41519   0.88036  -0.086573
 -0.47333   0.32851  -0.38815   0.21757  -0.58135   0.028285 -0.5133
  0.23776  -0.29004   0.16046  -0.74283   0.49053  -0.15053   0.8122
  0.62441   0.15432   0.24487   0.71005   0.38363   0.19158  -0.29565
  0.71218  -0.16119  -0.70946  -0.12388  -0.10341  -0.4649   -0.42857
 -0.25386  -0.26504 ]"
invalidated,"[ 0.31707   -0.3006     0.32794    0.099685  -0.071665   0.21373
  0.085326   0.80779    0.24822    0.50767   -0.7541     0.49286
  0.32172   -0.90412    0.22594   -0.32825    0.20851    0.64954
  0.56381    0.16958   -0.11946   -0.41645    1.5553     0.66116
  0.21732   -0.22164    0.26101   -0.38393   -0.51474   -0.1614
  1.2422    -0.682      0.0084064  0.094462  -0.31313   -0.11868
 -0.17165   -0.55996   -0.8415    -0.038904  -0.2137    -0.19557
  0.1712    -0.46114   -0.085145  -0.85402    0.71675   -0.41962
 -0.10886   -0.35654    0.20179   -0.31561    0.44711   -0.16712
 -0.51696    0.47271    0.56402    0.41744    0.35693   -0.058417
 -0.63127   -0.32182    0.19071    0.69937    0.15108   -0.37388
 -0.62045    0.20784   -0.46086   -0.2032    -0.083593   0.306
  0.61828    0.62192   -0.23763   -0.16051   -0.14352   -0.16388
 -0.57894    0.038345   0.2321    -0.74255   -0.27376   -0.078923
 -0.39135   -0.28181    0.7439     0.026072  -0.25049   -0.031489
 -0.46492   -0.84878   -1.0277     0.82425    0.18575    0.047182
  0.42083    0.5811    -0.51366   -0.30222  ]"
agatha,"[-0.045931  -0.24677   -0.074079   0.28855    0.32543    0.697
  0.91388   -0.11943    0.0043802  0.030267  -0.63653    0.54186
 -0.27967    0.26106   -0.46306   -0.18895    0.33655    0.65748
  0.031586   1.3531    -0.23833   -0.11589    0.5199    -0.080155
  1.4858     0.13978    0.17031   -0.72578   -0.87479   -0.038494
  0.19585   -0.63899    0.4941     0.73259   -0.61451    0.14601
  0.14803   -0.63511    0.34796    0.35252   -0.31983    0.66417
 -0.64827   -0.16432    0.21153    0.43418   -0.14401   -0.81506
  0.48335    0.61623    0.32729    1.0539     0.90221    0.18578
 -0.52007   -0.53503    0.24273    0.53843   -1.3531     0.056485
 -0.19452    0.71191   -0.10303    0.37921   -0.0078957 -0.25251
 -1.0421     0.43076    0.54496   -0.50326   -0.40862   -0.59916
  0.27483    0.81258    0.30113   -0.50501   -0.17642    0.21692
 -0.44662    0.16733   -0.73774    0.5446    -0.018689  -0.16066
 -0.11125   -0.6748    -0.70956    0.34073   -0.19614   -0.28867
  0.68526    0.51116   -0.21054   -0.1374    -0.040694   0.033645
  0.28185    0.10075   -0.11594   -0.031197 ]"
amazement,"[ 0.12718    0.050171   0.79223   -0.026024  -0.91451    0.66053
 -0.52246   -0.0074653 -0.20423   -0.1165    -0.46327    0.47996
  0.30496   -0.78321    0.18522    0.272     -0.57381    1.1293
 -0.16557   -0.21605   -0.26352    0.62713   -0.47369   -0.62566
  0.55332    0.27332    0.60037    0.69194    0.74503   -0.49999
 -0.051251  -0.38812   -0.5377     0.49345   -0.61618    0.45533
  0.47177    0.37086    0.39295   -0.36856    0.086869  -0.0068608
 -0.13636   -0.11375   -0.18331    0.29949    0.76013    0.26405
 -0.12239   -0.43261    0.15158   -0.17625    0.65202    0.38327
 -0.028896  -0.016398   0.22193   -0.087429  -0.66558    0.020442
  0.55651    0.61826    0.69253    0.27763   -0.6855     0.26313
  0.59254   -0.069978   0.17122    0.52521    0.41525    0.40607
  0.32563   -0.74449   -0.16255    1.0259    -0.03581   -0.27137
 -0.18895   -0.10722   -0.06599    0.33663    0.30146    0.14315
 -0.42114   -0.77453   -0.10446   -0.029799  -0.76627   -0.21018
  0.38443    0.32724   -0.035787   0.52616   -0.12503   -0.20909
 -0.30889   -0.29393   -0.041736   0.45723  ]"
bruise,"[-0.19511    0.06651   -0.046231  -0.90121   -0.96928    0.68397
 -0.20489   -0.29718    0.060103  -0.032292   0.19408    0.24792
  1.3651    -0.13275    0.51487    0.77094    0.28189   -0.10355
  0.17822   -0.33913   -0.12061    0.27193   -1.7609     0.55005
  0.4262     0.97217   -0.28949   -0.29559    0.13504   -0.56296
  0.12866   -0.19671    0.48562   -0.12951   -0.22722    0.25867
 -0.19011    0.19502   -0.27429    0.17924    0.3014     0.057788
 -0.20618   -0.16666   -0.66352   -0.33658    0.66517    0.82161
  0.31856   -0.45183   -0.11972   -0.26683    0.4712    -0.26244
  0.077108  -0.73844    0.23981   -0.55703    0.020995   0.91094
  0.52905    1.2932    -0.34359    1.0719    -0.44416    0.44896
  0.28284   -0.22925   -0.29557   -0.78778   -0.083907   0.64676
  0.32739    0.36255    0.56442    0.07811   -0.51813    0.18966
  0.54903    0.70949    0.2167     0.12299   -0.12278   -0.0096525
  0.28568   -0.91242    0.020084   0.86481   -0.36531    0.095877
 -0.86129   -0.46773   -0.29053    0.41645    0.1553     0.3232
  0.4844    -0.66873   -0.27329   -0.79331  ]"
bailing,"[-0.17018    0.082732   0.3788     0.028307  -0.28749    0.24379
 -1.237     -0.15358    0.29694   -0.4397     0.79693    0.88762
 -0.50427    0.056065  -0.65631   -0.53244   -0.26121   -0.098364
  0.90678   -0.2527    -0.28414    1.1594    -0.077376  -0.24994
  0.28404   -0.084381  -0.97719    0.24667   -0.70144    0.46869
  0.53064   -0.0025643 -0.22456   -0.36778   -0.66735    0.014127
 -0.39766   -0.060793   0.12788   -0.17656   -0.51574    0.16305
 -0.48841    0.36347   -0.43028    0.67675   -0.042118   0.091029
 -0.52527    0.13724   -0.93935    0.31652   -0.26293    0.50466
 -0.8639    -0.10988    0.36774   -0.18554   -0.21613    0.32076
  0.1523     0.091196  -0.37221    0.99628   -0.34096    0.49342
 -0.30804    0.35877   -0.092524  -0.60498   -0.3954    -0.6198
 -0.58689    0.24942   -0.24853    0.16836    0.09487    0.33727
 -0.45555    0.23998    0.6746     0.38484   -1.0474     0.42255
 -0.080295   0.20867   -0.54453    0.28616   -0.67927   -1.0843
 -0.53001   -0.20919   -0.091927  -0.61042    0.19307   -0.21609
  0.40144    0.35004    0.10918   -0.075295 ]"
rajapaksa,"[-1.2595    0.5522    0.52169   0.21147  -0.050427  0.30518   0.14749
  0.45015  -0.23102  -0.12148  -0.1994    0.048497  0.15052  -0.18773
  0.54414   0.076801  0.35798   0.17989   0.25092   0.089877 -0.17277
 -1.5197    1.5387   -0.30638  -0.5499    0.68115  -0.58179   0.57723
 -0.32765   0.34381   0.64207  -0.23388   0.055974  0.32648   0.03227
  0.55738  -0.056466  0.13421  -0.22346   0.42512  -0.51937   0.64388
  0.62778  -0.053449 -0.30093  -0.086737  0.37549  -0.39481  -0.085572
  0.48879  -0.91898  -0.63324   1.071     0.43169   0.80097   0.36221
 -0.48089  -0.028325 -0.45792  -0.63113  -0.2903   -0.93702  -0.20831
 -0.10239  -0.52764   0.54192  -0.43443   0.32321  -0.55251   0.52143
  0.15143   0.41759  -0.29473  -0.9563   -0.50005   0.40428  -1.4874
  1.1335   -0.8256    0.62477  -0.10447  -0.71978  -0.062625  0.27632
  0.12887  -0.34669  -0.43037   0.49583  -0.11762  -0.8094    0.46689
 -0.43751  -0.2647    0.14701  -0.16919  -0.54616  -0.27303   0.26385
 -0.16632   0.46798 ]"
monologues,"[-3.8344e-02 -1.3999e-01  1.5096e-02 -1.4269e-01  4.4161e-01  7.9741e-01
  8.4388e-02  7.0445e-01 -1.1871e-01  2.0299e-02 -3.9270e-01  5.5969e-02
 -3.8145e-01  8.6545e-01  4.2310e-01  6.1079e-02 -1.1264e+00  8.1706e-01
  3.8484e-01 -5.8894e-01  4.2794e-01 -7.1177e-01 -3.2380e-01 -1.0441e-01
  7.4987e-01 -2.9151e-01 -6.1707e-02  5.6691e-01  1.4272e-01  1.6168e-01
 -4.0659e-01 -7.4795e-01  2.4626e-01 -1.3498e-01 -3.1803e-01  4.1304e-01
  2.0411e-01  7.5287e-02 -4.5585e-01  1.6317e-01  6.7403e-01  3.1056e-01
 -3.6000e-01  8.2065e-01 -6.0897e-01 -2.1316e-01 -4.7468e-01 -9.4721e-01
  1.6717e-01  6.4367e-01 -7.9428e-01  3.3052e-01  1.2006e+00  4.0466e-01
 -9.6448e-02  2.1533e-01  4.4485e-01  8.4086e-02 -3.2856e-01  4.2812e-01
  5.3666e-04  9.5801e-01  3.6829e-02 -6.9388e-01  7.0267e-01 -1.6426e-01
  1.4170e+00 -4.1811e-01  1.0537e-01 -6.1402e-01  2.7725e-01  1.5413e-01
  3.4878e-01 -1.3271e-02 -1.8076e-01 -3.0774e-01  1.8312e-01  5.1198e-01
  1.7860e-01 -2.5304e-01 -5.5223e-01  2.7318e-01  9.0809e-02 -1.4227e-01
 -1.6970e+00  7.1369e-02 -3.8865e-01  7.5501e-01 -2.1096e-01 -1.6621e-01
  5.5507e-01  1.6211e-01 -9.6567e-02 -1.1940e-01  7.1860e-02  1.5822e-01
 -2.7916e-01 -5.6363e-01 -5.1661e-02  4.7115e-01]"
minter,"[-1.5630e+00 -1.5649e-01  8.6282e-01 -1.2888e+00  5.8765e-01  8.6437e-01
  6.1713e-01 -2.0765e-01  9.6080e-01 -1.1608e+00  3.5731e-01 -2.2425e-01
  4.6837e-01 -3.9067e-01 -8.3316e-01 -2.0023e-01  1.4383e+00 -9.3459e-03
 -3.2050e-01 -1.0691e-01 -2.1084e-01 -2.9979e-01  4.1137e-01  9.1637e-01
  1.1067e+00 -3.7257e-01  5.1668e-02 -6.2537e-01 -7.5660e-01 -2.7636e-01
 -6.5113e-01 -3.9983e-01  6.5517e-01 -6.9969e-01 -3.2923e-01 -2.5710e-01
  2.0084e-01  5.5711e-01  2.4908e-01  8.9765e-01 -5.8004e-01 -3.4834e-01
  3.2880e-04 -9.6003e-03 -9.8320e-01  7.2437e-02  2.5110e-01 -1.2673e+00
  2.8557e-01 -4.3226e-01  8.4649e-01 -1.1611e-01 -5.0147e-01 -4.7941e-01
  5.0382e-01  6.5805e-01  4.9503e-01  2.0639e-01 -9.6976e-02 -2.5946e-01
  5.1549e-01  1.2612e-01 -4.3298e-01 -4.8904e-03 -2.7637e-01 -6.4003e-01
  6.9130e-01 -3.7740e-01 -5.2954e-01  7.3713e-01 -6.6743e-02  2.7368e-01
 -9.6172e-01 -4.1704e-01  3.7889e-01 -6.6983e-01  4.3720e-01 -1.9422e-01
 -5.3898e-01 -7.4703e-03 -4.8299e-01 -3.9739e-02  3.3606e-01 -1.0296e-01
  1.9773e-01  1.0217e+00  4.6747e-01  7.1426e-02 -3.7990e-01  5.0554e-01
 -4.3289e-01  8.0369e-01  9.0617e-01  2.9254e-01 -8.6831e-02  3.3451e-01
  1.6123e-01  2.0352e-02  1.9184e-01  6.7907e-01]"
solstice,"[-0.026945   0.22615    0.011469  -0.22879   -0.16185   -0.23023
  0.86018    0.46606   -0.83497   -0.19715   -0.35437   -0.18458
  0.88162   -0.48995    0.29647   -0.47203   -0.035264   0.28741
 -0.10945   -0.10827    0.1369    -1.0483    -0.19917    0.95836
  0.29269    1.0452    -0.47608    0.47531    0.22234   -0.86486
 -0.2486    -0.23174    0.074093  -0.57087    0.37958    0.35843
  0.64805   -0.34441    0.13389   -0.64822   -0.33034    0.19847
  0.44271    0.68398   -0.53853    0.1814     0.4607    -0.98338
  0.55496    0.59298    0.034977  -0.87653   -0.54568   -0.26126
 -1.0433    -0.53338    0.13518    0.8542     0.33297   -0.12779
 -0.29316    1.4198    -0.29423   -0.087046   0.095579  -0.11599
 -0.39819   -1.7446     0.13913   -0.20591    0.020307  -0.94195
  0.31633    0.17616   -0.6139    -0.29217    1.169     -0.82772
  0.0047997 -0.50446   -0.90981   -0.30078    0.25958    0.30333
  0.86385    0.0070879  0.12679    0.36109    0.72258    0.40835
 -0.078212   0.38677    0.19121    0.29978   -0.34214   -0.66276
 -0.36132    0.42137    0.055734   0.46741  ]"
wiseman,"[ 5.9489e-02 -1.8103e-01 -1.4408e-01 -7.5059e-01  1.0148e-02  7.6706e-02
  1.1809e-01  1.9143e-01 -4.3189e-01 -6.3838e-01 -3.5798e-02  7.1140e-01
 -1.1184e-01  2.0993e-01  6.1650e-01 -1.7912e-01  1.2271e-03  1.2283e-01
  3.6078e-01  4.1488e-01 -4.0153e-02 -1.6276e-01  9.5554e-01 -6.5271e-02
  2.0309e-01  2.4290e-01  5.8600e-02  2.6722e-02 -4.4895e-01 -4.6847e-02
 -1.4209e-01  3.8865e-01 -3.8401e-01  2.0494e-01 -5.5965e-01 -2.1894e-01
  5.8140e-01  8.4172e-01 -1.2669e-01 -1.2168e-01 -7.6342e-01  8.4066e-01
 -1.5336e-01 -1.3379e-01 -2.0370e-01  5.0182e-01 -1.9589e-01 -8.7876e-01
 -4.6363e-02  2.6807e-01 -8.9972e-02 -4.4974e-01 -3.5682e-02 -5.4156e-01
 -1.9195e-01 -2.8266e-01 -5.5970e-01  5.6575e-01  8.3698e-03 -2.2641e-01
  9.7668e-02 -2.7077e-01  2.3388e-01  9.3280e-03 -3.8591e-01 -3.7294e-01
  2.5128e-01  8.8859e-01 -1.2300e-01 -1.3658e-01 -2.2790e-01 -1.4193e-01
  6.4424e-01  3.2997e-02 -8.5700e-02 -5.1883e-01 -4.9855e-01  6.7098e-02
 -5.8012e-02 -4.6859e-01 -8.3277e-01  2.4262e-01  3.5320e-01 -1.6512e-02
  4.2419e-01 -1.9642e-01 -1.4774e-01 -2.8268e-01 -8.1466e-01  2.1747e-02
 -5.5281e-01  8.7472e-04  1.2856e-01  2.7140e-01  2.0927e-01 -1.2760e-01
  2.2867e-01 -2.6545e-01 -6.0274e-01  3.2157e-01]"
21.1,"[ 7.8746e-01  1.0968e+00  6.3549e-01 -8.6632e-01  2.7052e-01  3.2130e-01
  1.0857e-01 -4.8276e-02 -1.1372e-01  5.8962e-01  8.6753e-01  9.2881e-01
 -8.3941e-01 -6.2461e-01  1.7348e+00 -3.1968e-01 -2.7459e-01  3.0688e-01
 -7.4188e-01  6.3001e-02 -1.1680e-01  6.0311e-01  5.9279e-01  5.0238e-01
 -1.4764e-01 -5.6635e-01  3.8980e-01  5.3895e-01  1.1316e-01 -1.3229e+00
  3.8355e-01 -3.7295e-01  4.4207e-01 -6.2024e-01  1.2867e-01  9.2075e-01
  1.1675e+00  2.3621e-01 -2.6468e-01  4.3759e-01 -1.1897e-01  4.7405e-01
 -1.0884e-01  5.2182e-01  2.5276e-01  1.3515e-01 -1.5755e-01 -8.6132e-01
 -3.8904e-01 -9.3924e-01 -1.2885e-01 -4.5693e-01  2.8510e-01 -1.8704e-01
 -5.9442e-01  6.1615e-01 -4.8247e-02 -6.9841e-01 -2.9389e-01  2.3422e-01
  1.6148e-01 -5.7982e-01 -5.6753e-01  5.8855e-01 -8.5236e-01  7.6856e-01
  9.6335e-02 -8.5493e-01  3.6489e-01  6.2843e-01 -6.9983e-01 -2.2082e-01
  8.4381e-02  2.4696e-01 -8.2390e-01  2.8575e-01 -5.1184e-01  1.1081e-02
  5.1308e-02 -6.1579e-01 -1.4074e-01  2.3604e-01  2.8209e-01  1.4891e+00
 -1.7017e-02  4.2295e-04  6.5607e-02  1.2993e-02  7.9968e-01 -2.2103e-01
  2.3014e-01 -1.8896e-01 -7.7490e-01 -5.6789e-01  1.2905e-01 -7.5616e-01
 -1.7606e-01 -3.0651e-01  6.8049e-01 -6.3247e-01]"
afzal,"[-0.94455  -0.60004  -0.33942  -0.80773  -0.81686  -0.56647   0.09728
 -0.21795  -0.6892    1.6954   -0.53414  -0.05038   0.45242  -0.17848
  0.4453   -0.90721  -0.44693   0.22826  -0.81651  -0.014263  0.097062
 -0.29854   1.0011   -0.010359  0.11856   0.42458  -0.25885  -0.14432
 -0.42946  -0.13724   0.71781  -0.56141  -0.30802  -0.20085  -0.52379
 -0.83657   0.23878   0.26879  -0.77354  -0.68067  -0.76366   1.0187
  0.17032  -0.36572   0.097808 -0.40007  -1.0033   -0.19383   0.02826
  0.21933  -0.14943  -0.081738  0.46944   0.63521  -1.1102    0.79434
 -0.87628  -0.55274  -0.5946   -0.14575  -0.59835  -0.59973   0.070094
 -0.28903   0.039434  0.14078   0.28087  -0.068631 -0.31728   0.90747
 -0.17234  -0.1528    0.77565  -0.42753  -0.089005 -0.24858  -0.29497
 -0.8174    0.29969   1.1642   -0.14156  -0.92      0.69594  -0.90681
 -0.28264  -0.44152  -0.57168  -0.7364   -0.63863   0.39324   1.3201
  0.52751   0.25847  -0.95007   0.67326  -0.86648   1.2731   -0.57718
 -0.16057   0.13203 ]"
amadou,"[-0.1149    -0.36082   -0.22241    0.51417   -0.31529    0.49448
  0.78469    1.2317    -0.78236    1.5129    -0.91027   -0.3234
 -0.5794    -0.47698    0.34426    0.65393   -0.25927   -0.5815
 -1.068      0.57946    0.10639   -0.22503    1.011     -0.24482
 -0.18805    0.57221    0.39255   -0.32938   -0.021546  -1.1212
  0.94375    0.70489   -0.35683    0.71421   -0.30547   -0.5474
  1.0075     1.1082     0.68303   -0.67108   -0.4416     0.49729
  0.36426    0.18142   -0.82298    0.60736   -0.25048    0.56136
 -0.69226    0.41673   -0.72626   -0.8186    -0.23527    1.0882
 -0.87463    0.97168   -1.2834     0.38923   -0.37949   -0.21319
 -0.43167    0.23623   -0.032867   0.2677     0.092438   0.68286
  0.17633   -0.52332   -0.36038    0.64691    0.058767  -0.078107
  0.3851    -0.53632    0.018647   0.14529    0.42267    0.32542
 -0.24236   -0.5059     0.058015   0.45101    0.53474   -0.45914
  0.0019619 -0.33134   -0.12235    0.060991  -0.037196  -0.84625
  0.14115    0.10861   -0.97923    0.50637    0.23397   -0.94952
 -0.23447    0.42072   -0.87127   -0.50121  ]"
ainge,"[ 0.14929   -0.712      0.25566   -1.0474    -0.27349    0.17222
  0.87312    0.13457    0.14953   -0.7195    -0.14509    0.39558
  0.23139   -0.89687    0.36322   -0.12193   -0.31415    0.21769
 -0.068882   0.80922   -0.97219    0.5274    -0.95311    0.3233
  0.037428  -0.20834   -0.17788   -0.39165    0.10576   -0.27998
 -0.78916    0.4438     0.076182  -0.18317   -0.1243    -0.079583
 -0.56314    0.78545    0.49166   -0.14875    0.39547   -0.36179
 -0.17097    0.50587   -0.47904    1.0561    -0.84024    0.089472
  0.053919  -0.49477    0.29427   -0.32438    0.16627   -0.14238
 -0.2653     0.22972    0.1488    -0.052503  -0.36352    1.1673
 -0.29328    0.021841  -0.095075   0.2061     0.012526  -0.10589
  0.95493   -0.041667  -0.75531    0.17232    0.98811   -0.55386
 -0.19034   -0.42707    0.17035   -0.50241   -0.7514     0.79073
 -0.27225    0.66573    0.56929   -0.26102   -0.63959    0.73766
  0.33271    0.078263   0.58835   -0.44642   -0.03052    0.11907
 -0.36558   -0.14662   -0.72424   -0.11766   -0.0039124  0.2779
 -0.92647    0.30644   -0.73789    0.80921  ]"
sallie,"[ 0.12105   -0.33866   -0.86885   -0.04163   -0.45801   -0.14589
 -0.54004   -0.52422    0.30047   -0.33531    0.053577   0.94553
  0.31345    0.53949   -0.7891    -0.35363   -0.065246   0.23443
  0.54163    1.0315    -0.49722   -0.25978    0.12625    1.0893
  0.32356   -0.12537   -0.7015    -0.57098   -0.9686     0.2516
  0.54077    0.78011    0.71616    0.28211   -0.40235    0.52343
  0.44367    0.54568    0.17125   -0.66653    0.36275    0.11918
 -0.44234    0.17792   -0.37349    0.64208   -0.3056     0.1305
 -0.035368   0.80805   -0.23851   -0.029036   0.32522   -0.1257
 -0.27695    0.24511   -0.28922   -1.1267    -0.0075831 -0.034605
 -0.55374   -0.78028   -0.17684    0.43813   -0.5061     0.15214
  0.45328    1.0365     0.75526    0.28623    0.28739   -0.24692
 -0.72924   -0.093603  -0.64267    0.52856   -0.57629   -0.45378
 -0.37633   -0.097898  -0.063803  -0.35563   -0.44272   -0.66496
 -0.16108    0.094876   0.22541   -0.22511    0.59865   -0.816
  0.91556    0.23637   -0.34939   -0.28687   -0.17882    0.0078635
  0.6116    -0.31684   -0.28384    0.14728  ]"
gijon,"[-0.3975   -0.14633  -0.33019  -0.092937  0.55818   0.45248   0.44435
  0.54848   0.37894   0.11851   0.1762   -0.82971  -0.561    -0.67294
  0.19279   1.016     0.60946   0.062497  0.63873   1.0435    0.34755
 -0.16442  -0.16845   0.69328   0.29786   0.59395  -0.79413   0.090225
 -0.092493 -0.46612  -1.0049   -0.70336  -0.7063    0.54938  -0.47552
  0.68464  -0.37154  -0.059844 -0.79735   0.50096   1.2406   -2.0467
 -0.22456  -0.14767  -0.32735   0.21212   0.024136  1.2213    0.096721
  0.13597   0.37153  -0.095752 -0.74197   1.3471    0.011274  0.29451
 -0.50768  -0.04346  -0.87077   0.087042 -0.45781  -0.051585 -0.22323
 -1.24      0.15814   0.56856  -0.85723   0.090106 -0.77383   0.53925
 -0.31542   0.082598  0.82387  -0.69546   0.15745  -0.48065   0.17112
 -1.1539   -0.27389   0.72777  -0.77825  -0.89345  -0.57926   0.57923
  0.47365  -0.62378  -1.1197    1.2271    0.48251  -0.92499  -0.64707
  0.15993   0.066401  0.68869  -1.6657   -0.39086  -0.61789  -0.22626
  0.55948  -0.53504 ]"
bayonne,"[ 4.9698e-01 -4.4680e-01 -4.4358e-02 -4.6666e-01  2.0190e-01  4.0903e-01
  2.9560e-01  4.7937e-01 -1.3423e-01  4.1716e-01 -4.2584e-01  2.0634e-01
 -1.1147e+00  1.3918e-01  8.5320e-01 -9.4504e-02  3.8973e-01 -1.0431e+00
  5.7862e-02  3.7603e-01 -1.5474e-01 -4.9685e-02  1.4591e-01 -2.2200e-03
  3.4337e-01 -7.1598e-01 -2.0502e-01 -2.4839e-02 -4.8777e-01 -6.5116e-02
 -5.1463e-01 -2.2165e-01  3.6713e-01  4.2058e-02 -1.5007e-01  4.8919e-02
  2.3317e-02 -2.4151e-01  3.0355e-01  3.0891e-01  2.6577e-01 -7.8450e-01
 -2.9965e-01 -1.2068e+00  3.7563e-01  6.9939e-01  7.7993e-01  4.9741e-02
  5.3443e-01  9.2720e-01  1.5490e-01  7.5417e-04 -1.0408e+00  3.6108e-01
 -9.0443e-01 -2.7786e-01  2.2641e-01 -3.7998e-01 -7.3784e-01 -5.0294e-02
  1.1667e-01 -1.2266e-02 -5.7748e-01  5.6274e-02 -1.5088e-01  5.5820e-01
 -1.0303e+00  5.6059e-01 -6.6026e-01  1.4709e-01 -2.6782e-01 -4.9148e-02
 -1.2582e-01 -7.0906e-01  1.8434e-01 -5.0829e-01  9.5942e-01  5.9586e-01
  6.5136e-02 -2.8077e-01 -3.2623e-01 -9.2866e-01 -2.8293e-01  8.6438e-01
  4.5880e-01 -1.3839e-01 -2.9007e-01  1.0134e+00 -2.8194e-01  2.9545e-01
 -5.1826e-01 -1.2665e-01  2.4531e-01  8.4967e-02 -3.3378e-01  4.7508e-01
  7.7818e-02  3.1443e-02  2.1852e-01 -2.5827e-01]"
subgroups,"[-0.007263   0.60971    0.13847    0.615      0.19515    0.52932
  0.53225   -0.1971     0.025961  -0.11067   -0.10166   -0.12914
  0.060857  -0.02659    0.34954    0.057042  -1.0203     0.40984
  0.34745   -0.11357    0.21865   -0.62964    0.028356   0.59372
 -0.30884   -0.50539    0.77008    0.0066531 -0.36836    0.053113
  0.082972  -0.61767    0.47404   -0.50134    0.68731   -0.25595
  1.499      1.0653    -0.36702   -0.10844    0.087421   0.085548
 -0.50233    0.058668  -0.47235    0.24905   -0.54542    1.03
 -0.1654     0.72733   -0.37174   -0.14489   -0.17933   -0.03131
 -0.018985   0.7417     1.2077    -0.01075    0.85714    0.96256
 -0.96607   -0.87916   -0.21553    0.5326     1.1025     0.36669
  0.33959    0.20378    1.2675     0.20792   -1.3071    -0.30316
 -0.11187    0.10258   -0.40937    0.43697   -0.057258  -0.60933
  0.29679    0.20523   -1.4329    -0.028351  -0.96756    0.31503
 -1.1356    -0.65186    0.045302  -0.70474   -0.12032    0.23077
 -0.5745     0.69998   -0.31918    0.30081   -0.59434    0.12027
 -0.28641   -0.7255    -0.15536    0.20744  ]"
ishikawa,"[-0.53179  -0.48307   1.21     -0.077565  0.041938  0.1353   -0.47489
  0.01626  -0.24222   0.4405   -0.13613   0.70347   0.29534   0.15334
  0.89734   0.27675   0.11457   0.21933  -0.18046   0.51454   0.24481
  0.092761 -0.042053  0.7158   -0.40782   0.13392   0.23714  -0.46134
 -0.053878  0.13045  -1.0927    0.59084   0.12962   0.42339   0.1049
 -0.44609   0.098228 -0.61069  -0.082174 -0.48711   0.59348   0.16155
 -0.128     0.34363   0.25502   0.34973   0.86031   0.062913  0.56413
  0.020845 -0.43543  -1.0523    0.2948   -0.68079  -0.055642  0.26332
 -0.017438  0.18437  -0.62012   1.1327    0.53655   0.37155   0.060748
  1.757     0.016526  0.56247   0.059517  0.23158  -0.097097  0.41773
 -0.25471   0.13649  -0.090476 -0.70098  -0.52814   0.99365  -0.055977
  0.48653  -0.31317  -0.54966   0.54549  -0.14891  -0.32157  -0.051789
  0.55078   0.27317  -0.77796   0.13703   0.49523  -0.012225  0.30525
  0.50114   0.26408  -0.51965   0.51428   0.97728   0.45597  -0.094557
 -0.28285   0.34132 ]"
borrowings,"[ 2.3087e-01  2.8514e-01  1.8112e-02 -5.7757e-02 -5.8430e-02 -7.7864e-02
 -1.0593e+00 -5.1150e-01 -1.1710e-01  7.6794e-01 -2.8180e-01  1.0837e+00
 -1.0398e-01  6.6436e-01  2.1319e-01 -6.7964e-01 -5.5245e-01  4.5969e-01
  9.4103e-01  4.7018e-02 -3.7328e-01  8.8929e-02 -3.1477e-01  3.9536e-01
 -2.1137e-01 -6.9214e-01  8.4886e-02  2.8768e-01 -4.2800e-01 -6.5143e-01
 -1.6584e-01 -6.9379e-02 -8.2440e-01 -4.2929e-01 -5.4858e-02  3.0567e-01
  2.1692e-01 -3.1925e-01 -5.8720e-01 -5.7368e-01  6.1665e-01 -5.5446e-01
 -1.1004e+00  1.5149e+00  6.0956e-01 -1.5180e-01  4.7678e-01 -3.5222e-01
 -3.7520e-01 -2.8013e-02 -8.5494e-01  4.4190e-01  8.0036e-01 -1.0877e-01
 -1.5600e-01  1.2359e-01 -1.6406e-01 -1.1538e+00  2.6249e-01  3.0244e-01
  5.0126e-01 -4.5781e-01 -3.6220e-01  1.8513e-01 -1.3021e-04 -3.3497e-01
  3.9777e-01  3.6351e-02  8.9555e-01 -8.9957e-01  2.9834e-01 -1.9170e-01
  6.6853e-01 -4.0027e-01 -2.2214e-01 -2.3386e-01 -6.2351e-01  1.0769e+00
 -7.2949e-01  1.4847e-01  6.4956e-01 -5.3911e-01  4.3015e-01 -3.0646e-01
 -5.4229e-01 -2.9288e-01 -6.4758e-01 -1.6581e-01 -2.0939e-01 -8.1569e-02
 -7.1569e-01  6.6623e-01 -1.9099e-01 -6.5201e-01 -2.1649e-01  2.2319e-01
  3.5489e-01 -3.2870e-01 -1.5264e-01 -2.0732e-01]"
inhabits,"[-1.1967     0.87544    0.86599    0.55328    0.094029   0.44127
 -0.54827    0.56064   -0.047416  -0.43501   -0.27803    0.29208
  0.5975    -0.24274    0.23792    0.24433    0.40314    0.033298
  0.267      0.85633   -0.0084238  0.48177    0.83864   -0.13508
  0.42808    0.78776   -0.08842   -0.40271   -0.18212    0.37842
 -0.20189    0.43874    0.11749    0.10373    0.60898    0.64573
  0.12514    0.060754  -0.12599    0.21713   -0.34542   -0.24571
 -0.16098    0.46743    0.35995    0.71269    0.39888    0.61504
 -0.081428   0.55084   -0.44303   -0.0056879  0.60269   -0.033206
  0.20047   -0.43517    0.23895   -0.92405   -0.48205    0.36129
  0.34125    0.47489    1.1015    -0.44125    0.25874    0.039786
  0.50566   -0.55965    0.31445   -0.12361    0.51127   -0.33165
  0.71882    0.46723    0.099002  -0.60082   -0.36815   -0.33777
  0.6123     0.4778    -0.41564    0.038386  -0.93016    0.33151
  0.66722   -0.38354   -0.33773   -0.13851    0.53518    0.64745
  0.35745    0.12459    0.20524    0.058444   0.80534    0.74835
 -0.96311   -0.63726   -0.34391    0.48477  ]"
nabokov,"[ 4.3565e-02 -2.4394e-01  6.2008e-01  2.0399e-01  1.0002e-01  4.1549e-01
  5.2387e-01 -1.0781e+00 -9.9900e-01 -4.3874e-01 -5.2584e-01  3.1767e-01
 -1.6071e-01 -2.6781e-01  4.6009e-01  2.6280e-01  1.8750e-01  9.9057e-01
  1.8013e-01 -4.3097e-01 -6.8865e-01  3.4732e-01 -6.9630e-02  1.8151e+00
  7.0140e-01  7.3760e-02 -1.0260e+00 -1.1748e-01 -2.4130e-01 -7.8561e-02
 -2.4899e-01  6.3955e-01 -6.2219e-03  4.6318e-01 -1.3863e-01  4.8827e-01
 -2.0504e-02 -5.6293e-01 -1.3114e-01  6.5971e-01  8.1757e-02  5.1920e-01
 -8.4884e-02 -8.0425e-02  1.0687e-01 -5.0255e-01 -1.0384e-01 -9.1499e-01
  1.7326e-01  1.5561e+00  2.1150e-01  8.5097e-01 -8.9128e-01  3.5675e-01
 -5.8503e-01 -1.6794e-01 -2.1148e-01  2.5577e-01 -3.0219e-01  1.5351e-03
 -5.3554e-01  6.0354e-01 -9.1143e-01  7.0100e-02 -4.0561e-01 -4.7177e-01
  1.3776e-01 -1.0864e-01 -5.8616e-01  3.5034e-01 -1.6530e-01  1.0333e-01
  8.1727e-01  6.4600e-01 -2.1450e-01 -2.7571e-01 -2.5206e-01  3.3665e-01
 -4.5488e-01  6.5579e-01 -6.1308e-01  2.1371e-01 -5.6248e-01  1.4207e-01
 -7.4212e-01  1.5900e-01 -1.2720e-01  1.6667e-01 -1.5093e-01 -3.5619e-01
  8.6616e-01 -4.9219e-01  1.4464e-01 -6.5691e-01 -6.2520e-01 -4.0102e-03
 -7.0929e-01 -3.5579e-01 -1.3750e+00  2.6098e-01]"
heartbroken,"[-0.111      0.31866    0.47189   -0.23348   -1.0832     1.2119
 -0.62513    0.31798    0.7798    -0.37784    0.31371    0.69691
  0.22172   -0.74116   -0.2269    -0.5935    -0.45315    0.28162
  0.2149     0.89946    0.29682    0.2311    -0.079946   0.40597
  0.76626    0.58259    0.040469   0.41354    0.56593    0.031897
 -0.21515    0.14233    0.34478    0.067193  -0.54283    0.13156
 -0.2166     0.053564   0.36551   -0.62645   -0.37013    0.2712
  0.17712   -0.18025   -0.028081   0.16583    0.23995    0.88923
  0.28123    0.29073   -0.044702  -0.51257    0.60111    0.31682
 -0.19057   -0.041452  -0.013073  -0.087495  -0.60477    0.0064951
  0.28962    0.024049  -0.050206  -0.35892   -0.049452  -0.066922
  0.39401    0.91539   -0.14849   -0.52972   -0.085497  -0.17862
  0.071195  -0.23353    0.091796   0.50989    0.12185   -0.055703
  0.022106  -0.34036   -0.34307    0.30047    0.091378   0.35908
 -0.26215   -0.5421    -0.092757  -0.31886   -1.4337    -0.37318
 -0.21547   -0.0975     0.37375    0.30619    0.11046    0.088535
 -0.10781    0.27685   -0.86656    0.14664  ]"
paroled,"[ 0.65401   -0.16079    0.10508   -0.0063526  0.60179    1.1073
  0.69989    0.1354     0.49048    0.065511  -0.16278    1.0177
 -0.040869   0.75571    0.79003   -0.061525   0.26724   -0.40844
 -0.65618   -0.38267    0.70882   -0.55201   -0.14526    0.011826
 -0.49642    0.077267  -0.44006   -0.74198    0.3944     0.87721
  0.60536    0.039074  -0.16881   -0.24357    0.2756    -0.1288
 -0.81973   -0.62756   -0.044355  -0.48093   -0.42832   -0.064304
  0.36888   -0.054063   0.016363   0.58551    0.32071   -0.74559
  0.90226    0.31308   -0.0050166 -1.2191     0.056318   0.31459
 -0.21135    1.1143    -0.091619  -1.1695     0.38105    0.24293
 -0.21589    0.2654    -0.92359   -0.43912    0.41158    0.077254
  0.3502     0.48652    0.39368    0.70532   -0.15487   -0.24426
 -0.23371    0.41543   -0.54045    0.094832  -0.0097432 -0.66459
  0.42783   -0.62652   -0.076463  -0.30921    0.11393    0.84346
 -0.22825   -0.12065    0.74534   -0.045313  -0.99253   -0.65024
 -0.60442   -0.51002   -0.030789   0.31028   -0.19237   -0.68012
  0.80188    0.38326   -0.38182   -0.57633  ]"
burkett,"[-1.8168e-01  4.0026e-01  4.2218e-01 -6.3845e-01 -5.2870e-01  7.9005e-02
  2.6096e-01 -2.1959e-01 -3.0317e-01 -1.0418e+00  5.4825e-01 -2.2264e-01
  8.5389e-02  1.5864e-01  4.3833e-01 -1.0966e-02  2.3979e-01 -3.1770e-01
  5.2071e-02 -5.1588e-04  4.0445e-01 -3.2215e-01  1.0990e-01  6.3115e-02
  6.7054e-01  5.9029e-02 -1.2224e-01  1.2479e-01 -6.9839e-01 -4.4214e-01
 -3.0837e-02  5.8389e-01  4.0244e-01  1.4434e-02  1.7528e-02  1.1649e-01
 -9.6794e-01  2.2022e-01  1.0628e-01  7.3556e-01 -4.5816e-02  3.9504e-01
 -2.2886e-03  3.5781e-01 -9.2567e-01 -3.5695e-01  5.9804e-02 -6.7235e-01
  4.5375e-01  2.2542e-01  4.8653e-01 -5.9541e-02  3.3754e-01 -5.4027e-01
  3.1871e-01  4.8564e-01  2.1940e-01 -1.1354e-01 -2.9099e-01  1.0450e+00
 -5.0562e-01  1.5282e-02 -1.4206e-01 -3.9942e-01  8.2429e-02 -4.8719e-01
  8.8646e-01  1.7949e-01 -4.9392e-01  3.9956e-01  8.8550e-02 -1.0832e-01
 -6.3085e-01 -3.5436e-01  7.2585e-01 -5.9065e-02 -6.6067e-01 -3.3662e-01
 -2.6772e-01  8.5554e-02 -1.7708e-01 -1.2474e-01 -2.7327e-01  2.0623e-01
  3.6789e-01  2.6149e-01  1.0352e+00  2.6322e-01 -3.9449e-01  1.8525e-01
  9.9577e-02 -9.1175e-01  3.4557e-01 -1.5571e-01  3.0587e-02 -5.8363e-01
  4.3849e-01  4.0022e-01 -2.3150e-01 -1.8725e-01]"
paces,"[ 0.18837   -0.13722   -0.13179   -0.20348   -0.16294    0.18797
 -0.070809   0.23198   -0.52985   -0.042146   0.65415    0.9433
 -0.31335    0.10497    0.14698    0.23865   -0.56095    0.13997
  0.0019932 -0.84502    0.77794    0.89259   -0.14756   -0.17872
  0.36221    0.060124  -0.40438    0.29319    0.059761  -0.2553
 -0.47435   -0.17438   -0.24825   -0.034448  -0.046805   0.40868
 -0.50088   -0.22056    0.1354     0.056441  -0.36834    0.14074
  0.06166    0.41775   -0.8005     0.27586   -0.073728   0.35175
  0.16823    0.50365    0.038842  -0.66965    0.068287   0.046003
  0.14466   -0.021273  -0.25387   -0.12947    0.15833   -0.56137
 -0.2721     0.55301    0.14574    0.38803   -0.37904    0.2325
 -0.13509   -0.68769    0.10756    0.4154    -0.18667   -0.11331
  0.42533   -0.83681    0.63875   -0.44926   -0.50685   -0.74026
  0.88005   -0.85099   -0.13813    0.51439   -0.34908    0.43118
 -0.28923    0.20589    0.069966  -0.36759   -0.41645    0.25531
 -0.26753    0.66378    0.14994   -0.41663   -0.56535   -0.42248
  0.23974    0.27585    0.54802    0.56753  ]"
teal,"[-0.75062   0.38102   0.135    -0.64378   0.049791 -0.69772   0.27541
 -0.059118 -0.361    -0.11     -0.53287  -0.14754   0.666     0.25173
  0.067252 -0.4636    0.038328  0.019637  1.1779   -0.67352  -0.097295
 -0.19392   0.88984  -0.60977   0.21702   1.0947    0.090701  0.46551
 -0.49     -0.22852  -0.27496   0.14957  -0.46544  -0.30046   0.18923
  0.35854   0.044955  1.1381    0.97225  -0.056865  0.35424  -0.5604
 -0.90352  -0.3709   -0.42128   0.73016   0.27358   0.48285  -0.39692
  0.26595  -0.21366   0.13443   0.05561  -0.53001  -0.83989  -0.19489
  0.34226   0.26016  -0.28619   0.33207  -0.35132  -0.16516   0.11262
  0.29071  -0.5538   -0.25879   0.061579 -0.019565 -0.19093   0.30913
 -0.69761   0.41315  -1.0092   -0.96122   0.010801  0.15603  -0.24591
 -0.16951  -0.15684  -0.1363    0.017109  0.27165   0.42408   0.76521
  0.29306  -0.27335   0.10274   0.022259  0.78343   0.64909  -0.37968
 -0.71939   0.5169   -0.45584   0.097224  0.31765  -1.0589   -0.18096
 -1.0316   -0.30812 ]"
1710,"[-0.090747 -0.69798  -0.03877   0.59237  -0.6429    0.33563   0.43928
 -0.48873   0.39812  -0.69161   0.4515   -0.019415  0.012582  0.070772
  0.17158  -0.44342  -0.21279  -0.18958  -0.36835  -0.35928   0.071046
 -0.17689   0.70811   0.21642   0.35524  -0.68666  -0.045709  0.016187
  0.24156  -0.10055  -0.47465  -0.25396   0.16293  -0.68795  -1.0504
 -0.21929  -0.51099  -0.23359   0.10553  -0.23725   0.32836  -0.26584
  0.40055  -0.47384  -0.54258  -0.65845   0.52816  -0.65264   0.64664
  0.46253  -0.43785   0.096994  0.44157   0.22814  -1.3798   -0.28451
 -0.090611 -1.114    -1.0325   -0.26945  -0.2973    0.42302  -0.53021
  0.36477  -0.018994 -0.43084  -0.84819  -0.687     0.5478    0.081935
  0.19373  -0.19334   0.095111 -0.19867  -0.47041  -1.0678    0.77186
  0.39546  -0.43582   0.34262  -0.19893  -0.85519   0.80602   0.52058
  0.39225  -0.2556    0.66289  -0.85313  -0.22868  -0.1078    0.2987
  0.29427   0.31469   0.50508  -0.1858   -0.33763  -0.2626   -0.1809
 -0.3999   -1.1343  ]"
sadiq,"[-0.34715   -0.82539   -0.5455     0.13586    0.4813    -0.10013
  0.58038   -0.0030361  0.76206    1.1486    -0.098422  -0.25387
  0.89847    0.21522    0.029367  -0.24432   -0.61984    0.27203
 -0.55449    0.17564    0.34665   -0.071139   0.37825   -0.5099
 -0.29002    0.19718    0.14048   -0.041562  -0.11624    0.33182
  0.31236   -1.212      0.71526    0.29716   -0.60981    0.77113
 -0.077193   0.81067   -0.70192    0.33649    0.062736   0.81955
  0.46823   -0.4743    -0.074492  -0.84244    0.22875    0.17627
  0.12516    0.24388   -0.38136   -0.011132   0.36498    0.25162
 -0.39312    0.79851   -0.7601     1.2686    -0.3802     0.53577
  0.10549   -0.88345    0.28515   -0.15474    0.32259    0.34307
  0.58019   -0.082747  -0.075505   1.0698     0.74621   -0.45509
  0.032887  -1.2556     0.1323     0.18902    0.17461   -0.75084
 -0.29139   -0.1037     0.60122    0.051798  -0.1776    -1.0128
 -0.5492     0.22407   -0.23483    0.26939    0.36572   -0.44016
  0.97716    0.73051    0.28642    0.3981    -0.4918    -0.69733
  0.34046   -0.41051   -0.64232   -0.69297  ]"
chieftains,"[-0.092371  -0.24409    0.54819   -0.56404   -0.066983   0.64497
 -0.51052   -0.60082   -0.34177   -0.39609   -0.0099432 -0.17418
  0.65837    0.17746   -0.49247   -0.37636    0.076243  -0.35906
 -0.29038    0.27181    0.14756   -0.24121    0.083088  -0.069837
 -0.67936   -0.36885    0.062419   0.47244    0.020414  -0.43437
  0.78239   -0.31218   -0.12928   -0.10543    0.4412    -0.024922
  0.013566   0.01049    0.36007   -0.35999   -0.17656    0.45279
 -0.054857  -0.06636    0.09551   -0.65301   -0.14276   -0.24823
  0.39899   -0.027665  -1.0856    -0.0086718 -0.015049  -0.031828
  0.10289    0.44772   -0.22221   -0.33223   -0.4905     0.75601
  0.18355    0.2346    -0.25511    0.48123    0.18378   -0.50924
 -0.074668   0.057646   0.60328   -0.31303   -0.26699   -0.25882
 -0.2048    -0.61517   -0.73209   -0.86597   -0.48809   -0.23035
  0.043965   0.15902    0.05272   -0.091283   0.55655    0.13768
 -0.084126   0.35508   -0.30842   -0.29753   -0.15981    0.082653
 -0.21454   -0.23607   -0.66149    0.003355  -0.51702   -0.76877
 -0.33263    0.14606    0.29604   -0.021056 ]"
homelands,"[ 0.12863    0.33183    0.4741    -0.4417    -0.063788   0.6676
 -0.43711    0.26494    0.24791    0.67363   -0.98492    0.24485
  0.64368    0.68002   -0.010647  -0.49112    0.61395    0.26766
 -0.15972   -0.018283   0.32266    0.62406    0.86427    0.17215
 -0.16101    0.012161   0.35093    0.017144   0.212     -0.57669
  0.97445   -0.9035    -0.50942   -0.24594    0.30975    0.090993
  0.05299    0.0087491 -0.041766  -0.90893   -0.91583   -0.11701
 -0.32481    0.51985   -0.088277  -0.15116    0.49464    0.46296
  0.015053  -0.019006  -1.167      0.52851   -0.15978    0.48254
  0.63155    0.6176     0.34467   -0.35976    0.33546   -0.2539
 -0.21035    0.41053    0.17709   -0.75934    0.71356   -0.29034
 -0.072486  -0.072644   0.058695  -0.43948   -0.13395   -0.099546
 -0.20889   -0.59713   -0.052193  -0.60467   -0.72363    0.10909
 -0.28897   -0.016112  -0.31565    0.31674    0.15422    0.051792
 -0.058002   0.84374   -0.26205   -0.067744  -0.18571    0.46911
 -0.52812    0.027771   0.47153    0.18064    0.10571   -0.56796
 -0.51494    1.2984    -0.036409   0.019264 ]"
yahn,"[-1.0706    1.2934    0.45419  -0.23999  -0.43399  -0.75808   0.5158
 -1.0688    0.010219 -0.24851  -0.31856   0.90024  -0.21411   0.34788
 -0.021396 -0.20623  -0.66957   0.33923  -0.50442  -0.63719   0.33487
  0.57642  -0.71525   0.60923   0.10982  -0.23855  -0.43278   0.020801
 -0.055512 -0.93385   0.75645  -0.63676   0.090233 -1.4684    0.85605
 -0.37146   0.62697   0.14385  -1.0905    0.68029   0.47108  -0.81895
 -0.080779 -0.17921  -0.81982  -0.13975  -1.8168   -0.49838   0.26243
 -0.27965  -0.68045  -0.23804   0.085519 -0.90203  -1.1076    0.83232
  0.72162   0.10773  -0.14032  -0.65053   1.0951   -1.2748   -1.0311
 -0.93581  -0.32897   0.51464  -0.2902    0.73229  -0.67268  -0.20403
 -0.053907 -0.78882  -1.7567    0.5133   -0.97889  -0.70652   0.082882
 -1.4504    0.36428  -0.37648   0.58013  -1.5606    0.85616  -1.5826
 -0.27273  -0.75662   0.022085  0.08065  -0.2963    0.94739   0.62919
 -0.52778   0.63684  -0.2168    0.81305  -0.90001   1.6967   -0.66974
  0.61586  -1.2886  ]"
smelter,"[ 0.2332     0.49548   -0.27336   -0.19461   -0.074213  -1.3901
 -0.53589    0.90098    0.023686   0.023456   0.21253    0.67871
 -0.2442    -0.29689   -0.83541   -0.54059    0.37491   -0.41872
  0.38135   -0.37371    0.55183    0.0042631 -0.6883     1.0278
  0.63157   -0.69216    0.14873    0.64985   -0.027945   0.001782
 -0.56051    0.10732    0.39788    0.44561   -0.26783   -0.13792
  0.49339   -0.18581    0.59359   -0.53385    0.2834    -0.039063
 -0.36429    0.046887   0.66569    0.87165    0.11052   -0.18408
 -0.33286    0.19102   -1.0547    -0.20772   -0.41117    0.15422
 -0.39178    0.15989   -1.2671    -0.96779    0.2963    -0.40954
 -0.080854  -0.7689     0.58538    0.33287    0.21933   -0.093311
  0.71649   -0.5664    -0.3088    -0.50821    0.44044    0.10517
 -0.013248   0.50681    0.74698   -0.7648     0.9868    -0.075029
 -0.27903    0.45292   -0.29435    0.24697    0.10655    0.67594
  0.081411   0.19746    1.1476     0.13094   -0.5802    -0.16286
  0.48364   -0.72704   -0.42973    0.53818   -0.031808  -0.090684
  0.18812   -0.23483    0.71723    0.053306 ]"
seduction,"[ 0.67347    0.08036    0.05387    0.5309    -0.24983    0.87858
  0.62027    0.22069    0.44244    0.34959    0.25127    0.20825
 -1.2029     0.051943   0.28698    0.5932     0.059623   0.5161
 -0.11966    0.49423    0.39264   -0.56481   -0.12686   -0.033844
  0.32734    0.82099   -0.044403  -0.19211   -0.26668   -0.52541
 -0.077639  -0.48989    0.12694    0.15176   -0.3506    -0.34473
  0.26694   -0.22574    0.31188   -0.61858    0.11095    0.099772
 -0.45336   -0.030556  -0.51454   -0.30973    0.096091  -0.10382
  0.048282   0.49776   -0.20059    0.41147    0.011243   0.71145
  0.051586  -0.5083     0.37998    0.11885   -0.6818    -0.2392
 -0.075027   0.20089    0.26653   -0.35751    0.053651  -0.28954
  0.54188   -0.50632   -0.05166   -0.54118   -0.1882    -0.31755
 -0.34712    0.39897   -0.40128   -0.12684    0.16148   -0.13064
 -0.1897    -0.26594   -0.31938    0.69775    0.34392    0.1001
 -0.93382    0.27534    0.17144    0.0081955  0.18767   -0.68732
 -0.045752   0.27044   -0.10096    0.43129    0.98594   -0.67991
 -0.41304   -0.43406   -0.047668   0.31779  ]"
13/16,"[-0.0052352  0.23819   -0.5521     0.88655   -0.049214  -0.32423
  0.82087   -1.5637    -0.28342    0.41305    0.6019     0.26517
 -0.83175   -1.5631     0.91142   -1.0349     0.56574    0.56368
  0.3642     0.91512    0.51361    0.98121    0.61428    0.90569
  0.14753    0.67575    0.26399    0.72047    0.27146    0.52875
  0.60635    0.36708   -1.4984     0.11448   -1.4564     0.76298
  0.59762   -0.5811     0.73254   -0.78477    0.38102   -0.36907
 -0.66372   -1.0407    -0.89386    0.48974   -0.28454    0.68517
  0.40289   -0.77549    0.059395  -0.67596    0.47517    0.59872
 -0.84416   -0.25358   -1.0422    -0.69685    1.1385     0.21128
 -0.56244   -1.1378     0.49471    0.20361   -1.6657    -0.43135
 -0.62384    0.80316    0.26878    0.55973   -0.97428   -0.1712
  0.20042    0.78943   -0.16544   -0.63704   -0.27496   -0.62834
  0.51447   -0.99811   -0.2664     0.33343    0.07186    0.43896
 -0.5229    -0.43861   -0.72831    0.22623    0.52037    1.619
 -0.36647    0.58116   -0.66223   -0.10614   -0.48793   -0.48136
  0.45785   -0.85791   -0.28643    0.59994  ]"
fractions,"[-2.4674e-02  5.3709e-01 -4.9184e-01  4.0876e-01 -4.5957e-01  5.6211e-01
 -4.1118e-02 -5.2837e-01 -4.4858e-01  2.9723e-01 -6.1731e-02  2.3708e-01
 -2.8816e-01  4.2232e-01  2.7701e-01 -1.8489e-01 -9.1111e-01  8.3311e-01
  5.7559e-01 -8.6586e-02  6.3290e-01 -1.0703e-01 -3.9246e-01  9.8169e-02
 -2.1558e-01 -3.4201e-01  5.9390e-02  6.3255e-01 -3.3294e-02  2.7399e-02
 -3.0963e-01 -8.2674e-01 -4.6883e-01 -9.7279e-01  4.5772e-01  5.6142e-02
 -9.7616e-02  5.2411e-01  1.4921e-01 -1.9106e-01  1.6638e-01 -2.4955e-01
 -4.6018e-01  1.8304e-02 -8.7017e-01 -2.2554e-01 -6.3931e-04 -1.1217e-01
  5.1390e-02  4.4937e-02  5.4143e-01  5.9172e-01  4.0582e-01  7.8709e-01
 -7.4099e-01  4.8723e-01 -1.5818e-01 -3.6352e-01  1.3374e-01  8.7666e-01
 -3.4631e-01 -4.4968e-01  2.8439e-01  7.0768e-01  7.1375e-01  3.4977e-01
  7.5780e-01 -6.2608e-01  4.1757e-01 -3.4473e-02 -3.2780e-01  9.2912e-02
  3.4386e-01 -9.0225e-02 -2.5752e-01  1.4269e-01 -9.6122e-01 -6.6388e-01
  3.6051e-01 -1.5119e-01 -2.6488e-01 -2.4774e-01 -9.2041e-01  2.2664e-01
 -3.3929e-01  2.2451e-01  4.0006e-01 -7.2181e-01  2.9015e-01  1.9963e-01
 -6.9283e-01  8.6169e-01 -9.6727e-01 -5.7196e-02 -5.2220e-01 -9.7535e-01
  1.8502e-01 -4.4453e-01 -5.3355e-01  4.0446e-01]"
fennel,"[-1.5428e+00  1.1018e+00 -3.2773e-01 -3.0203e-01  3.0561e-01  8.6737e-02
  1.1115e-01 -5.5095e-01  4.1039e-01 -4.0474e-02 -2.9693e-02  4.1215e-01
 -3.0385e-01  5.7833e-01 -3.2988e-01 -3.2693e-01 -6.1570e-01  3.0998e-01
  2.6603e-01  6.6098e-02 -1.2837e+00 -6.7844e-01  4.4585e-01  7.7961e-01
  7.5354e-01  1.6760e+00  6.4011e-01  8.7774e-01 -4.1785e-01  1.3273e-01
 -4.4176e-01 -1.6956e-01 -3.4113e-02 -1.0290e+00 -2.5678e-01  5.2478e-01
 -5.4216e-01  5.1723e-01  9.3108e-01 -2.4112e-01  1.0785e+00 -1.4311e+00
 -6.7085e-04 -6.3727e-01  3.9826e-02  1.3224e-02  2.2405e-01 -2.5785e-01
  6.6265e-01  1.9127e-01 -3.1299e-01 -2.0208e-01 -4.5042e-01  7.2222e-01
 -9.4711e-01  3.6591e-01  1.7326e-01  7.0009e-01 -1.9565e-01  1.5412e-01
  8.7912e-01  7.4702e-01  4.0906e-01  8.3715e-01  3.8600e-01 -8.3380e-01
 -1.0892e-01 -2.2081e-01 -1.2701e-01 -2.7997e-02 -1.0091e-01 -9.4128e-02
 -1.7940e-01 -1.1413e-01  2.8046e-01  4.3208e-01 -4.9172e-01 -6.4047e-01
  7.2833e-01  3.2822e-01  8.1320e-01 -6.5096e-01 -5.4800e-01  8.7271e-01
  5.2010e-01 -4.9011e-01 -4.1900e-03  8.7887e-01  1.3648e+00  1.0797e-01
  2.0627e-02 -1.9897e-01 -6.6309e-02 -5.4113e-01 -7.1758e-01 -3.0237e-01
  2.7120e-01 -1.1085e-01 -3.7437e-01 -6.4774e-02]"
voss,"[ 0.24537   -0.21455   -0.052209  -0.45651   -0.59712   -1.0511
  0.48999   -0.0052752  0.17499    0.23194    0.21149   -0.35526
  0.84189    0.090796  -0.46145   -0.54767    0.1327     0.49995
 -0.75223   -0.027636   0.14699    0.87226    0.53258    0.56768
  0.10171    0.54567   -0.80622    0.3576     0.76363    0.17614
 -0.068683   0.32179   -0.1419     0.65594   -0.11267    0.65827
  0.49769    0.47667    0.57094    0.45077    0.040082  -0.87136
 -0.31614    1.124     -0.57462    0.34411   -0.14511   -0.33574
  0.23846    1.2703     0.4502    -0.22827   -0.28011   -0.044734
 -0.61913   -0.17205    0.38657   -0.24864   -0.4703    -0.38914
  0.84454   -0.005311  -0.17923    0.30435   -0.08406    0.024487
  0.16565    1.054     -0.094418  -0.038807  -0.78575   -0.061675
  0.24842    0.43741    0.62372   -0.030575  -0.20839   -0.46015
 -0.20917   -0.70539   -0.41252   -0.53268    0.42118    0.60857
 -0.27828    0.40177    0.0017555 -0.048931  -0.62769   -0.038847
  0.068047   0.056107   0.19771    0.67551    0.77839   -0.1054
  0.43272    0.47759    0.1181     0.11523  ]"
fnl,"[-2.1398e-01  1.4231e-01 -5.2571e-01  2.1446e-01  1.6116e-01  6.7734e-01
  6.0143e-01  4.1897e-02  5.3110e-01 -6.8768e-01  9.6278e-01  9.0122e-02
  1.2510e+00  4.9437e-01  4.8361e-02  4.5261e-01 -2.7438e-01 -7.3512e-01
  5.3952e-01 -2.3982e-01  8.5364e-01 -1.2397e-01 -6.6922e-02  3.6965e-01
 -6.5102e-01  1.0504e-01  1.7696e-01  2.5224e-02  1.5732e-01 -6.1661e-01
  2.7733e-02  3.1614e-01  1.4655e-01  1.8721e-01  1.2389e-01 -1.6023e-01
  1.0169e+00  1.3199e+00 -2.3015e-01 -4.2997e-02 -8.1928e-02  1.9767e+00
  5.1647e-01  6.2991e-02  4.0306e-01 -2.5017e-03 -9.4039e-02  3.1448e-01
 -3.6658e-01  2.0127e-01 -4.4983e-01  1.2402e-01 -1.2893e-01  3.6463e-01
 -2.4505e-02  1.0226e+00  6.5155e-01  5.1264e-01  4.1133e-02  3.9036e-01
 -9.6000e-03 -7.0064e-01 -8.9345e-01  3.2372e-01  4.1921e-01  2.3913e-01
 -9.2724e-02  1.1157e-01 -1.8807e-02  6.9773e-01  7.2794e-01 -1.7595e+00
 -6.5312e-01 -1.5816e+00  2.3479e-01  3.2901e-01 -1.0098e-02  1.5883e-01
 -6.4106e-01  4.6928e-01 -7.7862e-01 -2.2989e-01 -4.2644e-02 -3.5669e-02
  3.7782e-01  6.0140e-01  6.6506e-01  1.2737e+00  3.3279e-01  1.0151e+00
  1.7502e-02  1.5632e-03 -1.0402e+00  7.1559e-01 -9.1816e-01 -3.6600e-02
  1.5092e-01  1.8721e-01 -2.4236e-01  1.0680e-01]"
rehearsing,"[ 0.40132   -0.13434   -0.66889    0.05152   -0.18809    0.70663
 -0.29441    0.95391   -0.47942    0.086771   0.3827    -0.1637
 -0.26559   -0.0062405 -0.22359   -0.54391   -0.034721  -0.032335
  0.94609   -0.43253   -0.39285   -0.14476    0.14571   -0.39277
 -0.39132   -0.24452   -0.18103    0.25316    0.52604    0.071151
 -0.85427   -0.64882    0.24457    0.15886   -0.21356   -0.31264
  0.14874   -0.52473    0.36506   -0.50627   -0.20147    1.0804
  0.16881    0.84458   -0.0083723  0.21411   -0.66845   -0.52553
  0.38085   -0.8369    -0.19379   -0.26604    0.33114    0.61751
 -0.54338   -0.60584    0.351     -0.44344   -0.74428    0.79144
 -0.20178    1.1855     0.057999  -0.19426   -0.59017    0.152
  1.1065     0.16961   -0.45932   -0.026642  -0.017403  -0.16836
 -0.31147    0.20231   -0.34138    0.015617  -0.10264   -0.06659
  0.61631   -0.55307   -0.49991   -0.12045    0.066855   0.64993
 -0.93178    0.25529    0.47276   -0.014234  -1.0985     0.091768
 -0.25401    0.035611  -0.13309   -0.23721   -0.059897  -0.29826
  0.0078906  0.24317    0.62557    0.68996  ]"
osu,"[-0.051415 -0.21418   0.77739  -0.76804  -0.64369   0.36757   0.70495
  0.49572  -0.58864  -0.037423  0.45925   0.042932 -0.34741   0.15799
  0.32913  -0.068938  0.59278   0.092436 -0.44693   0.24059  -0.20515
  0.14422  -0.72113   0.48315   0.08043  -0.46008  -0.38238  -0.40979
 -0.14821  -0.12534  -0.35242   0.22975   0.050961  0.45851  -0.95889
 -0.43353  -0.66133   0.58659  -0.19337  -0.18855   0.024621  0.31986
 -0.13267   0.43113  -0.59189   0.33297   0.79522   0.49747   0.1195
  0.28385  -0.43148  -0.47745   0.18567  -0.68823   0.35976   0.14606
  0.19348  -0.20784   0.029953 -0.30668  -0.60013  -0.44135  -0.14345
  0.22542   0.12275  -0.020153  0.64336   0.18405   0.14871   0.75528
  0.73934  -0.38849   0.55602  -0.26747  -0.24993  -0.033459 -0.01751
  0.05641   0.32007   0.18659   0.054454 -0.19643  -0.24559  -0.56957
 -0.27087   0.095363  0.57328  -0.32158   0.29439   0.11211   0.16163
  0.10051  -0.48898   0.55271  -0.45199  -0.90967   0.14263   0.22901
  0.7333    0.15156 ]"
tatters,"[-0.27443   -0.073665   0.51609   -0.25524    0.20111    0.28695
  0.22613   -0.49138    0.67911    0.1727     0.29899    0.25391
  1.1459    -0.083498  -0.53192   -0.51296    0.11251   -0.0069159
  0.56098   -0.48265   -0.4033     0.45887    0.55881    0.11661
  0.66292    0.097729  -0.59404    0.13045   -0.58205   -0.80961
  0.33187   -1.0388    -0.35612   -0.47563   -0.58061    0.32686
 -0.1923    -0.30212   -0.88317   -0.35422    0.2623     0.26501
  0.61282    0.48812   -0.1513    -0.31679    0.99129    0.77211
 -0.1845    -0.036205  -0.52722   -0.44872   -0.4191     1.2575
 -0.081243  -0.79696   -0.31035   -0.37042   -0.51507   -0.03236
  0.072335   0.043369  -0.14331   -0.12486   -0.22559    0.59428
  0.67235    0.14254    0.4698    -0.82069    0.48735    0.092043
 -0.50333   -0.29742    0.15598    0.17593   -0.11994    0.85703
 -0.1441    -0.079408   0.12716    0.53588    0.22689    0.69462
  0.37868    0.032503   0.029964   0.42161   -0.8036     0.0054873
  0.16173    0.18333   -0.38148    0.41958    0.21572    0.49189
  0.43482    0.38516    0.070382   0.52468  ]"
ameritech,"[ 0.76359   -0.22944    0.34717    0.42858    0.60512   -0.54386
  0.71915    0.18758   -0.63632   -0.22678   -0.54577    0.78053
  0.33633    0.093758  -0.068891  -0.40261   -0.34298    0.17764
  0.88068    0.28096   -1.3432     0.42268    0.85606    0.67374
  0.018317   0.25808    0.044929  -0.24458   -0.58806   -0.40851
  0.17302    0.60795    0.27909   -0.23095   -0.43015   -0.18844
  0.71377    0.46017    0.75939    0.078633   0.22258   -0.48105
 -0.64768   -0.51182   -0.57379    0.44308    0.80331   -0.066072
  0.0046874 -0.20986   -0.73019    0.64017    0.79904   -0.50276
 -0.48895   -0.059848   0.13175   -0.050439   0.3268    -0.13862
 -0.60372   -0.9935     0.61179   -0.32172   -0.76771   -0.69356
 -0.68579    1.373     -0.20179    0.64106   -0.61794   -0.32813
 -0.14481   -0.47057    0.10317   -0.20755    0.48528   -0.41594
 -0.11419   -0.3089     0.88247   -1.4882    -0.1618     1.0659
 -0.81346   -0.42177    0.42851   -0.2144     0.92021    0.72645
  0.52821    0.47481   -0.6268    -0.84755   -0.38896    0.10363
 -0.029311   0.51159   -0.28698    0.84264  ]"
disseminate,"[-0.3358    -0.15602   -0.54007    0.16556    0.36496    0.36845
 -0.44633   -0.68652    0.38758    0.42592    0.13309    0.16514
 -0.2375    -0.71775    0.68101    0.12493    0.89806   -0.13691
 -0.59346    0.18574   -0.4932    -0.09879    0.58948   -0.093095
 -1.1064    -0.3773     0.23353    0.81941   -0.09045    0.26941
 -0.56949    0.53917   -0.64632    0.69165   -0.34924   -0.1295
 -0.33079   -0.40376   -0.74371    0.10476   -0.0094873  0.57196
 -1.0369    -0.78233   -0.85317   -0.39199    0.388     -0.29601
 -0.37501   -0.37377    0.31203    0.82912    0.28304   -0.021212
 -0.14224    0.61327    0.77333    0.36224    0.64541   -1.0658
 -0.36771    0.66396   -0.26017   -0.30148   -0.053402  -0.47813
  0.082638  -0.14016    1.0014    -0.18751    0.77197   -0.25185
  0.40179   -0.62785    0.30776    0.32215   -0.47441   -0.6126
 -0.60244   -0.19865    0.1199     0.78343   -0.50346    0.15662
 -0.3766    -0.065096   0.57916    0.83243   -0.32791    0.82392
  0.028164  -0.21447    0.19954   -0.55475    0.19059   -0.65798
 -0.19741   -0.80686    0.019958   0.97673  ]"
blaise,"[-0.13636   -0.63564   -0.010215   0.64231    0.10876    0.77101
  0.71061    0.22282   -0.21978   -1.3559    -1.5751     0.63331
  0.13855    0.3495     0.2182     0.51287    0.28541   -0.32129
 -0.34321    0.17869   -0.7277     0.28451    0.90181    0.094516
  0.048609   0.035303  -0.33833    0.55532   -1.3331    -1.0185
 -0.20446    0.014501  -0.68089    0.16651   -0.53869   -0.12238
  0.67284    0.46203   -0.088131  -0.36942   -0.63173    0.72027
  0.24269    0.57001   -0.4229     0.41954   -0.33536   -0.63705
 -0.31403    0.40654   -0.77949   -0.14167   -0.57812    0.50106
 -0.24781   -0.67155   -0.30847   -0.031894  -1.2948    -0.81473
  0.038981  -0.32152   -0.23632    0.36737   -0.53144   -0.72315
 -0.049178   0.1127     0.29206    0.0044973  0.011986  -0.20947
  0.0066233 -1.0826     0.20272   -0.15046    0.36798    0.14514
 -0.12715    0.46789   -0.73723    0.42064   -0.50729   -0.94046
  0.48407    0.16316   -0.026794   0.86766    0.85269   -0.45655
 -0.18231    0.46381   -0.33839    0.44959   -0.54056   -0.096273
 -0.45664   -0.59198   -0.40126   -1.1215   ]"
bondage,"[ 0.32067  -0.018362 -0.068658 -0.23569  -0.49515   0.41496  -0.4129
 -0.016435 -0.18714   0.11651   0.23281  -0.14814  -0.1565    0.35584
  0.58014   0.52816  -0.050262  0.059373  0.20369  -0.88492   0.50389
 -0.016567  0.13004   0.73407   0.3376    0.32291  -0.37947  -0.59595
  0.30764  -0.12544   0.44327  -0.63593  -0.9565   -0.054585  0.29281
  0.57993  -0.14713   0.61222  -0.32802  -0.60752   0.034525  0.39781
 -0.1951   -0.22894  -0.59236  -0.37001   0.19738   0.48642   0.2567
  0.31385  -0.56171   0.90947  -0.55972   0.74912   0.067446  0.015208
  0.070402 -0.40806   0.07028   0.47031   0.14864   0.14864  -0.34035
 -0.70513   0.040353  0.33377   0.88463  -0.49769   0.26245  -0.8307
 -0.1994   -0.74507   0.14547   0.97774   0.1065    0.53143  -0.29816
  0.15673  -0.36495   0.14302  -1.0084    0.59873   1.2144    0.36692
 -0.3911    0.65849  -0.28454  -0.38382   0.1422   -0.75148  -0.048643
 -0.42632   0.64333  -0.49402   1.1264   -0.9096   -0.072594 -0.40357
  0.71512  -0.22954 ]"
nip,"[-9.6931e-01 -1.4643e-01  6.2212e-02 -7.3746e-01 -1.1261e+00 -6.7499e-01
 -3.2478e-01 -1.2885e-01 -1.1222e-01 -3.0207e-01 -3.4140e-01  5.7600e-01
 -5.8132e-01  5.2352e-01  5.7860e-02  7.5303e-02 -2.0045e-01  9.5116e-02
  2.7723e-02 -3.4582e-01  3.4079e-01 -4.5957e-02 -5.2621e-01  3.0908e-01
  4.6762e-01  4.5965e-01  9.2458e-02 -1.8308e-01  1.5898e-02 -6.0830e-01
 -6.3973e-01 -2.3040e-01 -2.2341e-01  1.1685e+00 -4.8076e-01 -6.5020e-02
 -7.2194e-01 -1.2376e-01  2.1587e-01 -6.9634e-02  5.0624e-01 -7.6019e-02
 -1.1851e+00 -1.7713e-01 -2.4760e-01  3.4462e-01  1.5237e-01  2.3518e-01
  3.1271e-01 -5.8544e-01 -4.5156e-01  2.8188e-02 -1.0252e+00  1.1341e-01
 -7.9321e-01  2.5139e-04  4.2459e-01  4.6762e-01 -5.0569e-01  5.1106e-02
 -1.5986e-01  6.1029e-01 -3.0219e-01  2.7366e-01  6.8314e-01  8.7717e-01
  2.4225e-01 -6.8583e-02 -1.1619e-01  5.1728e-01  4.5169e-01 -4.6154e-01
 -6.8546e-01 -2.1385e-01 -1.6838e-01 -2.4971e-01 -6.1405e-01 -9.9865e-02
  7.2358e-02  1.6901e-01 -3.0016e-01 -5.1689e-01  2.4590e-01  3.2864e-01
 -1.6698e-01 -1.6587e-03  9.2383e-02  8.8308e-01 -2.0096e-02 -3.9262e-02
 -6.6971e-01  5.5089e-01 -5.1377e-01 -1.3852e-01  2.5962e-01 -9.8653e-01
  3.2573e-01 -3.0611e-01 -6.7995e-02 -3.6199e-01]"
whampoa,"[ 1.7418e-01 -2.0614e-01 -2.5575e-01 -6.1122e-01  1.0423e+00 -5.0542e-01
 -1.2132e+00 -4.3882e-01 -1.0750e+00  4.0160e-01  6.5947e-01  2.6021e-01
 -1.4610e-01 -1.1317e+00  5.1083e-02 -1.1358e+00  3.3455e-01 -6.1280e-01
  1.5299e+00  3.3397e-01  1.5874e+00 -7.7899e-01  2.6377e-01 -3.6966e-01
  7.1259e-01  8.4921e-01  4.6972e-01  1.0721e-02 -8.3682e-01 -3.4218e-01
 -1.1603e+00  4.3622e-01  3.1289e-01 -5.4511e-01  5.3160e-01  4.9342e-01
  4.4174e-01 -6.6442e-02 -8.4234e-01 -5.5752e-01 -3.0260e-01 -2.5375e-01
 -5.1673e-01 -7.7120e-04 -5.3405e-01  9.2539e-01 -1.2037e-01  1.5088e+00
  8.8469e-01 -3.5441e-01 -3.1248e-01 -9.9939e-02  1.4263e+00 -3.1495e-01
 -5.8852e-02  5.8258e-01 -4.2335e-01 -8.4854e-01  5.1218e-01  3.2554e-02
  4.2391e-02 -4.7507e-01 -5.0316e-01  4.1009e-01 -1.2845e+00  8.5830e-02
 -3.6265e-01  1.0159e+00  5.6871e-01  7.6363e-01  8.6621e-01  3.3442e-01
  6.6290e-01  1.3484e-02 -1.4691e+00  9.4710e-02  3.4701e-01  8.5029e-02
 -5.7710e-02  3.2670e-01  8.4713e-01 -6.3726e-02  7.4253e-01  1.0214e+00
 -8.2410e-01 -4.5523e-01  7.9469e-01  7.3882e-02  8.7916e-01  5.3582e-01
  2.2868e-01 -2.8063e-01  1.1639e+00  6.3033e-01 -6.6687e-01  6.2343e-01
  3.7968e-01 -1.2603e+00 -3.4617e-01 -4.5270e-01]"
gehry,"[ 0.53752   0.18296  -0.8267   -0.41494   0.43089  -0.45216  -0.56192
 -0.23855  -0.42601   0.56698   0.96055  -0.28872  -0.49357  -0.40005
  0.13679   0.45144  -0.082599  0.63044  -0.57829   0.52825  -0.61091
  0.31789  -0.95615  -0.17094   0.60577  -0.44065  -0.52488  -0.16345
 -0.2855   -0.5266   -0.49806   0.40894  -0.056238  1.0082   -0.11797
  0.71513   0.64624  -0.80104   0.16651  -0.44483   0.61652  -0.73569
  0.08598   0.84037  -0.43549   0.61454   0.60651  -0.12887  -0.10699
  0.4964   -0.72164  -0.72945   0.056019 -0.17199  -0.21998  -0.38922
  0.22596  -0.11004  -0.31165  -0.31511   0.12338   1.2262    0.6606
  0.16742  -0.18357  -0.82685   0.18164   1.0183   -0.60557  -0.69578
  0.32086   0.46863  -0.30615  -0.020494 -0.039254 -1.1341    0.82373
 -0.47695  -0.44346   0.43315  -0.24975  -0.23948   0.084892  0.084065
  0.22673   0.49079   0.20404   0.19413  -0.54205  -1.2591    0.67097
 -0.74522   0.41299  -0.025308  0.80537   0.05541  -0.67611  -0.83307
  0.28968  -0.16341 ]"
leonel,"[-3.0554e-02  3.7919e-01 -3.6941e-01 -3.2679e-01 -7.6860e-02  2.1410e-01
  6.9846e-01  3.4104e-01  3.5511e-01  1.1852e-01 -1.1103e-01  1.0057e-01
  1.4317e-01  4.7120e-01  2.8483e-01 -8.1657e-01  7.9870e-01  8.3137e-01
  2.0794e-01 -6.1484e-01 -5.3447e-01  6.6603e-01 -2.6296e-04  9.4314e-01
 -4.7861e-01  2.3328e-01 -1.7847e-01 -5.4034e-01  5.3515e-01  1.4697e-01
  7.7901e-02 -8.6796e-01 -2.6177e-01  3.4832e-01 -8.9791e-01 -4.5434e-01
  4.2127e-01  2.7937e-01 -2.0774e-01 -3.9376e-01  2.5673e-01 -1.7698e-01
  1.1010e+00  3.4661e-01 -1.0920e+00 -3.4628e-01  1.7379e-01 -6.6018e-01
 -2.0673e-01  8.8540e-01 -5.4678e-01  1.9204e-01 -7.3974e-01  1.5414e-01
 -1.4485e-01  4.7899e-01 -2.9216e-01  1.6353e-01 -8.5294e-02 -1.2036e-01
 -1.1559e-02 -3.8104e-01  6.7444e-01 -2.4872e-01 -2.8375e-01 -4.2581e-01
 -5.9458e-01  1.1155e-01 -4.4308e-01  4.8600e-01  3.2440e-01  3.9382e-02
 -9.9882e-01 -6.0625e-01  1.2534e+00  7.2894e-01 -6.0821e-01 -7.0294e-02
 -5.3089e-03  2.9039e-02 -2.1053e-01 -5.4663e-01 -1.7859e-01 -4.6796e-01
  3.0050e-01 -7.4313e-01  3.9082e-01  1.6140e+00  2.3769e-01 -1.2008e+00
  3.6353e-01  2.7258e-01 -3.2799e-01  2.9538e-01 -9.6417e-01 -5.3343e-01
  2.3374e-01 -1.3689e+00 -3.7890e-01 -7.1643e-01]"
massing,"[-0.47619    0.045882  -0.6555     0.59743    0.096642   0.58922
 -0.53192   -0.20752    0.21321   -0.057878  -0.1337    -0.45039
  0.55088   -0.051873  -0.30409   -0.11836   -0.26204   -0.45143
  0.41316   -0.86322    0.71873    0.076718   0.66701    0.11788
 -0.029998  -0.063011   0.54286    0.7682     0.20496   -0.58056
 -0.38235   -1.1771     0.28048   -0.24247    0.83539   -0.63955
  0.17042   -0.4789    -0.09307    0.27288    0.22941    0.41417
 -0.11919    0.46781    0.64688    0.22333    0.067348  -0.10228
  0.41773   -0.21675    1.1542    -0.28929    0.6055     0.99862
 -0.28658    0.028484   0.23554   -0.68062   -0.23077   -0.17311
  0.64776    0.84853    0.4757     0.37634   -0.0088141  0.30394
 -0.021783   0.21708   -0.30589    0.444      0.38031   -0.96094
 -0.44428   -0.74746   -0.13568    0.098138   0.64539    0.71408
  0.13209    1.0569     0.92257   -0.08586   -0.4677    -0.22037
  0.69463   -0.051068   0.64976   -0.31965   -0.56996   -0.47111
 -0.62896   -0.16578   -0.026564   0.02555   -0.096772  -0.38288
 -0.56086   -0.13928    0.59067    0.97355  ]"
lonnie,"[-0.32095   -0.38333   -0.23996   -1.1013    -0.047392  -0.11453
 -0.23582    0.13074   -0.18904    0.15337    0.3784    -0.7898
  0.38464    0.11283    0.18449    0.10263    0.89061   -0.27058
 -0.38919    0.43242    0.14594   -0.19836    0.0077357 -0.15001
  0.51686    0.24279    0.5613    -0.35075   -0.027555   0.46971
 -0.020874   0.016344   0.85427    0.10177   -0.7675     0.27983
  0.2306     1.0163     0.33766   -0.30923   -0.18357    0.11102
  0.19849    0.25107   -0.49757    0.21503    0.12356    0.54087
 -0.07651   -0.2904     0.28413   -0.11365    0.021835   0.14622
  1.3997     0.11104   -0.49648    0.37405   -0.9675    -0.38611
  0.23985   -0.15495   -0.22193    0.013932  -0.059367  -0.22064
  1.2137     0.50563   -0.056245   0.22854   -0.47651   -0.10071
 -0.36062   -0.18156   -0.16594    0.1358    -0.11065   -0.33289
  0.18679   -0.71307    0.25783    0.12187   -0.33911   -0.50202
  0.57205   -0.0032312  0.58223   -0.93493   -0.16072    0.045741
  0.31469    0.62987   -0.26129    0.38413    0.16241   -0.22199
  0.2628    -0.19375   -0.6916    -0.024616 ]"
rubaie,"[-1.1164    -0.61943    0.12797   -0.96529    0.66817    0.18717
  0.64572    0.28539    1.2351     0.80042   -0.090399  -0.10603
  0.39568   -1.1851     0.21749    0.61527    0.64982   -0.8854
 -0.43962   -0.53074   -0.40365    0.60843   -0.36351   -1.446
 -0.27974   -0.057383  -0.10827   -0.56115    0.17932    0.06617
  0.47078   -1.5235    -0.27       0.083295  -0.2709    -0.20287
 -0.0064934  0.7916    -0.48735    0.23298    0.081858   0.21287
  0.24335    0.44441    0.090348  -0.18613   -0.89753   -0.095656
 -0.84551   -1.3565    -0.33361   -0.55127    0.79657    0.2245
 -0.68922   -0.049808   1.1234     0.28829   -1.0797     0.91007
 -0.13701   -0.48614    0.50543   -0.97775   -0.32743    0.39363
  0.27318   -0.058987  -0.17317    0.28777    0.99041   -0.10666
  0.63788   -0.83057   -0.30337   -0.74607    0.25697   -0.87879
  0.21392   -0.30681    1.0533    -0.82451    0.83747   -0.21492
  0.22176   -0.052055  -0.14079    0.19347    0.028859   0.51778
 -0.47025    0.36362   -0.21938    0.4739    -0.2475     0.45777
  0.91089   -0.22395   -0.25377    0.35467  ]"
slaughterhouse,"[ 0.92146   -0.018197   0.50167   -0.34536   -0.5871    -0.018544
  0.17208    0.52097    0.21383    0.059292  -0.71112    0.049375
  0.76151    0.045984   0.25028    0.90214    0.73175    0.12893
 -0.23631    0.070469   0.8924     0.68362   -0.03206   -0.57545
 -0.24697    0.12958   -0.55519   -0.005088  -0.35623    0.71831
 -0.0095028 -0.72866    0.1817     0.46107   -0.48515    0.34918
 -0.25344   -0.49565    0.24035   -1.0079     0.40681   -0.10454
 -0.38888   -0.31323    0.30999    0.46469   -0.30586   -0.025983
 -0.43604    0.34488   -0.52539   -0.49454   -0.50631    0.23166
 -0.94       0.63218   -0.45059   -0.37977    0.050747  -0.12398
  0.36634    0.1351     0.6979    -0.14282    0.63664    0.19914
  0.26891    0.28056   -0.11726   -0.13873   -0.52001    0.40486
 -0.066775   0.50226   -0.13451   -0.069519   0.15164    0.019295
 -0.28785    0.17955    0.30145    0.19407   -0.23857    0.74775
 -0.43512    0.18943    0.35727    0.037892  -0.48695    0.19601
  0.32871    0.056369  -0.15534    0.36722    0.34763   -0.12115
  0.29044    0.32507    0.50821    0.10349  ]"
bess,"[ 3.4176e-02 -4.6005e-01  4.2616e-01  3.1605e-01 -9.2446e-01 -3.5317e-01
  4.7754e-01 -1.6394e-05 -6.3039e-02 -2.7099e-01 -4.5372e-01 -7.3353e-02
 -7.1433e-01  8.1255e-01 -3.6123e-01  6.3535e-02  8.5836e-01  2.6580e-01
  2.7983e-01  4.8278e-01 -1.1510e-01 -6.6059e-01  2.1638e-01 -3.6139e-01
  1.0047e+00  4.7220e-01 -7.2625e-01 -1.2983e-01 -1.0100e-01 -4.8003e-01
  5.2064e-01  3.4255e-01  1.0586e+00  3.8546e-01 -3.4530e-01  4.2843e-01
  5.5075e-01  6.9104e-02 -2.3395e-01  8.7449e-02 -3.7842e-02  1.2252e-04
 -2.6271e-01  9.4233e-01  2.0608e-01  2.9181e-01 -2.7451e-01 -2.4395e-01
  6.5958e-01  1.1262e-01  5.8652e-02  2.9279e-01  4.6094e-01  3.9841e-01
 -4.5217e-01  1.3333e-01  2.7702e-01  1.5425e-01 -1.0281e+00  3.7003e-02
  5.1375e-01  6.5153e-01  6.6146e-02 -3.0824e-02  3.2491e-01  8.9130e-01
  7.8681e-01  4.6897e-01  1.0081e-01 -4.7201e-02 -4.9041e-01 -2.8959e-01
 -2.8571e-01  2.3251e-01  8.6214e-02  3.1157e-01  2.6920e-01  4.9138e-01
  4.3234e-01 -7.1974e-01  1.1451e-01  3.4196e-01 -1.0338e-01  6.0207e-01
  6.0525e-02  3.9210e-01  5.9396e-01 -3.0074e-01 -3.5451e-01 -6.3786e-03
 -3.8984e-01 -4.8850e-01  2.8039e-01  3.7475e-02 -6.3319e-01 -3.7319e-02
  1.1749e-01 -2.1254e-01 -1.5763e+00  1.8113e-01]"
cassel,"[ 0.28141   -0.8005     0.31298   -0.92149   -0.76696    0.10317
  0.1245    -0.6234     0.24626   -0.4069    -0.079807   0.23967
 -0.47052    0.62718    0.65444   -0.15431    0.71115    0.25195
  0.32843    0.27095   -0.25027   -0.28821   -0.11227   -0.03657
  0.66479   -0.95444    0.33588   -0.2387    -0.63304    0.44
 -1.2588     0.041409   0.68023   -0.39521    0.011066  -0.34605
  0.098097   0.62871   -0.13168    0.0013452  0.098216   0.21926
 -0.036202  -0.038721  -0.50473    0.45707   -0.059778  -0.27454
  0.61801    0.19055    0.16321    0.11032   -0.45388    0.042715
 -0.47055    0.019448   0.37441   -0.10975   -0.64816    0.040561
 -0.12817    0.097587  -0.038116   0.04713   -0.42149   -0.003797
  0.66312   -0.029233  -0.42715    0.67961    0.37465   -0.36271
 -0.28676   -0.27829    0.30398   -0.69022   -0.70208    0.62418
  0.090373   0.12651    0.011305  -0.29483   -0.36723   -0.51382
 -0.33538   -0.86215    1.3163    -0.3702    -0.19479   -0.13543
  0.52732   -0.31129   -0.36015    0.078952  -0.084146   0.39183
  0.42432    0.51451   -0.44922    0.26498  ]"
smits,"[ 0.4527    -0.10324    0.38845   -1.1452    -0.37014    0.33613
  0.19584    0.3395     0.013512  -1.2365    -0.26002   -0.023692
 -0.56628   -0.24544    1.2791     0.57013    0.75974    0.24977
  0.54386   -0.14121    0.38158    0.62133   -0.10839   -0.11748
  0.9261    -0.44314    0.024455  -0.12945   -0.15302   -0.14418
  0.012265   0.098783  -0.069601   0.48311   -0.41394   -0.52639
  1.0675     0.71933   -0.52718    0.37504    0.14939    0.1847
  0.55714    0.49456   -0.88358    0.49974   -0.46004   -0.37277
 -0.31918   -1.054     -1.0074    -0.12237   -1.153     -0.21437
 -0.089325  -0.0051704 -0.45171   -0.29808   -0.97843    0.39842
 -0.49826    0.18772   -0.10985    0.26775    0.10208   -0.025129
  0.21843    0.44369   -0.68126    1.0221    -0.027144   0.036517
  0.22599    0.30224    0.66829   -0.33085   -0.4586     0.351
  0.9166    -0.10779    0.13021   -0.12842   -0.431     -0.15701
 -0.35349    0.36252   -0.12173    0.44219   -0.16749   -0.19707
  0.12429   -0.22643   -0.35744    0.17931    0.067937  -0.11431
  0.36709   -0.51189   -0.80711   -0.11516  ]"
carcass,"[ 0.090241   0.60745    0.58391   -0.57378   -0.31973   -0.24583
  0.24449    0.12132    0.30605    0.0203    -0.50602    1.1261
  0.85429   -0.1578     0.38807    0.63594    0.48125    0.13246
  0.63273    0.17941    0.19739    0.14882    0.22156   -0.42604
  0.56414    0.81222   -0.64338    0.53785    0.079589   0.34407
  0.1295    -0.55637   -0.13309    0.54095   -0.23851   -0.06151
  0.095797   0.1015     0.26389   -0.836      0.020091  -0.36396
  0.089062  -0.22477   -0.15684    0.85614   -0.35693    0.036342
 -0.39171   -0.12221    0.22859   -0.21588   -0.36749    0.73924
 -0.73314    0.28887   -0.36435   -0.44516    0.26046    0.24071
  0.68174    0.60767    0.119      0.93209    0.341      0.28305
 -0.31445   -0.25278   -0.17288   -0.48103   -0.18038    0.11207
  0.65983    0.71891   -0.14061   -0.12005   -0.53331   -0.23787
  0.099027   0.059974  -0.36527    0.41613   -0.098259   0.41238
  0.14406   -0.63874    0.28996    0.0044405 -0.23361    0.75698
 -0.092196  -0.30134   -0.30604    0.40017   -0.33999   -0.83484
  0.35152   -0.11684    0.30627   -0.26323  ]"
26.6,"[ 1.0224     1.0047     0.72974   -0.81435    0.11572    0.43695
 -0.058646   0.026474   0.10484    0.69739    0.68294    0.65833
 -0.40597   -0.5346     1.7352    -0.40112   -0.36885    0.0084969
 -0.38827   -0.34076   -0.35614    0.75366    0.62443    0.96501
 -0.50023   -0.56106    0.58412    0.76048   -0.089956  -1.3404
  0.66467   -0.27727    0.36299   -0.53981   -0.4093     0.80252
  1.3154     0.3547    -0.63088    0.6105     0.13473    0.34583
 -0.29917    0.70636   -0.087471   0.18442   -0.52638   -0.81753
 -0.48065   -0.6928    -0.41583   -0.48861   -0.039104   0.057966
 -0.30061    0.34584   -0.48432   -0.85254   -0.047849  -0.17008
  0.31242   -0.26592   -1.0244     0.67546   -0.84848    0.40384
 -0.063027  -0.91649    0.08749    0.63482   -0.42058   -0.3402
  0.021454   0.19119   -0.46757    0.23799   -0.54024    0.14401
 -0.33837   -0.48652    0.070739   0.087514   0.27946    1.4481
  0.38581    0.035555   0.45818   -0.094321   0.40894   -0.11899
  0.30005   -0.080279  -0.33387   -1.         0.035065  -0.42706
 -0.16299   -0.38162   -0.099149  -0.3956   ]"
10-3,"[ 0.34949   -0.017242   0.94287   -0.8846    -0.29827    0.43062
  0.38672    0.71444   -0.61244   -0.38293    0.11695   -0.27423
 -0.70679    0.56273    0.23574   -0.1828    -0.0086482  0.1746
  0.094249   0.21404    0.62639   -0.32426    0.35345    0.90953
  0.82752   -0.86784   -0.26879    0.58078   -0.2219    -0.45513
 -1.0225    -0.19367   -0.025734   0.15382   -0.78715   -0.60077
 -0.46396    0.42367   -0.062193   0.31602    0.92263   -0.37094
 -0.60725   -0.058325   0.35371   -0.82713    1.0697     0.38464
 -0.11223   -0.82731   -0.25453   -0.081037   0.17324    0.19132
 -0.17887    0.099518   0.60615    0.16668   -0.36868    0.069032
 -1.3842    -1.2222     0.52915    0.19231   -0.13451    0.088461
 -0.46248    0.12603   -0.87719    0.67794    0.10288    0.69023
 -0.19524   -0.62923   -0.26388   -0.093719  -1.4262    -0.84855
  0.64082    0.33457   -0.34555    0.081123  -0.59376    0.2871
  0.37866    0.1338     0.98756    0.39866   -0.57062    0.98339
  0.23578   -0.59346   -0.55105   -0.34275   -0.56324   -0.59467
  0.0060187  0.027122  -0.16822    0.1389   ]"
1.61,"[ 0.93924   0.64822   0.59408   0.14425   0.24562  -0.24495   0.051748
  0.15329   0.23299   0.54318   0.24838  -0.1877   -0.65626  -0.65878
  0.4589   -0.36755  -0.79616  -0.6902    0.27721   0.44344   0.65447
 -0.389     0.049363  0.85801   0.74482  -0.72809   0.20018   0.5593
 -0.081093 -1.1515   -0.28915  -0.15227  -0.22632  -0.31287  -0.13869
  0.51569   0.32681  -0.21776  -0.025819  0.91776  -0.19656  -1.0294
 -0.3938    0.32795  -0.83455   0.26487  -0.57405   0.49027  -0.4129
 -1.1709   -0.35737  -0.27748   1.2433   -0.10219  -1.0075    0.62458
  0.050967 -0.22195   0.76652   0.41309   0.13384  -0.58397  -0.50241
  0.43285  -1.2367   -0.73766   0.053772 -0.36452   0.5855   -0.084898
 -0.8079    0.20605  -0.4093    0.28823  -0.65994  -0.042864 -0.53284
  0.17054  -0.25317   0.017309 -1.0767    0.45408   0.01373   0.80202
  0.46218   0.12469   0.23296   0.65705   0.36349   0.33038  -0.50803
  0.68258   0.021671 -0.57997  -0.42557   0.022477 -0.29133  -0.28957
 -0.2227   -0.30814 ]"
spas,"[-0.048109   0.14325   -0.38625    0.60826   -0.23592    0.0043104
  0.031343   0.82074   -0.089374  -0.07229    0.013309  -0.47681
  0.19741    0.54789    0.060727  -0.28155    0.12223    0.35912
 -0.69464    0.535     -0.53571    1.194     -0.76421    0.58359
 -0.53176    0.29658    0.71696   -0.13599   -0.60832   -0.75674
 -0.18626   -0.73424   -0.39337    0.32142    0.58546    1.2189
 -0.60907    0.16404   -0.31867   -0.53815    0.50442    0.020421
 -0.76968   -0.60163    0.19428    0.90766    0.082483   0.77948
  0.73567    0.42345   -0.28391   -0.091652  -0.19306   -0.091415
 -0.12754   -0.54715    0.6088     0.32659   -0.041823   0.13729
 -0.16973    0.2468     1.1377     0.42844   -0.30992    0.95278
  0.39705   -0.77124    0.49909   -1.2284    -0.048565  -0.37681
 -0.11153    0.33945   -0.43416   -0.10348    0.6352    -0.0012566
 -0.22418   -0.54985    0.29836   -0.82968    0.5462     0.46141
  0.2347     0.33277    0.12645    0.27274   -0.46794   -0.56872
  0.30757    0.1749     0.35898   -0.45696   -0.81675    0.53268
 -0.31445   -0.413      0.41025    0.53669  ]"
mullins,"[ 3.5070e-02  9.0610e-03  8.6019e-02 -9.2498e-01 -1.6430e-01 -9.5065e-02
  2.3726e-01  6.3814e-02 -2.7933e-01 -3.9425e-01  3.0525e-01 -8.7077e-03
  2.6795e-02 -7.9264e-02  2.5256e-01 -4.2692e-01  4.1892e-01 -1.5150e-02
 -2.1744e-01  3.4877e-01 -1.0409e-01 -2.9370e-01  2.0118e-01  2.7006e-02
  8.0565e-02  8.3677e-01  2.3600e-02  2.1749e-01 -4.4214e-01  3.8127e-01
  6.5714e-02  9.0905e-02  2.5784e-01  2.6440e-01  7.0128e-04 -9.4737e-02
 -3.9750e-01  1.4318e+00 -1.1270e-01  1.1023e-01 -3.6680e-02  3.6264e-02
 -2.3513e-01  3.7589e-01 -1.1213e-01  3.2671e-01  4.4656e-02 -3.0187e-01
  4.7138e-01 -3.9865e-01  7.6227e-03 -3.5346e-01 -5.5116e-02 -1.7043e-01
 -1.4692e-01 -2.0476e-01 -3.9475e-02 -1.5075e-01 -5.1442e-01  3.2504e-01
  1.4771e-01 -4.8549e-02  6.1075e-01 -2.8789e-01 -1.4947e-01 -2.6905e-01
  6.1133e-01  2.5792e-01 -3.7743e-01 -3.5454e-01 -1.2446e-01  4.3551e-01
 -2.5643e-01 -4.7132e-01 -7.6500e-03 -2.3547e-01  8.8716e-02 -1.3189e-01
  2.0068e-01 -2.4751e-01 -2.0314e-01  2.6905e-01  2.0740e-01 -1.6218e-01
  7.7325e-01  7.6384e-04  1.1219e+00 -2.0304e-01 -2.2841e-01 -2.0500e-01
 -3.0860e-01 -2.7065e-01  2.8756e-01  3.8663e-01  2.8264e-01 -1.1970e-02
 -1.8062e-01  4.1482e-02 -4.7113e-01  2.7277e-01]"
ret,"[-2.0589e-01  1.4745e-01  9.4053e-01 -8.3557e-01 -1.6723e-01 -6.9579e-01
 -3.1303e-01 -3.7491e-01  3.3611e-01 -6.3001e-01  1.4662e+00 -1.4463e+00
  3.2044e-01  8.4720e-01  1.3104e+00  1.1954e+00  4.1482e-01 -3.4845e-01
 -7.3862e-02  8.9574e-02  3.1768e-01 -1.5175e-01 -7.3065e-01  4.5204e-01
 -2.0697e-01 -2.5820e-04  1.5595e-01  1.2696e-01  3.2136e-01 -3.2742e-01
 -5.5041e-01  2.0445e-01  3.3633e-02  1.0110e-02  5.2312e-01  1.2224e-01
  2.0436e-01  2.5453e-01  3.7718e-01 -4.6190e-01  1.8179e+00  3.6583e-01
  4.7730e-02  9.6290e-02  5.3259e-01 -1.1600e-01 -1.7148e-01  2.3084e-01
 -7.7760e-01 -1.0998e+00  7.0012e-01 -4.5568e-01 -7.0607e-02 -3.2209e-01
  3.8680e-01  3.4719e-01  5.5568e-01 -8.3438e-03  2.7250e-01 -4.3211e-01
 -8.8793e-01 -1.5399e-01  3.5161e-01 -4.0918e-01  1.1845e-01  1.3424e-01
  1.7048e-01  6.2038e-01  3.2419e-01  1.5487e+00  1.1397e-01  2.0567e-01
 -3.4302e-02 -4.2266e-01  2.2710e-01  1.1006e-01 -9.2674e-02  3.8294e-01
  2.6613e-01 -2.3261e-01 -3.0471e-02 -1.4551e+00 -6.0777e-01  9.8129e-01
  8.1279e-01 -3.1999e-01 -1.7374e-01 -1.0228e+00 -5.4619e-01 -2.6418e-01
  6.5284e-01  4.9104e-01 -2.6139e-01  3.8257e-01 -1.2366e+00 -5.7451e-01
  1.4664e+00 -6.6517e-01 -3.7938e-01 -1.5694e-02]"
frenchwoman,"[ 0.64557   -0.0060452  0.079118   0.40033    0.65404    0.51849
  0.81639    0.7704     0.72701    0.21831   -0.64981    0.42594
 -0.43737   -0.34288   -0.23079    0.36497   -0.32374    0.23303
 -0.60299   -0.29805    0.28217    0.32662    0.29272    0.64734
  2.0033    -0.52127    0.30574   -1.2067    -0.11453   -0.52372
 -0.86659   -0.57187    0.77226   -0.43228    0.068069  -0.5068
 -1.0656    -0.089107   0.22467   -0.12393   -0.45217   -0.010377
  0.094967  -0.11767    0.24884    0.066545  -0.067366  -0.18833
  0.44872    0.14449   -0.20046    0.47154   -0.1022     0.28333
  0.21224    0.052315   0.13095   -0.054679  -0.45559    0.44994
  0.15645   -0.3671    -0.060603   0.41786   -0.34836    0.10758
  0.082581   0.91516   -0.3416    -0.33454    0.4441     0.2619
 -0.35389    0.67197    0.31059    0.49528    0.13201   -0.55147
  0.58916   -0.63786    0.43474   -0.31136   -0.27422    0.72856
 -0.67308   -1.3682     0.50466    0.65805   -0.031543  -0.2283
 -0.24529    0.33559    0.33424    0.31615   -0.23186   -0.16377
  0.13569   -0.75687   -0.71611   -0.23475  ]"
356,"[ 0.46209   0.72794   0.623     0.3277   -0.26096   0.84196   0.76325
 -0.058922 -0.56312  -0.36926   0.52625   0.32515   0.088691 -0.12449
  0.44099   0.02151  -0.27142   0.18733  -0.29827   0.31095   0.4209
  0.022926  0.43864   0.5119    0.46041  -0.73561   0.4972    0.42676
 -0.31233  -0.16176   0.086318  0.11172  -0.50378   0.16004  -0.71662
  0.69411   0.097852  0.086347  0.095937  1.0744    0.055022 -0.60037
  0.12753  -0.068706  0.2819   -0.036363  0.25642  -0.53526  -0.82546
  0.42921  -0.58125  -0.054208 -0.021224  0.76134  -1.0202    0.35261
  0.26193  -0.52768  -0.39974  -0.39987  -0.20273  -0.66607   0.31372
  0.73976  -0.50589   0.30031   0.045535 -0.22134  -0.11564  -0.37047
  0.43967   0.30951   0.10194   0.049446  0.12557   0.25905   0.20825
  0.85357  -0.58959  -0.18481   0.30513   0.023907  0.38773   0.5157
  0.17972   0.10721   0.36154  -0.83867  -0.10208   0.24164  -0.092056
  0.80554  -0.18702  -0.52704   0.14818   0.267    -0.14261   0.16165
  0.11185  -0.065435]"
mistook,"[-0.035139  -0.58603    0.010755   0.059257  -0.25267    0.4723
  0.14828   -0.19759    0.36895    0.25498   -0.083346   0.46454
  0.19903   -0.14486    0.41681    0.080568   0.045549  -0.40629
  0.2695     0.04528    0.11103   -0.62552   -0.0038913 -0.66879
  0.12432   -0.11175   -0.54364   -0.19713    0.34191   -0.40415
  0.14325    0.49923   -0.048739   0.20725    0.45419   -0.23121
 -0.24281    0.07206    1.0801    -0.088123  -0.34796    0.63734
  0.42703    0.6616    -0.0035148  0.72253   -0.17013    0.10514
 -0.59762    0.27782   -0.24285    0.42641    0.04217    0.35539
 -0.17044    0.12052    0.063559  -0.29268   -0.45114   -0.032696
  0.22933    0.26931    0.4428     0.56937   -0.68435   -0.37954
  0.34164   -0.36848   -0.46144    0.58272   -0.49029   -0.7041
  0.50604   -0.18475   -0.54569    0.2779     0.71059    0.15482
 -0.6587    -0.042776   0.43759    0.036153  -0.57363   -0.034637
 -0.50193   -0.67135    0.12736    0.45852   -0.6049     0.020119
  0.38981   -0.31752    0.26424   -0.5671    -0.32918   -0.36437
 -0.38768    0.48401   -0.8236    -0.16733  ]"
swaying,"[ 0.2678     0.50596    0.20114    0.028896   0.40698    1.3339
 -0.81443    0.20884    0.19674    0.58146    0.26115   -0.16139
  0.17971   -0.44099    0.2658    -0.51157   -0.94862    0.61389
  1.1064    -0.65019   -0.20113    0.50825    0.76686   -0.43261
  0.44001    0.50574   -0.69523   -0.22378    0.20221    0.17615
  0.14983   -1.0044     0.7509     0.27479   -0.60413   -0.32961
  0.74711   -0.45902    0.007303   0.0083381 -0.90388   -0.44609
 -0.32929   -0.17276   -0.044452  -0.12777   -0.0087176  0.34684
 -0.25157   -0.31524   -0.57336   -0.37673    0.51031    0.24427
  0.27838   -0.34245    0.35979    0.25823    0.14207   -0.26228
  0.031628   1.0441     0.049917   0.74974   -0.68019    0.22312
  0.081515   0.058919  -0.10297   -0.8815    -0.22898    0.42245
  0.53003   -0.97745    0.028536  -0.42516    0.03435    0.44648
  0.78962   -0.48516    0.080175  -0.5465    -0.019676   0.093685
  0.35921   -0.9065     0.42354    0.077276  -0.2245    -0.39494
 -0.31061   -0.38649   -0.30204    0.11697   -0.33311   -0.10686
 -0.33909   -0.51546    0.75235    0.74473  ]"
stefani,"[ 0.35905  -0.59451  -0.14595  -0.48531   0.59376  -0.11642   0.23332
 -0.1136    1.2456    0.22126   0.13294   0.30433   0.18736   0.36282
  0.84236   0.18672  -0.1931    0.25009  -0.35089   0.81803  -0.28638
  0.10709   0.315     0.41228  -0.37116   0.26252  -0.26149  -0.53511
  0.04585  -0.51392  -0.094569 -0.79503  -0.16842   0.60675  -0.12855
 -0.2609    0.72028   0.30285  -0.33958   0.017295  0.097295  1.096
  0.017362  0.53012  -0.14284  -0.24099  -0.51382  -0.50419   0.97577
  0.21674   0.2202    0.15543   0.11988  -0.013395 -1.0749   -0.8756
  0.14418   0.62712  -1.2465    0.047339  0.37092   0.025224  0.22955
 -0.44169  -0.15519   0.18666   0.53142  -0.1043   -0.12424  -0.63617
  0.17117   0.67939  -0.90238  -0.15005   0.50717   0.16621   0.28519
 -0.92245   0.70195  -0.58477   0.030541 -0.28921   0.52956  -0.59866
 -0.55202  -0.28719  -0.022207  1.1316   -0.015419  0.17595  -0.24168
  0.53403  -0.22248  -0.081185  0.65191   0.011884 -0.77925   0.15082
  0.065673  0.25453 ]"
mcdaniels,"[ 0.24319   -0.41578    0.80503   -1.5916    -0.90715   -0.022669
  0.70071   -0.11455    0.2038     0.051418  -0.33363   -0.036601
  0.37757    0.46048    0.12397   -1.2225    -0.70439    0.32421
 -0.48764    0.33561   -0.84944   -0.43731   -1.1798    -0.31028
  0.4574    -0.23093    0.12936    0.025209  -0.24112    0.24145
 -0.77283    0.49138   -0.0051798  0.27438   -0.56861   -0.30834
 -1.0085     0.28048   -0.25059   -0.21148    0.078864   0.066962
  0.28164    0.2611    -0.69319    0.56967    0.043134  -0.52842
  0.4218    -0.51313   -0.087697  -0.10398    0.32067   -0.22039
 -0.71871    0.036217   0.2875    -0.53096   -0.9368     0.22562
  0.081443  -0.25173   -0.24523   -0.23179    0.18474    0.33793
  0.74032   -0.099919  -1.0519     0.2654     0.11177    0.025053
 -0.40563   -0.37449   -0.46859   -0.8645    -0.44074    0.43097
 -0.089802  -0.16108    0.59951    0.15936   -0.76433   -0.38946
  0.23176    0.43462    0.28072   -0.04111   -0.26504    0.32765
  0.044765   0.19422   -0.41325   -0.5864     0.59125    0.20013
 -0.85479    0.62331   -0.38736    0.8969   ]"
11-9,"[ 0.86148   -0.2045     1.3149     0.14086    0.14654    1.0163
  0.10105    0.23278    0.334     -0.64652    0.34779   -0.056284
 -0.70029    0.48244    0.76362   -0.031187  -0.10657    0.075766
 -0.48047    0.026064   0.82591   -0.45489    1.327      0.64858
  0.91257   -0.45374   -0.18907    0.90728   -0.89643   -0.41845
 -1.4933    -0.019866   0.3831    -0.29887   -0.91608   -1.2574
 -0.55832    0.97819   -0.13599    0.30368    0.2358     0.064607
 -0.22741   -0.87434   -0.2829    -1.2428     0.87314    0.38908
 -0.030977  -0.56286   -0.27007   -0.69505    0.9849     0.22866
  0.43489    0.11708    0.90184    0.86322   -0.63858    0.41488
 -1.1705    -0.79114    0.66356    0.47949   -0.39916   -0.34638
 -0.95308    0.40727   -0.42717   -0.18358    0.34485    0.41129
 -0.34443   -0.65455    0.040354   0.074842  -1.7197    -0.7911
  0.65143   -1.1488     0.51523   -0.0078745  0.46308    0.5589
  0.34168    0.27753    0.37496    1.4929    -0.02295    1.1677
  0.47967   -0.27678    0.39741   -0.42531    0.34917   -0.20688
 -0.60037   -0.058654  -0.65349   -0.70421  ]"
384,"[ 0.49546    0.67272    0.43396    0.27944    0.11094    0.72211
  0.22248    0.019001  -0.092617  -0.37031    0.78948    0.4519
  0.0639    -0.54157    0.52438   -0.0081587 -0.049917   0.1604
 -0.43379    0.65464    0.83303    0.038794   0.50945    0.57688
  0.2359    -0.36365    0.93096    0.66999   -0.20843   -0.12422
 -0.12709    0.41823   -0.58364   -0.26748   -0.38777    0.26669
 -0.57785   -0.28558   -0.075374   0.37354    0.16118   -0.57722
 -0.32279   -0.21009    0.054367   0.083751   0.41547   -0.61785
  0.024692   0.99297   -0.0033121 -0.20077    0.62337    0.52652
 -1.3224     0.21871    0.36809   -0.64784   -0.32936   -0.29598
 -0.57181   -0.7559     0.082088   0.71785   -0.68294    0.31394
  0.46333   -0.38733    0.61046   -0.015126  -0.042753  -0.020856
  0.14848   -0.035159  -0.10328    0.44524   -0.25329    0.48246
 -0.44186   -0.31893    0.2632     0.2716     0.37116    0.1931
  0.050013   0.2213     0.62049   -0.6321    -0.15239    0.3552
  0.0055539  1.039     -0.25033   -0.30915   -0.30729    0.18242
  0.0064338 -0.079724  -0.10664   -0.46075  ]"
clutches,"[-0.29179    0.012186   0.11303   -0.59101   -0.14255    0.4659
 -0.17637   -0.12488   -0.09674    0.11434    0.63026    0.82582
  0.27622    0.9483     0.58987   -0.17268   -0.36117   -0.070162
  0.45279   -0.65358   -0.041009  -0.10426    0.3576     0.32446
  0.50961    0.36278   -0.76439    0.17508    0.16483   -0.30171
  0.75619   -0.0091164 -0.24092   -0.20751   -0.25652    0.40542
  0.02492   -0.014993   0.56215   -0.5261    -0.21089    0.23404
 -0.19642    0.12667   -0.35459    0.049639   0.070678   0.43863
 -0.06233    0.57158   -0.57497   -0.1848    -0.22991    0.82078
  0.64712    0.24822    0.036104  -0.37205   -0.34506   -0.081528
  0.24414    0.14413   -0.0095992  0.71746    0.28005   -0.4386
 -0.087355  -0.46184   -0.10302   -0.4181     0.024201  -0.31985
 -0.053552   0.37003    0.22799   -0.091298  -0.60129   -1.0231
 -0.31489   -0.19029    0.45904    0.72911   -0.47645    0.85376
 -0.49722    0.039769   0.45363    0.31499    0.080883   0.13581
  0.25933    0.58348    0.87394   -0.20903    0.2583    -1.0646
 -0.53535    0.35851    0.71034   -0.24421  ]"
schrader,"[ 0.13476   -0.41852   -0.24777   -0.97681    0.27704   -0.23448
 -0.038428  -0.079066   0.2399    -0.51412    0.3989     0.80234
  0.13014   -0.075965  -0.092098   0.44914   -0.09175    0.15911
  0.12239    0.56828    0.31501    0.46171    0.046047   0.73689
  0.59434   -0.24953   -0.15108   -0.34047    0.52783   -0.18125
 -0.45777    0.36427   -0.35591    0.40187   -0.49596    0.79596
  0.51874    0.46838    0.40744    0.72789   -0.415     -0.051086
  0.064318   0.9723    -0.73609   -0.1393     0.55977   -0.83328
 -0.10093    0.027287  -0.2521    -0.49957   -0.36244   -0.12372
  0.15987   -0.27092   -0.060097   1.1339    -0.38237   -0.25692
  0.45291    0.38622    0.31495    0.6199     0.173     -0.8067
  0.1974     0.59293   -0.35822    0.12096   -0.49169    0.18421
 -0.24271    0.25788    0.58583   -0.10353    0.35443   -0.07518
  0.45624   -0.17551   -0.17537   -0.0087173 -0.66017    0.64508
  0.31449    0.5235    -0.15945   -0.58947   -0.54037   -0.69531
 -0.21198    0.058797   0.54929    0.026305   0.45334    0.39555
  0.38175    0.0029609 -0.043213   0.19154  ]"
"4,800","[ 0.24804    0.57822   -0.127      0.5493    -0.3873     0.33328
  0.063831   0.57782   -0.094102   0.52314    0.85142    0.41333
  0.25479   -0.64268    0.025053  -0.3017    -0.08105    0.0013117
  0.28519    0.033599   1.2226     0.17302    0.40016    0.32047
  0.3919    -0.54485    0.21183   -0.19965    0.069376  -0.28185
  0.029748   0.12764   -0.057018   0.076834  -0.29003    0.18572
  0.14955    0.27888   -0.18469    0.15096    0.017136   0.15186
 -0.021645  -0.12834   -0.2185     0.22872    0.14685   -0.65712
 -0.13905    0.74521    0.26223   -0.69428   -0.2115     0.054673
 -0.65043    0.84808    0.35239   -0.69455    0.50413   -0.15971
  0.7227     0.50221    0.41344    0.68699   -0.41671   -0.12975
  0.0077093 -0.14197    1.1097    -0.19836    0.31449    0.21742
 -0.39487    0.10479    0.27501    0.12743    0.53097    0.019128
 -0.099013   0.17087    0.45195   -0.53911    0.12558   -0.25764
  0.057989   0.1986     1.0378     0.56773   -0.024827   0.12824
  0.043184   0.83264   -0.045532  -0.74587   -0.57427    0.12396
  0.07383    0.24405    0.35465    0.1248   ]"
scorned,"[-2.1985e-01  5.6657e-01  2.8177e-01  1.3082e-01  8.8152e-02  6.1879e-01
 -1.5162e-02 -1.9436e-01  5.0816e-01  7.5645e-02 -7.3869e-01  4.7153e-01
  4.4008e-01 -5.9058e-01  9.0352e-02 -1.5189e-02  1.6653e-01 -4.3266e-03
  6.8177e-04  2.0880e-01 -5.2796e-02  2.6730e-01 -1.8802e-01  2.3916e-01
  6.4624e-01  2.8278e-01 -4.0207e-01 -2.2561e-01  1.9698e-01 -2.7630e-02
  8.7210e-01  2.5139e-01 -1.4149e-01  1.3948e-01  5.0106e-02  7.3205e-01
 -4.4955e-01 -2.2139e-01 -7.7625e-02 -1.9116e-01 -6.7402e-01  4.3658e-01
  2.6716e-03  5.6271e-01  4.9672e-01 -1.1075e-01  4.9629e-01  5.4082e-01
  2.0948e-01  8.5079e-02 -8.3159e-02  8.3988e-02  3.1524e-01  6.0401e-01
 -5.9492e-01  3.7334e-01  4.7882e-01  5.6319e-01 -6.8364e-01 -2.6829e-01
  1.5989e-01 -3.1894e-01  2.7889e-01  4.0114e-02 -1.5862e-01 -7.9564e-01
  5.4339e-01  1.5477e-01  3.4391e-02 -1.2591e-01  3.0754e-02 -8.8161e-02
 -2.5830e-01  2.1869e-01 -6.7540e-01 -5.2126e-02  1.0630e-01 -3.6307e-01
 -4.3390e-01 -2.6132e-01 -2.8921e-01 -1.1326e-01 -7.2177e-02  4.3202e-01
 -8.0010e-01 -1.2584e-01 -1.9873e-01  3.7005e-01 -6.4586e-01 -6.7913e-01
  1.4195e-01 -2.4965e-01 -2.5029e-01 -2.3980e-02 -2.9552e-01 -1.5170e-01
 -3.9063e-01  3.2559e-01  1.7087e-01  3.0096e-01]"
0.74,"[ 1.2184     0.65193    0.33374    0.60473    0.14801   -0.47239
  0.23038   -0.079405   0.713      0.30974    0.28043    0.093059
 -0.98282   -0.62354    0.72512   -0.38978   -1.0326    -0.84055
  0.62943    0.97584    0.3811     0.054503   0.44463    0.47662
  1.2271    -0.48665   -0.08703   -0.078225  -0.10455   -0.60201
 -0.27743   -1.1044    -0.98827    0.61928   -0.46299    0.48607
  0.72261    0.15214   -0.12011    1.0273    -1.2064    -0.60229
 -0.92589    0.3679    -0.77088   -0.14866   -0.44298    1.0032
 -0.054027  -1.1814    -0.82616   -0.1652     0.41756   -0.24241
 -0.91313    0.71985   -0.38565   -0.29176    0.52013    0.58025
 -0.37582   -0.20066   -0.37158    0.95586   -0.57119   -0.66174
  0.10261   -0.50848    1.3382     0.21459   -1.7046     0.11528
 -0.34807   -0.014882  -0.46017    0.26797   -0.51876   -0.67583
 -0.02972   -0.66323   -1.3517     0.20613   -0.316      0.61682
  0.48139    0.19607   -0.0046437  1.1789     0.9815     0.6999
 -0.045105   0.55382   -0.073572   0.17151   -0.58154   -0.27341
 -0.16362   -0.72913   -0.26652   -0.020244 ]"
339,"[ 0.27596    0.75041    0.21951    0.50779   -0.18595    0.30119
  0.58541   -0.017845  -0.046423   0.037685   0.74707    0.12856
  0.4089    -0.19328    0.31762    0.033184  -0.1498     0.10637
 -0.16407    0.78421    0.86643   -0.048831   0.5172     0.20425
  0.087874  -0.59114    0.72934    0.85898   -0.3711    -0.29322
 -0.078082   0.14418   -0.12067    0.087909  -0.78898    0.38502
 -0.086481  -0.18395    0.0041407  0.55364    0.47058   -0.52341
  0.016385  -0.21448   -0.1789     0.14871    0.073406  -0.37586
 -0.57636    0.61487   -0.20225   -0.1749     0.11117    0.52653
 -1.0147     0.28991    0.41823   -0.30708   -0.4981    -0.31961
 -0.39108   -0.1226     0.16091    0.57846   -0.80534    0.33164
  0.56168   -0.22418    0.096277  -0.10472    0.15357   -0.16559
 -0.18371    0.26496    0.23621    0.38057   -0.21773    0.7168
 -0.50348   -0.29275    0.24586    0.40183    0.32437    0.51597
  0.081792   0.077926   0.75908   -0.58069   -0.15417    0.34558
  0.15193    0.64457   -0.31977   -0.20912   -0.71971    0.10385
  0.2657     0.085518  -0.090254  -0.69918  ]"
jw,"[-0.81589    0.085247   0.094869  -1.3911    -0.43753    0.52081
  0.84462    0.080832   0.33247    0.96214    2.5591     0.21162
  0.32627    0.82018   -0.23256    0.46367   -0.70058   -1.3781
 -0.75374   -0.13663    0.71764   -0.33481   -0.51638    0.46677
 -0.44147    0.41016    0.52927   -0.4266    -1.1272    -0.22707
 -0.29971    0.088343   0.68254   -0.052474  -0.40995    0.0079068
  0.87434    1.3668     0.024946   0.55288    0.74075    0.050398
 -0.046167   0.93532    0.094004   0.58505   -0.7326    -0.36922
  0.51982   -0.06442   -0.2778     0.92241   -0.35741   -0.12232
 -0.43862   -0.082812   0.2283     0.33649   -0.84111   -1.4756
 -0.6552     0.58456    0.32293   -0.20057   -1.0472     0.64272
 -0.67245   -0.3623    -0.84609    0.15127   -0.45242   -0.52126
 -0.033942  -0.3764    -0.82222   -1.0336     0.53999    0.29969
 -0.66606   -0.81861   -0.059435   0.20982    0.96532    0.59437
  1.1434    -0.1051     0.92464   -0.47135   -0.37894   -0.23584
  0.42957   -0.1229     0.31889   -0.37151   -0.34755    1.0818
  0.030129  -0.13226    0.80242   -0.04803  ]"
cipriani,"[ 0.27625   -0.12185   -0.48754   -0.73875   -0.29747    0.92087
 -0.45834    0.013146  -0.039245  -0.91992   -0.058657  -0.26717
 -0.17837    0.20173    0.4855     0.033871  -0.41632   -0.019574
  0.27514    0.50441    0.41108    0.4207    -0.16591    0.34812
 -0.25651   -0.011922  -0.4104    -0.55691   -0.1949     0.19031
  0.24953   -0.092554  -0.4673     0.9291     0.063552   0.45155
 -0.14415    0.66198   -0.042134  -0.060018   0.077926  -0.62519
  0.79844   -0.096468   0.86007    1.8876    -0.54076   -0.62917
 -0.15478    1.1815    -0.038397   0.43046   -0.45295    0.12223
 -1.4958    -0.29828   -1.4059    -0.22119   -0.77289   -0.0045738
 -0.29355    0.090924   1.0447    -0.65731   -0.64293   -0.12368
 -0.17891   -0.064642  -0.62535   -1.0209    -0.12267    0.40335
 -0.30397   -0.77973    0.16998   -0.38272   -0.21544   -0.33386
 -0.24715    0.46754    0.077584  -0.52052    0.35566   -0.18881
  0.31464    0.19687    0.12978    0.49018   -0.37677   -1.3487
 -0.6317    -0.075723  -0.30309   -0.077801  -0.18868    0.36699
  1.1371    -0.37976   -0.88516    0.94165  ]"
unmatched,"[ 0.13589   0.64697   0.59608   0.39045   0.47633  -0.051687  0.4514
 -0.40748  -0.40817   0.66923  -0.071649  0.3737    0.46165  -0.56672
 -0.12684  -0.16891  -0.27764   0.7531    0.043903  0.056466 -0.44004
  0.42196   0.1526   -0.75345   0.55208  -0.057032 -0.039217  0.053061
 -0.070648 -0.86679   0.46087  -0.50946  -0.42872   0.22379  -0.11195
  0.14508  -0.6857    0.19697  -0.30583  -0.28575   0.68856   0.62608
 -0.035442  0.41218   0.15924  -0.56831   1.701    -0.11806   0.35323
 -0.8438   -0.46498   0.088618 -0.011184  0.56499   0.87779  -0.20576
  0.34341  -0.45474   0.14065  -0.25303  -0.2578    0.034943 -0.1195
 -0.054894 -0.29218  -0.10844   0.47877  -0.32276   1.0225    0.17511
  0.14979  -0.014407  0.027176  0.30554   1.0631    0.049137 -0.46801
 -0.72479  -0.17398   0.031369  0.25752   0.15294   0.37363   0.17165
  0.11226   0.55833   0.44193   0.39698  -0.071105 -0.29637  -0.41944
  0.37027   0.024185 -0.19959   0.4251   -0.59118  -0.30262  -0.6902
  0.20412   0.6093  ]"
idled,"[ 0.25668   0.41075  -0.32516  -0.48437  -0.12152  -0.75083  -0.1125
  0.92608  -0.061894 -0.41771  -0.46451   0.42763   0.60661  -0.65717
 -0.025642 -0.92036   0.12345   0.50728   0.61757   0.033499  1.04
  0.4801    0.55165   0.28923   0.9227   -0.82517  -0.71198   0.91794
  0.18168   0.27666   0.1378   -0.093157 -0.17061  -0.15996  -1.3272
  0.68154   0.1893   -0.73595  -0.28448   0.36084   0.33875  -0.27108
  0.15839   0.67041   0.64191   0.61929   0.67411   0.054479  0.025951
  0.4124   -0.36188  -0.75165  -0.88017   0.63436  -0.24815   1.0323
 -0.72551  -0.47625   0.74567  -0.23372   0.38074   0.32266   0.75766
  0.26318   0.11499  -0.36147   0.41886  -0.26621  -0.17893  -0.034091
  0.51966  -0.15142  -0.42873  -0.018764  0.42495   0.34477   0.57274
 -0.10898  -0.49663   0.039659  0.19171  -0.56186  -0.47599   0.89732
 -0.69545   0.13424   0.98772   0.90813  -0.84978  -0.31914   0.012398
 -0.18754  -0.19663  -0.09944  -0.32886  -0.062499  0.67048   0.59999
  0.81044   0.081944]"
gregoire,"[-0.68322   -0.51779    1.2473    -0.54826    0.19036   -0.10664
  0.68503    0.68829    0.33437   -0.54121   -0.5942     0.13696
 -0.68514   -0.18938   -0.38394    0.090447  -0.35103    0.65481
 -0.70604   -0.18658    0.018844   0.446      0.37493    0.46783
  0.41536   -0.10312    0.3748    -0.87816   -0.24699   -1.4047
  0.24401   -0.5905     0.2774     0.44326   -0.32169   -0.17783
 -0.0028624  0.23846   -0.52282    0.89585   -0.11045   -0.16172
  0.91169    0.40307   -1.3        0.16146   -1.0854    -0.58588
  0.24781    0.37161   -0.55973    0.047572  -0.069426  -0.39729
 -0.31373    0.04508   -0.13287   -0.058917  -0.65601   -0.57718
 -0.28779   -0.95092    0.20886    0.18334    0.11294   -0.11049
 -0.11359    0.39      -0.251      0.95855   -0.48246    0.73907
 -0.53585   -0.14929    0.51693   -0.41753    0.099058  -0.32028
 -0.17278    0.12626   -0.41586   -1.0599     0.1951     0.28098
  0.14342   -0.13469    0.28636    0.363     -0.85421   -1.253
  0.27701   -0.48199   -0.23284   -0.31318    0.070304   0.25153
 -0.037004  -0.54742    0.068463  -0.089468 ]"
casserole,"[-1.1659     0.62927   -0.41165    0.022556  -0.51462    0.69833
  0.80446   -0.34928    0.31186    1.2453     0.57257    0.62281
 -0.2953     0.076499  -0.10816    0.17791   -0.06114   -0.30914
 -0.072898  -0.089116  -1.4358     0.66664    0.54924   -0.76356
  0.88933    0.80606   -0.089809   0.3142    -0.72473   -1.1812
 -0.59795    0.092195   0.56166   -0.1864    -0.0038416  1.0404
  1.0019     0.35563   -0.07266   -0.78036    0.53138   -0.79904
 -0.49528   -0.80386    0.84629   -0.49903   -0.54973    0.085017
 -0.032992  -0.60164   -0.43161    0.37382    0.066755   0.30978
 -0.72365   -0.037029   0.47573   -0.059113   0.056306   0.61684
  0.51609    0.42704    0.80118   -0.013416   1.1034    -0.79354
 -0.24516    0.23643   -1.1961    -0.35531   -0.27848   -0.016266
  0.56525    1.0017    -0.46811    1.0373    -0.084481  -0.10105
  1.337      0.51319    0.44743   -0.21752   -0.45218    0.12762
  1.0034    -0.18377    0.19754    0.3112     0.6641    -0.28338
  0.33226    1.1435    -0.19969   -0.22338   -0.13879   -0.53158
  0.40787   -0.25223   -0.25243   -0.033684 ]"
11-2,"[ 0.63531   -0.13595    0.76751   -0.51405    0.075936   0.52273
  0.25797    0.54725   -0.23275   -0.23023    0.058195  -0.011089
 -0.40865    0.23197    0.52191    0.23943    0.048546   0.31032
 -0.14018    0.68962    0.038238   0.18576    0.39616    1.4098
  0.51218   -0.31397   -0.094246   0.9433    -0.76558   -0.2941
 -1.2129    -0.056947   0.22703    0.34822   -0.86884   -1.1184
 -0.66744    0.38606    0.33823    0.087375   0.81932   -0.10409
 -0.69293   -0.015527   0.40179   -1.1066     1.3032     0.029342
  0.33151   -1.0877    -0.23569   -0.050763   1.0791     0.037356
 -0.23314   -0.22189    0.68944    0.25043   -0.6751     0.47104
 -1.6102    -0.84848    0.97046    0.92347   -0.23158   -0.19526
 -0.47028    0.13721   -0.52707    0.37128    0.38156    0.11977
 -0.49758   -0.41211   -0.33765   -0.002749  -1.7619    -0.50411
  0.35691   -0.84063    0.39575    0.13449   -0.67292    0.60601
  0.48023    0.094148   0.51021    1.0857     0.15112    0.49891
 -0.19585   -0.0086029 -0.16114   -0.37222   -0.24974   -0.61154
 -0.71496   -0.32023    0.068686  -0.33335  ]"
shoals,"[ 3.6643e-01 -7.6936e-01  2.0201e-01 -4.3519e-01 -4.1891e-01  1.4429e-02
 -2.7551e-01  2.0442e-01  2.9368e-02 -7.1929e-01 -1.0509e-01  5.0167e-01
  5.5866e-02 -6.1617e-01 -5.7344e-01  1.9665e-01  4.1541e-01 -3.8596e-01
  4.7172e-01 -2.8837e-01  4.6417e-01  3.2710e-01  6.3223e-01 -9.7830e-01
 -1.4297e-01  5.4518e-01 -4.6546e-01  3.9487e-01  5.3519e-01  3.5077e-01
 -1.6053e-01 -7.4840e-01  4.4615e-01  2.7968e-01 -2.7369e-01 -1.0922e-01
  2.1270e-01 -1.9752e-01  5.8272e-01  2.2378e-01 -3.6098e-01 -5.1706e-01
 -9.2958e-01 -3.4237e-01 -5.5326e-01  3.0153e-01  1.0102e+00 -3.5459e-02
  6.9121e-01  8.1131e-01 -8.9819e-01 -1.8532e-02 -8.6672e-01 -5.6467e-01
 -4.4675e-01 -8.6329e-01 -5.4013e-02 -7.2020e-01  1.0061e-01  1.1945e+00
 -9.6973e-02  3.2665e-01  8.1060e-01 -4.8561e-02 -1.8945e-01 -2.1648e-01
  7.7581e-01 -7.9960e-01  4.8066e-01 -8.2402e-01 -7.7162e-02  8.1988e-01
  2.7414e-01 -2.2718e-01  9.7381e-02 -4.3106e-01  4.1223e-01  9.5927e-02
  1.1321e+00  3.8418e-01  1.4461e-01 -5.1007e-01 -2.0849e-01  1.4503e+00
  1.8662e-02 -1.9863e-01  9.0370e-01 -2.8618e-01  9.9826e-02  1.2004e-03
 -1.7017e+00  4.6888e-02 -4.3183e-01  6.2727e-01  2.6943e-01  2.9885e-01
 -6.5394e-01 -6.9185e-01  9.9046e-01 -5.5228e-01]"
on-line,"[-0.16958   0.42538  -0.54289   0.1281    0.59951   0.82404   0.37648
  0.36317   0.3806   -0.39554   0.061207 -0.10764  -0.24217  -0.81142
  0.16362   0.38036   0.71217   0.45646   0.099857 -0.16126  -0.46323
  0.14722   0.49428   0.45186   0.17252  -0.30647   0.5891    0.37507
 -0.083259  0.39323  -0.28349  -0.14683  -0.78808  -0.036519  0.60644
  0.21504  -0.5239    0.090357 -0.22016  -0.80041   0.20404   1.0622
 -0.79461   0.09725  -0.47688   0.067438 -0.013185 -0.44236   0.70725
  0.3466    0.21208   0.32765   0.14933  -0.67281   0.326    -0.26179
  0.14292  -0.63313   1.132    -0.2794   -0.38759  -0.37253  -0.27889
 -0.019611  0.72168  -0.24691  -0.051812 -0.76867   1.2344    0.42662
 -0.12459   0.66726   0.83334  -0.76714  -0.23104   0.32736  -0.019206
  0.40494  -0.6326   -0.8836   -0.038229  0.14302   0.077224  0.070629
  0.16162   0.24503   0.70239   0.036789 -0.5105   -0.32717  -0.32765
  0.51079  -0.030252  0.053208  0.51491  -0.1356   -0.064257  0.019759
  0.78078   0.58713 ]"
butterworth,"[-0.83913   -0.17552   -0.17446   -0.85863   -0.51006   -0.017662
  0.14517    0.31442   -0.72794   -0.29284   -0.58972   -0.62508
 -0.28008    0.045554   0.44573   -0.90559    0.69185   -0.23916
  0.44753    0.035736   0.25584    0.52792    0.43814    0.2147
  0.39021    0.43795    0.66387   -0.42684   -0.20946   -0.30136
  0.46801    0.5851     0.7202     0.68012   -0.18062    0.36086
  0.11607    0.12083    0.20047   -0.040811  -0.68417   -0.013589
  0.13652   -0.18585   -0.35841    0.51714    0.19585   -0.27147
  0.12527    0.14846    0.29439   -0.19944    0.39755   -0.2859
 -0.1397     0.73974   -0.27184    0.0061675 -0.25338   -0.01138
 -0.54476   -0.25812    0.8282     0.84232   -0.015023   0.25081
 -0.33591    0.70156   -0.62362    0.57783   -0.2499     0.49016
  0.054474  -0.83595    0.24566    0.11309    0.042868  -0.14243
 -0.29955    0.36238   -0.25709   -0.34436   -0.20458    0.42908
  0.23103    0.30782    0.41989   -0.0013791 -0.66551   -0.050468
 -0.4405    -0.047834   0.55386    0.3585     0.63145    0.75848
  0.23207   -0.18118   -0.33683    0.8786   ]"
het,"[-0.6968    -0.82627   -0.025116  -0.040005  -0.2633    -0.14353
 -0.014911   0.66032    1.0505    -1.073      0.030626   0.15371
 -1.0159     0.69429   -0.82068   -0.63158    0.24813   -0.81456
  1.0906    -0.52727    0.4811    -0.0064565 -1.282     -0.22529
  0.52892   -1.2258     0.30012    0.048481   0.41891   -0.054661
 -0.71      -0.53523   -0.35034    0.1888    -0.22695    0.08692
  0.46897    0.65316   -0.47193   -0.040326   0.72035   -0.01009
 -0.84323   -0.25121   -0.3552     0.50709   -0.16979   -0.39775
 -1.1223     0.81978   -0.6733     0.53828    0.21339   -0.29339
 -1.6541     0.48234   -0.10372    0.98276   -0.052444   0.31392
  0.70583    0.5022    -0.75469   -0.66329    0.51138    0.96765
  0.15291   -0.17757   -0.48606   -0.36614   -0.031094  -0.10689
  0.35419   -0.93554   -0.37075    0.24274   -0.10291    0.7354
 -0.41588   -0.19814   -0.28081   -0.0063339  0.44223   -0.73242
  0.13507   -0.17872   -0.27215   -0.73432   -0.21065    0.28497
  0.44555   -0.75604    1.3658     0.67895    0.8327     0.39296
 -0.1521     0.093735   0.22953   -0.068034 ]"
sabina,"[ 0.39326   -0.0043435  0.24111    0.71884   -0.71784    0.69703
 -0.26718    1.1425    -0.72257   -0.28763   -0.22422    0.63586
 -0.8478    -0.15446    0.58287   -0.24964    0.70847    0.18608
 -0.31136    0.35554    0.24004   -0.15158    0.37414    0.80205
  0.037345   0.059167   0.44917   -0.33951   -0.32355    0.32359
 -0.32433   -0.20881    0.74297    0.39526    0.26131   -0.30674
 -0.31026    0.37644   -0.14555   -0.43807   -1.0328     0.70719
 -0.14882   -0.35528    0.3058    -0.25339    0.10462   -0.46811
  0.61757    1.1887    -0.21025    0.079397   0.405     -0.01204
 -0.33844   -0.61159   -0.68437    0.82885   -0.93128   -0.63965
 -1.1047    -0.23233    0.71447   -0.32223   -1.0048     0.19915
  0.028185   0.44884    0.74487   -0.57586   -0.27085    0.029251
 -0.17826   -0.79944    0.94684   -0.09031    0.29998   -0.1432
  0.22509    0.075395  -0.49704   -0.057268  -0.20073   -0.054936
  0.3078    -0.67051   -0.29906    0.44271   -0.38931    0.35116
 -0.89484   -0.2921     0.43125    0.4281     0.57297   -0.23869
  0.30347   -0.14673   -0.19768    0.38768  ]"
miniatures,"[-0.57976    0.55896   -0.2235    -0.16477    0.013709   0.70771
  0.31855   -0.56861   -0.8339     0.27103    0.28749   -0.58679
  0.075094  -0.2578    -0.57926    1.0415     0.83865    0.61722
  0.35707   -0.37589    0.065568  -0.64585    0.34277   -0.11537
  0.63789   -0.66683   -0.37081    0.43589   -1.0335    -0.42799
 -0.28924   -1.0513    -0.55061   -0.25579    0.35218   -0.030966
  0.10251   -0.28151   -0.2158    -0.92638    0.4293     0.14846
 -0.16042   -0.12512   -0.35193   -0.5719     0.052379  -0.29295
  0.24247   -0.15334   -0.29805    0.16664    0.25124    0.41434
  0.22824    0.18927    0.15136   -0.6891    -0.58659    0.50703
 -0.40095    0.92722   -0.7263     0.48187    0.0073085  0.083483
  0.33551   -0.02904   -0.52166    0.18593   -0.056143   0.40039
  0.5457     0.66939   -0.49163    0.089287  -0.16327    0.75771
 -0.1421     0.23328    0.081363  -0.56048    0.018239   0.42228
 -0.14501   -0.066289  -0.032302  -1.1891     0.56554   -0.41041
  0.13352    0.41255    0.50615   -0.619     -0.10333   -0.49443
 -1.1535    -0.20826    0.33351   -0.38618  ]"
"56,000","[ 0.70853    1.2172     0.2784     0.043848  -0.33223    0.34042
  0.4279     0.52423    0.51628    0.25589    1.21       0.04725
  0.41704   -0.55842    0.68259   -0.28487    0.17824   -0.28174
  0.71276    0.30025    1.2211     0.13594    0.3323     0.41157
  0.20338   -1.1123     0.10958    0.3319     0.34034   -0.40199
  0.17329    0.19727   -0.18468   -0.082296  -0.53787   -0.45674
 -0.20615    0.67726    0.094124  -0.17519    0.10628    0.19635
  0.067696  -0.019846   0.17347    0.19223    0.34714   -0.42148
 -0.16223    0.4228     0.48584   -0.82801    0.035793   0.21811
 -0.33694    0.56003    0.35361   -1.0959    -0.0022636 -0.13582
  0.34399    0.75071    0.32431    0.31986   -0.37804    0.061628
  0.094316   0.18735    1.0377    -0.45827    0.37513    0.089227
 -0.36685    0.024773   0.5326     0.68492    0.29042    0.18806
  0.090795   0.25416    0.50304   -0.16233    0.098994   0.34448
 -0.17443    0.13669    0.72669    0.399     -0.26977    0.054234
  0.30194    0.72395   -0.083636  -0.70025   -0.15243   -0.43787
  0.35904    0.43056    0.51891    0.012407 ]"
1690,"[-0.33167   -0.443     -0.32899    0.54727   -0.72917    0.62863
  0.75524   -0.63875    0.052361  -0.62119    0.05082   -0.020261
 -0.86119   -0.016342   0.36241   -0.52062    0.46964   -0.41944
 -0.38271   -0.25848    0.31373   -0.92935    0.57473    0.045613
  0.21506   -0.5474    -0.42368    0.47337    0.4772    -0.47888
 -0.1347    -0.37057    0.40214   -0.88828   -0.61563   -0.53079
 -0.55272    0.31584    0.61268    0.17189    0.12263   -0.51605
  0.86331   -0.66533   -0.77998   -0.62252    0.65915   -0.71526
 -0.0048028 -0.037077  -0.29861   -0.024033   0.96242    0.18456
 -0.45109   -0.32637    0.13016   -0.53239   -0.80746   -0.59086
 -0.072989   0.23442   -0.1852    -0.0096404 -0.48563   -0.66076
 -0.99856   -0.61748    0.39984   -0.19477    0.48137    0.17336
  0.013251  -0.0020497 -0.65553   -0.86238    0.67415    0.36452
 -0.56606    0.079495  -0.1565    -1.0034     0.55779    0.91893
  0.57869   -0.26078    0.39937   -0.93977   -0.5535     0.4589
  0.049257  -0.10262    0.01255    1.0864    -0.51955   -0.33578
 -0.30336   -0.10558   -0.35044   -0.60871  ]"
368,"[ 0.35654    0.71907    0.4812     0.37344   -0.041026   0.7852
  0.52939    0.13617   -0.17217   -0.14621    0.64188    0.03311
  0.042982  -0.31953    0.26745    0.026599  -0.057068  -0.13684
 -0.3039     0.17491    0.8891     0.2436     0.3789     0.48488
 -0.052029  -0.28502    0.76741    0.43087   -0.4554    -0.64017
  0.20239    0.22526    0.044029  -0.13977   -0.5617     0.48245
 -0.0036329 -0.27378   -0.45249    0.78206    0.21397   -0.25519
 -0.0012195  0.0019962 -0.080361  -0.22712   -0.25597   -0.5225
 -0.62403    0.39294   -0.11796    0.036661   0.38113    0.10656
 -0.6648     0.33915    0.45035   -0.61921   -0.073292  -0.14659
 -0.048342  -0.62874    0.28731    0.33171   -0.72859    0.14577
  0.46186    0.28677    0.12435   -0.30239    0.12606    0.013827
  0.014621   0.21244    0.2963     0.4772    -0.16801    0.83085
 -0.44244   -0.067948   0.024973   0.0056297  0.40007    0.40259
  0.13068    0.18176    0.80011   -0.58731   -0.054658   0.31524
 -0.28656    0.76209   -0.24509   -0.12242   -0.3472     0.064484
  0.32356    0.075028   0.25572   -0.3681   ]"
pu,"[ 0.121     -0.63642   -0.066676   0.10448    0.22324   -0.098532
  0.27383    0.29328   -0.11665    0.22099   -0.35866    0.7776
  0.14259    0.039057   0.20172   -0.44876   -0.12693   -0.20384
  0.0065833 -0.82365    0.49775    0.37712   -0.5934     0.56143
 -0.078694   0.30457    0.30496   -0.034799   0.24129    0.1667
 -0.7835     0.59917    0.088901  -0.30835   -0.75011    0.53841
  0.13093    0.78261   -0.24764   -0.66064   -0.69451   -0.44116
 -0.33174   -1.1885     0.40747   -0.0029144 -0.47283    0.13437
  0.20734    0.71397    0.15569   -0.45299   -0.063846   0.3042
 -0.59085    0.89762    0.55634    0.44069   -0.40109   -0.01661
 -0.19231   -0.0017928  0.1478     0.82278    0.10861    0.025764
  0.39932    0.45025   -0.71405    0.52728    0.21345    0.17824
  1.0386    -0.46413   -0.28983    0.16328   -0.38608   -0.2599
 -0.15384    0.22444    0.30242   -1.122     -0.13648   -0.4977
 -0.09843    0.61633   -1.0287    -0.52494    0.45692   -0.49688
  0.26172   -0.26307   -0.022735  -0.61911    0.22016   -0.4949
 -0.023442  -1.1651    -0.26938   -0.76976  ]"
33.3,"[ 0.88441    0.92611    0.57463    0.093544  -0.14378    0.51737
 -0.11917    0.51575   -0.13937    0.22406    1.0596     1.2241
  0.14038   -0.10954    1.9123    -0.16739   -0.55105    0.069088
 -0.49444    0.16182   -0.45916    0.90978    0.52548    0.58071
 -0.0091549 -0.85727    0.65405    0.29957   -0.54014   -1.0806
  1.0177     0.082135   0.27714    0.019664  -0.46878    0.43446
  1.5154     0.2122    -0.31511    0.45837    0.13113    0.80324
 -0.43973    1.19      -0.19989    0.19056   -0.61911   -0.54306
 -0.81416   -0.6955    -0.69997   -0.29447   -0.21013    0.25144
 -0.068152   0.36995   -0.52868   -0.66393   -0.37963   -0.35354
  0.14931   -0.67978   -0.90115    0.78835   -0.47318    0.12256
  0.30109   -0.95485   -0.33463    0.36504   -0.096981  -0.24535
  0.25305    0.35251   -0.70285    0.83654   -0.27788   -0.22206
 -0.3099    -0.25405   -0.15364    0.17147    0.31302    1.8275
 -0.012084   0.14233    0.38031   -0.13824    0.79834   -0.13245
  0.18155   -0.22296   -0.37852   -0.78544   -0.14702   -0.42653
 -0.48146   -0.34139    0.38616   -0.39359  ]"
cervantes,"[ 4.7473e-01 -4.6589e-01 -4.2309e-01  5.1041e-02  4.6109e-01  1.8573e-01
  3.8940e-01 -7.9803e-02  1.4693e-01 -3.3491e-01 -7.1065e-01  9.9063e-01
 -5.2182e-01 -2.7670e-01 -6.3878e-01 -3.8534e-02  4.6811e-01  5.1153e-01
  3.5450e-01  5.6246e-01  4.6528e-03 -6.4761e-01  2.2042e-02  5.7561e-02
  3.2954e-01 -1.6555e-01 -4.4672e-01 -7.9021e-01  8.9423e-01 -4.5407e-02
 -3.8077e-01 -4.0490e-01 -3.1045e-01  8.5756e-02  2.2093e-01  9.7339e-02
 -9.4926e-01  7.4890e-01 -7.6031e-02  3.4649e-01  7.0363e-01 -1.2231e-01
 -6.0401e-01  8.1942e-02 -2.7480e-02  3.1273e-01  2.6939e-01 -4.3648e-01
 -9.5854e-01  8.0928e-01 -3.2315e-01  7.2658e-01  1.7625e-01  2.1547e-01
 -1.2745e+00  2.2318e-01 -2.6408e-01  5.1023e-01 -8.8593e-01  9.1934e-02
  1.2797e-01  7.7319e-01  2.9207e-01 -6.0860e-01 -8.5920e-01 -3.9594e-01
  6.8360e-02 -3.4033e-01 -1.9842e-02  1.4047e-01  5.4187e-01  7.0264e-01
  5.1343e-01 -3.9405e-01 -2.3659e-01 -8.9740e-02 -5.7685e-01  1.2185e-01
 -1.5295e+00  3.5272e-01 -3.2019e-01 -1.1289e-01 -3.7338e-01 -3.6296e-02
 -6.8654e-01  3.5014e-01 -7.1247e-01 -1.8416e-01  5.5700e-01 -4.6955e-01
  7.2140e-01 -2.2249e-01 -3.1964e-01  2.3199e-04 -4.2385e-02  3.8903e-01
  1.4645e-01 -6.9674e-01 -3.4075e-01  2.9462e-01]"
reinhard,"[-0.58479  -0.084751 -0.89266  -1.1505   -0.33129  -0.46661   0.64654
 -0.56102  -0.32922  -0.30935   0.14906   0.23173  -0.52631   0.43833
  0.53726  -0.64697   0.36149  -0.82617  -0.25764   0.18306  -0.60397
 -0.2759   -0.31175   1.0575   -0.30628  -0.46268  -0.066771 -0.040474
  0.4666   -0.75318   0.36137  -0.17438   0.26335   0.066551 -0.39776
 -0.22747   0.8456    0.20279   0.47424   0.43151  -0.11264   0.4892
  0.32897   0.80592  -0.34463   0.22528   0.2463   -0.46483  -0.13001
  0.47283  -0.16034  -0.12203  -0.01963  -0.11463  -0.064917  0.69365
 -0.65962   0.5551   -0.07298   0.17951   0.25665   0.30587  -0.44262
 -0.088241 -0.12032  -0.31212  -0.59243   0.5085    0.30674   0.27814
 -0.20819  -1.01      0.46716  -0.58711  -0.31637  -0.38808  -0.38058
 -0.21863  -0.22694   0.41299   0.26933   0.17581  -1.1946    0.66453
  0.36767   0.31975   0.063701 -0.26114  -0.32474  -0.42594   0.48312
 -0.1806    0.86583   0.56108   1.2179   -0.041701 -0.18842  -0.059042
 -0.59896   0.53272 ]"
zak,"[-0.5067    -0.98374    0.088469  -1.2725    -0.015981  -0.30447
  0.31974   -0.12098    0.47193    0.94741   -0.1484     0.16691
  0.43698   -0.071911   0.067977  -0.52952    0.17874    0.20487
  0.19706    0.67089   -0.2225     0.085573   0.14754    0.67546
  0.3043     0.2735    -0.27397   -0.61403    0.11456    0.1454
 -0.76191    0.032026  -0.16691   -0.037159  -0.86161   -0.015565
 -0.12699    0.72217    0.12359    0.19508    0.098158  -0.33301
  0.10648    0.92086   -0.62525    0.0054598 -0.69746   -0.10116
  0.6286     0.24604   -0.63765    0.33441   -0.0044286  0.4521
 -1.2008     0.70874    0.60852   -0.12653   -1.5801    -0.17051
  0.46823    0.42091    0.66564   -0.7918    -0.47322    0.21979
  0.21771    0.71058   -1.0155     0.071952  -0.46748   -0.31888
 -0.27128   -0.38934   -0.07325   -0.43374    0.27692   -0.82736
  0.13746   -0.18387    0.75849   -0.21919   -0.14746   -0.54243
 -0.4854     0.016216  -0.41407   -0.073405  -0.1515     0.54861
 -0.1198    -0.019852  -0.52532    0.20848    0.26117   -0.52517
  0.64938   -0.80497   -0.52283   -0.4823   ]"
p.m,"[-0.16769   -0.59581   -1.0637     0.97348   -1.3608     0.62
  0.55849    1.3007    -0.045086  -0.37096    0.79023    0.45279
  0.22581   -0.20933    0.67321   -0.49821   -0.003173  -0.65019
 -1.0362     0.81613    0.62498    0.027243   0.26785    1.2372
  1.2148     0.064256   0.047364   1.4892     0.1962     0.23698
 -0.24176   -0.24528   -0.15341   -0.26803   -0.14148    0.26176
 -0.43156   -0.168      0.13898   -0.38249    0.13095   -0.27602
 -0.61586   -0.22239   -1.6174    -0.73112   -0.73732   -0.63833
  0.40555   -0.11323   -0.41483    0.26263    0.028978   0.59839
 -1.2231     0.045592   1.2623     0.80889    0.7331     0.41149
 -1.1779    -0.45311    0.44711   -0.56959   -0.047337  -0.17129
 -1.2126    -0.7815     0.81453    0.2492    -1.7368    -0.24453
  0.42037   -0.44061   -0.01332   -0.74002    0.28829   -0.58781
  0.25331   -0.40781   -0.49566   -0.76681   -0.70374   -1.3375
  0.94496    0.41882    0.12005    0.28893   -0.36124   -0.28665
  0.14847    0.81145   -0.15127    1.1153    -0.7328    -0.60973
 -0.25725   -0.35464    0.0082801 -0.20248  ]"
hanan,"[-1.1208   -0.43725  -0.73664  -1.1107    0.95028  -0.88207  -0.49668
 -0.14208   0.94914   0.88537  -0.7154   -0.20599   0.16222   0.31536
 -0.14831  -0.74659  -0.98049  -0.51495  -0.13259   0.053771 -0.77673
  0.55074   0.22847   0.12475   0.70149  -0.031843  0.55451  -0.90613
 -0.34869   0.61899   0.34515  -0.29554   0.069098  0.41538  -0.46217
 -0.35951  -0.51756   0.74367   0.10444  -0.077451 -0.28255   0.1425
 -0.87449  -0.024674 -0.28654   0.28283  -0.46317   1.0475   -0.51322
 -0.40412   0.42635  -0.72155  -0.1341    0.85888  -0.70616   0.12319
  0.73077   0.4065   -1.0162    0.47695  -0.23581  -0.72832  -0.23576
  0.12287   0.19906   0.44372   1.2125    0.32712  -0.101    -0.565
  0.66701  -0.50295   0.44713  -0.074012 -0.22651   0.75317   0.49184
 -1.6503    0.094102 -0.95228  -0.087645  0.10108   1.3372   -0.46857
  0.47161   0.010526  0.26788   0.38928   1.5949   -0.16317   0.57005
 -0.41184  -1.2317    0.7876   -0.69266  -0.25481   0.38042  -0.2531
 -0.16197  -0.69228 ]"
sighed,"[-0.011988  0.46865  -0.057749 -0.18574   0.045918  0.244    -0.36179
  0.41314   0.59398  -0.34265  -0.26809   0.045614  0.19015  -0.39743
 -0.23892  -0.63291  -0.60567   0.34272  -0.31046  -0.15232  -0.019604
  1.1613   -0.44029   0.35006   0.62177   0.68291  -0.51635   0.14743
 -0.13807  -0.43801  -0.035274 -0.11781   0.098104  0.12635  -0.55108
  0.18641   0.099849  0.3922    0.69057  -0.33281  -0.052052 -0.021663
  0.19679   0.041841 -0.675     0.094143  0.14825  -0.19072  -0.22973
 -0.24099  -0.41781  -0.19345   0.58433   0.35051  -0.36165   0.40337
  0.13124   0.24599  -0.91287   0.76763   0.42389   0.34216  -0.31548
 -0.19265  -0.2942   -0.57535   0.56293   0.40595  -0.20077   0.25627
  0.47179   0.023668  0.55938  -0.69975   0.52037   0.52925  -0.48787
  0.16945   0.2524   -0.55865   0.21769  -0.3084    0.051237 -0.036547
 -0.14819  -0.55928  -0.22474  -0.51563  -0.6657   -0.1263    0.71225
 -0.40598   0.15535   0.36978   0.21646   0.46391   0.4634    0.42245
 -0.91877   1.0532  ]"
affixed,"[-0.67746    0.04514   -0.21981   -0.17859    0.48557    0.55708
 -0.54257   -0.17491    0.40251    0.070929  -0.034252   0.018184
  0.8104     0.098703   0.51255    0.11392    1.0079     0.21819
  0.66567   -1.1048    -0.33865    0.068299  -0.3515     0.04023
  0.75313   -0.33897   -0.17034    0.08604    0.083212  -0.44763
  0.99364    0.038328   0.12856    0.86665    0.029662   0.23531
  0.025845  -0.3873     0.059722  -0.0090034  0.85737    0.18551
  0.36917   -0.087395  -0.29975    0.20657    0.067261   0.74805
 -0.6423    -0.43779    0.44199    0.089299  -0.043514   0.30698
 -0.40936    0.030437  -0.083754  -0.16428    0.19308    0.19645
  0.24721    0.47897    0.29376    0.8647    -0.30649   -0.3374
  0.1973     0.56049   -0.26061   -0.8702    -0.039028  -0.039589
  0.44847   -0.26213    0.14026    0.43541    0.53952    0.00961
 -0.048717  -0.34597   -0.38389   -0.26196   -0.54396   -0.059495
  0.31731   -0.30599    0.50112   -0.073631  -0.24611   -0.0042342
 -0.88652    0.30421    0.087309  -0.29015    0.31439   -0.57062
 -0.42372    0.017884   0.22392   -0.44372  ]"
interagency,"[ 8.9508e-02  3.2659e-01  3.4572e-01 -1.2686e-01 -3.4744e-01  1.8230e-01
  8.7928e-02  5.6857e-01 -4.9820e-01  2.4676e-01 -2.1773e-01 -1.0430e+00
  3.4197e-01 -3.9766e-01 -3.8318e-02  1.1778e+00  7.7351e-01 -3.6469e-01
 -1.7941e-01 -8.9117e-01 -5.4898e-01  3.5244e-01 -2.7866e-01 -2.7121e-01
 -5.8540e-01  3.7765e-01  2.3404e-01  9.1035e-01 -9.7116e-01 -7.7120e-01
 -7.0301e-01 -2.2683e-01  1.8633e-03  1.8109e-01 -6.3062e-01 -4.7798e-01
  2.2962e-01  3.1808e-01  1.8615e+00  3.8856e-01 -1.6691e-01  7.4719e-01
 -6.5113e-01  2.6826e-01  4.3255e-01  2.8388e-01 -6.8253e-01 -1.4918e-03
 -2.0178e-01 -3.0230e-01 -1.0935e-01 -3.4446e-01 -6.3388e-01 -1.8596e-01
  5.3359e-01 -5.6534e-01  1.4205e+00 -7.4382e-01  9.1161e-02  8.9285e-01
 -6.5804e-01 -2.4951e-01  1.0151e-01 -1.1880e-01  1.4469e-01 -6.7629e-01
 -2.5442e-01  7.2016e-01  8.9459e-01  2.3438e-01  4.2321e-01 -9.4629e-01
  6.5223e-01 -1.5212e-01 -2.8399e-01 -3.2540e-02 -5.8136e-01 -9.6246e-02
 -6.7291e-01 -5.8745e-01 -2.1250e-01  7.1168e-01  2.6528e-01  9.0737e-01
  2.6225e-02  2.9318e-01  1.1151e+00  7.6982e-01 -1.2656e-01 -3.9222e-01
 -1.1645e-01 -4.5812e-01 -1.6082e+00  3.2837e-01  9.7589e-01 -6.1644e-03
  4.8258e-01 -3.2266e-03  6.7032e-01  3.2281e-01]"
bsc,"[ 0.71784   -0.11467   -0.065766   0.11336   -0.042341  -0.23398
  0.19456    0.081104  -0.40801    0.92859    0.87255   -0.0046813
  0.22173    1.6425     0.51451    0.83185    0.33533   -0.29809
  0.52729    0.28966   -0.58648   -0.24144   -0.15794   -0.55279
  0.17473   -0.49085    0.21399   -0.17282   -0.2729     0.018296
 -1.4668     1.5082    -1.1323     0.066895  -0.46774    0.64215
 -0.20606    0.5778    -1.0373     0.65937   -0.016676  -0.62568
 -0.57576   -0.50921    0.43887   -0.19928    0.45848    1.2257
  0.70638    0.71376    0.11299   -0.78248    0.19679    0.25274
  0.007812   0.087123   0.82369   -0.36313   -0.3778    -0.86181
  0.083681   0.17206   -1.3204     0.14433   -0.025975   0.69309
 -0.17742    0.17181    0.33688    0.69894   -0.80259   -0.072974
 -0.066522   0.19919   -1.1522     0.59572   -0.62359   -0.38376
 -0.25891   -0.34671    1.0052     0.20542   -0.13995    0.063037
  0.26298    0.16614    0.11563   -0.50752    0.27146   -0.10872
 -0.39142   -0.34333    0.57689    0.84162    0.69606   -0.2864
 -0.040831   0.21997    0.18665   -0.52516  ]"
kermanshah,"[ 1.1049   -0.13047   1.5845    0.078667  0.84628  -0.46542  -1.0444
  1.6853    0.53041   0.83046  -1.9443   -0.32609   0.93303  -0.27714
  0.76787   0.12635   0.80726   0.1207    0.31188  -0.45678   0.85606
 -0.87268   1.1888    0.40967  -0.85164   0.55917   0.2432    0.28203
  0.25142   0.29734   0.17187  -1.1882   -0.2601    0.21365  -0.086771
 -1.2691    0.13889  -1.1159    0.27713  -1.0489    0.521    -0.12231
 -0.48095  -0.94298   0.26601  -1.2734    1.4864   -1.001    -0.29908
 -1.0814   -0.062653  0.2409    0.45944  -0.36786  -0.83369  -0.017977
  0.57358   0.10256  -0.83619  -0.50415   0.60873  -0.40449   0.59433
  0.15222  -1.4533    0.037809 -0.4948    0.71513  -0.19613   1.4224
  0.63147   1.151     0.57731  -0.91045   0.14985   0.46531   0.64908
  0.81611   0.10075   0.013435 -0.95854   0.57087  -0.92743  -0.046534
 -0.27058   0.81277  -0.5851    1.1187    0.88901   0.89143   0.59948
  0.39667   0.70748   0.24422  -0.34939   0.54203  -1.4941    0.84864
  0.86029  -1.3832  ]"
newsletters,"[-0.53904   0.14082  -0.83166  -0.98881   0.51172   0.961     0.13219
 -0.10219  -0.18358  -0.20977   0.52978  -0.39637   0.32856   0.11029
 -0.083717  0.22756   0.19235  -0.44337   0.31029  -0.042903 -0.49632
  0.49323  -0.03398   0.48605  -0.21566  -0.80065  -0.054515  0.61668
 -0.72885   0.21187   0.078994  0.13096  -0.30503   0.19209  -0.34183
  0.6173   -0.1043   -0.36129  -0.78267  -0.14016   0.08099   0.43657
 -0.85958  -0.20485  -0.8386   -0.32879  -0.2524   -0.43322   0.12661
 -0.15395   0.14868   0.82641  -0.46057  -0.40046   0.1552    0.32383
  0.63612   0.21261   0.40717   0.52734  -0.1625    0.55849  -0.08613
 -0.2071   -0.17479  -0.45175   0.4928   -0.2167    1.5436   -0.68369
  0.40996  -0.23589   0.08775  -0.92108  -0.72683   0.54341   0.3763
 -0.19858  -0.55609  -0.29741   0.35897   0.18285  -0.20723  -0.087563
 -0.44482  -0.38579   0.22816  -0.41897  -0.24906   0.068661 -0.11998
  0.8147    0.78204  -0.856    -0.079253  0.35772   0.22364  -0.26753
 -0.068445  0.8376  ]"
nikolic,"[-0.20547   0.59616  -0.099399 -0.31176   0.52811   0.078998  0.80183
 -0.69233  -0.022958  1.8079   -0.50711   0.34541  -0.15724  -0.4152
  0.5721    0.31704   0.073982 -0.23795   0.42843   0.49383   0.30296
 -0.66577  -0.21202   0.23378  -0.27575  -0.60891   0.3713   -0.17597
  0.6565   -0.22983   0.33519  -0.14431  -0.12518   0.22117   0.60739
  0.19449   1.4829    0.068694  0.19557   0.029494 -0.50198  -0.26381
  0.91066  -0.23445  -1.0082   -0.97019   0.79795  -0.052897  0.40267
  0.3842    0.10088  -0.31992   0.24201   0.61133  -0.81868   0.60121
  0.78597   0.87138  -0.66495   0.65146   0.081495 -0.52546  -0.66203
  0.41766   0.15786   0.34066   0.55779   0.37918  -0.54702   0.22363
  0.35617  -0.90473   0.19459  -0.013326 -0.25615  -0.2971   -0.71801
  0.19582   0.060206 -0.14092   0.16384  -0.056586 -0.89735  -0.23044
  0.11385  -0.67019  -0.095679  1.1552    0.41086   0.19065   0.85439
 -0.11794  -0.27546   1.103     0.43718  -0.19846   0.38179   0.71441
 -0.17325   0.11779 ]"
ladders,"[-1.2357e-01 -1.6130e-02 -7.8600e-01 -2.8300e-01 -2.8397e-01 -3.2357e-01
 -8.1198e-01 -1.0415e-01  4.3543e-01 -4.1778e-01  1.2063e+00  3.1630e-01
 -5.1762e-01  7.6085e-01  3.4992e-01 -1.1880e-01  3.0699e-01  5.2692e-01
 -2.2415e-01 -2.2157e-01  2.8681e-01  1.5308e-01  6.0800e-01  1.9808e-01
  1.2655e+00 -1.6419e-01 -8.6255e-01 -1.8147e-01 -4.5799e-01 -2.3059e-01
  1.0556e-01 -9.0079e-01 -6.1102e-01  7.2861e-01  3.5437e-01  5.1233e-01
 -4.6576e-01 -3.0288e-01  1.1829e+00  3.9515e-01  3.3370e-02  1.7264e-01
 -8.1135e-01 -8.2325e-02  2.3212e-01  3.7052e-01 -3.5413e-01  4.5595e-01
 -4.0266e-01  3.2329e-01 -7.7228e-01  2.2997e-01 -3.8755e-01  1.8629e+00
  2.6964e-01 -4.9775e-02  5.7293e-01 -3.4002e-01  1.2389e-01  8.1189e-01
 -4.3616e-01  9.8497e-02  8.1277e-02  3.9375e-01 -7.5599e-01  4.0944e-01
 -3.5139e-01 -5.7986e-02  3.8900e-01 -9.5758e-01 -5.9894e-01 -3.2021e-01
  5.7060e-01  8.9483e-02 -1.6177e-01  2.1926e-01 -5.9815e-01  3.0999e-01
  4.5619e-01 -7.8383e-02  4.2872e-01 -6.2814e-02 -2.9641e-01 -3.1386e-01
 -1.2722e-01  2.9864e-04  5.0428e-01 -3.6645e-02 -4.9108e-01  2.9598e-02
  9.7267e-02 -7.2095e-01 -1.9687e-01  1.4265e-01  3.2135e-01 -1.1538e+00
 -5.0878e-01 -3.7776e-01  1.2211e+00  5.7539e-01]"
pry,"[-0.51325    0.25545    0.20986    0.40307    0.0047098  0.002206
 -0.85715   -0.27953    0.72377   -0.44091    0.67849    0.77984
 -0.11135    0.65439   -0.46403    0.98416    0.16921    0.053925
 -0.93011    0.065217   0.32986    0.8527     0.37221   -0.64667
  0.46051    0.021709  -0.35369   -0.65891    0.017606  -0.21889
  0.38009    0.39858   -0.53158    0.11411   -0.85868   -0.56549
 -0.12841   -0.55909   -0.086968  -0.075618  -0.043846  -0.096983
 -0.070974  -0.35193   -1.3391     0.49441   -0.36046    0.7843
  0.41299    0.11341   -0.49797    0.23462   -0.29178   -0.017545
  0.048018   0.0055644  0.12465   -0.2199     0.70771   -0.3611
  0.23313    0.49998    0.031888   0.8559    -0.40018   -0.37628
  0.1427     0.49031   -0.34686   -0.36044   -0.11149   -0.32619
  0.67638   -0.38189   -0.61747   -0.26542   -0.263     -0.52702
  0.12857   -0.13707   -0.072595  -0.31876   -0.45737   -0.25201
  0.2788     0.17204    0.66317    1.0613    -0.5494     0.33072
  0.082176   0.29133   -0.049384  -1.0628     0.54341   -0.78769
  0.27064    0.44089   -0.44348    0.56507  ]"
psychoanalysis,"[ 0.73872    0.48907   -0.04789    1.3444    -0.4048     0.41514
  0.78201   -0.57143   -0.26226    0.037235  -0.26841   -0.26909
  0.090191   0.52052    0.79635    0.039499  -0.13755    0.31751
  0.068181  -0.40784   -0.1578     0.066974  -0.64812    0.066939
  0.27291   -0.40128    0.048298  -1.3628     0.093659   0.38117
 -0.8773     0.62108   -1.1549     0.47968   -0.43803    0.22588
 -0.050194   0.46327   -0.58021   -0.72245   -0.10207    0.37592
 -0.44456   -0.16529   -1.3003    -0.49886    0.25529    0.61937
 -0.0090473  0.44083    0.25599    0.62125   -0.20524    0.11647
 -0.17278    0.16744    0.4191    -0.62726   -0.19943   -0.17197
  0.37831    0.55803    0.23839    0.32609    0.34856    0.0041041
  0.35225   -0.13005   -0.1005     0.02788    0.017003   0.28743
  0.081991   0.64602   -0.67614   -0.70269   -0.06069    0.42833
 -0.78435   -0.75567   -0.3752     0.60355   -0.089524   0.30554
 -0.74957    0.3339    -0.54371    0.19275   -0.56068   -0.21024
  0.54785   -0.12133    0.52319    0.23466    1.0058     0.047336
  0.29173   -0.25579   -0.16952    0.8384   ]"
co-starred,"[-0.22933   -0.52333   -0.56644    0.012968   0.91025   -0.15528
 -0.39067    0.21889    0.021506  -0.24648   -0.18334   -0.21489
  0.38246    0.48125    0.41558    0.11297    0.27288    0.39343
  0.12379    0.5405     0.41986   -0.3423     0.23136    0.40132
  0.69547   -0.31411    0.037116   0.11231   -0.05861    0.41424
 -0.30631    0.70791    0.33841    0.097879   0.26886    0.49149
  0.55027   -0.2031    -0.34312    0.016467   0.25849    0.58306
 -0.4961     0.82508    0.27524   -0.02125   -0.67098   -0.19943
 -0.094578  -0.0052498 -0.94938   -0.12559    0.88635    0.29572
  0.53659   -0.86509   -0.15144    0.57702   -1.8086     0.0039851
 -0.064679   1.1158     0.19466   -0.3836     0.23151   -0.53444
  0.25235    0.20071    0.097768   1.1662     0.4668     0.20315
  0.29826    0.58078   -0.28798    0.074774   0.042758   0.019556
  0.52922   -0.43925   -0.50393    0.37347    0.48505    0.16941
 -0.1261    -0.56301   -0.31019   -0.14531   -0.47074   -0.02411
 -0.4134    -0.23785   -0.61037    0.39717    0.50576    0.08071
 -0.042211   0.53035   -0.18755   -0.082372 ]"
highness,"[-0.099429 -1.2144    1.0974    0.3024    0.27903   0.90806  -0.51294
  0.52532  -0.67256   0.57718   0.33391   0.36879   0.14342   0.23068
 -0.024054 -0.72849  -0.35144  -0.38055  -0.17919   0.48376  -0.89435
 -0.98264  -0.6081    0.35154  -0.057297  0.38417   0.019826 -0.62842
  0.096491 -0.90431   0.64686  -0.37241   0.31991  -0.68352   0.048623
  0.58211  -0.66071   0.26029  -0.79399  -0.69246   0.55749   0.24241
  0.42325  -0.354     0.013228 -0.066748 -0.38682   0.92427   0.69847
 -0.94449  -0.40376   0.1407    1.3679   -0.037747 -0.25856  -0.18367
  0.2508    0.33629  -0.36646  -0.95091   0.145     0.20991  -0.30376
  0.59741   0.78356   0.20667  -0.25947  -0.5244    0.23852  -0.34222
  0.27896  -0.45076   0.25605  -1.0394   -0.32128   0.1844    0.23766
  0.25021   0.10848  -0.87177   0.29604  -0.8401    1.0998    0.79489
  0.16779   0.014495 -0.76052  -0.30883   0.39524  -0.55372  -0.83099
 -0.71201   1.4031    0.53025   0.1749   -0.23487  -0.61999  -1.2901
 -1.0796   -0.33949 ]"
earthen,"[-0.12543    0.15798   -0.6705     0.12272   -0.82632   -0.11563
 -0.591     -0.2651     0.45434    0.58794    0.52616    0.46461
  0.22048   -0.50506    0.16186   -0.30274    0.54531    0.36946
 -0.048876  -0.94025    0.19212    0.34056   -0.13721    0.23279
  0.9605    -0.65669   -0.41942   -0.02419   -0.68704   -0.12944
  0.39139   -0.76037    0.94303   -0.24362   -0.23305   -0.069386
 -0.32266   -0.13423    0.77523    0.06224   -0.10354   -0.45055
 -0.2447    -0.30489    0.94866   -0.014923  -0.27567    0.07154
  0.16028    0.40715   -0.15106    0.056471   1.1403     0.025295
 -0.3241    -0.45895    0.26667   -0.93908    0.26918    0.90876
 -0.44692    0.032677   0.80507    1.659      0.23077   -0.049108
  0.32934   -0.37518   -0.56894   -0.97848    0.38362   -0.030968
  0.25866    0.39081   -0.37587    0.27881    0.2481     0.43712
  1.0388     0.053544   1.0243     0.28316   -0.37203    0.0049804
  0.59078    0.6916     0.23616   -0.044755  -0.027023   0.36829
 -0.013691  -0.54164   -1.0631     0.23417    0.36155   -0.84285
 -0.57754   -1.0962     0.72519    0.43151  ]"
seminaries,"[ 1.2275    1.1583   -0.71549   0.063825 -0.1223    0.75302  -0.53844
 -0.037258  0.055124  1.0075   -0.13767  -0.43134   0.88501   1.363
 -0.46638  -0.068551 -0.07137   0.71713  -0.86205   0.48721  -0.11291
  0.48327  -0.034841 -0.072115 -0.50096  -0.5537    0.55221  -0.27726
 -0.31822   0.59528   0.10324  -0.68768   0.035143  0.061879 -0.41821
  0.71429  -0.34178  -0.1112   -0.85554   0.71242  -0.74961   0.50179
 -0.54539  -0.077399 -0.43867  -0.26579   0.9945    0.35404   0.21611
 -0.15177  -0.016653  0.25104  -0.35765  -0.33827  -0.84526   0.16673
  0.64957  -0.39516   0.40517   0.67926  -0.13892   0.032373  0.99446
  0.18115  -0.32985   0.12581  -0.13646  -0.050135  0.40281   0.34114
  0.21184  -0.43657  -0.16177  -0.47997  -0.81832  -0.2858    0.40772
 -0.053935  0.21505  -0.58095  -0.32148  -0.44707  -0.17404   0.64045
 -0.16941   0.071909  0.53444   0.12064   0.19788  -0.15124  -0.50286
  0.17675  -0.56506  -0.017573 -0.68023  -0.13512   0.032729 -0.30659
 -0.037623  0.86911 ]"
unintentional,"[ 0.17428   -0.40492    0.54397   -0.11472   -0.3621     0.55932
  0.15402   -0.048875   1.1099     0.4175    -0.30025    0.38401
  0.43245    0.17075    0.68663    0.76456   -0.70932    0.26063
 -0.26197    1.0546     0.54331    0.0982    -0.085793   0.10012
  0.24568    0.5517    -0.30389    0.63153    0.23638   -0.28716
 -0.05391   -0.17763   -0.48193   -0.056636  -0.43664   -0.5502
 -0.11397    0.18066   -0.32832    0.35687    0.31042    1.1467
 -0.44612    0.19473   -0.25789    0.23687    0.77626   -0.32786
 -0.90858   -0.48979    0.29278   -0.28358   -0.29657   -0.35018
 -0.19328    0.22306    0.81645   -0.22401    0.12807    0.20336
  0.068514   0.12597    0.25002    0.78509    0.35801   -0.972
  0.71578   -1.0793    -0.5168    -0.35475   -0.79855   -0.43038
  0.70719    0.37434    0.52145    0.23585   -0.0093135  0.033101
 -0.35817    0.27487   -0.12658    0.29359    0.33565   -0.11346
 -1.2214    -0.48352    0.29226    0.43871   -0.33518   -0.28991
 -0.35085   -0.090204  -0.51051    0.19988    0.42447   -0.13859
  0.24007   -0.39198    0.12698   -0.65448  ]"
ditto,"[-0.42683    0.50166    0.59957   -0.76861   -0.42119    0.59869
  0.072713  -0.13956    0.35053    0.2479     0.44266    0.0082309
 -0.02336    0.29377    0.38116   -0.25967    0.10213    0.055229
  0.089292   0.22925   -0.1094     0.080411  -0.19343    0.4098
  0.52786    0.26128   -0.074306  -0.32106    0.23931   -0.40882
 -0.10683    0.21107    0.44706    0.061143  -0.19827    0.39726
  0.13921    0.18482    0.44455   -0.025039   0.54049   -0.082387
 -0.53382    0.15102   -0.13576   -0.42288    0.21408   -0.28777
 -0.33697   -0.0091616  0.53361    0.26136   -0.059041  -0.32154
 -0.21505   -0.17854    0.53043    0.042257  -0.78583   -0.36046
  0.27861    0.36238    0.013153   0.05143    0.17236   -0.18261
  0.70225    0.23745    0.56378   -0.17086   -0.014289  -0.059876
 -0.21885   -0.042606  -0.013226  -0.1233     0.060959   0.039569
 -0.084576  -0.086986   0.18798   -0.60858    0.078291   0.068734
  0.16635    0.83334    0.1001     0.0071703 -0.094997  -0.36052
  0.11742    0.52693    0.28391   -0.39727    0.10765    0.024845
  0.48751    0.42261    0.18215    0.41904  ]"
mused,"[ 0.49609    0.23192    0.46192   -0.10539   -0.11119    0.15002
 -0.088784   0.10659    0.42704    0.087457  -0.5109     0.38738
 -0.2088    -0.54308    0.27304   -0.36241   -0.13094    0.12216
 -0.32123   -0.42886    0.21362    0.69649   -0.54047   -0.12716
  0.22428    0.19836   -0.10308    0.053736   0.034354   0.26218
 -0.40288   -0.096024   0.32367   -0.17524   -0.31895    0.82445
 -0.4378     0.25641    0.37727   -0.48448   -0.29866    0.45766
 -0.096074   0.025164  -1.0435     0.112      0.34607   -0.70632
 -0.017681  -0.099588   0.31614   -0.49936    0.20221    0.16518
 -0.33476    0.30055    0.2483     0.43449   -1.0349     0.6604
 -0.04928    0.5946     0.021982  -0.25375    0.14595   -0.21686
  0.92393    0.43012   -0.14394    0.2699     0.29064    0.25096
  0.23494   -0.43235   -0.37197   -0.0045071  0.21017   -0.076278
 -0.18697    0.14751    0.028827  -1.0344    -0.033259  -0.24369
  0.24715   -0.77335    0.22949   -0.1605    -0.70386   -0.30447
  0.26094    0.22526    0.19155    0.06282    0.050714   0.20762
 -0.052322   0.11614   -0.45527    0.73792  ]"
ahs,"[-9.5777e-01  1.2868e-02  2.5494e-01 -1.4418e-01 -9.2828e-01 -3.1797e-01
  4.7209e-01 -1.6215e-01  1.0018e+00  4.2819e-01  1.1283e-01 -2.7633e-01
  9.3530e-02 -2.0911e-01  7.3890e-01 -1.8500e-01 -7.1317e-02  1.0853e+00
  1.3292e-01 -5.2095e-01 -1.4564e-01  8.4039e-01 -1.5096e-01  8.1599e-01
 -2.6739e-01  2.7473e-01 -1.2715e+00 -4.3097e-01  1.7734e-01 -1.6024e-01
  1.6998e-01  2.1647e-01 -3.6333e-01  1.0408e+00  6.8086e-04 -4.6731e-01
  2.6226e-01  1.0134e+00 -6.2373e-01  1.7528e-01 -1.4694e-01  7.5656e-01
 -8.0663e-01  1.6201e-01  1.1048e+00 -2.7968e-01 -4.5586e-01  2.0098e-03
  8.1784e-01  1.0017e+00 -1.1698e+00 -6.6313e-01 -2.8850e-02 -3.5436e-01
 -1.1885e+00  9.9730e-01  1.2378e+00  1.2019e-01 -1.4842e-01 -4.3090e-01
 -4.8935e-02 -3.6975e-01  6.7484e-01 -5.1002e-01 -6.7123e-01  2.6729e-01
  9.6887e-02 -3.1391e-01 -8.6909e-01  3.9589e-01  4.6747e-01  8.3821e-01
 -1.1106e+00 -4.9689e-01 -1.6316e-01  9.7930e-02  3.7366e-01 -2.2716e-01
 -2.1639e-01 -2.9736e-01  4.4594e-01 -2.1119e-01  8.4758e-01 -3.8941e-01
 -6.9651e-01  2.3199e-01 -3.5888e-01  4.0381e-01  7.1306e-01  7.3237e-01
 -1.0338e+00  2.7330e-01 -8.6620e-02  5.7742e-01  6.3980e-01 -2.4759e-01
  6.5827e-01 -1.6398e+00  5.3296e-01  4.5922e-01]"
sabbatical,"[ 3.7456e-01 -6.3102e-01 -9.5346e-01 -2.6764e-01 -1.6473e-01  2.3499e-01
  1.1040e-01  1.2728e+00 -6.5460e-01 -1.4066e-01 -4.0566e-01  5.5407e-01
  1.6938e-01  5.6688e-01 -1.4904e-01 -2.7170e-02  3.3893e-01 -3.2689e-02
  4.9807e-01 -2.1410e-01  9.3008e-02  2.0979e-01 -6.9614e-01  8.3850e-01
  4.9251e-01 -1.7950e-01 -3.5461e-01 -5.1040e-01  4.2198e-01 -3.4822e-01
 -1.0713e+00  6.5014e-02 -7.6500e-01 -6.6602e-01 -1.2819e+00  8.0220e-01
 -9.1339e-01  2.6341e-01 -1.4885e-01 -7.7286e-01 -8.6218e-01  5.3325e-01
  5.9640e-01  1.6406e-01 -3.9809e-01  5.0887e-01  1.9411e-01 -4.7169e-02
 -9.2321e-04  1.0028e-01 -9.7287e-02 -8.6647e-01 -4.6573e-01  6.7049e-01
 -1.2882e-02 -2.2374e-01  5.5606e-01 -6.8713e-01  2.1239e-01 -1.3735e-01
  1.1368e-01  3.9204e-01  2.4353e-01 -2.8194e-01 -1.3219e-01 -9.5628e-02
  8.9328e-02 -6.7487e-01  2.6837e-01  1.8704e-01  6.3948e-02 -1.3557e-01
  2.8195e-02  2.6570e-01 -1.3888e+00  2.2156e-01  4.5758e-03 -1.1312e-01
  2.0617e-01 -8.0152e-01 -7.8848e-02 -2.2553e-01 -5.8880e-03 -8.8764e-02
 -3.8527e-01  4.1807e-01  4.6922e-01 -1.1569e-01 -4.0973e-02 -7.1986e-01
 -6.4510e-01 -2.7321e-01  3.1463e-01 -8.3938e-01  3.3187e-01 -3.6805e-01
  4.0691e-01  7.8642e-01 -5.2864e-01  2.4653e-01]"
angelos,"[ 0.68593   0.071099  0.25409  -0.64511  -0.73587   0.37326   0.1613
 -1.2222   -0.048166 -0.15648   0.28883  -0.37912   0.025254 -0.21617
 -0.5414   -0.68319  -0.84491   1.135    -0.41226  -0.12404  -0.73344
  0.67322  -0.8847    0.70179   0.62001   0.45073  -0.41485   0.53581
  0.041516  0.87557  -0.41174   1.382    -0.69501   0.81292  -0.048903
 -0.049188  0.42778   0.66535   0.47149   0.08338   0.53417  -0.38074
  0.61022  -0.42107   0.41911  -0.50449   0.28325  -0.56935   0.39567
  1.0964    1.1474    0.33975   0.30889  -0.47352  -0.25442   0.028217
 -0.35503   0.10163  -0.62871   0.30414  -0.51865  -0.43134  -0.038461
 -0.06309  -0.17706  -0.51689   0.036765  0.96799  -1.0527   -0.41803
  0.36627  -0.19769   0.37466  -0.26089  -0.16769  -0.56307  -0.76388
 -0.40726  -0.75501   0.54655   0.25961  -0.15687  -0.37982  -0.34666
  0.85375   0.83498  -0.75768  -0.43648  -0.52562  -0.54745   0.070111
 -0.21262   0.084531 -0.60144  -0.050966 -0.78172   0.10076   0.31146
 -0.24386  -1.2281  ]"
deregulated,"[ 3.3959e-01 -1.0267e-01  5.8825e-01  9.6834e-01  1.3300e-01 -7.6371e-01
 -6.8420e-01  5.6768e-01  4.2063e-01 -5.4762e-01  4.1517e-04 -4.6641e-01
 -6.5662e-01 -9.4120e-02 -1.3239e-01 -5.1096e-01 -1.3984e-02  1.0532e+00
  4.4252e-01 -5.4650e-01 -2.9420e-01 -6.9661e-02  1.4010e+00 -2.4404e-01
  4.4670e-03 -8.4917e-01 -2.8953e-01 -6.3389e-01 -5.8015e-01  7.0147e-01
  5.6402e-01  7.0531e-01 -3.6190e-02 -5.4249e-01 -8.2103e-02  1.2600e-01
 -4.9287e-01 -9.0031e-02 -3.8733e-01 -7.1446e-01  8.1684e-01 -4.6422e-01
 -1.1841e-01  6.4976e-01  3.7232e-01  1.8245e-01  9.9771e-01  5.9369e-01
  5.2757e-01 -7.1243e-01 -1.1437e+00  7.9259e-02  1.6637e-01 -3.4629e-01
  6.7741e-01  5.9273e-01  3.0487e-01  9.5264e-01  1.0649e+00 -4.9911e-02
  6.9408e-02 -3.6124e-01 -1.6318e-01 -3.2888e-01  1.9882e-01  8.2757e-03
 -2.7545e-01 -7.1609e-01  3.8795e-01 -3.5219e-01  9.9481e-01 -1.9977e-01
 -9.7482e-02  3.4630e-01 -4.3247e-01 -8.6527e-01  3.1795e-01 -7.9521e-01
 -6.5457e-01 -5.6975e-01  4.9413e-01 -7.7603e-01 -2.9863e-01  1.2950e+00
  6.0023e-01 -1.3321e-01  5.4408e-01  4.3061e-02 -1.5738e+00 -9.2049e-01
  6.3056e-01  1.7637e-01 -7.9162e-01 -2.6190e-01 -3.5002e-01  6.5796e-01
  4.9555e-01  3.0174e-01 -3.8968e-01 -2.7711e-01]"
shortlist,"[ 0.35497   0.51283   0.28524  -0.89029   1.469    -0.35226   0.31386
  0.1244   -0.3866    0.79106  -0.10872   0.87393  -0.13994  -0.56175
  0.12382   0.18032   0.35589   0.40473   0.9013    0.3291   -0.66464
 -0.84026   0.076417 -0.20726   0.093873 -0.72081   0.35399   0.86179
  0.30924  -0.4046   -0.2676   -0.57389  -0.18582  -0.19468   0.023647
  0.20847  -0.76675   0.18183  -1.5614   -0.23542  -0.27697   0.63192
  0.33554   0.11177  -0.11686   0.74086  -0.47787  -0.26865  -0.78426
  0.80812   0.21882  -0.35655  -0.002373  0.33866  -0.89507  -0.28801
 -0.098105  0.075744 -0.34386  -0.18998  -0.51647   0.43838  -0.47391
  0.51075   0.50912  -0.47103  -0.4291    1.3428   -0.23622  -0.74456
  0.10715  -0.034908 -0.025462  0.35433  -1.1266    0.28796  -0.357
 -0.37115   0.050682 -1.0143   -0.54259  -0.68795  -0.29273  -0.64084
 -0.38653  -0.7854   -0.14378  -0.23783   0.17557   0.1473    0.075408
  0.53401  -0.65197  -0.22366   0.089993  0.47252  -0.12669   0.62603
  0.61481   0.59524 ]"
poulter,"[-2.5600e-01  3.9997e-02  7.2656e-01 -5.2183e-01 -5.4446e-01 -2.1542e-01
  7.4587e-01  4.2347e-02 -9.6089e-01 -4.3105e-01  7.4013e-02  7.9354e-01
  1.4991e-01  2.7696e-01  1.0319e+00  4.6438e-02 -3.9578e-01  6.1700e-01
 -2.7281e-01 -1.4099e-02  3.8503e-01  1.2426e-01  4.0506e-01  5.1858e-01
  8.4665e-01  1.6557e-01  3.1790e-01 -4.3093e-01 -3.1570e-01 -2.1602e-01
 -1.2370e+00  1.8433e-01 -5.1330e-01 -5.3971e-02  8.6191e-01  3.7392e-01
 -3.2237e-01  1.6590e-01 -3.2496e-01  1.1722e-01 -7.6110e-01  3.8570e-01
  5.7796e-01  1.9089e-01 -4.9911e-02  8.4929e-02  5.9021e-03  2.9587e-01
 -3.3241e-01 -6.8908e-01  1.4540e-01  2.0220e-01 -4.9288e-01 -6.3529e-02
 -1.0317e-01 -9.8295e-01 -3.1864e-01  4.1406e-01 -1.4749e+00 -1.7944e-01
  6.3617e-01 -6.8082e-01  1.4775e-01  9.6680e-01 -7.9818e-01 -7.3199e-02
  5.2155e-01  4.3241e-01 -2.9624e-02 -4.2187e-01 -4.2221e-01  6.7464e-01
 -2.5373e-01 -8.4147e-01 -1.8962e-02 -4.2842e-01  4.1916e-01  8.6576e-02
  5.7665e-02 -8.5736e-04  3.9394e-01 -3.2485e-01  1.2435e-01  4.1485e-01
  3.1709e-01 -2.9820e-01 -5.5893e-01  2.3484e-01  2.4447e-01  8.8717e-01
 -3.1233e-01 -2.6244e-01  1.2501e-03 -5.3210e-01 -7.7426e-01  1.3240e-01
  4.2042e-01 -3.3570e-01 -9.4283e-01  8.3629e-01]"
rackets,"[ 7.9056e-01  2.0267e-01 -3.3843e-01 -8.3344e-01  1.4976e-01  6.5982e-01
 -4.1620e-01  2.8043e-01 -2.9847e-01  3.4654e-01 -1.8469e-01 -3.7106e-02
 -3.5829e-01  9.0123e-01 -4.9315e-01  3.7417e-01 -3.7115e-01  3.5873e-01
 -2.3413e-01 -4.5687e-01  1.5003e-01  6.0014e-01  9.1158e-01 -8.0118e-02
 -1.5397e-03  9.1820e-02 -4.3631e-01 -8.3890e-01 -4.6103e-01  2.0894e-02
  2.6887e-01 -1.5589e-01  6.5719e-01 -8.4013e-01 -2.2105e-01  7.0066e-02
 -6.1165e-01  1.3807e-02  2.9897e-01 -2.5087e-01  4.6114e-01 -1.5161e-01
  8.0137e-02 -1.0703e+00  2.3523e-01 -5.1334e-01  3.2536e-01  1.3515e-02
  4.3521e-01 -1.9284e-01 -3.0126e-01  2.9931e-01  4.3271e-02  2.4078e-01
  5.0853e-01  8.5126e-01 -2.1352e-01  6.3931e-01  4.2228e-01  6.3949e-01
 -7.5960e-01  2.6274e-01 -1.7486e-02  8.1936e-01 -8.0224e-01 -4.3421e-01
  4.7539e-01 -1.1878e-03  8.7337e-01 -3.3337e-01 -1.3303e-01 -1.0753e+00
  5.8952e-01 -1.2942e-01  1.1226e-01 -7.0751e-01 -3.9245e-01  3.8804e-01
 -1.7103e-01  5.2312e-01  4.5796e-01  1.2920e-01  4.4405e-01  4.3469e-02
 -7.6445e-01  3.6505e-01 -3.9564e-01 -1.4746e-01 -5.9019e-01  8.3716e-02
 -1.4260e-01 -1.8255e-01 -4.2493e-02 -3.2054e-01  1.3778e+00 -6.1018e-01
 -7.0257e-01  8.1804e-01  1.0374e+00  6.4612e-02]"
merced,"[ 0.075027 -0.30851   0.45826  -0.013431 -0.048228  0.51138   0.59123
 -0.077337  0.29042  -0.52897  -0.64133   0.21977  -0.51462  -0.43165
 -0.036783 -0.60108   0.71985   0.68234  -0.36522   0.22056  -0.32156
  0.36254  -0.11391   1.1973   -0.37459  -0.16903  -0.48081  -0.84681
 -0.4688    0.39346  -0.016482  0.091299  0.37464   1.0284    0.10082
 -0.13971   0.27317  -0.59196   0.8961   -0.16175  -0.31524   0.011799
 -0.90413   0.54691   0.14339   0.57854   0.55316  -0.9611    0.30326
  0.97334  -0.85687   0.16093  -0.68556  -1.1261   -0.43545  -0.18121
  0.070304  0.039857  0.43737   0.06738  -0.48039  -0.17247   0.19015
  0.34451  -0.5099   -0.44019   0.5001   -0.78062   0.017401  0.52182
  0.48209   0.53505  -0.30529  -0.53465   0.018919  0.17267  -0.12351
 -0.15062   0.38528   0.48079  -0.013019  0.20334  -0.86327  -0.050283
  0.11076   0.22882   0.76973  -0.21993   0.48174  -0.35239  -0.17181
  0.091959 -0.58174   0.45014  -0.45033   0.33307   0.30062  -0.3632
  0.64519   0.17347 ]"
sobre,"[ 0.67836   -0.61677    0.69095    0.78301    0.14111    0.37905
  0.34695    0.30732    1.0111     0.038048  -0.73149   -0.77289
 -1.0045    -0.15948    1.2706     0.58675    0.028271  -0.48433
 -0.86453   -0.46597    0.52112    0.11515   -0.93367   -0.14831
  0.57964    0.51193    0.1423    -0.50555   -0.31553    0.43853
 -0.83654    0.13142   -0.0049257 -0.42187    0.46925    0.18273
  0.76381   -0.5618     0.60682    0.32793    0.42905    0.27387
 -0.69601   -0.70165    0.14911   -0.87857   -0.83116   -0.12879
 -1.1629    -0.62956   -0.67723    1.8931     0.044473  -0.64353
  0.31198   -0.96496    0.82136    0.67607   -0.39941   -0.31519
 -1.3554    -0.72404   -0.76853   -1.8187    -0.65293   -0.65114
  0.19938   -0.53348    0.84823    0.59786    0.61114    0.69364
  0.29573   -0.49452   -0.21457   -1.3471    -0.56416   -0.58143
 -0.43125   -0.39097    0.042934  -0.66363   -0.42183   -0.89196
  0.63166    0.27545   -0.069502   0.051249   0.82497    0.46575
  0.27047    0.73578    0.98963   -0.54028    0.74599    0.13163
 -1.2154     0.21972   -0.10969    0.60991  ]"
avenged,"[-0.090954  -0.31175    0.55651   -0.34048    0.13459    0.35098
 -0.027022   0.52489   -0.23197    0.087057  -0.12286    0.37216
 -0.20014   -0.34023   -0.52562    0.14362   -0.49165    0.25634
 -0.27147    0.33159    0.9733    -0.89653   -0.46794    1.7261
  0.42239   -0.038002  -0.058051  -0.31749    0.9016    -0.44881
  0.49221   -0.1096    -0.33147    0.025968  -0.22053   -0.64586
 -0.23699    0.16732   -0.56168   -0.24681    0.28254    0.0063919
  0.51275    0.093774   0.61564    0.016017   0.86332    0.43565
  0.28434   -0.55633   -0.67522   -0.28167    0.48045    0.32694
 -0.23703   -0.29689    0.67082    0.054119  -1.1437     0.26816
 -0.41809   -0.12464    0.12504   -0.091364  -0.67679    0.27091
  0.064999   0.79314   -0.35313   -0.55451   -0.15895    0.27399
 -0.12826    0.49757   -0.094857  -0.054586  -0.19322   -0.4973
 -0.051517   0.75144    0.0043391  0.21346   -0.43866    0.97708
 -0.58009   -0.54554    0.26802   -0.010279  -0.70256    0.77538
 -0.21712   -0.020533   0.095472   0.71539    0.089737  -0.52921
 -0.016835   0.42721   -0.39566   -0.39831  ]"
follies,"[ 0.12429   -0.13967    0.49141   -0.012121  -0.70164    0.15724
  0.40044    0.78667   -0.80967   -0.3042    -0.054468  -0.26059
 -0.59551    0.49641    0.126      0.67132    0.52261    0.56219
 -0.27401   -0.22934   -0.027341   0.14302   -0.38312    0.013836
  0.0030555  0.46817   -0.058003  -0.056874  -0.26737    0.27743
  0.26156   -0.54839    0.64721   -0.050901  -0.69213   -0.23362
  0.34587   -0.37637   -0.21638   -1.1738     0.33807    0.36258
 -0.93493    0.40405    0.68382   -0.23118   -0.12419   -0.55847
  0.16511    0.14431   -1.1551    -0.71467   -0.2103     0.65508
 -0.12522    0.38653    0.39874    0.21223   -0.52184    0.37209
 -0.084336   1.0916    -0.35162    0.74501    0.33193   -0.73625
  0.36978   -0.51529   -0.1762    -0.22476    0.12253   -0.38764
 -0.69087    0.016885  -0.22264   -0.94158    0.57425    0.44214
 -0.29307   -0.23576   -0.59916    0.011459   1.2813     0.30064
 -0.10242   -0.4274     0.0062767 -0.46799   -0.32817    0.20614
  0.14204    0.0056369  0.11563   -0.077922  -0.034329  -0.54822
  0.0059762 -0.61167    0.0076678  1.0253   ]"
fling,"[-1.0127e-01  9.4306e-02  3.9255e-01  1.1543e-01 -5.3593e-01  4.3467e-01
  3.8061e-01  6.2343e-01 -1.1993e-03 -1.2930e-01 -3.5850e-01  2.8833e-01
  4.2658e-01  5.6659e-01  3.7241e-01  3.9725e-01 -2.2076e-01  3.6435e-01
 -2.4677e-02 -2.6341e-01  6.6197e-02 -4.1157e-01 -3.4992e-02  2.5872e-01
  2.2980e-01  2.3775e-01 -5.4537e-01 -9.0842e-02  1.9842e-01 -6.2734e-01
 -4.0252e-01  9.6136e-02  3.0159e-01 -8.2351e-01  2.4173e-02 -2.4147e-01
 -2.6488e-01 -2.5819e-01  7.8925e-02 -2.6549e-01 -7.8492e-02  3.2938e-01
  6.9284e-02 -6.1937e-01 -3.3911e-02 -1.1943e-01 -2.1729e-01 -1.3620e-01
  6.7133e-01  1.9942e-01 -4.3165e-01 -2.9752e-01  3.8127e-01 -8.8927e-02
  4.8303e-01 -7.1794e-01  2.1713e-01  1.4233e-01 -5.1269e-02  2.6469e-01
  6.5800e-02  8.4875e-01 -8.9515e-02 -2.6771e-01 -3.4054e-01 -3.7124e-01
  8.8329e-01 -6.7173e-01  6.8674e-02 -6.6085e-01 -3.2047e-02 -3.2573e-01
 -4.1671e-03 -3.7763e-01 -1.2101e+00  2.3518e-01  1.4960e-01 -1.7652e-01
  1.5364e-01 -2.3738e-02 -4.4237e-01 -8.5075e-02  6.5682e-01  3.0559e-01
 -4.3673e-02 -3.2066e-01  5.6623e-01  6.5106e-01  7.6113e-02 -9.0546e-02
 -4.4915e-01  9.8404e-02 -2.8151e-03 -5.7057e-01  4.5670e-01 -6.6591e-01
  7.1609e-02  6.4102e-01 -2.0014e-01  3.9950e-01]"
stink,"[-0.25605    0.46474    0.47019   -1.5409    -1.0843    -0.16405
 -0.40833   -0.3322     0.40709    0.26608   -0.07474    0.19517
  0.24954    0.90794   -0.10848    0.18949   -0.62853    1.1102
 -0.23334    0.11761   -0.32188    0.16102   -0.04272   -0.20276
  0.08759    0.48129   -0.70305    0.96533   -0.076782  -0.40508
 -0.11438    0.042529   0.56612    0.14392   -0.64297    0.48263
 -0.18307   -0.21734    0.96683    0.010724   0.25101    0.03074
 -0.51376   -0.73234   -0.037585   0.33503    0.44824   -0.1469
 -0.74437   -0.13101   -0.053575  -0.13894   -0.35747    0.35817
 -1.2018    -0.30988    0.14689    0.38411   -0.57586   -0.58182
  0.037076   1.2219    -0.67244    0.39173   -0.20644    0.13477
  0.477     -0.50361    0.25416   -0.34319    0.38703   -0.75649
  0.18366   -0.25418   -0.87924    0.35672   -0.062137  -0.4093
 -0.40778    0.76071    0.36051   -0.45924   -0.023106   0.27301
 -0.14318   -0.43146    0.018417   0.0046851 -0.19521    0.25881
 -0.33776    0.23734   -0.68564   -0.43969    0.33125   -0.29586
  0.01079    0.058206   0.22053    0.22041  ]"
misrepresented,"[ 0.37528  -0.6157    0.31665   0.66151  -0.67517  -0.14359  -0.14418
 -0.11619   0.61595   0.096113  0.32474   1.0158    0.56372  -0.247
 -0.06191   0.18073   0.2758   -0.22778   0.06345  -0.25965  -0.12855
 -0.34116   0.60107  -0.073601 -0.8388   -0.26624  -0.57366   0.31982
 -0.65323  -0.057046  1.0887    0.1902   -0.54776  -0.056278 -0.8585
  0.23267  -0.50785   0.50084  -0.85115   0.4181   -0.27365   0.42395
 -0.10372   0.38651  -0.64634   0.02725   0.3033    0.10476  -0.38351
 -0.51895   0.29722   0.99335   0.92569   0.12021  -0.33062   0.42662
  0.96552   0.0916   -0.33936  -0.078237  0.13943   0.13884  -0.39616
  0.17703  -0.044628 -1.2638    0.95827   0.23497   0.35199   0.4552
  0.17424   0.45092   0.23789  -0.070343 -0.088736 -0.29162   0.32472
 -0.090242 -0.18123   0.15204  -0.36008   0.067813 -0.24902   0.32736
 -0.58211  -0.79662  -0.036741  0.42854  -0.37845   0.20019  -0.74903
 -0.43778   0.25507  -0.80167   0.47877  -0.090004 -0.076329 -0.24937
  0.022163  0.46881 ]"
hynes,"[-0.15252   0.25051  -0.2073   -0.82774  -0.52783  -0.61218  -0.87615
  0.24448  -0.070186  0.12325  -0.59588  -0.6102   -1.2185   -0.072974
  0.40068  -0.20032   0.19585   0.58253  -0.89705  -0.38482   0.6114
 -0.67107   0.38446  -0.16769  -0.073485  0.057623  0.055357 -0.41359
 -0.51467   0.13766   0.32063   0.53798  -0.24907   0.16349   0.07856
 -0.893     0.15662   0.66844   0.20439  -0.15725   0.72517  -0.12104
 -0.23585  -0.11131  -0.017703  0.44581  -0.61762  -0.58508   0.52409
  0.59972   0.77012  -1.3944    0.61408  -0.30501  -1.2276   -0.35326
  0.37011  -0.24111  -0.39829   0.80057  -0.26428   0.13769   0.4693
  0.056124 -0.13484  -0.13685  -0.18659   1.056    -0.065749  0.094577
 -0.73686   0.28114  -0.50535   0.082242 -0.16515  -0.89665  -0.021444
 -0.020994 -0.30689  -0.1789   -0.34557   0.49943   0.19796  -0.10612
  0.53624  -0.31072  -0.4694    0.31028  -0.15304  -0.12503  -0.1589
 -0.99749  -0.28667  -0.10938   0.95332  -0.2323    0.53798   0.71841
 -0.37305   0.80606 ]"
sarandon,"[ 0.51617   -0.13413    0.041316  -0.76025    0.068507   0.3491
 -0.32948    0.49475   -0.25975   -0.80574   -0.23517    0.028372
  0.17727    0.48291    0.055543   0.48888    0.48251   -0.19348
  0.22247    1.0683     0.15       0.68523   -0.012648   0.47532
  0.53575    0.65564   -0.45227   -0.66414    0.37746   -0.15012
  0.22729    0.47525    0.30698   -0.32449    0.50767   -0.61956
  0.77032    0.44154    0.20564    0.44618   -0.075272   0.29232
 -0.15487    0.59228   -0.11692   -0.50683   -0.76022   -0.69971
 -0.19166    0.0083601  0.19141    0.040071   0.37292    0.25281
  0.17825   -0.4179    -0.2616     0.55558   -1.5271     0.01679
 -0.41999    0.44205    0.68948    0.33267   -0.46279   -0.49272
  0.88266    0.7163    -0.32712   -0.046385  -0.053006  -0.058089
 -0.13983    0.5833     0.32727   -0.52341   -0.056311  -0.86003
  0.16034   -0.81739   -0.38213   -0.23768    0.52639    0.027537
 -0.67032    0.27221    0.40348    0.32515   -0.78273   -0.66345
 -0.14961   -0.14558    0.30654   -0.082899   0.016141   0.066169
  0.38255    0.081699   0.1637     1.0457   ]"
n.d.,"[-0.87667  -0.13967   0.6022   -1.058    -0.39989  -0.25942  -0.16485
  0.46591  -0.42052   0.49004   0.11518   0.3373   -1.4228   -0.15391
  0.34205  -0.18607  -0.04411  -0.35424  -1.0103   -0.25463  -0.52298
  0.65472  -0.33378   0.97957  -0.43977   0.42797  -0.53037   0.47657
 -0.3623   -0.15165   0.56986   0.049845  0.15634  -0.85267  -0.62612
 -0.41433   0.50813   0.095327  0.58675   0.60302   0.18434   0.011185
 -0.40499  -0.17899   0.2254   -0.43339   0.42122  -0.59245   0.091886
  0.81195  -0.39531  -0.18186   0.50775  -0.63197  -0.4241    0.16127
  0.62978  -0.18974  -0.29671   0.27723  -0.7651   -0.16191  -0.22418
  0.31659  -0.071248  0.053075  1.2759    0.94658   0.52444   0.2029
  0.66352  -0.57302   0.27287  -0.59524  -0.86866  -0.24136   0.28961
  0.085145 -0.11064  -0.71934  -0.89898  -0.81026  -0.61852  -0.41691
  0.67164   0.29047   0.60836  -0.85167  -0.010347  0.2529    0.38931
 -0.17987   1.0801    0.55201   0.22847   0.72444   0.60069  -0.36758
  0.93992  -0.20761 ]"
870,"[ 0.5758     0.48132    0.14716   -0.048121  -0.51766    0.63107
  0.28897    0.26037   -0.24526    0.14121    1.0695     0.59682
  0.48513   -0.32839    0.57503   -0.23719   -0.52078   -0.12607
 -0.073545  -0.11296    1.1489     0.2873     0.22878    0.39641
  0.067094  -0.68149    0.53633    0.49107   -0.27971    0.0014659
 -0.2455     0.024285  -0.13451    0.059579  -0.72174    0.31206
 -0.22419   -0.06475    0.3121     0.20369    0.096834  -0.42225
 -0.11838    0.2094    -0.6748    -0.1446     0.76163   -0.69693
 -0.31107    0.5852    -0.42167   -0.10275    0.24727    0.088405
 -0.68009    0.25435    0.34919   -1.1092    -0.37754   -0.56382
  0.87442    0.0033927 -0.26854    0.22511   -0.57351   -0.15774
 -0.013073   0.023948   0.32088   -0.072725  -0.011728  -0.20857
  0.063061  -0.071881  -0.0048313  0.01902    0.37932    0.71872
 -0.61811    0.0086363  0.19484   -0.62211    0.34287    0.13564
  0.33459    0.44846    0.33009   -0.40983    0.36223   -0.19612
  0.46359    0.99758    0.058196  -0.77502   -0.34308    0.27511
 -0.44481    0.1782     0.35659   -0.20246  ]"
hounds,"[-2.6832e-01 -5.2533e-01  1.3815e-02 -1.4815e+00 -1.2722e-02  6.2527e-01
  2.2424e-01  1.9362e-01 -3.7264e-01 -5.5899e-01  3.1372e-02  7.2202e-01
  1.3543e-01 -5.3224e-01 -6.3983e-02  6.7855e-01  2.9567e-01 -2.5282e-01
 -2.7775e-01  5.5552e-01 -2.9167e-01 -8.1890e-02 -8.3103e-02 -8.7230e-01
 -1.3462e-01  5.6604e-01 -5.8009e-01  2.0837e-01 -5.1822e-01 -1.9881e-01
 -1.2148e-01 -5.2825e-01 -2.0386e-01  3.8905e-01  3.9794e-01  3.1781e-01
 -3.1714e-01 -7.3615e-03  7.2034e-01 -3.7070e-02 -1.8246e-01  2.0254e-01
 -6.5748e-01 -1.7819e-01  6.4976e-02 -1.0530e+00  2.7685e-04  8.0519e-02
  8.4882e-01 -1.9059e-01 -2.2518e-01  5.0412e-02  6.3171e-02  9.1152e-01
 -1.8930e-01  3.7119e-01 -7.0928e-02  5.1621e-01 -7.6331e-01 -5.8563e-01
 -2.7354e-01  3.2121e-01  2.3467e-01  6.5479e-01  1.3493e-01  9.7939e-01
 -6.7993e-02 -4.1414e-01  2.8048e-01  1.4098e-01 -1.0768e-01 -5.6662e-01
  3.5814e-01  1.0749e-01 -8.4145e-01 -3.0105e-01 -6.1576e-01  1.0303e-01
 -7.9259e-01 -1.8476e-01 -6.0451e-03 -1.5448e-01  2.1053e-01  2.1885e-01
 -1.3391e-01 -1.7161e-01  1.1446e-01 -2.4562e-02  6.2343e-01  2.4587e-01
 -5.9826e-01 -1.8057e-02  2.1133e-01 -2.9599e-02 -4.5496e-01 -9.3282e-01
 -7.0624e-01  5.6357e-01  7.2745e-01  4.0870e-01]"
rhineland-palatinate,"[ 0.2324     0.19889    1.0107     0.28079    0.67563   -0.48457
 -1.1869    -0.22043    0.5314     1.5123     0.78159   -0.39596
  1.1032     0.98097    0.0070326  1.2912     1.8725     1.1323
 -1.6729     1.0974    -1.0633     1.2027     0.36897    0.037583
 -1.3216    -2.0325     0.45594    1.8206     0.77515   -0.88655
  0.45588    0.64831    0.56841   -1.0676    -0.75544   -0.86206
 -0.0087842 -2.2029    -0.28895    0.0040317  0.80833    0.17478
  0.34945    0.20502   -0.19253   -0.18647    1.3606     1.0221
 -0.24274   -0.25898   -0.40684    0.64247    0.56927   -1.616
 -1.3874    -0.14585    0.85951   -0.071739   0.30952   -0.32789
  0.55744   -0.19042    0.14777   -0.34483    1.8021     0.034227
 -0.7433     0.071243   0.18719   -0.47228   -0.27847    0.316
  0.95708    0.30084   -0.36962    0.37169    0.11533    0.66929
  0.087073   0.84019   -0.13047   -0.21889   -1.2806    -0.2791
  1.3444     0.14141   -2.0607    -0.73684   -0.84776    0.4198
  0.65625   -0.29665    0.17583    1.2759     0.57987    0.812
  0.90362   -0.50867   -0.040093   0.0088614]"
vikram,"[-0.051059  0.02118   0.42429   0.24504  -0.093235 -0.60628  -0.86803
 -0.27792  -1.2495    0.22851   0.22403   0.30322  -0.28602   0.5697
  0.11404  -0.67654  -0.74067   0.42533  -0.33533   0.78182  -0.53002
 -0.43601   0.48701   1.3382    0.35741   0.050483  0.27559   0.66545
 -0.5293    0.60285  -0.08806   0.73181  -1.0172    0.017728 -1.0662
 -0.42528  -0.46419   0.55669   0.55946  -0.16295   0.23796   1.0249
  0.30143   0.27427  -0.36081   0.19247  -0.2803    0.75437   0.25646
  0.71992  -0.047786 -0.5005    0.18108   0.20815  -0.9892   -0.72817
 -0.71848  -0.041722 -0.80481   0.10196  -0.016361  0.45999  -0.2509
  0.56662   0.21457   0.1054    0.93938   0.33504   0.44838   0.2525
  0.13448  -0.40656  -0.52823  -0.53435  -0.53975   0.10626  -0.37984
  0.12308   0.61706   0.32875  -0.22808  -0.80629   0.38582   0.15956
 -0.16696   0.22367  -0.080078 -0.48355   0.29535   0.16262   0.57246
 -0.2526    0.39161  -0.8804    1.2005    0.30709   0.94495   0.50797
 -0.9228    0.23122 ]"
marveled,"[ 0.13371    0.25749    0.13855    0.0065256 -0.66858   -0.10252
 -0.27145    0.3891     0.024468  -0.092283  -0.38783    0.23098
  0.15721   -0.81167   -0.099824  -0.35726   -0.023997   0.38312
 -0.45971   -0.38276    0.004839   0.56832   -0.2489    -0.30521
  0.61542    0.035063  -0.054771   0.37349   -0.1025    -0.61824
 -0.1783    -0.047007   0.0015054  0.45781   -0.26367    0.1335
 -0.27682    0.54696    0.60466   -0.46339   -0.055562  -0.042552
 -0.10365    0.30151   -0.45037    0.26719    0.35002   -0.11337
  0.090245  -0.019253   0.35913   -0.23095    0.24098    0.23721
  0.11503    0.19894    0.057374   0.38734   -1.0966     0.4188
 -0.13564    0.45344    0.16198   -0.3549    -0.39741   -0.22542
  0.57142    0.14257    0.2304     0.41034    0.50753    0.20558
  0.23343   -0.30783   -0.1506     0.21338    0.14001   -0.23776
  0.28757   -0.22066    0.22747   -0.29608   -0.0040336 -0.36958
 -0.2298    -0.69503    0.16374   -0.27358   -1.1318    -0.37786
  0.528     -0.1488     0.21371    0.14063   -0.49767   -0.32894
 -0.24851   -0.2774    -0.21126    0.77036  ]"
olin,"[-4.4705e-02  2.7971e-01 -5.9461e-01 -9.8317e-01  7.6632e-03 -8.9090e-01
  5.2562e-01 -4.1870e-01 -2.1845e-01 -2.6774e-01  4.2074e-01 -8.2769e-02
 -5.6004e-01  1.9692e-01  4.9792e-02 -5.1936e-01  8.2352e-01  1.4220e-01
 -4.4374e-02  2.6919e-01 -9.2298e-01 -4.3248e-01  8.0114e-01  1.8749e-01
  3.6195e-01  2.0732e-02  2.8766e-02  9.6738e-02  1.1734e-01 -1.1725e-01
 -2.4768e-01  2.3443e-01  2.2524e-01  4.4978e-01 -5.9311e-02 -2.9322e-01
  2.1374e-03  7.8834e-01 -1.0080e-01  7.3012e-01 -7.4140e-02 -2.2147e-01
 -1.9254e-01  9.3300e-01 -4.5911e-01 -4.8660e-02  1.9240e-01  6.6729e-01
 -9.2755e-01  4.9083e-01 -2.3650e-01  1.1743e-01  8.0556e-01 -5.4498e-01
  4.1634e-02 -4.2947e-01  6.8810e-01 -3.8478e-01 -2.7855e-01 -2.9986e-01
  2.0951e-01 -2.0869e-01  2.9620e-01  2.3528e-01 -9.9381e-01 -1.9677e-01
  1.4408e+00  6.3306e-01 -1.8207e-01  4.9596e-02 -6.0490e-01 -2.3292e-01
  6.0460e-02  1.3203e-01 -5.1743e-01 -5.6352e-01  1.4383e-01  1.4321e-01
  1.1576e-01  4.8719e-01 -1.2792e-01 -4.5401e-01 -2.7418e-04  5.7218e-01
  1.8253e-01 -5.9864e-01 -3.4264e-02 -3.6969e-01 -4.9345e-01 -5.2597e-01
  3.4641e-01 -2.7009e-01  5.4219e-01  1.2095e-01 -2.3121e-01  3.9467e-01
  6.1608e-01 -2.0154e-01 -2.7497e-01  7.7831e-01]"
bane,"[-4.5998e-01 -4.9875e-01  6.9119e-02 -5.7349e-01  1.0241e-02  9.1849e-02
 -5.5818e-01 -6.3978e-01  8.6555e-01 -5.1312e-01  1.0615e-04  8.0140e-02
  4.5084e-01  3.8475e-01  2.6027e-01 -2.5156e-01  5.5062e-01  2.4245e-01
 -6.1690e-02  6.9119e-01 -6.3806e-02 -1.7971e-01 -7.9171e-02  2.6993e-01
  2.2885e-01  4.9744e-01 -6.2498e-03 -9.9402e-02 -2.8167e-01 -9.1878e-02
 -1.0071e-01 -4.7953e-01  1.7719e-01 -5.8536e-02 -5.6320e-02  5.6219e-01
 -3.9351e-01  3.2546e-01  3.8087e-01 -2.0989e-01 -2.1239e-01  1.3309e-01
  2.7300e-02  8.6064e-01  6.4180e-01  6.3806e-01  5.6786e-01  1.8164e-01
  4.7109e-01  4.0398e-01 -2.6707e-01 -4.3311e-01  2.4086e-01  6.3822e-01
 -1.1739e-01  2.6497e-01  6.7511e-01  1.6623e-01 -6.8057e-01 -1.2402e-01
  6.3005e-01 -1.6999e-01  1.9852e-01  6.2983e-01 -4.9182e-02  1.8421e-01
  2.2109e-01  1.3979e-01  2.5594e-01 -3.4739e-01  2.2378e-01  1.6918e-02
 -2.5538e-01  2.0727e-01  4.2896e-02 -3.3091e-01 -3.1494e-01 -7.4468e-01
 -4.5472e-01  4.1221e-01  3.5055e-02  9.6384e-02 -2.7889e-01 -2.5846e-01
 -8.7681e-01  1.3624e-01 -4.5274e-01 -1.6908e-01 -2.0519e-01 -8.8299e-03
  3.1252e-01  5.4094e-01  4.6623e-01  4.1392e-01  4.1035e-01 -5.9940e-01
 -1.3299e-01  3.3588e-01 -3.9537e-01  1.1689e-01]"
rosh,"[-0.12865   -0.67441   -0.74499    0.22819   -0.073166  -0.5738
 -0.11345    0.7652    -0.55204    0.31379   -0.86671   -0.37987
  0.1185     0.87629    1.2215    -0.92867    0.59856   -0.0024067
 -0.70417    1.0375    -0.1231    -0.043086  -0.80377    0.95212
  0.50261   -0.5109     0.02346   -0.33574   -0.035488  -0.072753
 -0.70423    0.013102   0.47329   -0.22132   -0.99259   -0.40433
 -0.10415   -0.77305    1.0444    -1.1457    -0.12905    0.2448
  0.66764    0.59747    0.096624   0.2793     0.44641   -0.16114
 -0.076182   0.33697   -0.13152   -0.46582    0.43106    0.50764
 -2.1541     0.32298    0.67684    0.78841   -0.18003    0.47495
  0.30488    0.98993    0.7891    -0.48158   -0.37929    0.23818
  0.059625  -1.3597     0.92024   -0.88003    0.12677   -0.45128
  0.25665   -0.48913   -1.0228    -0.014994  -0.58055   -0.78755
  0.1087    -0.4518    -0.35972   -0.91625   -0.051547  -0.046557
 -0.15662    0.027019  -0.24856    0.27364    0.69108   -0.1125
 -0.072808   0.80776    0.057603   0.278     -0.56757   -0.084907
  1.0388     0.63152   -0.26294    1.1239   ]"
radiator,"[-0.34043    0.037539  -0.071603  -0.81426   -0.31261    0.016178
  0.05639    0.34902    0.40686    0.58841    0.052517  -0.21834
 -0.30877   -0.17317   -0.45518   -0.4522    -0.59359   -0.17015
  0.77313   -1.0507    -0.61403   -0.26765   -0.71989   -0.44385
  1.1136     0.079655  -0.65434   -0.13814   -0.020638  -0.20696
  0.40709    0.13721    0.41399    0.68115   -0.24385    0.72157
  0.28977    0.049905   0.42068    0.0097943  0.37434   -0.47992
 -0.15504    0.057157   0.21935    0.6344    -0.12378    0.37332
  0.14522   -0.45996   -0.33584    0.044945   0.08747    0.29455
  0.14081   -0.18336    0.49695   -0.14893    0.11323    0.35979
  0.38996    0.19635   -0.084274   1.7957     0.84578    0.0047154
  0.42336   -0.57359   -0.42028   -0.22342   -0.14706    0.082701
  0.59352   -0.024411  -0.19005   -0.25897    1.2989     0.11288
  0.70119   -0.20498   -0.4004    -0.11807   -0.16363    0.75206
  0.63594    0.12072    0.97398    0.081263   0.27517   -0.17995
  0.13428   -0.15536   -0.12277    0.27653    0.61449    0.3321
 -0.37551   -0.13104    0.97505   -0.033998 ]"
roadster,"[-0.041392   1.0059     0.218     -0.11874   -0.23104   -0.32494
  0.78899    0.46513    0.02066    0.51374    0.94989    0.17302
 -0.0023728  0.0051964  0.55282    0.078889  -0.098273   0.89317
  0.8936    -0.066695   0.49607   -0.50947    0.12819    0.36805
  0.95045    0.16418    0.24875   -0.31786   -0.29349   -0.15135
  0.13913    0.36271   -0.70367   -0.11982    0.62641    0.91272
  0.26896   -0.17491    0.092313  -0.14667    0.92877    0.19257
  0.013963   0.1133    -0.96008    0.55019    1.0366    -0.1747
  0.76507   -0.34322   -1.2011    -0.1969     0.19414    0.094833
  0.15704   -0.23033   -0.014231   1.019      0.4228    -0.9598
  0.45954    0.12143   -0.39367    0.26182    0.17948   -0.50075
 -0.20041   -0.084114   0.043756   0.35442    0.75187   -0.37643
  0.21151   -0.32434   -0.0065448  0.32956    1.5916    -0.061213
 -0.56393   -0.41326   -0.94815   -0.2639     0.90594   -0.6434
  0.96303    0.16233   -0.23962   -0.66104   -0.1112    -0.39181
  0.43826    0.20357   -0.33982    0.44574    0.54884   -0.20026
 -0.6892     0.084846   1.1608     0.018077 ]"
20.2,"[ 0.95293    0.8466     0.59688   -0.76244   -0.09674    0.40043
 -0.096753  -0.15762   -0.057379   0.67489    0.73672    0.40491
 -0.53082   -0.51215    1.6604    -0.48114   -0.40353    0.11491
 -0.60612    0.16725   -0.09448    0.68286    0.23722    0.74803
 -0.081554  -0.50162    0.43078    0.70448   -0.069791  -1.3987
  0.51659   -0.099441   0.33315   -0.51604   -0.099646   0.85058
  1.1265     0.30158   -0.325      0.11929    0.067028   0.66567
 -0.035817   0.54488    0.19285    0.13182   -0.14123   -0.78967
 -0.25139   -0.99216   -0.23045   -0.54552    0.22722    0.047704
 -0.5991     0.68801   -0.4535    -0.63226   -0.1872    -0.080564
  0.28559   -0.47773   -0.65373    0.56433   -0.88805    0.47235
  0.15054   -0.77721    0.3584     0.58798   -0.55742    0.11142
  0.049071   0.068523  -0.44302    0.35709   -0.82214    0.16343
 -0.0081118 -0.51006   -0.068436   0.59637    0.21634    1.3255
  0.24932    0.18033    0.31233   -0.27514    0.60275   -0.05672
  0.21723    0.067003  -0.71426   -0.90392    0.025899  -0.39346
 -0.26241   -0.30511    0.32203   -0.52285  ]"
toyoda,"[ 0.15547  -0.37491   0.81257   0.28186  -0.29466  -0.39436   0.4003
  0.35366  -0.18392  -0.76585  -0.14211   0.15975   0.94066  -0.65742
 -0.36263   0.24925   0.98532   0.45099  -0.46524  -0.37259  -0.058269
  0.32319  -0.50502   0.61927  -0.29461   0.25048  -1.2518    1.3541
  0.38011   1.0042    0.42424   0.90001  -0.81442  -0.39507  -1.0177
  0.69224   0.62056  -0.66394   0.15861   0.47829   0.02583  -0.25467
  0.64518  -0.074941 -0.72215   0.32398   1.2692   -0.21656   0.10974
 -0.19233  -0.22145  -0.9163   -0.51284  -0.25117   0.05096   0.56994
 -0.50661   0.030523 -0.6824   -0.12421   0.60033  -0.33266   0.31448
  0.78372  -0.56647  -0.038559  0.20906   0.37025   0.027244 -0.26652
  0.23959   0.42412   0.1101   -0.6118    0.58792   0.82082  -0.22307
 -0.69731  -0.55498  -0.74036   0.58274  -0.87851   0.25598   0.26139
 -0.63389  -0.34898  -0.32217  -0.065995  0.29109  -0.74857   0.83067
 -0.030497  0.68848   0.22011   0.67426  -0.27796   0.27949  -0.34
  0.69406  -0.18852 ]"
cosmology,"[ 0.2434     0.6723     0.40711    0.12809    0.2604     0.17703
  0.47548   -0.19955   -0.21097    0.90223    0.10521   -0.43569
 -0.048515   0.82104   -0.0022403 -0.37492   -0.62866    1.1736
  0.60571   -0.36673   -0.18414   -0.94155   -0.26021    0.61071
  0.21893    0.015611   0.0019681 -0.024478  -0.62227    0.31326
 -0.95484   -1.1796    -0.70074    0.39219   -0.40318   -0.27309
 -0.24928    1.0555    -0.14673   -0.86167   -0.7087     0.68997
 -0.16004    0.26813   -1.3495    -0.094553   0.98552    1.0699
 -0.064174   0.27741    0.55347    0.18013    0.96477    0.45721
  0.069354  -0.079519   0.4995     0.23628   -0.081888   0.46022
 -0.3028    -0.11671   -0.35754    0.47251    1.2257     0.57312
 -0.28647   -0.1562     0.51656    0.37987    0.32267    0.05891
  0.77137   -0.06876   -1.6096    -0.25653    0.64755   -0.16732
 -0.057241   0.11079   -0.36291    0.51888    0.036049  -0.53126
  0.043035   0.97913   -0.25355   -0.60475   -0.18311   -0.34412
  0.5689     0.15277    0.14154   -0.25974    0.78438   -0.34002
 -0.77111   -0.59296    0.15348    0.26593  ]"
weathering,"[-6.6842e-01  1.9281e-01  2.7543e-02 -1.2110e-03 -6.1103e-01 -8.8541e-01
 -6.4966e-01 -1.2483e-01  1.1870e-03 -2.9745e-02  5.5654e-01 -5.9772e-01
  2.8347e-02 -3.8307e-01  7.0278e-01  8.2590e-02 -2.9781e-01 -1.5994e-01
  7.3336e-01 -2.7859e-01 -3.5529e-01  1.1388e-01 -4.1149e-02  7.1811e-01
 -1.9515e-01  3.0754e-01 -3.0595e-03  2.0588e-02 -3.2024e-02 -3.5542e-01
  2.8004e-01 -1.0244e-01 -6.5263e-01 -5.9603e-02  2.1843e-01 -6.6918e-01
  1.6861e-01 -9.4987e-01 -1.7518e-01 -9.0747e-02 -8.6675e-01 -1.2325e-01
 -1.2851e-01  4.0875e-01  1.2830e-01  1.0458e+00  5.4772e-01  4.5804e-01
  1.8068e-01 -4.8545e-01  6.4751e-02 -4.3475e-01  3.5080e-01  3.8637e-01
  5.8516e-01 -4.6213e-01  1.6509e-01 -4.8238e-01 -3.3952e-01  3.9434e-01
 -1.8258e-01  7.8628e-01 -3.5832e-01  1.2210e-01  6.2244e-01  2.3647e-01
  3.9239e-01 -7.1275e-01  2.0369e-01 -1.3838e+00 -5.4869e-01  6.8038e-01
 -2.1224e-01  5.3582e-01 -1.7149e-01 -5.5969e-01 -3.4491e-02 -2.3963e-01
 -6.0184e-02  3.3160e-01  6.0088e-01  1.5852e-01 -5.8026e-01  1.5203e+00
  4.4102e-01  8.5236e-02  2.9051e-01 -2.7971e-01 -5.4419e-01 -9.4538e-01
  2.4860e-01  1.2595e-01 -7.1842e-01  4.9288e-01  1.0053e+00 -3.1050e-01
 -2.1855e-02 -5.8946e-01  4.2117e-01 -2.7156e-03]"
coyle,"[-0.14174   -0.35287   -0.48661   -1.0779    -0.77267    0.13138
 -0.097376   0.23502    0.45886   -0.040524   0.42482   -0.65579
 -0.54163    0.083879   0.26354    0.051937   0.57634   -0.0083164
 -0.088537   0.3089    -0.018117  -0.48839   -0.43257    0.16234
  0.22603    0.34324    0.31476   -0.31587   -0.027267   0.27305
 -0.1982     0.15338   -0.14261   -0.13732    0.070278   0.69649
 -0.073697   0.59884   -0.080437   0.14934   -0.39731    0.24616
 -0.48285    0.32801    0.020947   0.44909   -0.11593   -0.22376
  0.20077    0.08082    0.41747   -0.70184   -0.31825    0.19876
  0.011914  -0.24784   -0.18552   -0.39069   -1.1133    -0.22615
  0.66092   -0.069036   0.26545   -0.41914   -0.44075   -0.3866
  0.26358    0.82603   -0.34858   -0.21462    0.26126    0.14768
  0.36405   -0.52241    0.2311    -0.52396   -0.18292   -0.061126
 -0.30203    0.14353   -0.1016     0.29256   -0.38935   -0.12023
  0.042123  -0.36228   -0.048975  -0.4411    -0.46599   -0.66252
 -0.30563   -0.031063  -0.28075    0.61959    0.3843    -0.16321
  0.31233    0.63492    0.12432    0.24866  ]"
undisturbed,"[-0.85808    0.45915    0.075553   0.55156   -0.0065016  0.86812
 -0.031688   0.25236   -0.015814  -0.58342    0.26423    0.89901
  0.54825   -0.75692    0.16683   -0.34337    0.30245    0.50989
  0.11543   -0.19928   -0.040217   0.56943    0.46907    0.043373
  0.16      -0.042575  -0.21773    0.055453  -0.41276    0.069877
 -0.3887    -0.85305   -0.14991    0.21691   -0.28366    0.26499
  0.051613   0.040251  -0.18433   -0.67577   -0.19257   -0.15774
  0.089112   0.35366    0.37457   -0.46372    0.60002    0.55524
 -0.058522   0.23244    0.28557   -0.34715    0.17978    0.07817
  0.27723   -0.041466  -0.13386   -0.83954    0.56145   -0.01442
 -0.21896    0.24481    0.078577  -0.41565    0.86812   -0.18737
  1.1758    -0.76799    0.10617   -0.54615    0.10856    0.030381
  1.2936    -0.13478    0.082882  -0.69556   -0.81543   -0.61766
  0.45097    0.074327   0.028363   0.44673    0.014268   0.92216
  0.61177   -0.019039   0.77703    0.58064   -0.7034     0.5536
 -0.17176   -0.38534    0.2374     0.45512   -0.25955    0.069043
  0.10073    0.059569  -0.53734   -0.056457 ]"
merrick,"[ 1.1921e-01 -4.8239e-01 -2.4534e-01 -2.7061e-01 -2.0435e-01  9.2557e-02
 -7.4285e-02  1.3372e+00 -3.1242e-01 -6.7378e-01 -4.6335e-01  1.6750e-01
 -3.7149e-01  4.6676e-02  6.2706e-01  7.6803e-02  3.3178e-01  3.7465e-02
  3.2790e-01  1.4442e-04 -3.5846e-02 -3.4000e-02  5.4522e-01 -2.4802e-01
  8.3181e-01  4.6788e-01  7.1174e-01 -5.9166e-01  9.3990e-02  8.6602e-02
  3.1638e-01  2.9651e-01  1.6688e-01  6.6770e-01 -3.6748e-01  1.1188e-01
 -2.9869e-01 -2.0590e-01  6.2816e-01  1.0203e-01  3.2678e-02  4.4101e-01
 -2.5975e-01  2.9012e-01  5.0350e-02  9.7141e-02  3.9713e-02 -7.1531e-01
 -6.3075e-02  2.9940e-01 -3.9399e-01 -4.5939e-01  6.7437e-01 -3.6561e-01
 -1.3683e-01 -4.1358e-02 -3.4434e-01 -2.5328e-01 -6.4164e-01 -5.7018e-01
  3.2492e-01 -2.6199e-01  5.8198e-01  4.7809e-01 -1.8759e-01 -7.7368e-01
  4.7096e-01  4.5341e-01 -2.2449e-01  2.3893e-02  3.3361e-01  2.5623e-01
 -6.7747e-01 -3.1679e-01  5.7221e-01 -4.7759e-01 -2.8968e-01  5.2235e-01
  2.7021e-01  2.2721e-01  4.6273e-01  2.3035e-01 -2.0202e-01  4.0150e-02
  2.3521e-02  2.9220e-01 -8.0612e-01 -4.2749e-01 -5.9546e-01  3.9862e-01
 -8.1572e-01 -6.2720e-01 -2.8573e-01  1.7441e-01 -1.8154e-01 -1.1662e-01
  6.6070e-02 -7.0227e-01 -3.2692e-01  3.4447e-01]"
rigor,"[ 0.043034 -0.16932   0.25538   0.52519  -0.68045   0.067141 -0.19567
  0.27588  -0.47249   1.5449    0.061839  0.2832    0.50964  -0.48066
 -0.43001   0.30175  -0.36201   1.2476   -0.22935   0.092063 -0.65969
 -0.41725  -0.11242   0.1722    0.035866  0.49377  -0.17514  -1.098
 -0.65896  -0.39738  -0.049087 -0.63454  -1.1202    0.43975  -0.4179
  0.3034    0.27072  -0.018317 -0.11434  -0.026176 -0.26878  -0.55788
 -0.18905   0.29033  -0.16893  -0.64      0.82446  -0.2397   -0.12589
  0.50707  -0.078507  0.054413 -0.58631   0.59948  -0.074273 -0.29295
  0.7639   -0.44332  -0.47634  -0.32458   0.43021   0.06711  -0.95557
  0.76955  -0.34911  -0.45856  -0.068776 -0.3069    0.65568  -0.40471
  0.43019   0.19084   0.22473   0.08594  -0.69392   0.54365  -0.35744
 -0.53839  -0.083505 -0.58335  -0.043659  0.25208  -0.45443  -0.11626
 -0.42401   0.69618  -0.52994   0.096673 -0.28551  -0.091406 -0.19437
  0.096343 -0.35335   0.40799   0.75355  -0.088367 -0.079356 -1.1031
 -0.016045  1.4653  ]"
blanton,"[ 0.15678    0.13659   -0.39931   -1.0698     0.17829    0.36895
  0.49837   -0.32264   -0.21958   -0.66466    0.32536    0.52798
 -0.33827    0.88148   -0.3489     0.18866    0.54122    0.011538
 -0.39502   -0.35956    0.0075528 -0.13541    0.46032    0.25566
  0.1189    -0.16621    0.87638   -0.035655  -0.069163  -0.087294
 -0.26912    0.81038    0.51262    0.96057   -0.16192    0.0044029
  0.014834  -0.15154    1.1398    -0.065123   0.070032  -0.35876
 -0.010955   0.43098   -0.1776     0.27928    0.54171   -1.2753
  0.019502  -0.51859    0.10633   -1.0269    -0.37501   -0.20452
  0.27861    0.62062    0.30661   -0.12563   -0.44424    0.40271
 -0.38334    0.45781    0.019932  -0.0017778 -0.75747   -0.91797
  1.2315     0.85809   -1.0429    -0.059657  -0.11938    0.11349
  0.14659    0.054731   0.65665    0.24389    0.43301   -0.50448
 -0.83537    0.58309    0.14858    0.72941   -0.31286   -0.17125
  0.4147     0.79595    0.78564   -0.19567   -0.16413    0.11146
  0.069865   0.08112   -0.22965    0.47922    1.0034    -0.62663
  0.50681   -0.30959   -0.13007    0.091579 ]"
sanger,"[ 0.11587  -0.68691  -0.51007  -0.31926  -0.042838 -0.33896   0.049528
 -0.056002  0.076198  0.013183  0.19241   0.42904  -0.39522   0.21497
  0.16046  -0.029125  0.069431 -0.21303  -0.79744  -0.3196   -0.40829
  0.39257   0.67287   0.55035   0.095299  0.44422   0.66914  -0.01664
 -0.080188  0.24713   0.87903   0.93059   0.49082  -0.1093    0.11362
 -0.56319  -0.1583   -0.034104 -0.16017  -0.43456  -0.23436   0.73847
 -1.3094    0.35957  -0.52179   0.082739  0.51059  -0.61382  -0.30431
  0.04929   0.85348  -0.29754   0.15608  -0.40957  -0.83391  -0.46817
 -0.24067  -0.11845  -0.86139  -0.46346   0.72925  -0.3517    1.2662
  0.60012   0.17175   0.2672   -0.16403   0.60761   0.13359   0.12661
 -0.65634   0.82641  -0.20285  -0.33066  -0.22173  -0.44497  -0.19566
 -0.043932 -0.58072  -0.25828  -0.13113   1.213     0.56518   0.20853
 -0.068264  0.51271   0.46586  -0.33476  -0.055397 -0.10446   0.26012
 -0.71615   0.36008   0.07968   0.35982   0.22648   0.39919  -0.27014
 -0.23829   0.95608 ]"
sills,"[-0.004253  -0.082903   0.025037   0.21201   -0.24539    0.39163
 -0.66903    0.45795    0.72817   -0.052724  -0.084125  -0.90751
 -0.17982    0.82867    0.50282   -0.58482   -0.23351    0.49499
 -0.043583   0.055096  -0.3532    -0.27242   -0.83043    0.31424
  0.53314    0.041393  -0.0067531 -0.35459   -0.57262    0.060412
  0.7774    -0.58634    0.46813    0.73529    0.36242    0.33602
  0.99737    0.21989    0.33425   -0.053781  -0.040886   0.29525
 -0.54693    0.6229     0.47297    1.1751    -0.58586   -0.84154
  0.089174  -0.32484    0.018054  -0.5763    -0.50157   -0.26854
 -0.07652   -0.40157   -0.32722   -0.078455  -0.4423     0.4166
  0.083939   0.39135    0.21305    0.48489   -0.4083    -0.67733
  0.56057    0.60904   -0.59886   -0.3498     0.66554   -0.075318
  0.28752   -0.62946    0.082764  -1.0919    -0.35371    0.21075
 -0.073542  -0.24309   -0.33146   -0.10638    0.52044   -0.31353
  0.37918   -0.0058455 -0.17448   -0.13456   -0.63656   -0.030583
  0.15368   -0.35526    0.074777   0.54982    0.36016    0.24474
 -0.76007    0.18039   -0.29945    0.7124   ]"
364,"[ 0.28344    0.79465    0.52072    0.088023  -0.084415   0.73506
  0.47143    0.12297   -0.17583   -0.23838    0.80423    0.17286
  0.22874   -0.11951    0.6136    -0.051193  -0.047715   0.14014
 -0.27252    0.57354    0.73081    0.020906   0.22776    0.42476
 -0.078559  -0.48972    0.82968    0.68565   -0.37633   -0.44689
 -0.06751   -0.12922   -0.19645   -0.14787   -0.73388    0.53942
 -0.29565   -0.065254  -0.21849    0.4754     0.015352  -0.3152
  0.12797    0.18841    0.025067   0.033644   0.15803   -0.5509
 -0.28708    0.67956   -0.53561   -0.41148    0.53167    0.50323
 -0.89484    0.24777    0.80526   -0.38527   -0.27517   -0.03682
 -0.3747    -0.23596    0.069061   0.5646    -0.74029    0.21916
  0.28159   -0.23638    0.11674   -0.27922   -0.27702   -0.30885
 -0.19921    0.19122    0.046504   0.21579   -0.44705    0.59121
 -0.43635   -0.048669   0.27491    0.12745    0.25676    0.30931
  0.14801    0.0047286  0.38406   -0.66562   -0.11614    0.54055
 -0.052575   0.81566   -0.31536   -0.40899   -0.34247    0.13618
  0.37145    0.14135   -0.25387   -0.2241   ]"
biplane,"[-0.056689   0.98296   -0.32941    0.45072   -0.67016   -0.2874
  1.4365    -0.43426   -0.59122    0.58417    0.21863   -0.17676
  0.71805    0.11702    1.0333     0.39443   -0.64435    0.39555
  0.78171   -0.96206    0.22525   -0.076165   0.59961   -1.1259
  0.96022   -0.22365   -0.49455    0.42173   -0.19834    0.49353
 -0.50646    0.11146   -0.21492    0.30957    0.48587    1.1667
  0.0098948 -0.20016    1.0751     0.39106    0.38999   -0.13332
  0.03915    0.44088    0.36135   -0.975      1.0664    -0.39208
  0.33341    0.15647   -1.6699     0.37666   -0.0045212  0.30812
  0.65687   -0.28895   -0.076525   0.54493    0.94485   -0.16982
  0.65071   -0.21996    0.70924    1.1334    -0.082865  -0.27888
 -0.53698    0.17858   -0.99029    0.54278   -0.25379   -0.58589
 -0.010183   0.10728   -0.021529  -0.069814   0.20013    0.40521
 -0.87056    0.21854   -1.1215    -0.45363    0.29968    1.1312
  0.62754    0.10328    0.12721   -0.33662   -0.30695    0.091099
 -0.71918   -0.61271    0.48841    0.28798    1.029     -0.47606
 -0.72897   -0.40117    0.025459  -0.84531  ]"
deccan,"[-1.5524   -0.23251   1.1967   -0.53757   0.38909   0.069708 -0.010008
 -0.035614 -1.6492    0.75701   0.36129  -0.026634 -0.30268   0.26885
 -0.21691  -1.2518   -0.15547   0.29406   0.20503  -0.41569   0.016618
 -0.54205  -0.2232    0.46941   0.06494   0.46297   0.38513   0.86206
 -0.4482   -0.9385   -0.6402   -0.027391 -0.29875  -0.49583  -0.7598
 -0.093431 -0.97173  -0.2503    0.14517  -0.66811  -0.64212   1.0162
 -0.67045  -0.84641   0.61961  -0.15927   1.006     0.45439   0.59071
  0.72453  -0.80814   0.98107   0.24594  -0.29928  -0.79971  -0.17498
  0.10439   0.030287  0.13587   0.25158   0.43345  -0.4451   -0.57462
  0.14792   0.66021   0.54276  -0.29099  -0.2011    0.16751   0.69555
 -0.39746  -0.59343   0.66209  -0.59316  -1.0831   -0.70568   0.16719
 -0.15218  -1.0108    0.88191   0.36802  -0.15163  -0.052599  0.22213
  0.44812  -0.21542  -0.74683  -0.30662  -0.19316   0.96017  -0.23986
 -0.40802  -0.23632  -0.81767  -0.4961    0.20694   0.061589  0.41405
 -0.063791 -0.3249  ]"
351,"[ 0.34154    0.61019    0.6129     0.17664    0.0073795  0.73883
  0.06429    0.18978   -0.11402   -0.081805   0.60392   -0.095453
 -0.17515   -0.17744    0.46002   -0.26481   -0.2211     0.15403
 -0.18738    0.69341    0.7659     0.14231    0.23682    0.69039
  0.0079542 -0.73385    0.6533     0.611     -0.30967   -0.18029
  0.23904    0.17437   -0.17831    0.32085   -0.65244    0.64362
 -0.37442   -0.42763   -0.039872   0.59491    0.19724   -0.43813
 -0.041576  -0.20348    0.2174     0.30984    0.041067  -0.17978
 -0.63826    0.96149   -0.59298   -0.047421   0.31748    0.22241
 -0.94989    0.28292    0.3568    -0.15219   -0.56882   -0.16788
 -0.40458   -0.475     -0.0047779  0.50124   -0.91856    0.1443
  0.27717   -0.27855    0.39145   -0.27657   -0.18728   -0.43417
 -0.17513    0.013593   0.052358   0.52024   -0.13017    0.55232
 -0.5123    -0.20053   -0.073542   0.089455   0.18793    0.27586
 -0.14109    0.10344    0.70894   -0.91085   -0.0026404  0.20639
  0.057207   0.49523   -0.39888    0.027179  -0.61498    0.35923
 -0.024136   0.2223     0.18967   -0.44289  ]"
28.6,"[ 1.3155e+00  1.1015e+00  8.3978e-01 -8.2040e-01  1.2574e-01  6.4597e-01
  2.9687e-02  5.1293e-03 -1.4171e-01  5.8671e-01  8.5375e-01  1.0199e+00
 -3.6385e-01 -3.7339e-01  1.7463e+00 -3.5891e-01 -6.3406e-01 -4.8838e-02
 -4.4645e-01  8.5203e-02 -5.2661e-01  7.1759e-01  7.3396e-01  7.6342e-01
 -3.3104e-01 -5.1154e-01  4.7015e-01  7.2257e-01 -4.6470e-01 -1.2329e+00
  8.3644e-01 -2.2091e-01  5.2002e-01 -4.9090e-01 -3.5624e-01  7.5735e-01
  1.4238e+00  3.2539e-01 -4.7743e-01  4.1653e-01 -1.1063e-03  5.1472e-01
 -3.8253e-01  7.7176e-01  2.7818e-01 -7.2087e-02 -4.3510e-01 -7.7795e-01
 -4.7700e-01 -1.0432e+00 -6.3142e-01 -4.2284e-01  8.0332e-02  1.0668e-01
 -2.6119e-01  4.4078e-01 -3.9223e-01 -8.0537e-01 -2.2183e-01 -2.2632e-01
  2.9050e-01 -5.4026e-01 -8.3092e-01  9.8867e-01 -8.6274e-01  2.7127e-01
 -1.8354e-01 -9.3569e-01 -3.2108e-02  5.6185e-01 -1.9900e-01 -2.6251e-01
  2.7754e-01  2.7293e-01 -5.5418e-01  6.4794e-01 -4.8721e-01 -1.8021e-02
 -2.9953e-01 -5.1779e-01  8.8144e-02  9.3970e-02  3.6210e-01  1.5496e+00
  1.5009e-01  7.1848e-02  2.3448e-01 -2.2326e-01  6.3443e-01 -1.5692e-01
  2.2361e-01 -1.1359e-01 -6.2575e-01 -9.4360e-01 -1.5464e-02 -5.8867e-01
 -4.3311e-01 -4.9888e-01 -6.0979e-02 -2.9697e-01]"
ahly,"[ 0.48657   -0.36366   -0.31175   -0.49695   -0.58763    0.83287
  0.97532   -0.036263  -0.46028   -0.3033     0.60577   -0.89216
 -0.042486   0.5077    -0.68812   -0.27136    0.29855   -0.70013
  0.46139    0.2942    -0.30176   -0.44452   -0.35448    0.14735
  0.83446    0.18181    0.69878   -0.12436    0.0065092 -1.4051
 -0.12693   -0.21469   -0.43996    0.48662   -0.44562   -0.18539
 -0.51889    1.614     -0.69657    0.86629   -0.094802  -0.69205
  0.347     -0.24914    1.121     -0.17836    0.4935     1.1428
  0.20572    0.39995   -0.72609    1.1911     0.40703    0.50901
 -0.47826    0.041374  -0.90085    0.094001  -0.91497   -0.16463
 -0.57924   -0.85511   -0.2364    -1.1834    -0.19574    0.52808
 -0.10818    0.55819   -0.81794   -0.82883    0.22645   -0.081177
  0.04814   -0.89724   -0.10321   -0.96875   -0.5719    -0.84776
 -0.4149    -0.15084    0.32756   -0.44705   -1.0604    -0.068397
  0.1967     0.68075   -0.66891    0.69343   -0.23049   -0.37908
 -0.87366    1.1033     0.027787  -0.50914   -0.047985  -0.12583
 -0.30086   -0.23246    0.48145   -0.37543  ]"
kwok,"[ 0.18459   -0.41465   -0.53878   -1.1548     0.41756    0.18743
 -0.46621   -0.62737    0.54625    0.0036285 -0.39782    0.93118
  0.44137   -0.12287    1.0094    -0.12555   -0.38071   -0.20785
  0.84377   -0.065143   0.43157   -0.55607    0.034784  -0.71263
  0.66649    0.33879    0.6455     0.052486  -0.5258     0.42539
 -0.78603    0.51937   -0.056318   0.62025   -0.5637     0.099432
  0.46984    1.1716    -0.77461   -0.13656   -0.30215   -0.69255
 -0.30975    0.01128    0.3309    -0.28962   -0.38753    0.32655
  0.12368    0.012616  -0.67849   -1.3597     0.66308    0.080606
 -0.21824    0.57177    0.14298    0.40488   -0.36       0.33745
 -0.24199   -0.55671   -0.12965    0.70266   -0.40155    0.29529
  0.30144    1.1929    -0.51522    0.53453    0.10671    0.59683
 -0.61059   -1.1978     0.063953  -0.98613   -0.45363   -0.41695
  0.11597   -0.4845     0.36195   -0.15641    0.2145     0.087662
 -0.83849   -0.2058    -0.37628   -0.029339   0.49397    0.084077
  0.59222   -0.71146    0.7745     0.10263    0.75094   -0.36409
  0.42118   -0.94755   -0.4597    -0.93615  ]"
boerse,"[ 1.2636   -0.17667  -0.38783   0.13262   0.17287  -0.92857  -0.21754
 -0.10336   0.29149   0.31308   0.021034  1.1309   -0.17544   0.40363
 -0.16318  -0.33108  -1.0278   -0.96748   0.68812  -0.54868   0.02755
  0.11165  -0.57281   0.095167  0.1126   -1.508     0.11939   0.97765
 -0.11684  -0.54783  -0.46587   0.86365  -1.1678   -0.60829   0.58103
  0.16589   1.346    -0.31354  -0.081721 -0.82187   0.3087   -0.13768
 -0.40023   0.61916  -0.98815   1.2587    0.044679 -0.39181   0.41773
  0.95616   0.031209  0.50232   0.70209   0.56169  -0.88745  -0.29632
  0.56466   0.89487   0.22758  -0.32972   0.40635  -0.50596  -0.55094
  0.68096  -0.27057  -0.21004   0.3299    1.0913    0.3086    0.094503
 -0.69989  -1.1507   -0.58926   0.048515 -0.55971  -1.0832    0.067958
 -0.56527  -0.51233  -0.10248   0.46827  -1.1537   -0.38744   0.34036
 -0.21153  -1.1499   -0.014712  0.73535  -0.076966  0.57225   0.1693
  0.8094   -0.091176  0.49112   1.139     0.39778   0.63092   0.58698
 -0.61616   1.0746  ]"
sterilization,"[ 3.7690e-01  2.7856e-01 -6.4750e-01 -2.4554e-01 -7.8819e-01  5.4925e-01
  2.6729e-01  6.6498e-01 -1.2847e-01  3.0380e-01 -4.4762e-01  4.5520e-01
 -3.6047e-01  2.4392e-01  3.9868e-01 -2.3697e-01  4.1777e-01  5.2619e-01
  5.6829e-02 -2.8537e-01  3.0153e-02 -1.3961e-01  8.5141e-02  1.1398e+00
 -4.0409e-01  2.9328e-01 -1.6831e-02 -3.5409e-01 -4.0095e-01  1.5858e-03
 -4.0977e-01  2.4483e-01 -1.8241e-02  4.0749e-01 -3.2610e-01 -3.1236e-01
 -2.9807e-02 -2.3838e-01 -3.8210e-01 -7.7260e-01 -3.6502e-01 -1.2054e-01
 -4.1865e-01 -6.5820e-03 -6.0168e-01  2.5826e-02  3.4871e-01  1.5409e-01
 -1.4338e-01 -4.0697e-01  1.9326e-01  5.0760e-01 -5.5482e-01  5.9100e-01
  8.7685e-02  8.0745e-01  9.1800e-01 -4.2734e-01  4.7659e-01  1.8597e-01
  5.0751e-01 -8.5701e-01  1.1322e+00  5.4898e-01  1.0425e+00  4.0869e-01
 -7.7246e-02 -4.4763e-01  3.3995e-01 -4.2631e-01 -7.4647e-01 -7.0018e-01
  2.8026e-01  1.7081e+00  1.5658e-01  2.4556e-01 -5.7269e-02  5.7279e-02
  1.2659e-01 -5.2603e-01  1.9925e-01 -2.7447e-01  8.0431e-01  7.9253e-01
 -1.2595e+00  2.9900e-01  1.0852e+00  4.5899e-01 -1.3816e-01 -6.1552e-02
  7.4409e-01 -4.6996e-01  1.0373e-01  9.0878e-01  4.5499e-01 -8.7076e-01
 -4.2412e-01 -9.8832e-02 -2.0681e-01 -1.8058e-01]"
mcclintock,"[-0.56476    0.037092  -0.59347   -0.88998   -0.42533    0.13796
  0.071385   0.25733   -0.083535   0.12423   -0.30139    0.50912
 -1.2936     0.51574   -0.11987   -0.67985    0.11213    0.85239
  0.34153   -0.11346   -0.18179    0.023438  -0.30691    0.63314
 -0.41029    0.0044349  0.051696  -0.28947   -0.22691   -0.5838
  0.07603   -0.14198    0.45481    0.43182    0.5955     0.29787
  0.88043    0.31828    0.44872    0.47211   -0.37872    0.22526
 -0.38531    0.45071   -0.90793   -0.093559   0.12942   -0.49907
 -0.28725    0.32232   -0.27792   -0.75072    0.25449   -0.36503
  0.18655   -0.67197    0.25022   -0.088513  -0.45182    0.24288
  0.4749    -0.29414    0.70542    0.51178    0.4005     0.42555
  0.48149    0.75871    0.53161    0.80361    0.14656    0.13469
 -0.16604    0.29973   -0.61218   -0.17937    0.040175   0.054469
 -0.80526    0.2384    -0.58108   -0.42374   -0.4146    -0.47069
  0.88947   -0.39106    0.32772    0.49226   -0.23951   -1.056
 -0.10318   -0.33706    0.015692   0.44179   -0.54301   -0.39254
 -0.12905    0.1266    -0.32793    0.16606  ]"
isps,"[ 1.4981e-01 -1.2320e-02 -2.3802e-01 -5.5445e-01 -5.3837e-01  2.9182e-01
 -1.4696e+00 -3.2266e-01  7.2420e-01 -6.0684e-01  5.0755e-01 -3.6309e-01
 -2.7555e-02  8.0777e-02 -6.5375e-01 -3.8446e-01  5.5719e-01  2.3638e-01
 -3.6975e-01  3.5575e-01 -3.9549e-01  8.4690e-02  6.1527e-01  1.7422e-01
  4.5340e-01 -4.9172e-02  5.4601e-01  4.0214e-01 -3.7763e-01 -1.7613e-01
  5.8810e-01  8.5005e-01  6.6031e-01 -1.2805e+00  1.3324e+00  3.8957e-01
 -2.8747e-01  1.5014e-01  1.1814e-01  3.4668e-01  3.8431e-01  6.7819e-01
 -1.1212e+00  1.7258e-01  4.7811e-04  1.0261e-01  2.9946e-01 -3.3301e-01
  4.1775e-01  6.3985e-01  4.0760e-01  6.5442e-01 -5.6174e-01 -2.3578e-01
 -4.6323e-01  3.5789e-01  1.8154e-01 -3.3573e-01  1.1212e+00  2.8063e-01
 -3.1794e-01 -6.3657e-01 -1.3246e-01  5.7395e-01  1.5358e-01  2.8066e-01
 -3.8079e-01 -3.7905e-01  1.0430e+00 -3.8195e-01  2.8464e-02 -5.7552e-01
 -7.0790e-02 -4.1674e-01 -2.4793e-01 -2.7829e-01  4.0999e-01 -3.9108e-01
  1.2628e-01 -6.2987e-01  4.1863e-01 -1.3486e+00 -2.1006e-01  2.5503e-01
 -9.8972e-01 -2.2352e-02  6.2493e-01  2.1458e-01 -4.1208e-01  3.9954e-01
 -2.5714e-01  3.7266e-01 -8.4324e-01 -9.7954e-01 -2.8787e-01  5.7529e-02
  2.3466e-01 -2.2463e-01  3.1088e-01  5.1861e-01]"
peptide,"[ 0.56467   0.58476  -0.58924   0.087778  0.34719  -0.054911 -0.46241
 -0.3937   -0.84168   0.3218    0.43549  -0.34435  -0.32263   0.25992
  0.90403   1.472     0.039637  0.32387   1.6546   -0.40145   0.16118
 -1.0978   -0.82169   0.30214  -0.99236   0.59249  -0.033368  0.30977
  0.57516   0.63485   0.32969   0.46777  -0.20064   0.25304   1.2216
 -0.039208  0.17629  -0.013186  0.4063   -0.16811   0.99256  -0.095577
  0.17356   0.23136   0.59461  -0.24594   0.61405   0.060417 -0.80757
  0.49889  -0.43937  -0.043102  0.59425  -0.20316  -0.10198   0.41539
 -0.97925  -0.38404   0.71628   1.4698    0.18635   0.6663    1.0512
 -0.74156   0.33765   0.41158   0.15665  -0.28459   0.44577  -0.59777
 -0.35493  -0.47167   0.39303  -0.59701  -0.25885  -0.16579  -0.17141
 -0.6123   -1.0184   -0.078346 -0.85056  -0.6504   -0.93668  -0.11203
  0.72659   1.023     0.42427   0.1245   -0.6768   -0.48355  -0.73603
 -0.28528  -1.1726   -0.08997   0.074991 -0.7848    0.44192  -1.3879
 -0.22325   0.27003 ]"
403,"[ 0.39218    0.52488    0.54434    0.35605   -0.45073    0.89502
  0.36521    0.4357    -0.28786   -0.15785    0.78866    0.40759
  0.027382  -0.051496   0.21827   -0.34677   -0.10463    0.39136
 -0.20674    0.26153    1.1547     0.2866     0.46213    0.8797
 -0.43335   -0.097704   0.57582    0.77173   -0.39146   -0.45353
 -0.21715    0.82557    0.1166    -0.27304   -0.34347    0.44106
  0.080995  -0.075193   0.099338   0.57401    0.36603   -0.028224
 -0.052199  -0.18084    0.12958   -0.024889  -0.23525   -0.19582
 -0.49031    0.43458    0.047398  -0.02957    0.55361    0.208
 -1.0734     0.13032    0.70904   -0.47991    0.27317   -0.37543
 -0.27552   -0.85193    0.70478    0.92459    0.025427   0.28749
  0.10129   -0.28128    0.26977   -0.3273    -0.13688   -0.3983
 -0.22976   -0.11001   -0.26555    0.52531    0.23022    0.59776
 -0.30397   -0.36409    0.0058595  0.29067    0.72961   -0.38893
  0.029613   0.60215    0.13002   -1.0423    -0.50138    0.49366
 -0.3801     0.82326   -0.17579   -0.024414  -0.59605    0.032295
  0.17741    0.12019   -0.24809   -0.0046777]"
tirade,"[ 0.74617   -0.0056506 -0.012046  -0.89446   -0.55053    1.1647
  0.43105    0.15273   -0.17157    0.64103   -0.40752   -0.43016
 -0.92758    0.060788   0.71078    0.83128   -0.43656   -0.27339
 -0.49091   -0.61981    0.50571    0.17486   -0.39753    0.50734
  1.0923     0.10055    0.069248   1.2233    -0.026821   0.29061
 -0.40335    0.44295    0.087819   0.15413   -0.5672     0.33961
 -0.21615   -0.38612   -0.25647    0.3222     0.071092   0.3001
 -0.19381   -0.16148    0.24797   -0.0036858  0.091364   0.065042
  0.50737   -0.21227    0.014641   0.030172   0.56973    0.44671
 -0.28884   -0.29263   -0.036585  -0.084309   0.2139    -0.24708
  0.44231   -0.3034     0.55899   -0.53388   -0.31914   -0.21446
  0.89505   -0.49807   -0.72564    0.10517    0.17397    0.086536
  0.13392   -0.41041   -1.0879     1.24       0.13834    0.64292
 -0.40049    0.77587    0.40379   -0.463     -0.17375    0.12074
 -0.28205   -0.39525   -0.17655    0.54087   -0.46073   -0.67309
 -0.053549   0.61801   -0.40634    0.58712    1.5199    -0.095495
 -0.35459    0.55765   -0.251      0.85913  ]"
"320,000","[ 0.49622   0.63712   0.13641   0.023588 -0.21991   0.021917  0.07474
  0.51143   0.47359  -0.15918   0.59926   0.085018  0.39105  -0.29621
  0.37336  -0.34275  -0.061933 -0.18656   0.70679   0.2607    0.92131
  0.07532   0.16764   0.51595   0.60018  -1.2391    0.077873  0.39366
 -0.074141 -0.58181   0.090255 -0.18708   0.17555  -0.10307  -0.49662
 -0.1249    0.34539   0.60899  -0.10574  -0.1749   -0.37621   0.20849
 -0.032742 -0.13144   0.35197   0.042285  0.57516  -0.78742  -0.29816
  0.24717  -0.024894 -0.80858   0.22447   0.14416  -0.3511    0.58008
  0.34625  -0.86982   0.13417  -0.50434   1.2829    0.56879   0.039296
 -0.055925 -0.13448  -0.28023  -0.025003  0.29471   0.8593   -0.61851
  0.38133   0.095171 -0.45942   0.4513    0.030646  0.24031   0.39459
  0.3479    0.11306   0.42232   0.64368   0.074534 -0.052393  0.64662
  0.35539  -0.19297   0.5087    0.49517  -0.026145 -0.05036   0.35484
  0.82861   0.25515  -0.94928  -0.33285  -0.20912   0.078613  0.63069
  0.42845  -0.20418 ]"
gigi,"[ 0.36654  -0.1527    0.16095   0.12981  -0.15597  -0.014655  0.20577
 -0.23761   0.38435  -0.10123   0.59144   0.16557   0.42265   0.45361
 -0.67665   0.34949   0.2273    1.0048    0.032363  1.073    -0.44273
  0.70903   0.091623  0.19809   0.091375  0.37763   0.64394  -0.61374
  0.45625   0.08287  -0.37389  -0.075804  0.090599  0.82965  -0.47228
  0.64865   0.23635   0.33083   0.092472 -0.1265    0.39824  -0.18033
 -0.080282  0.56792   0.26989  -0.23752  -0.36778  -0.096354  0.55475
  0.58803  -0.36756   0.12382   0.096633  0.269     0.25025  -0.17836
  0.43505   0.78237  -1.4053    0.27923  -0.27939  -0.56703   0.32392
  0.89771   0.015574  0.56259   0.2662    0.9619   -0.13676  -0.12982
 -0.20464  -0.025465 -0.54129  -0.38596   0.56573   0.72209  -0.30038
  0.056816 -0.19495  -0.19886   0.26932  -0.46476  -0.4405    0.52107
  0.54519  -0.17667  -0.18323   0.82585  -0.2342   -1.0428    0.069998
  0.4715   -0.41386   0.46115   0.13528   0.087748  0.27258  -0.37756
 -0.27185  -0.15966 ]"
cheetahs,"[ 0.084588  -0.21669    1.1959    -0.71198   -0.55117    0.49787
 -0.1514     0.58413   -1.1237    -1.1702     0.17475    0.22185
 -0.83803    0.66328   -0.053806   0.94786    0.020152   0.34402
 -0.26168   -0.66658    0.64097   -0.17568    0.1046     0.16151
 -0.27163   -0.19425   -0.26991   -0.1192    -0.36068    0.0014017
 -0.28743   -0.0091905 -0.71753   -0.21881   -0.016951  -0.66291
 -0.33644    0.8175    -0.70384   -0.23541    0.66854   -0.12847
 -0.2607    -0.46155    0.16359    0.51507    0.77157    0.29283
  0.60408    0.82043   -0.40956    0.33734   -1.1847     0.20842
 -0.20826    0.32072   -0.90745   -0.66082   -0.58099   -0.20468
 -0.62768   -0.71994   -0.72109   -0.20917    0.44312    0.57959
 -0.72947    0.33002   -0.092171   0.40623   -0.29873   -0.80019
  0.42206   -0.40479   -0.4384    -0.43993   -0.32198    0.28759
  0.50325   -0.11921    0.55558   -0.6798    -0.4043     0.22818
 -0.082353  -0.24579    0.14721    0.57228    0.23317    0.55948
  0.20911   -0.21751    0.26792   -0.35316   -0.69679   -0.51582
 -0.66189   -0.36775    0.10404   -0.54742  ]"
grantham,"[-4.1896e-01 -2.1617e-01 -2.4068e-01 -8.7921e-01  5.1093e-01  4.3732e-01
 -7.9662e-02 -2.0435e-01 -2.3139e-02 -1.1309e+00 -1.5722e-02 -2.3492e-02
 -7.9387e-01  4.4694e-01  3.1976e-01 -1.8423e-01  7.7378e-01 -9.3365e-01
  6.1263e-01 -6.5625e-02 -2.7896e-01 -2.2535e-01  7.9451e-01  6.9954e-02
 -2.5220e-01 -7.0553e-01 -4.8759e-02 -2.5483e-01 -3.4456e-01  5.8686e-01
 -3.1653e-01  4.5479e-01  1.4282e+00 -3.5415e-01 -1.6904e-01  1.3729e-01
  1.2349e-01  1.4340e-01  1.5825e-01  3.2415e-01 -4.5030e-01  1.5165e-03
 -6.9181e-01 -4.7392e-01 -2.6816e-01  7.9994e-01  7.2535e-01 -7.9338e-01
  9.5981e-02  9.6757e-02  1.6906e-01 -1.8359e-01 -1.3402e-01 -5.0067e-01
 -2.6409e-01  3.6382e-01  1.2865e-01 -6.3525e-01 -8.1917e-01 -4.7299e-01
  4.7720e-01 -4.2493e-02 -1.0025e+00 -2.9664e-01 -7.6865e-02 -1.1520e-01
  5.4753e-01 -3.4914e-01 -4.6997e-01  1.9257e-01  1.4736e-01  2.7236e-02
 -2.9441e-01 -1.7364e+00 -9.2058e-02 -1.0634e+00  7.3907e-01  4.1196e-01
 -2.7818e-01 -4.9095e-01 -3.9835e-02  2.2869e-01 -4.6514e-01  4.6580e-01
 -3.4335e-01  1.6565e-01  2.7096e-01 -6.9379e-01  3.6933e-01  4.6987e-01
  4.4205e-02  2.2075e-01  7.9877e-01  7.6269e-01  1.7847e-01  7.3449e-01
  6.9665e-01  8.2261e-01  3.5821e-01  5.8584e-01]"
pouch,"[-0.27285    0.06418    0.0033224 -0.86967   -0.19204    0.89723
 -0.19933    0.15309    0.93331   -0.38624   -0.32583   -0.23767
  0.084747   1.2019     0.25565    0.18201    0.1782    -0.55653
  0.4283    -1.3903    -0.51704    0.20856   -0.68517   -0.38965
  0.97197    0.46758    0.14893   -0.11706   -0.46814   -0.56535
  0.18875    0.039596   0.78539   -0.64374    0.13294    0.91408
 -0.34773    0.39107    0.35215    0.21182   -0.056994  -0.32177
  0.17278   -1.1415    -0.086289  -0.10272   -0.12686    0.82175
  0.12185    0.19612   -0.26299    1.063     -0.1294     0.60949
  0.068025  -0.19144   -0.19115   -1.3933     0.012515  -0.24617
 -0.044618  -0.11929    0.38438    0.49978   -0.048304  -0.66074
  0.49212    0.15459   -0.12139   -0.71117    0.31654   -0.59886
  0.62862    0.65739   -0.46856    0.57174   -0.045993  -0.47127
  0.015746   0.15894   -0.074995  -0.33036   -0.13517    0.74965
  0.27965   -0.6233     1.3266    -0.49775   -0.31046    0.057356
 -0.11067    0.98376    0.78541   -0.0196     0.35183    0.11455
  0.14634   -0.24395    0.59055   -0.60889  ]"
marcy,"[-0.40454   -0.62841   -0.38858   -1.332     -0.029826  -0.70421
  0.062345   0.75806    0.22339    0.10317    0.13378   -0.39112
 -0.56242   -0.75872    0.20938   -0.31361    0.20636    0.011942
 -0.70195    0.0038174  0.050472   0.35427    0.33869    0.62343
  0.5604     0.038494   0.6073    -1.0075    -0.054656   0.010255
  0.30316   -0.90268    0.41325   -0.039681  -0.12794    0.73793
 -0.19854   -0.27351    0.25561    0.11585   -0.4111     0.13423
 -0.5709     0.31326   -0.18585    0.12766   -0.31342    0.083607
  0.059804   0.37759    0.35127   -0.38667    0.024822  -0.076932
  0.11096   -0.42004    0.21154   -0.32197   -1.2873    -0.27433
  0.041504   0.022935   0.51512   -0.15624    0.48156    0.070621
  0.58711    0.83349    0.51729   -0.041092  -0.24556   -0.0086554
 -0.41248   -0.74371   -0.4187     0.063699   1.3283    -0.31926
  0.15573    0.38039   -0.38293    0.52969   -0.60479   -0.054412
  0.58854    0.36696    0.39952   -0.74558    0.077133  -0.96023
  0.13353    0.18265    0.53464    0.20522   -0.10745   -0.24364
  0.063783  -0.38176    0.14451    0.45046  ]"
wexler,"[-0.42942   -0.65233   -0.034564  -0.81816    0.034964   0.24184
  1.0068     0.33195   -0.55198   -0.34867   -0.23418   -0.68907
 -0.228     -0.44218   -0.11112    0.5743     0.29593   -0.7182
  0.11662    0.59609    0.1599     0.59925    0.66177    0.23138
 -0.12707    0.71901   -0.11738   -0.69515    0.29071   -0.27229
  0.49364    0.56963   -0.39383    0.80794   -0.0054916  0.051613
  0.70243   -0.48361    0.98431   -0.84082   -0.93814   -0.33453
 -0.31291    0.28534   -0.5255     0.28894   -0.33853   -0.55887
 -0.28403    0.12659   -0.16084   -0.71031    0.25725   -0.5239
  0.034484   0.20429    0.17488   -0.64943   -0.92878   -0.0027763
  0.37076    0.45714    0.26343   -0.079084  -0.27962   -0.04948
  0.52908    0.68856    0.46313   -0.31072    0.46124    0.50997
  0.18485   -0.16473   -0.003061  -0.41318   -0.80221   -0.71809
 -0.57113    0.31801   -0.66288   -0.46159    0.0028893 -0.0037207
  0.29505    0.27995    0.26884   -0.36831   -0.56174   -0.72307
 -0.26587   -0.025774   0.26805    0.43423    0.1183     0.11198
  0.29467    0.015084   0.09125    0.46519  ]"
high-end,"[-0.011943 -0.41653  -0.56869   0.58577   0.29263   0.091898  0.27032
 -0.081762  0.2068    1.0101    0.26837  -1.3532    0.14694  -0.30385
  0.28349   0.51459  -0.057485  0.40431   0.53406   0.43747   0.028143
 -0.23649   0.57689  -0.26041  -0.17932  -0.36438   0.52428  -0.36521
 -0.857     0.48378   0.12956   0.23472  -0.80465   0.17454   0.67198
  0.89131  -0.039842 -0.14339   0.49511  -0.51922   0.84037   0.10048
 -0.16227   0.46423   0.12035   0.22621   0.54399   0.51036   0.45823
  0.21363  -0.39158   0.27098  -0.24323  -0.66959   0.39916  -0.29998
  0.069899  0.24852   0.32948  -0.67886  -0.307     0.36743   0.29623
  0.55971   0.022573 -0.61425  -0.057404 -0.60501   0.55988  -0.35053
 -0.23668   0.19901   0.4715    0.26223   0.092952  0.078731  0.11104
  0.49434   0.25201  -0.53795   0.63371  -0.35789  -0.41836   0.62436
 -0.15109   0.029765  0.021697 -0.46982   0.040567 -0.73867   0.28768
  0.78184   0.23452  -0.80756  -0.12184  -0.15103  -0.45775  -0.022541
  1.653     0.32849 ]"
mcgriff,"[ 0.95043    0.64302    0.28674   -0.58302    0.70902    0.37961
  0.59581   -1.2211     0.10402   -0.77586    0.58322    0.36183
  0.4984     0.15737    0.72926    0.30305   -0.309      0.55801
 -0.41103    0.17748    0.20978   -0.10362    0.14441   -0.026095
  0.36308    0.80778   -0.2916    -0.4025    -0.2387     0.63418
  0.19714    0.33895    0.77593    1.0924     0.045731   0.49981
 -0.79749    0.14793    0.35302    0.28389    0.7065    -0.25146
  0.010053   0.033275  -0.070297   0.098452   0.32754   -1.2443
  0.40803   -0.60292   -0.43027    0.45542   -1.0055    -0.18537
 -0.24783    0.26586    0.25504   -0.40119   -0.47469    0.97605
 -0.84444   -0.035713   0.4207    -0.49855   -0.27191   -0.69669
  0.2401    -0.14806   -0.97996    0.097408  -0.28131    0.16393
 -0.65308   -0.92141    0.85228   -0.31375   -0.72793   -0.66512
 -0.13091   -0.29265    0.0079487  0.83704   -0.35498    0.56453
  0.22423   -0.18999    0.87049   -0.084612   0.20027   -0.27891
  0.18918   -0.18575   -0.83994   -0.46179    0.49374   -0.098906
  0.36901    0.47126   -0.12352   -0.37567  ]"
hutchins,"[-0.42132   -0.30184   -0.23877   -0.54752   -0.21924   -0.25039
  0.4158     0.85875   -1.0004     0.071423   0.2313     0.015078
 -0.37068    0.62813    0.1437     0.42372    0.084707   0.18353
 -0.98285    0.74778   -0.33246   -0.57288    1.0269     0.15083
 -0.11023    0.78355    0.66189   -0.46874    0.23391    0.57336
  0.14718    0.20715   -0.13528   -0.12457    0.1522    -0.75737
 -0.17996    0.49193    0.49307   -0.35429   -0.7562    -0.19707
  0.3094     0.28534    0.0051179  0.26753    0.38106    0.24879
  0.14038   -0.002418   0.22576   -0.12159    0.089688  -0.48418
 -0.26501    0.30563   -0.036158  -0.14757   -0.42107    0.044446
  0.65581    0.010212   0.14117   -0.39859   -0.065542  -0.72888
  0.41455    0.41994   -0.91592   -0.030584   0.091876   0.31846
 -0.23027   -0.33295   -0.12667   -0.81541    0.046738   0.0093011
 -0.071409  -0.17494    0.79332    0.09603    0.27478   -0.31687
  0.89838   -0.087126   0.46681   -0.81309   -0.60967   -0.089244
 -0.79233   -0.20776    0.37289   -0.081062   0.2238    -0.15661
  0.70401   -0.17469    0.016455   0.55173  ]"
panchen,"[ 1.3717     0.43163    1.1844    -0.41555    1.1859     0.089643
 -0.053881  -0.50399    0.45281    0.36596   -0.26214    0.76737
  1.5168    -0.76815   -0.37976    0.30958   -0.14229    0.22114
 -0.3216     0.082622  -0.51245   -1.3444     0.14735    0.78316
 -0.14435   -0.86109    0.089476   0.11934   -0.32135    0.041993
 -0.68552   -0.21667    0.41442    1.1754     1.0158     1.0508
 -1.064     -0.062124  -0.0067442 -0.47733   -0.78369    1.1423
  1.1694    -0.85881   -0.8137     0.20069   -0.18533   -0.4644
  0.67971   -0.26324   -0.3669    -0.3204    -1.0796     0.14518
 -1.0221    -0.23375    0.27286    1.2152     0.16325   -1.1221
  0.01773   -0.20482    0.031652   0.45878   -0.072299   0.25107
 -0.2856    -1.1051    -0.28672   -0.16303    0.076554   0.11271
 -0.33974    0.3728    -0.87085    0.82068   -1.0799     0.066152
  0.031259  -0.40028    0.036893   0.36423    0.43933   -0.50187
  0.57211    0.63879   -0.3157    -0.020535   0.19253   -0.21395
  0.32362   -0.088494   0.061625   1.0118    -1.1404    -0.1386
 -0.71411   -0.35791   -0.67968   -1.3353   ]"
ether,"[-2.9623e-01  7.4864e-01 -2.3312e-01  1.8962e-01  2.6085e-02  2.9138e-01
  1.8854e-01  4.4481e-01  2.6338e-01 -2.2949e-01  8.3367e-01  1.9206e-02
 -9.2048e-01  4.2540e-01  7.0935e-01 -4.9756e-02  7.4548e-01  3.8840e-01
  1.0541e+00 -8.9694e-01 -3.7917e-02 -7.0991e-01  5.3610e-01  2.1181e-01
 -7.1548e-01  3.7363e-01  4.4108e-02 -1.3603e-01 -3.8039e-01 -1.3709e-01
  3.4443e-01  8.8076e-02 -2.2799e-01 -3.5175e-03  4.7374e-02  6.1304e-01
 -1.4556e-01  1.0452e+00  3.3690e-01 -2.8715e-01  4.2387e-01  7.7441e-01
 -5.2639e-01 -2.2814e-01  7.5536e-02 -5.0213e-01  9.6307e-02  6.9552e-01
 -7.5213e-01 -7.5593e-01 -5.1221e-01  8.3949e-01 -5.0776e-02  1.7804e-01
 -5.5699e-01  1.8228e-01 -1.3763e-01  1.5225e-01 -1.0850e-02  1.0005e+00
  1.5292e-01  1.4144e-01  4.4091e-01  2.4066e-02 -9.2162e-02  1.0183e-01
  7.2564e-01 -1.5051e+00 -2.2505e-01 -7.6791e-01 -6.2033e-01 -4.9475e-01
  9.2888e-01 -4.0584e-01 -6.3030e-01  5.1633e-02  4.1105e-01 -8.6805e-01
 -4.5588e-01 -5.1754e-01 -1.3652e-01 -1.0842e-03 -6.8358e-02  6.3622e-01
  5.1445e-01  6.6154e-01 -1.0860e-01 -1.7100e-01 -1.4456e-01 -6.5830e-01
  3.4145e-02 -2.7466e-01 -1.1754e+00  3.0648e-01  4.3989e-01 -6.7332e-01
  5.8882e-01 -9.3225e-01 -6.6122e-01 -1.6950e-01]"
distaste,"[ 0.23092    0.33023    0.33303    0.29898   -0.21904    0.38678
 -0.65168   -0.87251    0.072932   0.11138   -0.95402    0.38157
  0.12639   -0.38956    0.34579    0.27751    0.2233     0.11147
  0.27113   -0.087444  -0.21501    0.48335   -0.42775   -0.40745
 -0.10969    0.070808   0.38959    0.048546   0.35591   -0.59822
  0.3016     0.19582   -0.031459   0.18993   -0.16948    0.79184
  0.32971   -0.061666  -0.042114   0.21599   -0.15896    0.021105
  0.34073    0.21297   -0.16828   -0.27201    0.65467   -0.09165
 -0.032837  -0.50657    0.17716    0.2505     0.036643   0.37353
  0.036334  -0.21886    0.82698   -0.34925   -0.47231   -0.64275
  0.41896   -0.063408   0.69829    0.32635   -0.20365   -0.37276
  0.645     -0.58598   -0.0063588  0.055806  -0.31019   -0.077115
 -0.12307   -0.37298   -0.48528    0.61419   -0.085979  -0.36692
 -0.46743    0.24369   -0.21507    0.10495    0.41235    0.42612
 -0.31856   -0.17153   -0.32646    0.47479   -0.60743   -0.45122
 -0.090924   0.071537  -0.39882    0.47153    0.16721   -0.14268
 -0.31346   -0.47293    0.19522    0.50368  ]"
waite,"[-0.17657    0.19883   -0.14631   -0.87374   -0.030076  -0.20147
  0.50462    0.076112  -0.56319   -0.11443    0.18115    0.24354
 -0.202      0.35842    0.42023    0.4303     0.28439    0.29679
  0.075972   0.23288   -0.26073    0.38723    1.2602    -0.48887
  0.549      0.70319    0.10121   -0.31374   -0.24789   -0.16512
 -0.059284   0.15643   -0.11275    0.57701   -0.31785   -0.1315
 -0.48511    0.69434    0.22655    0.074301  -0.57436   -0.19151
  0.092752   0.42038   -0.51102   -0.13019   -0.31955    0.10173
  0.36814    0.10802   -0.051814  -0.5379     0.072074  -0.37417
  0.05835    0.13349    0.1842    -0.64237   -0.49673    0.078982
 -0.075695  -0.48425   -0.066335   0.16353    0.20632   -0.49271
  0.35746    0.85271   -0.07931    0.12755   -0.32575    0.5542
 -0.33      -0.13708    0.41578   -0.2533    -0.15985   -0.068985
 -0.17701    0.043019  -0.2061    -0.16828    0.31527   -0.038125
  0.41278    0.26732    0.30082   -0.25038   -0.096514  -0.15697
 -0.0096782 -0.7371    -0.19875    0.051248  -0.098273  -0.10932
  0.14054    0.11431   -0.84404   -0.16984  ]"
aristocrats,"[ 0.45141    0.070321   0.84419    0.025334  -0.31473    0.87191
 -0.49494   -0.53683   -0.31176   -0.2359    -0.1083    -0.15846
  0.20299    0.0095971 -0.20332   -0.62111    0.0088182 -0.24598
 -0.19393    0.37446    0.22603    0.40226   -0.045779  -0.62367
  0.44044   -0.76682   -0.30777   -0.0044849  0.36263   -0.38502
  0.27594   -0.44429   -0.19156   -0.76474    0.53865    0.45028
 -0.067494  -0.022098  -0.22803    0.10625   -0.21674    0.2404
 -0.51839    0.1386     0.10171   -0.54555   -0.043159   0.51307
  0.53599    0.39161   -0.82265    0.14603   -0.090566   0.35431
 -0.47847    0.82843   -0.19372    0.20345   -0.16798    0.20412
 -0.046268   0.15521   -0.092054   0.29449    0.61752   -0.42988
 -0.021203  -0.34873    0.13851   -0.70005   -0.10552   -0.43159
  0.013244  -0.065408  -0.55685   -0.22101   -0.057515   0.10582
 -0.16167   -0.16821    0.17279    0.13969    0.59528    0.35927
 -0.2496    -0.45176   -0.52246   -0.18258    0.025603  -0.43434
 -0.0073348 -0.95486    0.19835   -0.30453   -0.70194   -0.38882
 -0.47054   -0.41364   -0.13482    0.018199 ]"
rapp,"[-0.50652  -0.47061  -0.4382   -0.77777  -0.38859   0.020082 -0.16366
 -0.27754   0.18874  -0.35928   0.52343  -0.34449  -0.13786   0.54041
  0.067227  0.24617  -0.092451  0.17298  -0.69602   0.67067  -0.28196
 -0.514     0.41854  -0.10474   0.39079  -0.23563  -0.24753   0.21958
 -0.87046  -0.11511   0.051658 -0.054405  0.097962  0.56361  -0.46261
  0.33003   0.38751   0.4522    0.65738   0.23217   0.2995    0.4874
  0.3271    0.14416   0.18991  -0.55546   0.046449 -0.67212   0.42505
  0.47643   0.63781  -0.44315   0.10322  -0.17786  -0.61118  -0.34909
 -0.14213   0.6486   -0.37012   0.26059   0.33881  -0.033108  0.39949
  0.30485   0.003473 -0.46922   0.26694   0.14531  -0.38147   0.034379
 -0.27871   0.15226  -0.58583  -0.33912   0.38374  -0.014529 -1.0545
 -0.15025   0.01392   0.37842  -0.61388   0.26409  -0.42411   0.68422
  0.69038   0.47654   0.099632  0.3187   -0.72148   0.12251  -0.71807
 -0.31489   0.31553  -0.37314   0.20042   0.11473   0.17732   0.31018
  0.09457   0.37035 ]"
habitation,"[-0.41482    0.55172    0.39663    0.49377   -0.61338   -0.55459
  0.1959    -0.0051864  0.64159    0.043846  -0.54506    0.41025
  0.76689    0.068123   0.57383   -0.55279    0.33586    0.10618
 -0.35692   -0.15656   -0.24223    0.11474   -0.62125    0.36114
  0.55601   -0.73485    0.89642    0.17814   -0.43674   -0.16352
 -0.28077   -1.0731     0.022557   0.1037     0.98361    0.089891
 -0.48004    0.041494   0.37977   -0.14449   -0.87761   -0.19922
  0.080434   0.13523    0.5112    -0.064389   0.26152   -0.46826
  0.12444    0.288      0.47856   -0.19453   -0.37128    0.28259
  0.27772    0.28187   -0.76955   -0.67577    0.6236    -0.10783
 -0.4201     0.31468    0.54933    0.065673   0.62135    0.6013
  0.78443   -0.89871    0.15051   -0.74939    0.055469   0.65316
  0.47626   -0.39201    0.26553   -0.58361    0.15027    0.24187
 -0.81317    0.15179   -1.1457     0.30926    0.15429    0.92529
  0.069214   0.8222     0.5582     0.31194   -0.33629    0.11104
 -0.083687  -0.0056237  1.1663     0.56431    0.96128   -0.72899
 -0.43786   -0.28377    0.043953  -0.24537  ]"
fairgrounds,"[ 0.49266   -0.20364    0.017566  -0.07624   -0.40772    0.085658
  0.10085    1.3991     0.0076664 -0.34404   -0.56885   -0.19245
  0.20064   -0.58612    0.28919    0.057403   1.2137     0.5692
 -0.38918   -0.34125    0.10213    0.18441    0.79108   -0.15235
 -0.66822   -0.64132   -0.098788   0.11538    0.25952    0.27193
 -0.098467  -0.3104     0.88118    1.3175    -0.47005   -0.14989
 -0.061751  -0.047219  -0.077911  -0.3301     0.60862   -0.65772
 -0.22527   -0.055073  -0.28257   -0.46588    0.48733    0.047637
  0.23749    0.091258  -0.85577   -1.1951     0.30533   -0.35545
 -0.10247    0.13804   -0.33311    0.22394   -0.1464    -0.42615
 -0.98601    0.63228    0.38949   -0.097415   0.010461  -0.12323
  0.072691  -0.28148   -0.24288   -0.030261  -0.45295    0.22794
  0.52834    0.069557   0.49296   -0.316      0.38525    0.23029
 -0.12889    0.057914   0.2367     0.0016583 -0.49337    0.27016
  0.66142    0.51345   -0.65958    0.22941    0.30822    0.070393
 -0.20677   -0.42409   -0.030381   0.24144    0.093096   0.056944
  0.30304    0.70368    1.3991     0.80866  ]"
kovalev,"[ 0.18951    0.12313    0.24339   -0.89214    0.27035   -0.063994
 -0.13106   -0.60788   -0.26283   -0.017914  -0.069442   0.4933
 -0.34533   -0.48189    0.46357    0.38468   -0.34126    0.72826
 -0.39414   -0.41474   -0.37068    0.16152   -0.8495     0.96818
  1.086     -0.53985   -1.0123     0.46089    0.64907    0.52757
 -0.70231    0.88587    0.30622   -0.16556    0.31581   -0.47663
  0.016782   0.33502   -0.41286    0.075104   1.2328    -0.5308
 -0.0040517  0.29922   -0.6604     0.22988   -0.44      -0.57931
  0.065534   0.64343    0.98409   -0.2118    -0.83591   -0.052366
 -0.96808    0.22718    0.39524    0.31464   -0.33033    1.3937
 -0.33294    0.21448    0.026369   0.88929    0.42796    0.43649
  0.23903    0.10824   -0.19866    0.14216   -0.44711   -0.46455
  0.21492   -0.052276   0.070504  -1.0882    -0.76038    0.35655
 -0.66382    0.081158  -0.11302    0.84808    0.045314   0.002832
 -0.042192   0.16945   -0.16161    0.89239   -0.36347   -0.40579
  0.078465  -1.4207    -0.52617   -0.092329  -0.43058   -0.21053
  0.016924  -0.28094   -0.99699   -0.18116  ]"
disputing,"[-0.19957    0.031843   0.25369    0.31522   -0.57878    0.43467
 -0.28362   -0.09814    0.50995   -0.16225    0.30059    0.42115
  0.11043   -0.25498    0.23135    0.0016305 -0.20483   -0.36618
  0.3518    -0.13016    0.097907   0.02561    0.27901   -0.056485
 -0.25092   -0.32889    0.099729   0.26533   -0.30844   -0.28004
  0.52002   -0.43557   -0.031308   0.16743   -0.2611     0.22777
 -0.22831    0.19496   -0.10944   -0.24183   -0.31347    0.98863
  0.26325   -0.052647  -0.39971   -0.30447    0.39726   -0.78213
 -0.46438    0.065301   0.8582     0.3445     0.22024    0.41206
  0.023829   0.16235    0.58509   -0.36909   -0.38352    0.21197
 -0.51084   -0.41255    0.29934    0.41057    0.051953  -0.14112
  0.22312    0.79805   -0.4247    -0.048899  -0.40124    0.32816
  0.087426  -0.52127   -0.30797    0.44807    0.026556  -1.0613
 -1.352      0.092125  -0.25598   -0.076301  -0.093232   0.18522
  0.1589    -0.56637   -0.17164    0.4199    -0.13051   -0.21769
 -0.18713   -0.33732   -0.92196   -0.38804    0.34079   -0.11949
 -0.72576   -0.046902   0.57279    0.52405  ]"
desertification,"[-0.78352  -0.13625   1.0657    0.097899  0.4651   -0.46194  -0.35817
  0.39719   0.15549   0.2746   -0.58178  -0.095118  0.10441  -1.282
  0.20914   0.25413  -0.3043   -0.74814  -0.40516  -0.9125   -0.21082
  0.46725   0.13832   1.0199    0.44733   0.52196   0.052485  0.099451
 -0.22334  -1.033    -1.0376   -0.30664   0.73531   0.77934  -0.73396
 -0.47984  -0.18701  -0.12236  -0.76608   0.59079  -1.2882    0.30481
 -0.17251  -0.66027   0.46005   0.029865 -0.4298    0.25649  -0.99136
 -0.93083  -0.096225 -0.036387 -0.58329   0.83776   0.65745   0.72975
  0.77329  -0.086189 -0.14928  -0.25344  -0.35898   0.11651   0.027238
 -0.65776   0.3971    0.50051  -0.081063 -1.0082    1.4018   -0.7203
 -0.057543 -0.50955  -0.1725    0.79583   0.3217   -1.2612   -0.46578
  0.69013  -0.47727   1.3515    0.49641  -0.34123  -0.69083   1.1744
  0.051442  0.73024   0.64311  -0.744    -0.31223   0.37683   0.043538
 -0.62852   0.066964  0.32309   0.77786   0.19962  -0.3423   -0.42128
  0.56929  -0.45443 ]"
fixation,"[-0.41096   -0.0029201  0.85464   -0.2471    -0.28336   -0.21883
  0.13435    0.34602    0.0091982  0.019011  -0.39017    0.13382
 -0.2081     0.045832   0.32604    0.19448    0.12243   -0.20387
  0.62713   -0.36455   -0.16896   -0.89634   -0.25437    0.44983
  0.46748    0.62306    0.12613   -0.13429    0.40801   -0.484
 -0.40257    0.28196   -0.23483   -0.10949   -0.12857    0.36884
 -0.22734    0.061245   0.37502    0.1087     0.15108    0.26215
 -0.28105    0.50173   -0.35472   -0.32583   -0.0070898  0.024356
 -0.29579   -0.16835    0.21284   -0.31285   -0.56874    0.52556
 -0.17994   -0.044162   0.24494   -0.44835   -0.32761    0.4432
  0.21287    0.048014   0.33794    0.20993    0.35341   -0.0088753
  0.28443   -0.6701     0.23662   -0.54002   -0.024603  -0.12735
  0.93172    0.31926   -0.8926    -0.25557    0.64732   -0.53708
 -0.27433   -0.28347   -0.036001   0.56366    0.42737    0.56729
 -0.48166    0.55465   -0.17735    0.20175   -0.67219    0.083027
 -0.70159    0.44764   -0.16885    0.31703    0.52182   -0.69737
  0.15226   -1.3159     0.16005    0.49561  ]"
eun,"[-0.1591    0.091548  0.90092  -0.025294 -0.21974   0.13192   0.39378
  0.23109   0.19519   0.26235   1.2095    1.2387   -0.011788  0.1643
  1.0336   -0.025328  0.053366  0.22512  -0.43658  -0.80734   0.60612
  0.45676  -0.20683   0.96416  -0.26024   1.3148   -0.629     0.44665
 -0.33471  -0.68982  -0.85074   0.21733   0.63174   0.52265   0.44753
 -0.627     0.37227   0.71633  -0.77694   0.21865  -0.67435   0.28288
 -0.57385   0.27195   0.94408   0.1254   -0.056164  0.76886   0.29978
 -0.42335  -0.68337  -0.84697   0.027148 -0.048393  0.3989    0.070812
 -0.12959   0.27201  -0.56732  -1.1138   -0.052135  0.16804   0.42173
 -0.049916 -0.011968  0.075495  1.0451    1.4738    0.19723   0.61121
  0.069261  0.7952   -0.56742  -1.2414    0.18192   0.77585  -0.0664
 -0.62735   0.54178  -0.94531   0.54116  -0.097309  0.703     0.57411
 -0.89526   0.29898  -0.45712   0.60023   1.1567    0.97203  -0.13286
  0.21623   0.15534   0.50658   0.3527    0.28911  -0.69664  -0.94948
 -0.32848  -0.54221 ]"
redundancy,"[-0.14059   0.50183  -0.39032  -0.27652  -0.63476  -0.039531 -0.28385
  0.31709   0.1153    0.41201   0.31025   0.77358  -0.33761   0.27712
  0.68562   0.093185  0.11494   0.3307    0.3605   -0.19018  -0.66099
  0.1532   -0.3733    0.10396   0.65776  -0.41605   0.22152   0.84383
 -0.50268  -0.9598    0.2704    0.35516  -0.70944  -0.49053   0.15621
  0.39018  -0.21812   0.015738 -0.20801  -0.66534   0.51154   0.64834
  0.20144   0.093806 -0.29005   0.52491   0.28694  -0.041726 -0.030177
  0.10945   0.42591  -0.12798  -0.98744   0.62082   0.11817   0.079241
  0.96618  -1.2408    0.6657   -0.19185   0.2162   -0.51388  -0.26578
  0.065769  0.64878  -0.7186   -0.14263  -0.41239   1.0631   -0.59232
 -0.61252  -0.23728  -0.33883  -0.20885   0.49149   0.48026   0.5532
 -0.34422  -0.044874  0.050181  0.042144 -0.55745  -0.27164  -0.40535
 -0.88872   0.69268   0.62021  -0.19256  -0.93207   0.067663 -0.16868
 -0.35766  -0.40556  -0.073145  0.9905   -0.47503   1.0665   -0.067583
  0.42976  -0.060665]"
adventurers,"[-0.008902  0.019408  0.39735  -0.11948  -0.1424    0.20822  -0.23949
 -0.083341 -0.59426  -0.44061   0.13528  -0.041449  0.043403 -0.54795
 -0.20723  -0.25305   0.016145  0.2441   -0.40408   0.12264   0.39942
  0.29759  -0.16551  -0.54473   0.22299  -0.12471  -0.74315   0.29659
  0.19628  -0.73504  -0.47264  -0.28992  -1.0009   -0.56436   0.7579
 -0.24379  -0.46574   0.18632   0.33525  -0.16497  -0.63515   0.34147
 -0.24365  -0.28641   0.35525  -0.20987   0.11786   0.14356   0.64792
  0.85893  -0.40345   0.34471  -0.35969   0.13133   0.242     0.51574
 -0.32665  -0.28771   0.030721  0.42563   0.17288   0.59667   0.12022
  0.21841   0.31023  -0.062109  0.053732  0.056789  0.37812  -0.96723
 -0.404    -0.49924  -0.60652  -0.47202  -1.1189   -0.21277   0.59949
 -0.14998  -0.15513  -0.58812   0.16235   0.4729    0.3347    0.77361
 -0.11647  -0.27104  -0.1953   -0.30807  -0.16707  -0.48912  -0.48736
 -0.096568  0.33693  -0.74286  -0.12262  -0.049222 -0.31863  -0.18631
 -0.14512   0.019554]"
biopsy,"[-0.92711    0.27302   -0.82777   -0.3335    -0.58196    0.49246
  0.64922    0.6984     0.47886    0.28592    0.12994    0.33888
  0.39992    0.40513    0.82949    0.84034   -0.064488  -0.065538
  0.93982   -0.015986  -0.62374   -0.59444   -0.95983   -0.12077
 -0.5179     0.65925    1.2538    -0.55255    0.26147   -0.42921
  0.09915    0.14663    0.53141    0.51629    0.4084     0.019887
 -0.11323   -0.26303   -0.73224   -0.54097   -0.34101    0.0093625
 -0.0075087 -0.34234   -1.2043     0.0082874  0.57184   -0.29255
 -0.23059   -0.17192    0.6677     0.15218    0.60611    0.011534
 -1.0989    -0.22528   -0.057221   0.11503   -0.036518   0.31119
  0.085301   0.38201    0.54171    1.3498    -0.050608   0.59452
 -0.36091   -0.085414   0.384     -0.66013   -1.324      0.92076
 -0.012716   0.35361   -0.080139   0.095777  -0.46917   -0.29382
  0.63112   -0.14986    0.3679     0.29134   -0.5204    -0.041846
 -1.2381    -0.69229    2.0011     1.0092    -0.29853    0.44729
 -0.51044    0.036225   1.1465     1.3969     0.8237     0.17978
  0.6352    -0.4873    -0.27587    0.042151 ]"
slumps,"[ 0.52607    0.91315    0.31766   -0.48536   -0.069154  -0.72762
 -0.8303    -0.42528   -0.19676   -0.43509    0.23667   -0.31015
  0.067902   0.45236    0.34616    0.85974   -1.0001     0.39716
  0.50812    0.51954    0.23191    0.66231    0.0080238  1.077
 -0.083125  -0.88624   -0.2397    -0.14564    0.37639   -0.19264
  0.077046  -0.19258   -0.41093   -0.18515   -0.39723    0.69454
 -0.41076   -0.58723   -0.04732   -0.50971   -0.23748    0.061533
 -0.12235   -0.11024    0.24043    0.43882    0.52634    0.34148
  0.26084   -0.81074   -0.10924    0.24504   -0.28199    0.76841
  0.51111    0.090633  -0.027783   0.46578   -0.2697    -0.11047
  0.098079   0.17009   -0.30555    0.1327    -0.6033     0.46299
  0.22909   -1.2622     0.1474    -0.10145    0.21746    0.099539
 -0.078476   0.03377    0.042003  -0.55723   -0.38091    0.62383
 -0.10194   -0.063053   0.37031    0.67224    0.078189   0.52465
  0.32952   -0.92972   -0.21701   -0.32667    0.32835   -0.13608
  0.26074    0.86257   -0.28453    0.021136   0.3648     0.56092
  1.0332     0.24622   -0.041592  -0.018177 ]"
llodra,"[ 3.0079e-02  7.6728e-02 -5.9080e-02  7.3618e-01  1.2611e-01  1.1236e+00
  7.2397e-01 -5.5642e-02  1.5675e-02 -6.2975e-01  3.7901e-01  2.0999e-01
 -4.6286e-01 -6.1824e-02  5.1082e-03 -1.4890e-01 -9.7366e-01  9.2314e-01
 -1.0464e+00  3.5025e-01  3.9742e-01 -3.5400e-01  8.4661e-01  5.3054e-01
  2.0326e+00 -5.8738e-02  1.4180e+00  3.5753e-01  3.1637e-01 -2.6959e-01
 -1.4993e+00 -4.0412e-01  1.0090e-01 -5.1120e-01  5.3419e-01  3.1066e-01
 -4.8581e-01  1.6270e-01 -4.2113e-01 -6.4384e-01  2.0043e-01 -5.2136e-01
  5.2504e-01 -7.4600e-01  3.1077e-01 -3.9712e-01 -7.6116e-01 -6.1920e-01
  1.1233e+00 -5.6025e-01  4.6494e-01  7.4466e-01 -8.8135e-01  6.5224e-01
  3.0034e-04  4.3586e-01  1.2064e+00  6.9849e-01 -1.0886e+00  4.4091e-01
  1.4023e+00 -9.7187e-01  2.2956e-01 -6.6006e-02 -2.1155e-01  1.1623e-01
 -3.7907e-01  1.5656e-01 -1.3962e-01 -4.2008e-01  4.6801e-02  8.4033e-02
 -1.4164e-01 -2.4524e-01  1.4727e-02 -6.1741e-01 -7.5299e-01  8.9771e-02
  1.1718e+00  4.5822e-01  8.4635e-01 -1.3838e-02  2.1776e-01  5.2322e-01
 -9.5883e-02 -9.8627e-01  1.3840e-01  7.7831e-01  4.5236e-01 -8.1548e-02
 -3.2893e-01 -1.7237e-01  6.0463e-01  7.5410e-01  2.0940e-01  1.6953e-01
 -1.7328e-01 -6.0783e-01 -3.8224e-01 -1.5410e-02]"
precocious,"[ 0.97702   -0.035666   0.48263    0.29366   -0.54263    0.5028
  0.15689   -0.0070266 -0.062579   0.60684   -0.36214    0.16065
 -0.15163   -0.42544    0.80031    0.30719   -0.27975   -0.046706
  0.40756    0.66093   -0.49277   -0.30888    0.095632   0.5098
  0.65805    0.0088705 -0.70207   -0.46585   -0.42117    0.53162
 -0.2943     0.009159   0.30994   -0.38723    0.26083   -0.97879
 -0.57405   -0.26968    0.21287    0.22424    0.32388    0.44143
 -0.13823    0.019656  -0.28321    0.0044015  0.69061    0.2911
  0.51688    0.30562   -0.45524   -0.86602   -0.17766   -0.14435
  0.19362    0.077937  -0.24235   -0.32647   -0.56776   -0.25374
  0.36789    1.0662    -0.60955   -0.10185    0.062416  -0.18897
  0.51424   -0.064633   0.17884   -0.20049    0.94115    0.061676
 -0.47472   -0.047492  -0.049071   0.56203   -0.47112   -0.37284
 -0.19706   -1.0808     0.34569    0.62788    0.074588  -0.34808
 -0.45829   -0.42849    0.25724    0.36261   -0.42657   -0.58521
 -0.46917    0.75682    0.4748     0.22206   -0.25854   -0.52693
 -0.71831   -0.75988   -0.44448    0.3179   ]"
lachlan,"[-3.5118e-01 -4.5991e-01  5.8201e-01 -8.4453e-01 -3.0333e-01 -3.6847e-01
 -2.4009e-01 -2.4301e-02 -6.6164e-03 -7.8141e-01 -1.7389e-04  9.4294e-01
  3.0514e-01 -4.4855e-01  6.6423e-01 -7.5460e-01 -1.0095e+00 -4.9337e-01
 -6.1183e-01 -5.2843e-01 -3.6344e-01 -3.5681e-01 -2.4166e-01  4.0064e-01
  5.9206e-01 -1.9152e-01 -4.8886e-01  2.9490e-01 -8.1734e-03  1.1793e-01
  3.9488e-01  2.2931e-01 -1.5593e-01 -7.7592e-01  1.1650e-01 -5.8081e-01
 -4.9540e-01  1.4219e-01 -5.9857e-01 -1.8855e-01 -5.8677e-03  3.3604e-01
 -2.1109e-01  1.9906e-01 -1.1291e+00  1.2843e+00 -2.5442e-01  1.2599e-01
  8.3288e-01  1.1424e+00 -9.4974e-01  5.6271e-01  5.1221e-01 -2.0298e-01
 -3.7140e-01 -5.0918e-01 -3.8451e-01 -1.1507e+00 -8.2969e-01 -1.1062e+00
  8.0842e-01 -5.1193e-01  3.8288e-01  4.6490e-01  7.0348e-01  4.4273e-01
  2.8666e-01  3.6269e-01  9.6796e-02  7.1392e-01 -2.0454e-01 -7.1849e-03
 -2.6653e-01 -7.7535e-01 -5.5032e-01 -2.2829e-01 -2.1922e-01  1.6593e-01
  2.7976e-01  9.7373e-02  3.8242e-01 -4.5388e-01  1.0116e+00 -2.2587e-01
  2.2800e-01 -3.4467e-01 -2.7997e-01 -4.3584e-01  1.5900e-01  2.4581e-01
  8.7110e-01  1.0867e-01 -1.4860e-01 -3.2446e-01 -6.5441e-01  6.4971e-01
  7.5078e-01 -1.1857e+00 -2.3131e-01 -6.8905e-02]"
gdf,"[ 0.61132   -0.33287    0.52262    0.25662    0.25903    0.030133
 -0.011619   1.4473     0.2886    -0.25432    0.083018   0.548
 -1.0763    -0.32091   -0.53005   -0.3862    -0.32828    0.43982
  0.66085   -0.1441    -0.33304   -0.29648   -0.44028    0.71306
 -0.28261   -0.97634    0.080364  -0.38173    0.44259   -0.90456
 -0.18815    0.29912   -0.96      -1.5254    -0.07279   -0.38138
  0.55576    0.40968   -0.62432    0.63459    0.73565   -0.88824
 -0.56559    0.19675   -0.7084     1.1187    -0.42463    0.80623
 -0.35473    0.44684   -0.48934    0.66701   -0.024745   0.1383
 -1.2844    -0.25901   -0.074227   1.1272     0.11004   -0.027969
  0.46613   -1.3043    -0.18689   -0.32395    0.2522     0.3731
  0.43177   -0.26514    0.082159  -0.58175    0.99395   -0.6424
  0.096787  -0.43931   -0.91813   -0.52899    1.4272    -0.76178
 -0.79011   -0.31797    0.84248   -0.97307    0.81689    1.5663
 -0.25136   -0.81222    1.0718     0.48497    0.37619    0.092641
 -0.17317   -0.26185   -1.1439     0.29123    0.0059187  1.1308
 -0.15719    0.11286   -0.1633     0.14549  ]"
connery,"[ 0.40339    0.034958   0.29142   -0.41939   -0.017959   0.29982
 -0.73163   -0.45404   -0.16989   -0.14934   -0.37445    0.50299
  0.0068285  1.0465     0.46237   -0.020722   0.1231     0.42927
  1.4918     0.71227    0.33077   -0.49075   -0.25814   -0.26128
  1.1419     0.29434    0.17355   -0.63251    0.060007   0.10167
 -0.19683    0.65177   -0.10767   -0.096523   0.73781    0.25998
  0.5932     0.036456  -0.30772   -0.2772     0.28401    0.21801
 -0.11549    0.22796    0.070063  -0.31993   -0.42375   -0.85845
 -0.24629   -0.76931    0.014137  -0.15612    0.64303   -0.1107
  0.072335  -0.13918   -0.3543     0.22075   -0.82548    0.15014
 -0.38134    0.75516   -0.067727   0.46508   -0.63251   -0.52698
  0.25387    0.71402   -0.13568    0.37011    0.11202   -0.28272
  0.15188   -0.029359  -0.60459   -1.0429     0.59822    0.083509
  0.033363  -0.33306    0.055383   0.41335    0.65941   -0.57401
 -0.067664   0.17177   -0.22616    0.10042   -0.56871   -0.24382
 -0.52575   -0.21804   -0.42138    0.041658  -0.12917   -0.23738
  0.49913   -0.24364   -1.4033    -0.15529  ]"
podlaskie,"[ 0.89683  -0.79355   1.479     0.61672   0.65588   0.59469   0.051271
  0.7671    0.14386  -0.082609 -0.20439  -0.75505  -1.5385    0.68734
 -0.299    -0.72501   0.6017   -0.030067  0.34551   0.34695   0.88501
  1.5137    1.2364   -0.57954  -0.13275  -0.28009   1.3687   -0.85135
 -1.2901   -0.41577   0.52504  -0.49784   0.56959  -0.95552   0.55856
 -1.54      0.36261  -1.6656    1.1086   -0.48709   0.96401   0.84248
 -0.035383 -0.44773  -1.0706   -0.62392   2.6081   -0.68002  -1.1762
 -1.0055    1.3989   -0.44172   0.26213  -0.61676  -1.0254   -0.034703
 -0.22269  -0.95347  -0.43147  -0.72093   1.2441   -0.37035   0.25339
  0.052727  0.4201   -0.33685  -0.93352   1.3473    1.1913    1.3099
  0.68866  -0.041349  1.9933   -0.5187    0.68473  -0.26783  -0.10102
 -0.43974   0.58799   0.36405   0.038469  1.4207   -0.76549  -0.38725
  1.1099    0.52673   0.23048   0.84365   0.31431   1.6934    0.012195
 -0.3827    0.094687 -0.47517   0.46624   1.1958    0.036956  0.39514
 -0.47586  -0.52364 ]"
barthez,"[ 0.4939     0.55691    0.75044   -0.21804    0.21302    0.78968
  0.73613    0.51169   -0.3747    -0.4389    -0.030303   0.076033
  0.22687   -0.71026   -0.12245    0.54703    0.33759    0.42024
 -0.18218   -0.1781    -0.47515    0.95414    0.083894   0.10933
  1.2845     0.50987   -0.77856   -0.56843    0.47958   -0.77648
  0.20688   -0.056591  -1.2299    -0.3482     0.56388    1.2043
 -0.63211   -0.040236  -0.75848   -0.18351   -0.40555   -0.031461
  0.062532   0.25494    0.4843     0.33556    0.10252   -0.23591
  0.29777    0.55775    0.95254    0.86147   -1.6222     0.71291
 -0.5853    -0.63528    0.28145    0.0016707 -0.76383   -0.41766
  1.102     -0.96585   -0.16386    0.57      -0.38515   -0.75201
  0.21713   -0.11099   -1.1103    -1.1035    -0.20602    0.17081
  0.43595   -0.69826    0.7942    -0.88178    1.2363     0.26467
 -0.058284   0.28205    0.81014    0.22      -0.060322  -0.20084
 -0.35618   -0.4153     0.4835     0.45604   -0.20662   -0.40017
 -0.53685    0.81295   -0.21367    0.31469   -0.074217   0.37691
  0.21032    0.37786   -1.2554    -0.73747  ]"
elude,"[-0.52147   -0.78529    0.29588    0.024743   0.55408    0.9548
 -0.48846   -1.0892     0.27497    0.37034    0.57742    0.83111
 -0.24057   -0.43878   -0.1685     0.18127    0.48223    0.41155
 -0.25255    0.14402   -0.15789   -0.61424    0.077595   0.060958
  0.22719    0.40641   -0.41332   -1.0982     0.78727   -0.86035
 -0.26075   -0.49861   -0.83593    0.030376   0.21464    0.2583
 -0.4648    -0.50632    0.22885   -0.006856   0.082661   0.14288
 -0.30883    0.082262   0.32511    0.23998    1.3191    -0.089265
 -0.096486  -0.38514   -0.10651    0.28306    0.26326    1.1288
  0.8877     0.41531    0.27649   -0.40275   -0.040896  -0.23861
 -0.42354    0.33354    0.098329   0.2374     0.0089011  0.53415
 -0.044995   0.45234    0.10628    0.11865   -0.66604   -0.43653
  0.0080793 -0.68464   -0.18517   -0.36036   -0.22818   -0.68536
  0.21816    0.051304   0.89638    0.31002   -0.066176   0.013158
 -0.30435    0.1402    -0.15209    0.47972   -0.50743    0.2526
  0.27134    0.0041091 -0.19439   -0.49567    0.23482   -0.20875
  0.056843   0.18271   -0.4215     0.23658  ]"
pours,"[-0.18976    0.9132     0.4526     0.014019   0.78224    0.95486
 -0.29476    0.20419    0.57367   -0.10486   -0.12099    0.2466
 -0.88032    0.85417   -0.24666   -0.46584   -0.25982    0.016585
  0.38054   -0.16858   -0.20398    0.31516   -0.15731    0.095406
 -0.18305    0.77632   -0.88199    0.066634  -0.069471  -1.0591
  0.47536    0.36312   -0.18199   -0.029646  -0.8397     0.32266
 -0.3847    -0.089134  -0.21416    0.3283    -0.49706   -0.15517
 -0.425     -0.32288    0.31227    0.30762   -1.0057     0.22264
  0.62949   -0.34214   -0.22843    0.071071   0.38084    0.15147
 -0.6658    -0.17206    0.073071   0.16798    0.017724  -0.25366
  0.88565    0.51399    0.14982    0.55131   -0.55683   -0.08756
  0.39873   -0.71577    0.38302   -0.36975    0.92389   -0.51381
  0.54111    0.30438    0.422      0.23314   -0.0074032 -0.39806
  0.11543    0.15111    0.65917    0.42188   -0.84983    0.084636
  0.52924   -0.1591    -0.55765    0.071989  -0.19554   -0.14566
 -0.090669  -0.083024  -0.5464    -0.30864    0.61175   -0.028933
  0.4527     0.32532   -0.60156    1.1222   ]"
bryn,"[ 0.48894   -0.12837    0.069063   0.16082   -0.17887   -0.77808
 -0.31227    0.77974    0.58164   -0.28264   -0.26883   -0.11142
 -0.15634    1.1402     0.12205   -1.0976     0.56541   -0.40021
 -0.10163   -0.13813   -0.41248   -0.22356    0.12386   -0.47267
  0.22623   -0.66844   -0.5137    -0.79223   -0.013705   0.2057
 -0.65735   -0.34652   -0.16701    0.16539   -0.82404   -0.44001
 -0.065792   0.88951   -0.27338    0.2108     0.20239    0.14825
 -0.59775    0.69697   -1.1582     0.09487    0.61541    0.5812
 -0.11498    0.44714   -1.0867     0.059677   0.11071   -0.88263
 -0.73219   -0.70373   -0.15746   -1.1064    -1.2679     0.0044664
  0.33206   -0.17526    0.39626   -0.25079   -0.67216   -0.36709
  1.5003    -0.35611    0.17582    0.19515   -0.67777    0.60866
 -0.36292   -0.36097   -0.42225    0.22561    0.35711   -0.47605
  0.30783   -1.2411    -0.16158   -0.29786    0.58715   -0.022282
  0.2639    -0.42838    0.49496   -0.44927    0.38189    0.10313
 -0.5701     0.25528    0.082744   0.28273   -0.041886   0.50652
  0.40249   -0.072363  -0.048736   0.28505  ]"
cheesy,"[-0.19934   0.11483   0.63147  -0.33958  -0.25213   0.50967  -0.2162
 -0.098396  0.51727   0.57183   0.35906   0.095989 -0.52158   0.36549
  1.0679    0.7077   -0.24719  -0.15122   0.98979   0.54583   0.31843
  0.61031   0.17376  -0.87874  -0.043639  0.49117  -0.015662  0.21596
 -0.59863  -0.62526  -0.13306   0.2091   -0.21957  -0.063908 -0.11605
  0.2591   -0.24689  -0.10589  -0.013409 -0.67172   0.77385   0.097663
 -0.63143   0.28204  -0.15578   0.11421   0.21511   0.37822   0.08996
 -0.58595  -0.39993   0.082946  0.19516  -0.40907  -0.37326  -0.43693
  0.43735   0.42222  -0.12818  -0.34398  -0.28727   0.90771  -0.21398
 -0.20465   0.15899  -0.59457   0.47492  -0.039023 -0.54611  -0.59772
  0.074896 -0.36027   0.28623   0.36234  -0.51099   0.40263  -0.44364
  0.30691   0.22617   0.12774  -0.079015 -0.59176   0.43605   0.25492
 -0.66041   0.26394  -0.14056  -0.028313 -0.51483  -0.52489   0.27323
  0.68548  -0.27338  -0.36618   0.016527 -0.61578  -0.32561  -0.15411
 -0.17792   0.5405  ]"
ishii,"[ 0.15809   -0.074726   0.29974   -0.29214   -0.51558   -0.38842
 -0.15421   -0.072333  -0.18541    0.43197    0.29267   -0.10533
  0.53771    0.38103   -0.16768    0.00615   -0.1539     0.51174
  0.28201   -0.072616   0.24722   -0.067119  -0.10812    0.48598
  0.79391    0.063578   0.354     -0.60711   -0.14637   -0.27087
 -0.82014    0.58585   -0.35891    0.68809   -0.067912   0.19026
 -0.025946  -0.41368    0.066349   0.0061871  0.066595  -0.097917
 -0.15847    0.20851    0.68766   -0.92754   -0.03876   -0.23847
 -0.064009  -0.012958  -0.19919   -0.45614    0.054517  -0.38937
  0.017395   0.56646    0.073535  -0.11902   -0.41526    1.076
 -0.25307    0.31827    0.16298    0.44507   -0.54415   -0.078406
  0.63672    0.051858  -1.3171     0.25703   -0.27951    0.52652
 -0.88532   -0.087898   0.20676    0.43847   -0.9977    -0.095456
 -0.61668    0.18394   -0.4652     0.35175   -0.64521   -0.14714
  0.61741    0.52647    0.017993   0.93216   -0.10788   -0.49073
  0.45663   -0.93433    0.21475   -0.48235    0.73367   -0.0085364
  0.01953    0.15836   -0.24861   -0.20244  ]"
scrooge,"[-0.82029    0.46554    0.58379   -0.48448    0.10699    0.63164
 -1.055     -0.49598    0.25809   -0.98712    0.015374   0.5121
 -0.020038   0.42773    0.15768    0.15536    0.078299   0.73265
  0.56628    0.34598    0.27354   -0.32175   -0.17322   -0.42228
 -0.041906   0.29131   -0.92647    0.060735  -0.53819    0.15132
 -0.27009   -0.11885    0.73935   -0.42405   -0.6846     1.1774
 -0.38589   -0.10213    0.024698  -0.71486    0.28749    0.82824
  0.42666    0.29861   -0.50744    0.28481   -0.17506   -0.62149
  0.97656   -0.07609   -0.97585    0.37836    0.61812   -0.046692
  0.30799   -0.083292   0.18284   -0.12038   -1.004      0.42641
  0.30259    0.85628   -0.18576    0.31123   -0.064009  -0.31132
 -0.22073    0.17642    0.2718     0.37684   -0.13744   -0.82779
 -0.34758    0.14226   -0.18494    0.32843   -0.078241  -0.43925
 -0.3133     0.21862   -0.74085    0.31452    0.057007  -0.26513
 -0.0035944  0.11949   -0.38723   -0.21028   -0.16156   -0.45025
  0.46596    0.50939    0.8082    -0.13769   -0.28995   -0.96113
  0.4587    -0.72827   -0.66397   -0.59581  ]"
changsha,"[-0.42358   -0.31857    0.99125    0.12053    0.83897    0.18073
 -1.2225     0.49247    0.32724    0.38237   -0.34937    0.26829
  0.043995   0.45096   -0.10707   -0.34122    0.6418    -0.44892
  0.50302   -0.92299    0.32567   -0.42669   -0.27534    0.45061
 -0.39428   -0.58881    0.34377    1.1733     0.030572   0.038157
 -0.69105   -0.25222    0.82919   -0.48571   -0.7825    -0.26825
  0.075531   0.35604   -0.4958    -0.37548    0.13726   -0.33709
 -1.0739    -0.8798    -0.2581     0.23581    0.76245    0.030758
  0.18975   -0.0047151 -0.84623   -0.86445   -0.006051  -0.14356
 -0.32919    0.64617   -0.03492   -0.20977    0.14326   -0.17046
 -0.5128     0.70524   -0.58152    0.80853   -0.060201   0.18174
 -0.65731   -0.015699  -0.72184    0.38975   -0.32586   -1.3976
  0.7023     0.53967   -0.3707     0.5245     0.81589   -0.12402
 -0.51805   -0.29199    0.16029    0.90077   -0.54906   -0.19644
  0.043026   0.86554   -0.60143   -0.24173   -0.08535    0.49046
  1.8383    -0.65963   -0.20264    0.3057    -0.37656    0.26546
 -0.1647    -0.39519    0.042324  -0.49038  ]"
conakry,"[-5.3198e-01 -1.8427e-01 -2.1808e-01  2.9985e-01 -5.8198e-01  1.4860e+00
 -3.8876e-01  2.7127e-01 -4.5949e-01  3.5519e-02 -2.6118e-01  8.8282e-01
  2.0536e-02 -4.7498e-01  5.7634e-01  2.7656e-01  5.3382e-02 -2.6618e-01
  1.1445e+00 -5.5480e-01  4.6677e-01  1.7656e-01  9.2441e-01  3.2588e-01
  3.2406e-02 -2.3962e-01  1.6901e-01  4.3071e-01  2.6603e-01  3.3358e-01
 -1.9902e-02 -1.6436e-01  3.7615e-01  4.1547e-01 -2.4265e-02  5.5902e-04
  9.4825e-01  3.4388e-01 -6.1123e-01 -7.0142e-01 -6.4201e-02  5.9592e-01
  1.0194e-01 -2.9761e-01  2.4838e-01  5.4971e-01 -6.1379e-01 -5.8625e-02
 -4.2987e-01  5.0063e-01 -2.7246e-01 -4.7648e-01 -6.1313e-02  4.1185e-01
 -1.8570e-01  4.8524e-01 -1.1278e+00 -5.8044e-01 -1.3788e-01 -1.8317e-01
 -1.4705e+00  1.6210e-01 -8.0448e-01 -5.8884e-01 -2.1365e-01  9.3087e-02
 -1.0263e+00 -4.4939e-01 -7.2797e-02  5.8641e-01 -1.0371e-02 -4.6951e-01
 -1.9939e-01 -1.2420e+00  4.5802e-02 -2.2054e-02  9.9280e-01  6.7003e-01
 -6.2062e-01  7.9864e-01  1.3682e-01  5.1613e-01  1.6733e-01 -5.6109e-01
  3.8279e-01  7.6307e-01  7.1120e-01  3.9273e-01 -5.7215e-01  5.8563e-02
  1.0457e+00 -4.4573e-01 -4.9199e-01  2.3143e-01 -3.0876e-01  1.1154e+00
 -2.3446e-01  8.5065e-02 -1.0107e-01  5.6083e-01]"
kelantan,"[-0.090237 -0.89191   0.98755  -1.313     0.45241   0.44556  -0.56644
  1.2984   -0.16979   0.14497  -0.40216  -0.60547   0.2486    0.38055
 -0.19856  -0.22697   0.13325  -0.65708   0.39936  -0.16544   0.40451
  0.15198   0.41435   0.55727  -0.93138  -0.067845  0.95969  -0.45274
 -0.12378  -0.37679  -0.44182   0.17062   0.18329  -0.70756  -0.35725
 -0.20643  -0.40555   0.73536  -1.0329   -0.77129  -0.48394   0.34869
  0.35386  -0.6161    0.29177   0.46655   1.4969    0.3508    0.39386
  0.064348 -1.0076    0.22604   0.94934   0.36048  -0.095509  0.36946
  0.038074 -0.09987  -0.22809  -0.59158  -0.24766  -0.72729   0.11101
  0.40689  -0.15601   1.1138   -0.14739   0.064906 -0.25379   0.50412
  0.32581  -0.4288    1.1967   -0.17075  -0.33264   0.14958  -0.31359
 -0.19003  -0.3732    0.66171   0.19887  -0.79016  -0.10237  -0.13603
  0.33963   0.10603  -0.17571   0.36366   0.13027   0.42437   0.27505
 -0.27378  -0.8858    0.13245  -0.70286   0.32893   0.018281 -0.14766
  0.27747  -0.2608  ]"
supernova,"[ 0.029383   0.87846   -0.22713   -0.2674    -0.61402    0.29509
  1.2052    -0.10677    0.62233    0.78529    0.51305    0.4096
  0.34636   -0.4396     0.43531   -0.26184    0.54332    0.43854
  0.61431    1.1279    -0.5552    -0.28989   -0.80052    0.53287
 -0.15289    0.35391    0.44165    1.137      0.19812   -0.67542
 -0.17867   -0.97546    0.010531   0.36745    0.3314    -0.22704
  0.48793   -0.56899    0.346     -0.78776   -0.30275    0.6811
 -0.21543    0.30933    0.39259   -0.31294    0.70706    0.90948
  0.12717   -0.46831    0.029829   0.016141  -0.028086  -0.3539
 -0.093261  -0.70715   -0.29584    0.70678   -0.19827    0.6314
 -0.72192    1.0224     0.13582    1.2159     0.65835    0.36556
 -0.35908   -0.7621     0.033133   0.29811    0.56084   -0.35291
  0.87739    0.021347  -0.68761   -1.2074     1.0081    -1.4511
 -0.22521   -0.44114    0.72545   -0.38809    0.32766   -0.023621
  0.65049   -0.0084184  0.25388   -0.60536    0.068631  -0.27891
 -0.14772    0.62923   -0.39946    0.74056    0.078708  -0.44374
 -0.34453   -0.46686   -0.52018   -0.38653  ]"
tuttle,"[ 0.048751  -0.62116   -0.0458    -0.48838   -0.28942   -0.5132
  0.057189   0.078519   0.3701    -0.082671   0.083783  -0.41085
  0.14447    0.0085695  0.4171     0.058218   0.53667    0.31306
 -0.395      0.43663    0.06686    0.25391    0.29593    0.34326
  0.3599     0.988     -0.21519    0.37005   -0.60177   -0.27062
  0.0043627  0.4641     0.54223    0.15393    0.082998   0.29429
  0.084651  -0.24253    0.26175    0.21011   -0.54746    0.2233
 -0.16152    0.51773   -0.33351    0.37152   -0.0019559 -0.44734
  0.62152   -0.1244     0.029579  -0.48708   -0.040125  -0.50023
 -0.70266   -0.0019013  0.058804  -0.2759    -0.27088    0.2933
  0.32288    0.19075    0.69355    0.57681   -0.23146   -0.56082
  0.39929    0.66001    0.067141  -0.22614   -0.23647    0.46753
  0.067882  -0.23717   -0.20171   -0.80486    0.21713   -0.18279
 -0.48558   -0.12915    0.26922    0.365     -0.035658  -0.47451
  0.31186    0.41051    0.46434   -0.52709   -0.090731  -0.38261
  0.31753    0.42315    0.42735    0.0028081  0.38477   -0.20311
 -0.0019048 -0.11946   -0.5812     0.072875 ]"
ish,"[-0.42785   -0.18511    0.46347   -0.88123   -0.81579   -0.047164
  0.12576   -0.41377    0.28682    0.56488   -0.24467    0.20133
 -0.08666   -0.13785    0.50394    0.20853   -0.013928   0.046962
  0.51543    0.34067    0.42449    0.33109   -0.38251   -0.57135
  0.47848    0.55708   -0.38121   -0.068472  -0.1329     0.01763
 -0.060893  -0.13867   -0.18748   -0.66496   -0.25476   -0.1153
  0.20115    0.42322    0.13593   -0.55837    0.24691   -0.072234
  0.15282   -0.054125   0.38253   -0.42132   -0.01209   -0.069768
  0.6449     0.52559   -0.81634    0.078135   0.61575    0.27561
 -0.98749    0.19344   -0.011826   0.43124   -0.32487    0.19208
  0.0036921  0.30151   -0.21831   -0.14891   -0.10523   -0.29771
  0.78084    0.075521  -0.39896   -0.23245    0.012222  -0.03399
 -0.78854   -0.78053   -0.40101   -0.19336   -0.070551  -0.57012
  0.32141   -0.7971    -0.37764   -0.20489    0.57645    0.18411
 -0.18651    0.68491   -0.030389  -0.52086   -0.067305   0.078714
  0.31902    0.42975    0.11718   -0.96117    0.34358    0.2427
  0.071236  -1.0277     0.020428   0.28944  ]"
referrals,"[ 0.35389   -0.15107   -0.23624   -0.44654    0.15864    0.30623
  0.47746    0.26652   -0.17393   -0.40902    0.38023    0.092005
 -0.014493   0.29676    0.84066   -0.05368   -0.042962  -0.14907
 -0.29516    0.98965   -0.56719    0.4261    -0.26869   -0.096502
 -0.45025    0.045295   0.51177   -0.21667   -0.42012   -0.5232
  0.58903    0.14779   -0.039179   0.13545   -0.23589    0.66933
 -0.93799   -0.17177   -0.34685    0.2946     0.17769    0.43929
 -0.55222   -0.88479   -0.59626   -0.23615    0.053622  -0.084177
  0.48683   -0.23025    0.3726     0.21379   -0.28101   -0.062207
 -0.24243    0.87623    0.5701    -1.0037     0.6687    -0.026617
 -0.28304   -0.2012     0.90979    0.33363    0.15534    0.024058
  0.16405   -0.3399     0.85304   -0.17475   -0.15287   -0.25464
  0.0047555 -0.63834    0.72944    0.29627   -0.46234   -0.24129
 -0.1558    -0.65545    0.3775     0.56795    0.25573   -0.058661
 -1.788      0.069026   0.39715    0.50421   -0.55044   -0.45963
  0.054015   0.1907    -0.09751   -0.44901    0.72456    0.42038
  0.41779    0.57508    0.23577    0.083637 ]"
paramedic,"[-0.11791   0.22063  -0.62918  -0.27567  -0.37539   0.31667   0.95334
  0.52523  -0.021253  0.56611  -0.20774  -0.16586   0.1239   -0.074683
  0.38781  -0.45536   0.41674   0.021132 -0.15738   0.41599  -0.48813
 -0.11522  -0.28464   0.09837   0.17608   0.18094  -0.40429  -0.17998
 -0.54804   0.30167  -0.49586   0.12734  -0.68355   0.73934  -0.17559
  0.022751 -1.0839    0.1488    1.5688    0.27436   0.35323   0.44462
 -0.033384 -0.197     0.22521   0.63128  -0.61243   0.36922  -0.25254
  0.26151  -0.055059  0.31208  -0.40664   0.55209   0.2659    0.46081
  0.41924  -0.12457   0.11031   0.81564   0.65367  -0.23435   0.044505
  0.27493  -0.38568  -0.053751 -0.19093   0.25649   0.48049   0.74368
 -0.49591  -0.51146   0.19347  -0.30757   1.2461    0.53869   0.39969
 -0.17239   0.085008 -1.2794   -0.32948   0.19372   0.2265   -0.10267
 -0.71517   0.17978   0.053108  0.3801   -0.44071  -0.28293   0.75138
 -0.189    -0.27995   0.408     0.10413   0.68834   0.26018   0.31924
 -0.3969   -0.29242 ]"
coasters,"[-1.7939e-01  4.9420e-01 -3.0897e-01 -7.5833e-01 -3.8930e-01 -5.7077e-02
 -3.0148e-02  1.5104e-01 -2.1257e-01 -5.0453e-01 -5.0413e-02 -4.3348e-01
  3.3912e-01  8.5039e-02  8.1334e-01  1.8974e-01 -1.2132e-01  8.7582e-01
 -6.6504e-01 -3.1670e-01  8.7336e-01  6.5271e-01 -2.5269e-01 -4.6135e-01
  6.4508e-01  2.2041e-01 -7.3774e-01  1.5152e-01 -1.0258e-01 -5.2076e-01
  1.1834e-01  1.5455e-01 -2.1259e-01  7.4649e-01  5.3155e-01  7.5485e-01
  5.1975e-01 -1.3189e-01  2.1149e-02 -9.1827e-01 -3.1291e-02  1.0901e+00
 -2.9040e-01 -5.3547e-01  1.7600e-01  9.8022e-01  1.0182e+00 -6.4486e-01
  1.7685e-01  3.1056e-01 -5.4255e-01 -2.8754e-01 -1.5559e-01 -2.5926e-01
  3.7589e-01  9.2904e-02  1.6151e-01  1.0020e+00  5.2116e-01 -1.9159e-01
 -1.8948e-01  4.1783e-01  6.4263e-01  8.0353e-01 -6.2490e-01  2.9883e-01
 -5.1083e-04  3.9069e-01  5.9724e-01 -9.2207e-01 -4.3099e-01  6.2175e-02
 -1.2442e-02  3.5296e-01 -2.8790e-01  2.8886e-01  7.1975e-01  1.0123e-01
 -1.9907e-02 -2.3546e-01 -4.1019e-01 -3.3073e-01  1.1847e-01  1.4354e+00
  2.9217e-01  2.5542e-01 -3.5363e-01 -4.8443e-01  3.4074e-01  2.7485e-01
 -8.5627e-01 -1.6511e-01 -2.1412e-01 -4.8753e-01  3.9642e-01 -6.1299e-01
 -7.2121e-01 -4.8795e-01  1.1237e+00  1.6767e-01]"
mfn,"[ 1.1246e+00  2.9461e-01  1.0494e+00  2.8054e-01 -1.4158e-01 -1.0784e+00
 -2.7033e-01  5.9345e-01  9.8632e-01 -1.3453e+00 -1.2779e+00 -1.8096e-01
  7.7114e-01 -8.8410e-01 -1.2590e-01 -2.1875e-01  7.0492e-01 -6.3912e-01
  6.5556e-01 -7.7633e-02  5.9446e-01 -2.6727e-01 -9.1305e-01  9.6273e-01
  1.3698e+00  7.7272e-01  5.7280e-01 -2.2563e-01 -9.3407e-02 -4.7647e-01
 -3.7157e-02  2.7625e-02  4.0339e-01  1.0785e+00  4.8007e-01  1.0160e+00
 -6.3739e-01 -3.5083e-01 -5.7581e-01  4.3818e-01 -6.3858e-01 -3.6902e-01
  1.3494e+00 -7.2789e-01 -1.7800e-01 -1.3620e+00 -3.1179e-01 -2.7451e-01
  1.7953e-01 -9.0365e-01  2.7556e-01  9.7063e-01 -4.8615e-01 -5.3946e-01
 -3.6120e-01  3.8989e-01  1.3479e+00 -1.3342e+00  3.7814e-01  3.6573e-02
 -4.0646e-01 -8.4398e-01 -1.5197e-02  3.5305e-01  5.3342e-01  6.4412e-01
  4.2160e-01 -2.3813e-01  1.2996e-01 -1.2795e+00  7.6251e-02 -4.9820e-01
 -3.8670e-01  5.7221e-01 -5.1112e-01 -1.3149e+00 -6.1422e-01 -2.4227e-04
 -7.7914e-01 -6.0584e-01 -5.0996e-01 -6.2573e-01  8.4913e-02  8.4659e-01
  1.1460e-01  1.4661e+00 -1.9966e-01  5.8054e-01  5.3758e-01 -8.2679e-01
  2.1832e-01 -1.5367e-01  3.4234e-01  1.4147e-01 -1.3986e-01 -4.5312e-01
  8.2759e-02  6.7494e-01 -8.2193e-02 -4.5523e-01]"
ica,"[ 0.76047  -0.15342   0.41521   0.24798   0.05907  -0.53717  -0.075332
  0.47048   0.60687   0.80968   0.61747  -0.87708   0.62686   0.021423
 -0.81201   0.26714  -0.20071   0.15762   0.36906   0.30876   0.025779
  0.28613   0.27915   0.26451  -0.15219  -0.68519   0.16613  -0.32799
 -0.094407 -0.71165  -0.71672  -0.64611  -0.69714   0.64384  -0.0789
  0.16027   0.33798   0.39176  -0.10848  -0.58367   0.77866  -0.031915
 -0.44249  -0.76028   0.1969    0.69952  -0.46068   0.56809   0.44901
  0.49711  -0.98842   0.43022   0.50194  -0.34376  -0.92776   0.29195
  0.047503 -0.52531  -0.3075    0.35865  -0.18897   0.15584   0.34234
 -0.18014  -0.46904   0.49102  -0.29128   0.14218   0.20719   0.12412
 -0.16641   0.77991  -0.50054  -0.22324   0.29784  -0.83581   0.18989
 -0.37666  -0.5761   -0.11691  -0.37699  -0.74532   0.10686   0.28224
 -0.055102  0.11783  -0.25779   0.26968   0.32253  -0.18551   0.98844
 -0.32984  -0.56697   0.019268 -0.058872  0.30375   0.33785  -0.036736
  0.22524   0.62376 ]"
jaffa,"[-2.9793e-01 -8.5459e-01 -3.1629e-01 -1.9867e-01 -2.7735e-02  2.8770e-02
 -1.5815e-01 -2.4844e-01  5.0923e-01  4.5253e-01 -3.7921e-01 -3.8148e-01
  1.7243e-01  2.2845e-01  2.0409e-01  5.8644e-02  1.1742e-01 -3.0488e-01
 -1.1424e-03 -2.8655e-01  5.7955e-01 -4.2240e-01  4.0125e-01 -2.7220e-01
  7.2995e-01 -4.6171e-01  6.8259e-02 -4.4144e-01  5.5291e-01  3.5874e-02
 -2.6881e-01  3.6099e-01  9.4645e-01  3.2310e-01 -5.6776e-01 -1.8584e-02
  3.7658e-02  4.6110e-01  8.3265e-01 -2.3705e-01  1.8269e-01 -3.1702e-01
 -9.8638e-02 -5.0220e-01  3.2160e-01 -1.8559e-01  2.2071e-01  9.5021e-01
  1.7091e-01  7.8980e-01 -4.2283e-02  1.1060e-01  2.8233e-01  8.4026e-02
 -1.3240e+00 -1.8290e-01 -1.7214e-01  9.3722e-02 -5.1681e-01 -6.7829e-01
 -4.9837e-01  3.9461e-01  8.8942e-02  1.2102e-01 -2.6484e-01  2.8808e-01
  1.0094e-01 -7.4621e-02 -7.9645e-01 -4.5549e-01 -6.3398e-01 -5.3249e-01
  5.5337e-01 -2.4695e-01 -6.1870e-01  1.5775e-01  6.9342e-01  4.0854e-01
 -7.9358e-03  1.2530e-01  2.5480e-01  1.0664e+00 -8.4266e-01  1.3029e+00
  1.1684e-01  5.1164e-01 -6.4586e-01 -1.0836e+00  3.9042e-01  4.0026e-01
  3.0696e-02 -1.6683e-01 -2.7767e-01  1.6322e-01 -1.0431e+00  2.4768e-01
  7.4442e-01  6.3132e-01  4.5169e-01  5.0933e-01]"
ase,"[ 2.4947e-01  1.1013e+00  1.5621e-01  1.2870e+00 -4.2485e-01 -5.0278e-01
  2.8219e-01 -1.0010e-01 -1.0762e+00 -4.5492e-01  7.3769e-01  1.1831e-03
  4.4909e-01 -9.3170e-01 -1.0251e+00 -9.6968e-02 -4.7149e-01 -1.3717e+00
  1.4505e+00 -5.7993e-02 -3.5476e-01 -6.5107e-01 -6.2657e-01  8.6280e-02
  1.0169e+00 -1.4289e-01  4.4839e-02 -7.5464e-01 -6.1135e-01 -4.5199e-01
 -1.4863e+00  1.2509e-01 -4.8081e-01  9.3514e-01 -4.2514e-01 -6.5843e-01
  1.8541e+00  4.5979e-01  3.6103e-01 -6.5488e-02  3.0412e-01  3.5967e-02
 -7.7259e-01 -6.1046e-01 -2.6355e-01  6.7157e-01 -4.2932e-01  7.4284e-01
  2.6501e-01 -7.5763e-01  5.7053e-01  1.0918e-01 -1.4968e+00  2.6114e-02
 -1.2708e+00  5.8290e-01  1.0354e-01  6.8321e-01  9.8172e-01 -2.6369e-01
  7.9142e-01 -2.5549e-01 -1.6500e+00  1.4355e+00  2.0966e-01 -2.0677e-01
  6.6376e-01 -7.9826e-01 -1.8550e-01  1.1327e+00 -1.0227e+00 -4.9860e-01
 -1.3994e+00 -8.4008e-02 -6.4251e-01  4.8915e-01 -7.1140e-01  6.2247e-01
  6.2340e-01 -1.0822e+00  7.7792e-02 -6.4661e-02 -1.7719e-01 -5.8970e-01
  6.1509e-01  8.2795e-01  6.1377e-01 -3.3274e-01  5.8908e-01  1.6016e+00
 -3.6026e-02  1.0790e+00  4.5639e-01  6.9763e-01 -1.5876e+00  8.4404e-01
 -6.7804e-02  2.5482e-01 -4.0963e-01  3.1959e-01]"
vogt,"[-1.1331e+00 -1.2093e+00  1.6753e-01 -5.6852e-01 -2.7219e-01 -7.6407e-01
  6.1782e-02 -7.2465e-01  3.7372e-01  5.1392e-02  4.7542e-01 -2.0072e-01
 -3.5205e-01  4.3450e-01 -5.4080e-01 -5.8054e-02  3.7238e-01 -6.6652e-01
 -6.7588e-01 -7.4615e-01 -4.2439e-01  1.6977e-01  6.4098e-01  1.2332e+00
  2.2067e-01 -3.2627e-01  1.3450e-01 -3.8473e-01 -1.4566e-01 -2.2642e-02
 -1.1961e-02 -5.1791e-01 -2.9844e-01  2.3640e-01 -5.5317e-01  6.0976e-02
  6.4075e-01  1.1185e+00 -3.2784e-01  6.1526e-01  5.3161e-02  9.0445e-01
 -3.1437e-01  2.0362e-01 -2.7072e-01  1.3764e-01 -9.3848e-01 -7.1893e-02
 -1.0485e-01  4.2353e-05 -4.6829e-01 -2.5435e-01 -2.8785e-01  2.3732e-01
 -4.8372e-01  4.0462e-01 -2.2468e-01  1.5220e-01 -6.4507e-01 -6.3004e-01
  3.0346e-01  6.7785e-01 -1.1095e-01  5.5480e-01 -2.4321e-02 -1.5893e-01
  3.6565e-01 -1.0383e-01 -3.7368e-01  6.4885e-01 -3.8794e-01 -2.3617e-01
  4.2237e-01  3.0566e-02  4.9572e-01 -2.3453e-01 -9.0184e-02 -4.3349e-01
 -2.0779e-01  4.9145e-01 -6.1190e-01  2.9745e-01 -1.4616e-01 -1.0418e+00
 -9.8602e-02 -4.7720e-02 -5.4841e-01 -5.2976e-01 -8.3529e-01  1.7767e-01
  1.0188e+00 -5.7961e-01  6.1557e-01 -1.7868e-01 -1.4850e-01  2.3898e-01
  6.1723e-01 -3.4232e-01  1.0005e-01  3.5333e-03]"
"64,000","[ 2.5217e-01  1.0561e+00 -1.9983e-01 -1.1727e-01 -5.0780e-01  3.1526e-01
  3.4282e-01  2.6632e-01  9.5593e-01  4.0176e-01  2.6978e-01  7.9505e-01
  1.8014e-01 -2.0539e-01 -1.2833e-01 -1.9149e-01 -2.8782e-01  3.8164e-01
  4.6025e-01  5.3159e-01  1.6281e+00 -2.8175e-01  5.8563e-01  7.7850e-02
  8.5461e-01 -1.0239e+00  1.2300e-01  1.9130e-01 -3.4904e-01 -8.7658e-01
  6.2172e-02  5.2406e-02  7.2311e-02 -2.3788e-02 -6.6650e-01 -2.4835e-01
 -4.0361e-01  8.9866e-01  4.3549e-01 -2.0170e-01 -1.7363e-01  2.6355e-01
 -8.0946e-02 -3.1554e-01  1.2199e-01 -1.0834e-02  5.7008e-01 -6.9430e-01
 -5.3811e-01  5.0592e-01  2.6418e-01 -4.4385e-01 -4.2534e-03  4.7737e-01
 -2.2953e-01  6.8643e-01  4.8000e-01 -9.3644e-01  1.9587e-01 -6.8222e-02
  7.0234e-01  6.6170e-01 -3.0530e-01 -1.9863e-01  3.5820e-01 -2.5846e-01
  2.0403e-01  1.4235e-01  5.4699e-01  3.0944e-01  8.1343e-01  6.5100e-01
 -5.8316e-01  1.3686e-01 -1.3640e-01  6.8926e-01  1.8936e-01  5.2375e-01
 -5.6865e-01  1.4737e-01  3.0443e-01 -2.6991e-01  4.6999e-01  5.0195e-01
  2.1074e-01  1.4691e-01 -1.3467e-01  6.6674e-01 -3.6160e-02  1.0270e-01
 -1.5567e-01  1.3910e+00 -2.7207e-01 -1.0838e+00 -2.3790e-01  5.0697e-01
  2.9379e-01  5.7406e-01 -7.8238e-05  1.4446e-01]"
jovanovic,"[-0.19398   -0.52586   -0.19072   -0.04906    0.097737   0.40049
  0.60563    0.37571    0.12501    0.56731   -0.3146    -0.067685
 -1.0532     0.18711    0.24857    0.30984   -0.54169   -1.0521
 -0.5657    -0.81679   -0.33627   -0.22521    0.51344    0.5557
 -0.1902     0.3504     0.57336   -0.042206   0.37708    0.39567
  0.66765    0.25269   -0.8019     0.35946   -0.095291   0.29407
  1.0891     0.70336    0.54349   -0.44227   -0.051834   0.4767
  0.85239    0.23335    0.40686   -0.45414    0.45586   -0.20488
  0.17877    0.525      0.55666   -0.07987   -0.28298    0.060977
 -0.10354    0.57591   -0.55443    0.6482    -0.25355    0.82335
  0.088713  -0.40258   -0.15628    0.086466  -0.28207   -0.44172
  0.73228    0.56625   -0.54091    0.42842    0.25162   -1.0692
  0.32362    0.0045287  0.56108    0.35921   -0.50759   -0.02292
 -0.22385   -0.52011   -0.44869    0.023906  -0.67688   -0.56486
  0.40784    0.22627   -0.22132    0.55383   -0.38074   -0.54335
  0.040893   0.46108   -0.011818  -0.38671   -0.034212  -0.4446
  0.070913  -0.12026   -0.10412    0.4353   ]"
corrigan,"[ 0.48718    0.29514    0.14158   -1.4193     0.33126    0.32494
 -0.093633  -0.41143    0.22847   -0.87357   -0.06074    0.25861
  0.38962    0.93763    0.097266  -0.067429   0.31889    0.68355
  0.094414   0.59683    0.13677   -0.15046    0.40421    0.048953
  0.63025    0.62525   -0.13509    0.11965   -0.46196    0.40721
 -0.20972    0.057132  -0.028015   0.084986  -0.42566   -0.070653
  0.53215    0.91137   -0.45971    0.041886  -0.58744   -0.32086
  0.19598    0.064441  -0.0075165  0.92423    0.14226   -0.6539
 -0.59088   -0.11105    0.53749   -0.52742    0.38235    0.025035
 -0.18833    0.27795   -0.15166    0.21231   -0.84264   -0.03508
  0.26175    0.18863    0.21983    0.3266     0.11583   -0.41961
 -0.31858    0.80141   -0.15767    0.28419   -0.31132   -0.089996
 -0.057535  -0.64233    0.15807   -0.73929    0.014788  -0.28389
  0.13815   -0.36857   -0.21616    0.038765   0.055018   0.10906
  0.34851    0.46469    0.58622   -0.25359   -0.56883   -0.21065
  0.33113    0.0064526 -0.075681   0.21365    0.38911    0.27468
  0.35708    0.41481   -0.15628    0.53614  ]"
recede,"[ 4.2153e-01  4.1886e-02  2.0058e-01 -4.1293e-01  2.4912e-02 -6.4559e-02
 -3.4292e-01 -3.9224e-01  8.3032e-01 -1.0944e-01 -3.4804e-01  8.4762e-01
 -8.8784e-02 -1.9400e-01  2.2788e-01 -8.4759e-01 -2.5885e-01  5.0078e-01
  9.7265e-02 -3.9677e-01 -2.6269e-01  1.1308e-01  1.1781e-01  7.2589e-01
 -2.8751e-01  3.3951e-01 -6.8652e-01 -2.7845e-01  1.1892e-01 -2.2357e-01
 -3.5695e-01 -1.5088e+00 -5.3370e-01 -1.0948e-01 -7.3897e-01 -1.1157e-01
 -2.8480e-01 -7.8200e-01 -2.5449e-01 -7.8674e-02 -6.4508e-01 -2.1521e-01
 -1.4463e+00  1.1754e-01  9.9329e-01  5.2087e-01  8.6363e-01  2.9937e-02
  5.8674e-01 -1.1030e+00  3.3708e-01 -4.1156e-01  1.4405e-01  8.2420e-01
 -5.3487e-02  1.4147e-01  7.5746e-02 -7.4113e-01 -1.9303e-01  1.5358e-01
 -3.1894e-01  1.3662e+00 -4.4426e-03  7.9907e-02  4.8263e-01  1.2701e+00
  2.8799e-02  1.1619e-01  2.2011e-01 -7.5455e-01  2.8532e-01 -2.9538e-01
  2.6379e-01 -4.1499e-01  7.9477e-02 -6.4210e-04 -3.8741e-01  5.4536e-01
  6.5645e-01 -7.2121e-01 -3.9354e-02 -4.1976e-01 -4.1405e-01 -1.3252e-01
  4.6178e-01 -8.9765e-02 -1.3786e-01  3.0792e-01 -1.2309e-01  4.0701e-02
  4.9793e-01  3.5813e-01 -6.0641e-01 -9.7405e-02 -2.2848e-01  1.6023e-01
  3.5563e-01  1.8250e-01 -5.7275e-01  6.7893e-01]"
haj,"[-7.1623e-01 -6.0860e-01 -5.8210e-01 -1.4041e+00 -2.1855e-01 -5.9471e-01
 -1.1344e-01  3.7231e-01  3.7390e-01  6.5778e-02 -2.0996e-01 -6.4045e-01
  1.1544e+00  1.7061e-01  1.4566e-03 -2.7599e-01 -4.2817e-01 -2.6121e-01
  1.3899e-01  2.7976e-01  2.5585e-01 -3.1110e-01 -1.7216e-01  5.1895e-01
 -1.7934e-01 -1.1010e-01 -4.7860e-01  4.9395e-02 -1.0011e-01 -4.2764e-01
 -5.6844e-01 -1.1662e+00  8.5350e-03  1.0310e+00 -1.0349e+00  2.1906e-01
 -4.0210e-01  1.9810e+00 -4.9864e-01 -3.3543e-01  3.3784e-02  7.5078e-01
  7.1672e-01  1.0331e-01  8.4572e-01 -4.6496e-01 -3.7364e-01 -8.9025e-01
  5.1571e-01  8.3425e-02 -3.6382e-01 -1.7371e-01  4.1839e-01 -1.8183e-01
 -9.8447e-01  8.5171e-01 -1.1629e-01  1.7023e-01  5.3305e-01 -2.1288e-01
  4.0589e-02 -3.1532e-01  4.6026e-01 -1.4708e+00 -5.3114e-01 -3.6899e-01
  8.5638e-01  3.8680e-02 -9.1472e-01  3.5557e-01 -2.2064e-01 -3.6778e-01
  4.7473e-01 -7.2044e-01 -3.3549e-01 -5.8189e-01 -5.4230e-01 -1.2000e-01
  4.7497e-01  5.7536e-01  8.1919e-01 -9.3813e-02 -7.5130e-02  1.0832e-01
 -6.1524e-01  4.2625e-01 -2.2134e-01 -4.2506e-01  4.5197e-01 -5.0203e-02
  7.8113e-02  2.6832e-01  1.3070e-01  9.2006e-03 -4.5615e-02 -9.7274e-01
  9.6529e-01 -2.9422e-01  6.5425e-01 -8.1036e-01]"
shing,"[ 0.47131   -0.37638   -0.42404   -0.81429    0.33651    0.28247
 -0.11339    0.0039996  1.0239    -0.099921   0.078057   0.94135
 -0.072448  -0.29904   -0.39644   -1.2909     0.030906  -0.39466
  0.10514   -0.031058   0.90202   -0.10964   -0.8544    -0.33106
  0.22302    0.18629    0.52814   -0.1026    -0.85756    0.053071
 -0.59549    0.36695    0.41207   -0.052485  -0.28533    0.060093
  0.16101    0.66972   -0.90156   -0.15812   -0.13221   -0.42222
  0.30551   -0.28868   -0.12798    1.0061    -0.32946    0.87146
  0.54185   -0.098846  -0.90044   -0.34168    1.15      -0.17508
 -0.62682    0.34966    0.059772   0.53968    0.56358   -0.78413
  0.12305   -0.29761    0.26166    0.70783   -0.30679    0.5846
  0.024932   0.85322   -0.05882    0.20551    0.35341    0.42939
  0.42055   -0.65461   -0.81136   -1.1046     0.13954   -0.52886
  0.52523   -0.067867   1.0729     0.61421    0.37721   -0.0028581
 -0.28686   -0.55695   -1.3072    -0.48929    0.2994     0.22688
  0.59659   -0.15075    0.8161    -0.20055   -0.12354    0.18815
  1.0691    -1.6469     0.25088   -1.0574   ]"
afterthought,"[-0.4079    0.55693   0.88438  -0.17029   0.086532  0.35125   0.44229
 -0.24757   0.87714  -0.027995 -0.23175  -0.10565   0.066321 -0.71782
  0.44313   0.021994  0.21004   0.48304   0.23051  -0.41474  -0.038078
  0.50422  -0.29499  -0.20446   0.6794    0.019587 -0.25687  -0.12636
 -0.48733  -0.60549   0.032787 -0.29506  -0.33275  -0.36491  -0.43362
  0.5083   -0.87256   0.19982  -0.41586  -0.10665   0.37381   0.78557
 -0.16128  -0.23238  -0.17552   0.17967   0.81559   0.15977  -0.68743
 -0.72438   0.050359 -0.3985    0.31768   0.16489  -0.56228   0.011445
 -0.058241 -0.36321  -0.06471   0.35986  -0.22343   0.070824  0.090383
 -0.098217 -0.29094  -0.99059   0.31402  -0.24977  -0.10934  -0.038319
 -0.27743  -0.72619   0.15273   0.16327  -0.59194  -0.072674 -0.10014
  0.16316   0.080598 -0.87347  -0.2845   -0.17552  -0.12508   0.5059
 -0.22158   0.35277   0.19008   0.2664   -0.3933   -0.79461   0.015646
  0.38626  -0.030677  0.14026  -0.11789  -0.34751  -0.16573   0.095305
 -0.40446   0.53384 ]"
yolanda,"[ 8.5829e-01 -5.5881e-01 -3.5496e-01 -1.7292e-01  3.7775e-01  4.1608e-01
  4.2153e-01  1.9351e-01  1.1256e-01 -6.2603e-01 -3.6333e-01  9.1726e-02
 -5.1397e-01  9.2108e-02 -2.9354e-02 -3.1329e-01 -2.8041e-01 -4.2258e-01
 -4.5608e-01  5.8139e-01 -6.8741e-01 -2.6087e-01  5.8110e-01  7.0025e-01
  8.0709e-01  4.4552e-01  5.4949e-01 -1.0428e+00 -4.6986e-01 -5.3396e-02
  2.5122e-01 -2.2517e-01  1.1368e+00  9.7931e-01 -1.3331e-01  7.7849e-03
  4.3159e-01  4.3645e-01  1.8157e-01 -1.8105e-01 -1.4885e-01  5.7181e-01
  4.5191e-01  2.3929e-01 -4.2290e-01  9.5162e-02 -3.9602e-01 -3.2171e-01
 -5.2039e-02  1.9640e-01 -3.8276e-01  7.8777e-02 -2.5367e-01 -1.7170e-01
  2.5686e-01  2.8838e-01 -5.8995e-01 -2.2247e-02 -7.1936e-01  2.2247e-01
  1.2693e-01  1.8391e-01 -2.8055e-01 -4.1163e-05 -4.2985e-01  2.3717e-01
  6.7190e-01  5.5235e-01  4.3410e-02  5.5265e-02 -1.6364e-01 -3.7036e-01
  2.3493e-01 -2.0529e-01  6.4961e-01  7.0997e-02 -7.6954e-02 -6.4074e-02
 -5.0271e-01 -4.2422e-01 -6.2158e-01 -1.5933e-01 -4.8858e-02 -3.9489e-01
 -1.1822e-01 -4.6868e-02  1.2180e-01  2.4254e-01 -6.8133e-02 -1.8163e-01
  2.8925e-01  1.5728e-01  7.1558e-03  7.0259e-02 -6.7430e-01 -4.2781e-01
 -1.0970e-02 -5.8354e-01 -9.2753e-01  4.1630e-02]"
schleck,"[ 0.18746  -0.51394  -0.079815 -1.4187   -0.012439 -0.34835   0.34022
  0.19675  -0.7048   -0.31317   1.1124    1.7466   -1.8314    0.28968
  0.58806  -0.056774 -0.085239 -0.82928   0.50581   0.031705  0.38112
  0.093331 -0.47445   0.010336 -0.17176  -0.24649   0.66999   0.23376
  0.074408 -0.2311   -1.1129    0.43135   0.81947  -0.071473  0.57688
  0.66544   0.48592  -0.39199  -0.16202   0.39755   0.26877  -0.92741
  0.65198   0.95598  -0.79704   0.9596    0.27443   0.33453   0.17148
 -0.70368  -0.35931  -0.38048  -0.61269   0.59564  -0.08178  -0.49217
 -0.3263    0.94847  -1.371     0.84168   0.83159  -0.12364   0.94818
  0.52169   1.2803    0.8678   -0.40994   0.40265   0.058931 -0.34418
 -0.58242  -0.23917  -1.0376   -0.75656   0.12954   0.57805   0.50459
 -0.73572   0.45451   0.13626   0.32622   0.30305  -0.65276   0.33062
  0.19411  -0.051006 -0.40848   0.75968   0.49578   0.15647  -0.61815
 -0.63752   0.72613   0.46077   0.41704   0.19263  -0.81712  -0.93825
 -0.73802  -0.89878 ]"
24.3,"[ 0.95394    0.82418    0.6127    -1.0623     0.01923    0.46289
 -0.17873   -0.24688   -0.083964   0.66741    0.6024     0.8286
 -0.50007   -0.53193    1.7823    -0.22108   -0.26367   -0.022147
 -0.54809    0.0069949 -0.24587    0.59474    0.76363    0.80201
 -0.49298   -0.45974    0.51574    0.42642   -0.058725  -1.2557
  0.66043   -0.15143    0.48178   -0.55312   -0.44509    0.77645
  1.3965     0.22599   -0.81597    0.53206    0.082943   0.32804
 -0.26493    0.70305    0.11252    0.26675   -0.551     -0.88417
 -0.41611   -0.74144   -0.20944   -0.64645    0.14265   -0.16865
 -0.37004    0.51738   -0.51135   -0.87285   -0.10893   -0.23381
  0.24192   -0.46837   -0.79821    0.72119   -0.64045    0.38437
  0.11634   -1.0456    -0.10964    0.5687    -0.50435    0.15632
  0.0074096  0.2512    -0.40664    0.3688    -0.81926    0.11394
 -0.18214   -0.39623   -0.14609    0.16905    0.32723    1.3611
  0.39105   -0.088074   0.234     -0.28411    0.44323   -0.060925
 -0.0040809 -0.04817   -0.68527   -0.97421    0.070632  -0.39585
 -0.2686    -0.40325    0.16465   -0.37788  ]"
ripples,"[-0.18209    0.45959    0.26558   -0.30705    0.42837    0.32142
 -0.34662   -0.3302     0.19372   -0.76855   -0.6098     0.45307
  0.22657   -0.11195    0.14737    0.16303   -0.81028    0.39372
  0.51535   -0.91071    0.011783   0.80922   -0.053362   0.020189
  0.14855    0.15333    0.27629    0.49838    0.34017   -0.53453
  0.29217   -0.39424    0.043331   0.21216   -0.84996   -0.10608
  0.44559   -0.080153  -0.47067   -0.18347   -0.75928   -0.033067
 -1.1947    -0.3563     0.14906    0.51876    0.59703    0.62737
  0.55509    0.056899  -0.28408    0.21812    0.12581   -0.16442
  0.2105    -0.58638    0.56015    0.05732    0.096635   0.4514
 -0.24839    1.1483     0.26855    0.41497    0.27963    0.25056
  0.052754  -0.47508    0.93252   -0.73143    0.31873   -0.0043318
 -0.024986  -0.74652    0.49919    0.48898    0.67983   -0.10137
  0.091639   0.49547    0.34074   -0.13838   -0.37263    0.20806
  0.21053   -0.32798    0.59286   -0.29493    0.01063   -0.96204
 -0.27594    0.27906   -0.54502   -0.71004    0.81995   -0.096005
  0.25883   -0.070494  -0.53183    0.41864  ]"
handsomely,"[-0.40431    0.64646   -0.37814   -0.0056255  0.47849    0.4365
 -0.2581     0.53062   -0.39763   -0.23696    0.041448   0.57397
  0.25022   -0.95336   -0.4193    -0.52749   -0.58884    0.01008
  0.12405   -0.014301   0.2793     0.088811  -0.026815   0.22554
  0.36944   -0.18601   -0.8717     0.48787   -0.19786   -1.2458
  0.61999    0.2015    -0.62501    0.081678   0.39217    0.79552
 -0.7115     0.23919   -1.0202    -0.70062    0.61931    0.2201
 -0.14331    0.2958    -0.033439  -0.093935   0.7316    -0.18842
  0.51128   -0.13306   -0.84094   -0.14936    0.1619     0.69922
 -0.52503    0.093811   0.34908   -0.19521    0.14374   -0.9682
 -0.081559   0.36364   -0.49416    0.31095   -0.28301   -0.97757
  0.9636     0.5943     0.1468     0.023624   0.23885    0.090571
  0.2867     0.056144   0.30097   -0.65205   -0.36012    0.20056
 -0.098452   0.29027    0.27505    0.43743   -0.0021088 -0.11304
 -0.27848   -0.48875   -0.15063   -0.13631   -1.0656    -0.93167
 -0.83261   -0.5902    -0.022087  -0.82035    0.20993   -0.18198
  0.6888     0.53001    0.27634   -0.016099 ]"
multimillionaire,"[ 4.1155e-01 -2.1907e-02  7.5209e-01 -1.2014e+00  6.7152e-01  1.8686e-01
  5.3637e-02 -9.3505e-01  4.1405e-01  5.6783e-01 -3.0326e-01  2.2630e-01
  2.5148e-01 -4.4334e-01 -1.7260e-01 -6.5877e-01  7.1944e-03 -5.1701e-01
  9.2406e-02  6.8271e-01 -3.4842e-01  3.6830e-01 -3.1695e-01  2.1569e-01
 -1.9566e-01 -1.5462e-02  7.7278e-02 -2.7508e-01 -1.8639e-01 -4.3052e-01
  9.5240e-02  5.4512e-01  3.2695e-01 -3.7555e-01 -3.0416e-02  5.4094e-01
 -5.9254e-01 -2.9122e-01  3.2093e-01  9.5265e-02 -2.3016e-01  3.7784e-01
  5.2621e-01 -1.0523e-01 -5.4880e-01 -4.4403e-01  7.0665e-02  4.8651e-01
  3.2411e-02  2.5933e-01 -1.1218e+00 -9.0555e-02  6.1057e-01 -2.8492e-01
 -2.7878e-01 -2.9190e-02 -6.8878e-01  2.2030e-01  3.1339e-01 -2.4657e-01
  1.0550e-01 -4.3164e-02  1.7953e-01 -4.9395e-01  5.0902e-01 -3.4362e-01
  1.0677e+00  5.5461e-01 -8.1586e-01  1.8374e-01  5.5944e-02  4.1496e-02
 -3.4287e-01  4.5829e-01 -7.6030e-01 -4.7487e-01  5.1563e-01 -3.8997e-01
 -1.3968e-03 -2.3341e-01  8.1209e-01  1.1019e-01  4.8061e-01  4.4529e-01
  6.9727e-01 -4.1168e-01  4.6652e-02  7.7288e-02 -3.9681e-01 -1.4209e+00
 -2.0432e-01  3.6930e-01  7.3000e-01 -2.6841e-01 -3.4074e-01 -1.2069e-01
  2.2002e-01  5.4560e-02 -1.3418e-01 -3.0378e-01]"
shura,"[-0.24117    0.1785     0.32604   -1.1861     0.14038    0.2894
  0.011008   0.5025    -0.62792   -0.26005   -0.0045025 -0.89288
  1.6425     0.54384   -0.25474   -0.38557   -0.52628   -0.74036
  0.45744   -0.48489   -0.18233   -0.22303    0.44885   -0.64341
 -0.61574    0.081472   0.52079    0.32269   -0.17291    0.065703
  0.56007   -0.73285   -0.38078   -0.37799   -0.092873   0.19812
 -0.63444   -0.22966    0.35178   -0.54848   -0.98815    1.0146
  0.27145   -0.96845   -0.34825   -0.33199   -0.26442    0.13194
 -0.023573  -0.031592  -1.1817     0.85566    0.055264  -0.025663
 -1.5377    -0.23855    1.1099    -0.6446    -0.28842    0.13285
  0.49705   -0.31192    0.090798  -0.21109   -0.42669   -0.24112
 -0.582      0.64805    0.29366   -0.41449    0.48942   -0.7497
  0.48207   -0.54553   -0.61182   -0.19038   -0.13674   -0.47081
 -0.7027    -0.038369  -0.64674   -0.032737   0.25747   -0.82628
 -0.22864    0.37504    0.75487    0.84974    1.6999     0.60396
  0.84447    0.14043    0.33576    1.0878    -0.30097    0.13127
  0.16685   -0.60991   -0.25154   -0.61537  ]"
bharat,"[-0.60477  -0.59492   0.01214   0.56439   0.29411  -1.3744   -0.71997
  1.0016   -0.61434  -0.19778   0.16671  -0.33478   0.41659   0.57813
 -1.0028   -1.1724    0.87705   0.4241    0.53921   0.76189   0.5188
  0.045088 -0.21211   0.20617   0.35178  -0.05075  -0.35766   0.022176
  0.27567   0.16777  -0.088015 -0.30059  -0.83959  -0.12314  -0.26944
 -0.3233    0.41953   0.39296   0.016443 -0.61866   0.39028   1.3284
 -0.62259   0.047376 -0.61042  -0.23799  -0.041356  0.73847  -0.10599
  0.57939  -0.91809   0.38011   0.76715  -0.072108 -0.51988   0.45067
  0.15417   1.5036    0.54398  -0.21401   0.41251  -0.76535   0.04661
  1.2315    0.026556  0.52755   1.0671   -0.56696   0.52752   1.015
 -0.12449   0.036666  0.14398  -0.47989  -0.55726   0.84928  -0.50532
 -0.33274  -0.35202  -0.02531   0.70583   0.2743   -0.14252  -0.24005
  0.30322   0.10686  -0.047329 -0.14668   0.34166  -0.062237  0.32713
 -0.57399  -1.288     0.454     0.27604   0.73761   0.25639  -0.71786
 -0.72813  -0.28599 ]"
interscope,"[ 1.4901    -0.75391    0.6739    -0.2739     0.5069    -0.010878
  0.5253    -0.49662    0.53971    0.49181    2.2285    -0.10786
  0.8149    -0.56715    0.29078    0.17653    0.41477   -0.43248
  0.62379   -0.027812  -0.4956     0.15975   -0.036409   0.25481
 -0.15741    1.1382     0.84342    0.53223    0.25868   -0.46096
  0.70428    0.35438    0.4321     1.1831    -0.98245    0.61191
  0.35301    0.40946    0.045118  -0.083824   0.92642    0.66148
 -0.47913   -0.0086549 -0.91499   -0.14682   -0.050668   0.74634
  0.63431   -0.3543     0.65491   -0.47395   -0.6164    -0.22981
  0.30068   -0.39766    0.11584    0.35307   -0.21054   -0.15176
  0.38933    0.49336   -0.0022286 -0.79109    0.39547   -0.1152
  0.67828    0.71765    0.81192   -0.9356    -0.30145    0.024552
 -0.59249    0.27815   -0.048672  -0.84826   -0.26523   -0.40235
 -0.18862   -0.28495    0.49471   -0.37758    0.44607    0.9316
 -0.1246     0.3686     0.35127    0.14084   -0.14278    0.96224
 -0.37104    0.27503   -0.92802    0.25018    0.5166    -0.17376
 -0.20116    0.87144    0.13209   -0.95995  ]"
waqar,"[-0.34723   0.052825 -0.21391  -0.35408  -0.12141   0.047816  0.1078
  0.77051  -0.63416   0.86892   0.89594  -0.72943   0.093424 -0.40844
  1.0159   -0.40013  -0.7215   -0.22651  -0.039752  0.784     1.0008
  0.27696   0.51381  -0.55039  -0.33551   1.9965    0.19947  -0.21859
 -0.38484  -0.87674  -0.018946 -0.062006 -0.99437  -0.54944  -0.55873
 -0.17426  -0.99798   1.0625   -0.49595   0.55437  -0.33423   0.60791
  1.0061   -0.64618   0.63888   0.43797   0.39566   0.84805   0.31069
  0.019252 -0.23963   1.149     0.38069   0.69097  -0.5313    0.24472
 -1.3242   -0.41299  -0.49727   0.57718  -0.42974  -0.73953   0.87886
  0.25725   0.1425    0.35069   0.50354   0.70134  -0.36361  -0.23305
  0.2112    0.62935   0.3963   -1.0157    0.20611   0.059379 -0.17059
  0.63269   0.73723  -0.91299  -0.21913  -0.73332  -0.732    -0.38483
  0.14166   0.066648 -0.29175  -0.32431  -0.74776  -0.55733  -0.3213
  1.7419   -0.653    -0.38414   0.33987   0.28776   0.38491   0.19635
 -0.69051   0.3467  ]"
existent,"[ 0.059614   0.31309    0.10214    0.13103   -0.30182    0.30044
  0.28612   -0.31648    1.265      0.14447    0.50596    0.47794
  0.85289    0.15644    0.52694   -0.47541    0.6348     0.29675
  0.8714    -0.47998    0.2337     0.49734    0.072013  -0.16649
  0.39825   -0.54965   -0.069688  -0.12751   -0.53741   -0.028439
 -0.019591  -1.0648    -0.14711   -0.48124   -0.40171   -0.13482
 -0.36012   -0.035286  -0.20291   -0.064563   0.26751    0.49857
 -0.14806    0.24526    0.43509   -0.59031    0.55744   -0.16382
 -0.47586   -0.51009   -0.27821    0.081201  -0.048867  -0.32031
 -0.033323   0.26826    0.72656    0.27499    0.33416   -0.13761
  0.14165   -0.78432   -0.36269   -0.4647    -0.23323    0.20048
  0.74529   -0.17975    0.30608   -0.6093     0.10369   -0.41309
  0.16039    0.097967   0.57094   -0.061975  -0.29999   -0.39054
 -0.0016641 -0.12703    0.41282    0.064124   0.12838    0.3866
 -0.81073    0.43079   -0.19607    0.55964   -0.06247   -0.10182
 -0.49251    0.0063841  0.36081    0.25028    0.067929   0.26564
 -0.011559  -0.1634     0.095705   0.085644 ]"
protectors,"[-3.1933e-02 -4.0040e-01  6.4068e-01 -9.5499e-01  3.8477e-01  6.5654e-01
 -5.5617e-01 -9.4539e-01 -2.9168e-02  1.9867e-01 -1.3754e-01 -3.5910e-01
  4.2505e-01  3.4167e-01  4.2842e-01 -4.1962e-01 -1.1417e-01 -1.0652e-01
 -4.1942e-01 -4.6456e-01 -1.6160e-01 -1.4989e-01 -2.8722e-01 -1.5987e-02
  3.4200e-01  5.1914e-01  4.3562e-01 -1.5175e-01 -4.9846e-02 -9.1584e-01
  8.6788e-01 -6.2922e-01 -1.3859e-01  4.0884e-01  6.9100e-01  3.7782e-02
 -6.4993e-01  4.1801e-01  2.7275e-01 -2.0214e-01 -1.5005e-01  7.4132e-01
  3.4050e-01 -2.0203e-01  3.0465e-02 -5.0978e-01 -1.0009e-01  3.5568e-01
  3.4970e-01 -6.2714e-01 -5.5329e-01  2.2736e-01 -1.1648e-01  6.0173e-01
  2.3931e-01  6.0310e-01  8.2127e-01 -6.3450e-01  3.0556e-01  8.2789e-02
  7.7961e-02  3.7160e-01  1.2424e-01  7.3006e-01  6.8491e-02 -3.7928e-01
 -1.3980e-01 -1.3338e-01  2.4117e-01 -5.4289e-01  4.6989e-01 -3.3838e-01
  3.1527e-01 -2.5698e-01 -2.6531e-01 -6.3151e-01  8.2562e-02  6.7890e-01
  4.1167e-01  1.5064e-01  3.2956e-01 -1.3331e-01 -2.2769e-01  2.0432e-01
 -5.2903e-01 -1.8717e-01 -4.3391e-04  2.9999e-01 -4.3973e-02  1.7117e-01
  7.7681e-02  4.3938e-01  5.6663e-01  3.7672e-01 -3.2517e-01 -6.6168e-01
 -2.7323e-02 -2.3864e-01  3.2656e-01 -4.7794e-02]"
interdiction,"[-1.8022e-01  6.1604e-02 -5.5179e-01 -4.5452e-01  7.5136e-02 -4.0183e-01
  2.2025e-01  3.0683e-01  1.3386e-03  4.3465e-01 -2.1808e-01 -7.5700e-02
 -4.1077e-01 -2.3467e-01  2.3861e-01  1.1900e-01  5.0073e-01 -2.4143e-01
  2.7091e-01  1.0128e-01  5.5295e-01  4.6392e-01 -6.5084e-02  2.3252e-01
 -1.2436e-01  1.5159e+00  2.6057e-01 -1.6197e-01 -7.5569e-01 -8.3088e-01
 -8.3791e-01 -3.0444e-01  4.0112e-01  1.5103e-01  1.1539e-01  5.1308e-01
 -1.7986e-02 -6.2507e-01  6.1306e-01  3.6836e-01 -9.9090e-02 -4.1259e-02
 -1.6142e-01  6.8750e-01  1.1542e+00 -1.5092e-01 -1.7617e-01 -4.2553e-01
 -4.5128e-01 -3.9392e-01  1.3361e-01  1.2284e+00 -7.9915e-01  1.0366e+00
  2.4357e-01  3.4201e-01  7.4173e-01 -9.1868e-01  7.9196e-01  3.2903e-01
 -1.4031e-01 -2.6202e-01  8.5240e-01 -4.6044e-01 -9.3820e-01 -7.0586e-03
 -6.3834e-01 -5.0540e-01  7.9219e-01  4.4159e-01  1.7302e-01 -1.8230e+00
  4.7563e-01 -5.6141e-02 -1.6419e-01 -4.0897e-01 -6.0482e-01  6.5918e-02
 -6.1864e-01  4.7495e-01 -1.8218e-01  5.5607e-01  1.5425e-01  5.6887e-01
 -1.3504e+00  5.5137e-01  6.2560e-01  4.6145e-01 -6.0291e-01 -5.4607e-01
 -5.6927e-01 -7.6372e-03 -7.9468e-01  3.8702e-01  3.9493e-01  5.9414e-02
 -4.9599e-01  1.0291e-01 -2.4766e-01  2.1475e-01]"
passerine,"[-1.1755    0.22255  -0.84493  -0.59918  -1.7151    0.89363  -0.7071
 -0.18559  -1.5038   -0.51253  -0.45374  -1.0546    2.1559   -1.6405
 -1.1335    0.36223   1.3499   -0.87053   0.77413   0.95429  -0.28157
  1.051     1.1512   -1.4273    1.2404   -0.18946  -1.5041    0.42669
 -1.6075    1.3402   -1.7424   -0.065535 -0.027533 -0.052241 -0.14813
 -0.40526   1.6384    0.84085   0.86254   0.18915   0.64388  -0.53232
 -0.019939 -1.1455    2.1811   -1.1464    1.0126    2.6423   -0.92085
 -0.45838   1.1401    0.21741   0.026521 -0.02951   1.1068   -0.32931
 -1.1054    0.88515  -0.38574   0.69451  -0.47256  -0.65512   0.43247
 -0.30086  -1.2047    0.81097  -0.63866   0.18567  -0.1132   -1.4566
 -0.68386  -2.1073   -0.87698  -0.068247 -1.0252   -0.5678    0.030667
 -0.72564  -0.68404   0.069272 -0.46324   0.062242 -1.1727    1.1838
 -0.40497  -0.44262  -0.68264  -0.84664   0.19801   0.97805  -0.90964
  0.42095   1.6392   -1.2709    1.089    -0.44659  -1.0978   -0.70031
 -0.57576  -0.10891 ]"
chp,"[-0.28038   -0.63479    0.48672   -1.399     -0.22687    0.29297
  0.13977    0.17317    0.46477    0.62424    0.012392   0.16702
  0.045396  -0.34223   -0.48469   -0.70239    0.056182  -0.36983
  0.076603   0.27407    0.23855   -0.46423   -0.012395   0.47293
 -0.84068   -0.16271   -0.072592   0.078552   0.11036    0.13505
 -0.23507    1.0335     0.46978    0.17634   -0.23423   -0.44911
  0.48706    0.19729    0.72208   -0.13504    0.15077   -0.23511
  0.50569   -0.23111    0.32289   -0.31335   -0.36657   -0.050871
 -0.61685    0.40443    0.72964   -0.70889    0.16147    0.39893
  0.62857    1.1038     0.6219     0.84665    0.28703    0.46227
 -0.17716   -0.34195    0.30012    1.7711     0.3308     0.51207
 -0.093533  -0.50994    0.33064    0.79101    0.11791   -0.13664
 -0.21807   -0.34258   -0.54631   -0.028847  -0.13126   -0.031815
 -0.50417   -0.14654   -0.63162   -0.2973     0.28358    0.37354
  0.12223    0.10278    0.62615    0.599     -0.054826   0.67982
  1.0366    -0.26819   -0.88237    0.26678   -0.17935    0.0080277
  0.39675   -0.32251    0.12536    0.18609  ]"
gatorade,"[ 6.0731e-02  4.7367e-01  3.1146e-01 -3.6882e-02 -4.3640e-01 -3.6563e-03
  1.4454e+00  2.9539e-01 -7.8923e-01  3.1653e-02 -5.9200e-01 -8.4251e-02
  1.0224e-01 -1.6070e-01 -1.4004e-01 -5.4834e-01  1.9494e-01 -7.1985e-02
 -1.3919e-01  1.5856e-01 -2.0765e-01  1.0314e-01  1.1887e-01  7.8526e-01
 -5.7950e-02  3.8884e-01 -1.1026e+00  1.6826e-01 -5.7890e-01 -1.3591e-01
  6.3307e-01  2.4947e-01  1.4361e-01 -5.4845e-01 -4.6693e-01  3.6334e-01
 -5.0610e-01  2.5873e-01 -3.3862e-01  9.8065e-02  1.1563e-01  5.4086e-01
  7.2072e-03 -1.1125e+00 -2.1077e-01  1.4343e+00 -1.0730e-01  5.9806e-02
 -6.6598e-01 -1.0704e+00 -6.4006e-01  6.1031e-01  7.0778e-02  3.9902e-02
  5.8223e-01 -2.0486e-01 -4.4537e-01  4.4190e-01 -3.8380e-01 -1.6084e-01
  7.8714e-02 -5.1023e-01 -3.6815e-02  6.4594e-01 -2.9195e-01 -1.8070e-01
  7.5564e-01 -5.0840e-01  4.0430e-01 -4.7834e-01  6.1090e-01 -5.7343e-01
  1.0344e+00  5.8726e-01 -1.0347e+00  5.2455e-01  6.8052e-01 -6.4836e-01
 -6.6541e-01 -1.9931e-01 -3.4910e-01 -5.0942e-01  7.3998e-04  3.9360e-01
  4.7274e-01 -5.1542e-01  9.1934e-02 -6.8478e-01  9.4213e-01 -3.7873e-01
  5.1551e-01  4.1841e-01 -5.4840e-01 -4.6439e-01  5.6560e-02 -4.6461e-01
 -3.3455e-01  5.4116e-01  1.3763e+00  9.4594e-01]"
biloxi,"[-0.21508   -0.70647    0.35722   -0.72795    0.24573    0.45528
  0.028469   0.52299    0.55293    0.48912   -0.18664   -0.63407
 -0.24826   -0.59095   -0.46065   -1.0098    -0.20555   -0.59108
 -0.090623   1.0125     0.12152    0.31785   -0.75568   -0.20251
  0.25352    0.070378  -0.6682    -0.709      0.059592  -0.81805
  0.086003  -0.75413    0.42837    0.69648   -0.4365    -0.071737
 -0.0047782 -0.04983    0.29606   -0.7214    -0.66084   -0.097073
 -0.46666   -0.46032   -0.37607    0.48004    0.13723    0.18631
  1.4549     0.22015   -0.63124    0.25369    0.79046   -0.95867
 -0.50999    0.10834    0.41784   -0.69487    0.067502   0.43062
 -0.96261    0.86921   -0.52113   -0.55764   -0.25406    0.045364
  0.36801    0.26259   -0.49472   -0.28099    0.51007    0.044252
  0.58654    0.23443    0.091116  -0.71342    1.0229     0.77417
  0.35224    0.067397   0.17652   -0.35596    0.49592    0.60639
  0.25559   -0.023768   0.58885   -0.75797    0.32597    0.11771
  0.10408    0.50491    0.026485   0.36625   -0.30034    0.12596
  0.19602    0.22584    0.35346   -0.5679   ]"
reschedule,"[ 0.72845   -0.31338    0.13673    0.6925    -1.1537    -0.044034
 -0.77752    1.5466     0.24688    0.17044    0.090086   0.97248
  0.10547   -0.072223  -0.12367   -0.84177    0.37106    0.52054
  0.55895   -0.10573   -0.88594   -0.0040038  0.3977     0.35326
  0.012427  -0.42424   -0.58466    0.46358    0.60242   -0.22828
 -0.67945   -0.40153   -0.80111   -0.16819   -0.6847     0.81621
  0.57682   -0.55276   -0.93254    0.26368   -0.14733    0.47915
  0.53863   -0.49419   -0.62788    0.091558  -0.0092378 -0.24062
 -0.16994   -0.386     -0.7658     0.53677    0.53761   -0.2512
 -0.41925   -0.48293   -0.032641  -0.45741    0.38525    0.91271
 -0.63603    0.11718    0.24919   -0.24282   -0.30755   -0.60346
  0.18051    1.2375    -0.095851  -1.4581    -0.23482   -0.627
 -0.44129    0.22339   -0.088705   0.10823   -0.49462    0.16557
 -0.05331    0.55516    0.25646   -0.7905     0.72134    0.0017525
 -0.098278   0.25992   -0.022733   0.95487   -0.50534    0.50086
 -0.56708    0.91692   -0.10477   -1.2605     0.10385   -0.35146
  0.39071    0.67976   -0.11549   -0.43913  ]"
irreparable,"[-0.10802   -0.6996     0.016315   0.0093236 -0.52867   -0.42796
 -0.11089   -0.16482    1.0718     0.2084    -0.47603    0.71835
  0.15925   -0.28649   -0.38723   -0.37381   -0.31672    0.7829
 -0.10238    1.1241    -0.04629   -0.20382   -0.45872    0.13788
  0.66025    0.50429   -0.4165     0.11916    0.50404   -1.0155
  0.30483   -0.32237   -0.23223    0.067021  -0.78725   -0.45269
  0.48559    0.037518  -0.83816    0.17373   -0.59318    0.96096
 -0.59339   -0.45407    0.24643    0.25803    1.256      0.048265
 -1.2824    -0.20865    0.021508  -0.48083   -0.12962   -0.68187
  0.29832   -0.38584    1.0599    -0.88293    0.34138    0.39704
 -0.50185    0.46882   -0.62337    0.23063    0.30556   -0.26921
  0.28384   -0.31634   -0.60394   -0.81974   -0.064139   0.1283
  0.97791   -0.35829    0.8895    -0.032584   0.0084963  0.21211
 -0.03947    1.4095     0.27751   -0.66617    0.17685    1.2476
 -0.45002   -0.6667     0.099309   0.73405   -0.59506   -0.77634
 -0.27729   -0.58772    0.30204    0.074266   1.0938     0.19636
  1.4232    -0.50418    0.16936   -0.5843   ]"
matadors,"[ 0.76242  -0.60663   0.38235  -0.93697  -1.0513    0.70305   0.6616
  0.05118  -0.72223  -0.79706   0.06402   0.18459   0.19283  -0.2297
 -0.49348   0.025433 -0.25911   0.65249  -0.14737   0.2987   -0.38215
 -0.063097 -0.89741   0.78648   0.4073   -0.7494   -0.14566  -0.26725
 -0.4967   -0.78877  -0.63158  -0.13449  -0.23419   0.33517   0.032781
 -0.34454  -0.5235    0.54805   0.30757   0.44981   0.60155   0.29035
 -0.39062   0.26179   0.057371  0.23326   0.97437   0.48252   0.35058
 -0.15131  -0.82907  -0.042781 -0.13338  -0.33711  -0.079038  0.57517
  0.26659   0.031435 -0.1556    0.59884  -0.56524   0.36196  -0.073594
 -0.14213   0.07522   0.65812  -0.040439  0.30627  -0.66377   0.34331
  0.13014  -0.71623   0.68542   0.26842  -0.57688   0.038184 -0.48355
  0.2072    0.23018  -0.067908  0.62586  -0.34776  -0.89211  -0.22038
 -0.17659  -0.052534 -0.20799   0.38743   0.039616 -0.081008  0.10344
 -0.10012  -0.45665   0.067997 -0.5923   -0.52707  -0.46515   0.31769
  0.43719   0.068516]"
hyung,"[-0.85401   -0.59598    0.7232    -0.059114  -0.91427   -0.16966
  0.066502   0.11916    0.27589    1.2045     0.15875    0.74118
 -0.34724    0.27462    0.6056     0.037036   0.28254    0.19768
 -0.31011   -1.5499     0.89999    0.61306   -0.0059582  1.1306
  0.2571     0.58291    0.29993   -0.14402    0.85808    0.71242
 -0.92809    0.084352   0.55943   -0.37659    0.0085634 -0.69393
  0.16559   -0.44238   -1.3506     0.39722   -1.2198     0.12206
 -0.72914    0.1591     0.59562   -1.0287    -0.46969    0.051265
  0.88692   -0.23594   -0.42709   -0.17936   -0.62485   -0.77323
  0.75112    0.12099   -0.53416    0.58497   -0.58126   -1.2326
  0.22751   -0.39902    0.35835   -0.023637  -0.34438   -1.036
  1.0255     1.7248    -0.01499    0.080483  -0.67052    0.33528
 -1.0085    -0.96912    0.83261   -0.053188   0.44095   -0.10251
  0.32202    0.50873   -0.037661  -0.051595   0.17486   -0.22929
 -0.53419   -0.50074   -0.60217    0.45273    1.027      0.76215
  0.15627    0.30366    0.66199    0.26534    0.027182   0.13954
 -0.034688  -1.2694     0.035714  -1.2127   ]"
chul,"[ 4.5901e-01  1.3270e-01  8.5600e-01  5.9203e-02 -1.0405e-01  1.0700e-01
  2.1334e-01  3.1596e-01  3.1931e-01 -5.9585e-02  1.5240e-01  1.0707e+00
 -3.3949e-01  1.3114e-01  1.0878e+00 -1.0450e-01  8.7929e-01 -2.2989e-01
 -5.0141e-01 -9.6606e-01  5.8884e-01  2.0508e-01  4.8084e-01  2.3121e-01
 -6.6370e-01  7.8753e-01 -6.2811e-01  4.1279e-01 -4.9171e-01  3.0791e-01
 -3.8953e-01  1.4799e-01  5.3412e-01  4.8775e-01 -2.0462e-01 -6.3633e-01
  4.9258e-01  4.7384e-01 -1.2628e+00  1.5008e-01 -2.5598e-01  4.9285e-03
  9.1831e-02 -1.9872e-01  5.3482e-01 -3.4394e-01 -2.2632e-02  5.1998e-01
 -1.0995e-01 -2.8010e-01 -3.8719e-01 -5.0298e-01  2.2837e-01 -2.5312e-01
  1.0128e-03  2.1315e-01 -9.5849e-01  1.4381e-01 -6.0237e-02 -3.4624e-01
 -4.0887e-01 -6.7756e-01  5.5431e-01  2.5443e-01 -6.0693e-01 -9.6692e-02
  1.8112e+00  6.7932e-01 -4.9845e-01  6.2570e-01  2.8862e-01  4.3292e-01
 -7.5122e-01 -7.7875e-01 -5.6066e-02  3.3757e-01 -8.5937e-01 -2.4195e-01
  1.6138e-01 -5.2523e-01  7.2820e-01 -4.6279e-01  1.1459e+00 -3.8110e-01
 -4.7551e-01 -1.5121e-01 -8.8531e-01  4.2487e-01  1.0652e+00 -6.9328e-02
 -1.1309e-01 -4.3236e-01  9.3443e-02 -3.9700e-01  5.6407e-01  1.0304e-01
 -4.5766e-01 -1.0231e+00 -8.3767e-01 -4.5169e-01]"
lucerne,"[ 0.37171   -0.12467    0.68061    0.17721    0.57527    0.47551
  0.68463    1.0174    -0.52363   -0.73966   -0.61174    0.6469
  0.010259   0.30941   -0.057498   0.59446    0.4112    -0.25298
 -0.82794   -0.24373   -0.75127    0.23006   -0.038337   0.92277
 -0.54266   -0.44423   -0.07855   -0.48404   -0.011337  -0.66774
 -0.49043   -0.28914   -0.27478   -0.3261     0.19843    0.14369
  0.48998    0.46746    0.079414  -1.2815     0.49082   -0.34674
 -0.39133    0.28173   -0.14488    0.22097    1.0976    -0.49932
  0.075486   0.68031   -0.78743    0.1063     0.12373   -0.42602
 -1.231     -0.4815    -0.19774    0.19253   -0.32828   -0.86669
  0.16627   -0.29517   -0.10645    0.56993   -0.52919   -0.45991
 -0.74369   -0.79515    0.1293     0.22317   -0.28868   -0.69934
 -0.068935  -0.050452  -0.42163   -0.1684     1.2041    -0.5712
  0.076391   0.13242    0.068339   0.41346   -0.33904    0.91738
 -0.14424    0.16333   -0.0104     0.45576    0.0053542  0.91419
 -0.045994  -0.060391  -0.11605    0.24071    0.49866    0.1121
 -0.64156    0.60868    1.0157     0.46377  ]"
folsom,"[ 0.58837   -0.35047    0.47353   -0.40628    0.43552   -0.5533
 -0.057178   0.3975    -0.49609    0.39646   -0.27353    0.31951
 -1.039     -0.38581   -0.29818   -0.36075    0.47835    0.0096937
 -0.53703    0.031     -0.015224   0.25697    0.85048    0.09841
  0.054826   0.31146   -0.34108   -0.48648    0.31915    0.77846
  0.5751    -0.50004    0.57495    0.65118   -0.64438    0.40367
 -0.37398    0.022001   0.60061   -0.47254    0.27512   -0.38237
 -0.64879    0.092477  -0.047027   0.04501   -0.32559   -0.70403
  0.080788   1.0864    -0.12881   -1.1411     0.41739   -0.7301
 -1.04      -0.28206    0.23627   -0.59236    0.007355   0.38578
 -0.53591   -0.43445   -0.26835    0.35536   -0.049093  -0.59801
  0.25576   -0.73161   -0.78913    0.21336   -0.37455   -0.09637
  0.24759   -0.28873   -0.32397   -0.28657    0.50503   -0.32455
 -0.15885    0.94312    0.19116    0.24189   -0.55529   -0.22364
 -0.028775   0.64441   -0.63801   -0.3521    -0.17729    0.070587
 -0.38225   -0.97312   -0.54045   -0.36588    0.022199  -0.47368
 -0.065928  -0.029004  -0.50985    0.75391  ]"
isp,"[ 0.33379   -0.17013    0.23087   -0.21233   -0.45702    0.30937
 -0.36667   -0.1388     0.6416    -0.20974    0.68307   -0.34972
 -0.048308  -0.070074  -0.25642   -0.20108    0.44025    0.060818
 -0.12507    0.26977   -1.1135     0.11679    0.10652    0.45359
  0.32605    0.073941   0.44742    0.20408   -0.29001   -0.078907
  0.47366    1.43       0.82218   -0.36589    0.56421    0.46724
 -0.57304    0.36752    0.21585   -0.11304    0.52063    1.1674
 -0.54359   -0.37735   -0.23878    0.18873    0.40495   -0.21922
  0.60096    0.54128    0.11075    0.71358   -0.070284  -0.34356
 -0.40905    0.26709    0.10556   -0.17122    1.2281     0.10744
  0.21215   -1.0081     0.19072    0.29761    0.33948   -0.1917
 -0.23815   -0.96106    0.8815     0.011841   0.18849   -0.27461
  0.49778   -0.88184   -0.085974  -0.35047    0.42623   -0.77827
 -0.21522   -0.56549    0.16943   -0.31462   -0.26235    0.55264
 -0.26232   -0.36519    0.36356    0.44101   -0.21745   -0.029185
 -0.022101   0.9305     0.03069   -0.70637    0.0027791  0.21225
  0.73171   -0.2264     0.42553    0.45819  ]"
dutt,"[ 5.7155e-01 -4.9425e-01  2.7784e-01 -8.3643e-01  1.3306e-02 -1.3692e-01
 -4.6302e-01  7.3109e-01 -5.1331e-01  4.1076e-02  7.4282e-02  5.4578e-01
 -4.4312e-01  4.5747e-03  3.7959e-01  6.5070e-01  1.1352e+00  3.0635e-01
 -1.9714e-01  1.1828e+00  5.3855e-01 -8.1413e-01  2.0676e-01  3.9319e-01
  8.6219e-01  8.9422e-01  1.1529e+00 -2.1323e-01  3.9520e-01  1.1715e-01
 -1.3006e-03  8.6697e-02 -5.0268e-01  1.2236e-01  3.4782e-01 -2.3259e-01
  3.8591e-01 -3.6239e-02 -1.8148e-01  1.6563e-01 -6.0045e-02  1.1752e+00
  8.2476e-01  1.5999e-01  7.9279e-01 -2.9325e-01  1.6640e-01  2.9309e-01
  4.3181e-01  6.2869e-01  2.4566e-02 -5.7732e-01  9.7369e-01 -3.0007e-03
 -1.3968e-01  4.1449e-01 -3.7490e-01  6.7375e-03 -4.7131e-01  5.3688e-01
  3.2141e-02  9.7590e-01  3.3215e-01  7.2346e-01  2.3831e-01  3.4257e-02
  1.1696e+00  2.1546e-01  2.6975e-01  3.0120e-01  5.7523e-01  3.7970e-02
 -9.5635e-02 -1.2972e-01 -6.8786e-01  2.5824e-01 -1.3917e+00 -1.0694e-01
  3.0931e-01  4.8694e-02  9.7820e-02 -5.5884e-01  8.2412e-02 -3.5933e-01
  3.2614e-01  5.9836e-02 -1.9575e-01  1.0173e-01 -1.3503e+00 -2.1447e-01
 -1.4472e-02 -3.6307e-01  3.5727e-02  6.5652e-02  7.8668e-01  6.5219e-01
  1.0024e+00  3.8488e-01  2.2712e-01  2.7994e-01]"
spectacles,"[-0.1205     0.1986    -0.40702    0.14801    0.012077   0.71542
  0.062696   0.72332   -0.26261    0.080769  -0.2554    -0.27464
 -0.040427   0.050889   0.27169    0.61058    0.16951    0.89623
  0.44295   -0.53007   -0.31192    0.25386   -0.23242   -0.16944
  0.94948    0.4073     0.32812    0.53032   -0.28987   -0.78986
  0.60961   -0.77988   -0.30009   -0.26025    0.30436    0.41128
 -0.074739  -0.0048784 -0.36011    0.050355   0.37485    0.22988
 -0.31493   -0.17148   -0.43076   -0.30873    0.50492    0.11543
 -0.23273   -0.061377  -0.58232    0.22937    0.17365    0.3537
  0.21391   -0.33106    0.26119    0.61187   -0.39549    0.13221
 -0.15961    0.89373   -0.21126    0.30421   -0.69723   -0.54345
  0.69438   -0.61197    0.069303  -0.41463    0.17043   -0.41803
  0.49398    0.18321   -0.30944   -0.54383    0.26318    0.33864
  0.15905   -0.14875    0.5921    -0.10507    0.62873    0.29526
 -0.71579   -0.2031    -1.0101     0.24585    0.023302  -0.022647
  0.24664   -0.52631    0.45351   -0.38155    0.18039   -0.26627
 -0.1367    -0.29681   -0.2278     0.018827 ]"
pentathlon,"[ 0.52662    0.56645    0.30287    0.14676   -0.24517   -0.65056
  0.081387   0.52101   -0.39915    1.0787    -0.21098   -0.49859
  0.03975   -0.3066    -0.57143    1.2209     0.056252   0.68166
 -0.40757   -1.1796     0.12154    0.41042    1.0945     0.26746
  0.0979    -0.57936   -1.1036    -0.44538    0.35354   -0.1084
 -0.70334   -0.73688   -0.75129   -0.11669    0.87739   -0.47369
 -0.18083    0.84073   -1.1726     0.14276   -0.072126  -0.53466
 -0.74065   -0.55396   -0.26259    0.20502    0.68817   -0.16067
 -0.35901    0.17106    0.072404   0.40291    0.094904   0.50175
  0.093992  -0.053321   0.47473    1.0644    -0.24145    0.67363
 -0.36413   -0.029765   0.56968    1.0147    -0.052397  -0.88198
 -0.40694   -0.65927   -0.30235    0.44905    0.090862  -0.55925
 -0.22155    1.272     -0.054333   0.34255    1.3521    -0.047793
 -0.14868   -0.46093   -0.41314   -0.5202     0.09996   -0.62892
 -0.015177  -0.12696   -0.87164   -0.26149    0.68368    0.0040841
  0.98195    0.86166    0.79836    0.066199   0.83388   -0.63587
 -0.3043    -0.1375    -0.11189    0.52207  ]"
bechtel,"[ 5.9632e-01  7.7409e-01 -6.5109e-01 -4.0708e-01  7.1092e-01 -1.2490e+00
  7.6038e-02  2.9611e-01 -2.3842e-01  8.9974e-02  8.7109e-01  2.3899e-01
  2.8001e-01 -6.5860e-01 -1.1233e+00 -6.2778e-01  4.7545e-01  1.6341e-02
  4.3164e-01  3.0596e-01 -6.5294e-01 -5.6013e-02 -1.2890e-01  1.8742e-01
 -2.1119e-01 -1.0445e-01  1.3258e-01  7.1521e-01  1.9934e-03 -8.0693e-01
 -2.0709e-01  2.4644e-01 -2.3379e-01  2.1892e-01 -7.7845e-01  1.1969e+00
  2.6688e-01  6.7251e-01  4.3854e-01  1.7700e-01  8.1968e-02  1.0654e-01
 -6.0495e-01  5.2350e-01 -4.1230e-01  6.7366e-01 -2.7330e-01  4.7109e-01
  8.9132e-02  2.5629e-01 -3.5804e-01 -3.6200e-01 -5.2667e-01 -5.0621e-01
 -2.6393e-03 -1.1889e-01  1.3639e-01 -9.6526e-02  1.8002e-01  2.8891e-01
 -6.1161e-02 -9.5425e-01 -9.7697e-04  2.5597e-01  2.9111e-03 -1.6147e-01
  6.4995e-01  9.0143e-01 -5.9520e-01  7.4840e-01 -4.1216e-01  2.5498e-01
 -1.2104e+00 -6.4162e-01  3.6821e-01 -3.7723e-01  9.5077e-01  1.7845e-01
 -5.9496e-01  4.5347e-01  7.5138e-01 -1.3652e-01 -2.9457e-01  7.2659e-01
 -2.8680e-02  1.1301e+00  3.7796e-03 -4.1762e-02  6.5481e-02 -6.2087e-01
 -2.1475e-01 -8.6689e-01 -4.7048e-01 -4.2638e-02  2.9201e-01 -1.4643e-01
 -1.7876e-01 -3.2013e-01 -2.1759e-01 -1.1949e-02]"
unicode,"[ 0.81622   0.63246  -0.23207  -0.016261  0.30801   0.92965  -0.90792
 -0.044447  0.92872   0.77844  -0.31998  -0.65245  -0.66778  -0.12495
  0.24048   0.98132   0.10697   0.34773   0.16617   0.22756  -0.81641
 -0.33054   0.26732  -0.042462  0.73971  -0.73236  -0.043872  0.1477
 -0.46865   0.54705   1.1817    0.35705  -0.18927  -0.14173   1.6128
  0.68969   0.66384   1.1364   -0.10696  -0.39051   0.28117   0.32677
 -0.28509   1.0778    0.28243   0.98907   0.13789   0.32945  -0.56495
  0.49882   0.11751   0.56025   0.54789   0.67118   0.20162  -0.55274
 -0.26717  -1.4221   -0.18933  -0.36961  -0.4693   -0.30395  -0.46898
  0.83087   0.39983   0.24502  -0.59887   0.80978   0.055944  0.65514
 -0.2375    0.24858  -0.22178  -0.079325  0.57065   1.1143   -0.91746
  1.0009   -0.14732  -0.55539  -1.1185   -0.97169  -0.18535  -0.24352
 -0.69984   1.5533    0.79348  -0.889     0.76401   0.3137   -0.36468
  1.5197   -0.94011  -0.19312   0.23969  -0.5297   -0.064525 -1.0333
 -0.53681   0.53072 ]"
infrequent,"[-1.0681    -0.24913   -0.22959    0.14292   -0.38108    0.51298
  0.17973    0.29889    0.48983   -0.44569   -0.25607   -0.35408
  0.53474    0.21628    0.58081   -0.12701   -0.32282   -0.17746
  0.89051    0.50163    0.0073186  0.44333   -0.12787    0.38542
  0.21246   -0.17484   -0.21884    0.33061   -0.33925   -0.28193
 -0.18468   -0.11773   -0.17978    0.2361     0.056605   0.68201
 -0.24113   -0.1637    -0.033529   0.40518    0.388      0.59311
 -0.1109     0.18971    0.30279   -0.4128     1.4634    -0.60263
  0.40645   -0.059519   0.27038   -0.3891     0.35978   -0.3004
  0.33941   -0.030151   0.50237   -0.36553    0.41274   -0.17935
 -0.73109    0.13189    0.52233    0.20946    0.3143    -0.42965
  0.68844   -0.74149    0.93269   -0.47278   -0.8427    -1.1115
  0.92703   -0.12084    0.42709   -0.11762   -0.14875   -0.30254
 -0.10753   -0.65696    0.3257    -0.38357    0.264      0.36188
 -0.81043   -0.32983   -0.14923    0.84419   -0.64066   -0.4306
 -0.5106     0.39431   -0.14318   -0.06339   -0.4324    -0.055386
 -0.37301    0.27802   -0.35894    0.12395  ]"
82-year,"[ 0.091902   0.23731    0.64118   -0.17834   -0.020195   0.5622
  0.080466  -0.16167   -0.43957   -0.21969   -0.45949    0.64471
  0.95829   -0.60983    0.48354   -0.072524   0.69833   -0.81738
  0.13688    0.012515  -0.64872    0.18749   -0.18758    0.7109
  0.78078   -0.58392   -0.39986   -0.5921    -0.07645    0.60659
  0.26138   -0.16134    0.36647    0.37263   -1.036      0.37443
  0.11672    0.17735    0.34734    0.054351  -0.19304   -0.19069
  0.44791   -0.087786   0.28809    0.98658    1.074     -0.1065
  0.21104    0.33855    0.19541   -0.54583    0.89102    0.20766
  0.043214   0.27545   -0.54604    0.70296   -0.12924    0.30336
  0.26225   -0.5086     0.56933   -0.23222   -0.72848    0.15797
  0.53451   -0.019858  -1.1312    -0.55901    0.62627   -0.44962
 -0.48381   -0.25087    0.15812    0.11184   -0.15852   -0.031253
 -0.35745   -0.59763    0.30142   -0.22086    0.94671    0.56539
 -0.23593   -0.34366    0.32852    0.34351   -0.6648    -0.69805
  0.64592    0.18852    0.52411   -0.0087211 -0.078417  -0.78946
  0.27043   -0.73835   -0.68034    0.10487  ]"
lind,"[-0.20687    0.18612   -0.38499   -0.54288    0.040816  -0.80587
  0.28325   -0.69986   -0.15282   -0.044039  -0.032527   0.35139
  0.068132   0.53873    0.18624   -0.31288    0.021754   0.49996
 -0.14593    0.26411    0.20274   -0.14482    0.8056     1.0569
  0.32754   -0.13464   -0.29046   -0.041562   0.55027    0.058548
 -0.43823    0.40952    0.088373  -0.0082059 -0.15677   -0.36021
  0.474      0.54094    0.15972   -0.42236    0.030959   0.17293
 -0.25736    0.3609    -0.3101    -0.0060239  0.12709   -0.41457
 -0.033752   0.58353    0.27275   -0.25234    0.15081   -0.65755
 -0.91201   -0.22394    0.023326   0.31663   -0.55236    0.43142
 -0.4905    -0.44386    0.38096    0.2886    -0.2982    -0.028291
  0.72256    0.041175  -0.22716    0.28377   -0.99088   -0.20067
 -0.26949   -0.13862    0.063262  -0.18591   -0.3035    -0.56666
  0.10291   -0.17626   -0.77093    0.24291    0.30275    0.14701
  0.33787   -0.44223    0.23529   -0.40261   -0.36236    0.15478
 -0.038808  -0.41024    0.34137   -0.22767    0.40724    0.30831
 -0.10029    0.071041  -0.456      0.55498  ]"
cid,"[-0.098299  -1.1858    -0.060371  -0.53238   -0.60166    0.63012
  0.94486    0.84454    0.22592    0.47462    0.64574    0.11069
 -0.74862    0.23492   -0.60368    0.31921    0.081654  -0.15985
  0.20116    0.40809    0.48538   -0.67211   -0.47274    0.11241
  0.39945   -0.66497    0.63675   -0.57056   -0.15938   -0.2902
  0.23176   -0.10534   -0.9281     0.36807   -0.4277     0.74538
  0.018588  -0.20177    1.1319     0.73714    0.12773    0.24658
 -0.50943    0.29763    0.36254    0.44578    0.1011    -0.18368
 -0.26837    0.569      0.073576  -0.76063   -0.0071234  0.36559
 -0.84543    0.62335   -0.30255    0.58068   -0.33842   -0.18189
 -0.0063011  0.25419    0.10896    0.33513    0.45646    0.39588
 -0.23842   -0.08523    0.64295    1.2977     0.73497    0.10477
 -0.014689  -0.93448    0.048596   0.14387   -0.39235    0.44488
 -0.48096    0.20467   -0.072303   0.12841   -0.32639   -0.14952
 -0.25237    0.94408   -0.14789   -0.056503   0.51024   -0.31906
 -0.62648   -0.20871   -0.26152    0.088194   1.0551     0.34956
 -0.67077   -0.29005    0.25082   -0.1008   ]"
lark,"[ 0.18258   -0.3573    -0.17532    0.01629   -0.27446   -0.14267
  0.57162    0.14906    0.37978   -0.59268    0.41104   -0.038899
 -0.68821   -0.02541   -0.12541    0.33485    0.36995    0.17244
  0.5382     0.2132     0.38544   -0.10365   -0.21907   -0.063548
  0.44787    1.0319    -0.89517    0.087783  -0.56664    0.070804
 -0.17499   -0.1811     0.34774   -0.2584     0.11298    0.75509
 -0.09085    0.42555    0.67167   -0.098189  -0.69628    0.93635
 -0.48048    0.74908    0.16877    0.73079    0.43662    0.16517
  0.0057878 -0.092551  -0.25824   -0.13619    0.42683    0.075343
 -0.67569   -0.20179    0.23524   -0.11979   -0.17941   -0.27226
  0.22193    0.053038  -0.048252   0.15257   -0.16703    0.37973
  0.49668    0.080041   0.48334   -0.16008   -0.14226   -0.46175
 -0.2633    -0.23965   -0.39988   -0.15989    0.06278    0.22287
  0.48763   -0.25203   -0.62036   -0.12678    0.30618    0.22627
  0.39018   -0.61365    0.55837   -0.94901    0.28779    0.042073
 -0.10559   -0.13359   -0.27903   -0.035893  -0.42618   -0.27752
 -0.53223   -0.53825    0.057518   0.31782  ]"
bahd,"[-0.0056712 -0.4314     0.81686   -0.69811   -1.1985    -0.84276
 -0.22111   -0.77833   -0.46725    0.057661  -1.0441     0.52767
  0.1564     0.3267     0.072007   0.033332  -0.23501    0.58374
  0.42533    0.10637    0.40572    0.29807   -0.021576   0.64928
 -0.87728    0.25521   -0.99373    0.33158   -0.10507   -0.94143
  0.59727    0.4657    -0.70839   -0.35704    0.30827   -0.092373
 -0.72487    0.92771   -0.75641    0.55383    0.24115   -0.12743
  0.20489    0.031977   0.30323   -0.47441   -1.2432     0.066884
  0.9359    -0.69113    0.14356    0.14795    0.24466    0.012471
  0.14319    0.46458    0.28915    1.1655    -0.28226    0.52791
 -0.18251   -0.40324   -0.59468   -0.86226   -0.71439    0.29475
  0.2221     0.31451   -1.3198    -0.96083   -0.56371    0.58176
  0.13747    0.30682    0.33365    0.36275   -0.16631    0.15907
  0.89965    0.27457    1.049      0.11407    0.82404   -1.6103
 -0.87533   -0.39388   -0.6596    -0.025198  -0.20576   -0.20685
 -0.10634    0.84192   -0.44123   -0.051666  -0.073822   0.8175
  0.67864   -1.1166     0.43292   -0.72568  ]"
vases,"[-0.46066    0.95953   -0.72252    0.070218   0.33919    0.39292
  0.24506   -0.50086    0.069499  -0.45623   -0.34269   -0.20452
  0.36496    1.2711    -0.38166    0.12243   -0.3893     0.34036
  0.12651   -0.44167   -0.49314   -0.24229   -0.021531   0.21882
  1.2649    -0.76017   -0.31067    0.039791  -0.55414   -0.50921
  0.14926   -1.0224    -0.030773  -0.23256    0.10323    0.18058
  0.31036    0.023309  -0.31105   -0.98035    0.45036   -0.49898
 -0.14497   -1.1725     0.33454   -0.034346  -0.035771  -0.52128
  0.12081    0.22094    0.49359    0.24663    0.61128    0.070064
 -0.53317    0.2787    -0.512      0.31895   -0.36131    0.49712
 -0.78923    0.97502    0.1561     0.96031   -0.22571   -0.16502
  0.84098   -0.31044   -0.59099   -1.0786     0.34354    0.53789
  0.45694   -0.0073753  0.15173    0.32242   -0.30851    0.64574
 -0.28002    0.093168   0.34806    0.31783   -0.16501    0.082862
  0.66373   -0.072572   0.2407    -0.38479    0.065967  -0.71324
  0.069256  -0.15201    0.085924  -0.89368   -0.51415   -0.45481
 -1.6144    -0.58117    0.37724   -0.085105 ]"
calibre,"[-0.43211    0.56966   -0.24828   -0.13257   -0.94022    0.19705
  0.67696    0.037557  -0.46747    1.7598    -0.018912  -0.33047
  0.13375   -0.39183   -0.0048041  0.023937  -0.16023    0.13331
 -0.31686    0.03272    0.064856   0.26241   -0.38709   -0.60534
  0.91736    0.44259   -0.035845  -0.13442    0.015488  -0.014933
  0.29619    0.036139  -0.30991    0.22323    0.96425   -0.68399
  0.47732   -0.14418    0.26645    0.5073     0.17162   -0.19086
 -0.13263    0.20184    0.11184   -0.64542   -0.014268  -0.51663
 -0.5642    -0.29987    0.063494   0.2214    -0.19972    0.07625
  0.80632    0.11415   -0.4892    -0.18716   -0.20731   -0.65299
  0.18024    0.22428   -0.91532    2.2673    -0.56802   -0.444
  0.010698  -0.11115    0.18107    0.34807    0.52507   -0.96595
  0.70673    0.32557   -0.11347   -0.17464   -0.54829   -0.76606
 -0.45369   -0.10788    0.99402   -0.4301     0.36833   -0.51771
 -0.2072    -0.13745   -0.088505  -0.67333    0.57135    0.13974
 -0.76635    0.74543    0.2726     0.21106   -0.10044   -0.23462
 -0.63555   -0.08698    0.84887   -0.082884 ]"
whistleblower,"[ 3.6613e-01 -3.0422e-01 -1.6998e-01 -9.9964e-01  1.8862e-01 -1.7045e-01
 -1.6356e-01 -8.8758e-01  3.8681e-01  3.5596e-01  3.0338e-01  3.8161e-01
 -3.1279e-01 -3.7462e-01 -1.9958e-01  5.5488e-01  1.4527e+00  8.8846e-02
 -5.7447e-01  3.8899e-01 -1.5228e-01  2.8866e-01 -1.0232e-02  5.7514e-01
  3.7127e-01 -9.4777e-02 -2.9834e-03  5.2788e-01 -1.0088e+00 -1.1219e-01
  9.5953e-01  8.1037e-01 -1.3077e-01  7.3154e-01 -5.5598e-01 -1.4246e-01
 -9.1439e-01 -1.0077e+00  1.1004e-01  5.6127e-01  3.7518e-01  6.5331e-01
  2.0504e-01  2.8165e-01  4.4862e-01 -7.3089e-01  1.4206e-02  4.4829e-01
 -4.1151e-01  4.6492e-02  1.3047e+00  6.5397e-03 -2.0522e-01  6.1706e-01
 -6.9850e-01  5.0630e-01  1.5782e-01 -6.1933e-01  2.0746e-01  2.1316e-01
  3.6571e-01  2.6627e-01 -1.7383e-01  3.1631e-01  9.3520e-01 -9.9131e-03
 -5.6972e-02  3.0965e-01  3.2247e-01  1.6032e-01  4.6823e-01  1.9786e-01
 -4.9017e-01 -8.1342e-01 -4.4393e-01  8.2298e-01  7.0814e-01 -8.1539e-01
 -2.3400e-01  1.1665e-01  6.8949e-01  2.9298e-01  9.1531e-01  5.8885e-01
 -1.4843e-01 -1.6875e-01  1.9580e-01  7.0594e-01  4.5851e-01 -2.7458e-01
  8.4257e-01 -2.8392e-01 -2.5019e-01  6.4173e-04  1.7707e+00  4.4029e-01
  6.5849e-01  4.1433e-01 -2.0231e-01 -4.4698e-01]"
infineon,"[ 0.2795    -0.032872   0.44917    0.60552    0.032839  -1.1304
  0.3742     0.041981  -0.16196   -0.058614   0.04418    0.72441
 -0.012327  -0.39824   -0.52635    0.032022   0.42993   -0.1042
 -0.15095    0.85492    0.0096098 -0.50393    0.12883    1.8724
  0.50404   -1.095      0.24575    0.46346   -0.53707   -0.29411
 -0.93586   -0.16394   -1.1476     0.19747    0.0086873 -0.14091
  0.82981   -0.029689   0.0085707 -0.55617   -0.12147   -0.1625
  0.16448    0.24861   -1.7396     0.57829    0.80474    0.43946
 -0.087097   0.26396   -0.37482   -0.65445   -0.22818    0.3104
 -0.31229    0.40571   -0.2945     0.72944    0.44702   -0.49986
  1.3201    -0.31594   -0.43193    0.46829   -1.358     -0.81592
  0.52083    0.40302   -0.15817    0.1493    -0.14097    0.4134
 -0.0383    -0.48781   -0.79721    0.18412    0.89575   -0.45848
  0.32206    0.92537    0.80062   -0.38296   -0.84279    1.282
 -0.92119   -0.55243    0.086489   0.043377   0.53007    0.77022
 -0.55403    0.38519    0.023003   0.81516    0.26535    0.60315
  0.51199    0.46449    0.83049    0.41872  ]"
gambhir,"[ 0.18428    0.63104    0.39765    0.9926     0.041651  -0.050516
 -0.053781   0.43344   -1.3592    -0.31132    0.7784    -0.15234
  0.76143    0.28999    1.0934    -0.097254  -0.31453    1.1177
 -1.2098    -0.87495    0.47103   -0.14109    0.0034655  0.79529
  0.50466    1.1422    -0.18378    0.86742   -0.68974    0.14268
 -0.34246    0.30348   -0.84632   -0.28702   -0.30093   -0.4108
  0.4329    -0.22351    0.14975    0.76929   -0.64905    1.1695
  0.68873   -0.60622    0.55954   -0.06668    0.18802    0.50215
  0.37211    0.81534    0.042909   0.89711   -0.39971   -0.34274
 -0.60957   -0.52544   -0.85922    0.33494   -0.052613   0.21884
 -0.32762   -0.97168   -0.2126     1.6825    -0.36531   -0.32228
  2.0395     0.29057   -0.27373   -0.1126     0.13621   -0.27407
  0.39835    0.31921   -0.035737   0.16225   -1.458     -0.76818
  0.057472  -0.30856   -0.75219   -0.31212    0.58679   -0.71182
 -0.28028    0.22325   -0.87529    0.43077   -0.44628    0.77244
 -0.43114    0.26583    0.48565   -0.43058    0.5712     0.086132
  0.5966    -0.072746  -0.96875    0.16396  ]"
aramaic,"[ 0.45709    0.50765    0.12775    0.27953   -0.097621   0.58979
  0.46631   -1.026      0.69483    0.35883   -1.2517     0.11408
  0.11876    1.1477    -0.085704  -0.5245    -0.10434   -0.76345
  0.067487  -0.10594   -0.22603    0.043512  -0.59689    0.42116
  0.14564   -0.76803   -0.1505    -0.15169   -0.55485    0.47076
  0.26631   -0.3375    -1.0823    -0.14404    0.0099137 -0.35998
  0.4091     0.20103    0.53592   -0.086979  -0.54773    0.059115
 -0.56983    0.52948    0.14483   -0.98321    0.53403   -0.24703
 -0.53633   -0.038003  -0.14014    0.91143    1.2882    -0.25116
 -0.51241   -0.079654  -0.62778   -0.54284   -0.92914    0.38979
  0.62389    0.87635    0.20691   -0.51553    0.097877  -0.46903
  0.19238    0.26999   -0.702     -0.48877   -0.50216    0.24829
  1.2298    -0.7864     0.34755    0.05836   -1.0245     0.69513
 -0.090638  -0.50046   -0.88811   -1.013     -0.61057    0.081724
 -0.19177    1.3508    -0.25936   -0.84835    0.68566    0.28593
 -0.082421   0.3737    -0.18784    0.083977  -0.34004   -1.0901
 -0.42909   -0.20062    0.14059    0.38355  ]"
revolted,"[ 0.442     0.076637 -0.095661  0.068839 -0.58215   1.1898   -0.36906
 -0.14238   0.58031  -0.19905  -0.064617  0.096128  0.26459  -0.65588
 -0.18044  -0.56436  -0.055182 -0.076426 -0.53686  -0.41886   0.75011
 -0.23753   0.4979    0.39407   0.19791  -0.35361  -0.073162 -0.21246
  0.53848  -0.4947    0.75969   0.080282 -0.1871   -0.41609   0.23578
 -0.3517    0.29012   0.20883   0.073052 -0.1178   -0.61187   0.15731
  0.14738  -0.21548   0.43063  -0.40133   0.55912  -0.058673  0.56906
 -0.4326   -0.80192   0.70369   0.26042   0.7534   -0.25843   0.72585
  0.21014  -0.34313  -0.44585  -0.053519  0.30415   0.081435 -0.05525
 -0.087201  0.17242  -0.56312  -0.098919  0.14028  -0.36734   0.59222
  0.29359  -0.12021  -0.4781   -0.40045  -1.0961   -0.18939  -0.77815
  0.078328 -0.69633   0.52329   0.089088 -0.32164  -0.52478   0.44679
  0.014709  0.043054 -0.14295  -0.44057  -0.44542   0.029657  0.13324
 -0.75545  -0.54061   0.67264  -0.26692   0.43014  -0.3515    0.35705
 -0.053797 -0.26289 ]"
fortresses,"[-0.53502   0.001786 -0.15245   0.24229  -0.35785   0.12011  -0.7788
 -0.87831  -0.13213   0.19391   0.39412  -0.016418  0.21321   0.68476
  0.17594  -0.30625   0.40784   0.23973  -0.4318    0.074764  0.56819
  0.66029  -0.16095   0.75037  -0.24635  -1.0796   -0.078042  0.49465
 -0.6419   -0.41758  -0.10001  -1.2314    0.071998 -0.25394   0.73315
  0.13718  -0.12282  -0.51945   0.46737  -0.07546   0.18743   0.018006
  0.35259   0.52996   0.21763   0.33456   0.47333   0.64526   0.068882
  0.015344 -0.8007    0.4725    0.30188   0.6684    0.34158   0.10924
  0.1646   -0.4461    0.12762   0.56735   0.020221  0.33909   0.10446
  0.70478  -0.39502  -0.16586  -0.34077   0.14707  -0.11347  -0.033123
  0.001386 -0.7785    0.49367  -0.36306  -0.15479  -0.5748    0.4757
  0.48397   0.44347   0.64011   0.21991  -0.62655  -0.23921   1.1454
  0.10241   0.59918   0.34693  -0.86847   0.050033  0.45174  -0.3474
 -0.51506   0.45882   0.48123  -0.26253  -0.41324  -0.84794  -0.024345
 -0.26262   0.6849  ]"
ashkelon,"[-0.72449   -0.58775    0.12081   -0.74369    0.0043061  0.12715
 -0.057882  -0.24226    0.68113    0.92055   -0.68072   -0.29672
  0.1427     0.44792    0.83249   -1.0259    -0.1099    -0.13526
 -0.53994    0.71263    1.1976    -0.21845   -1.2181     0.51221
  0.37813    0.16564   -0.21522   -0.56869   -0.37537    0.24
 -0.020883  -0.62983    0.47929    0.15764   -0.18665   -0.45202
 -0.098295  -0.17026   -0.15124    0.30394   -0.60782    0.17597
 -0.7156     0.74519    0.26772    0.33269    1.0741    -0.034376
  0.14003    0.83361    0.079137  -0.088582   0.024494   0.31269
 -0.88405   -0.081962   0.95425   -0.59571   -0.27361    0.57436
  0.29956    0.46102   -0.19686    0.011698  -0.67465    0.78101
  0.10652   -0.066451  -1.3299    -0.14513   -0.40369   -0.45448
  0.95184    0.15336   -0.12726    0.63642    0.87564   -0.0065795
 -0.21303    0.78484    0.15675    0.44281   -0.65554    0.4302
  0.47982   -0.083671   0.48932    0.10759    0.90453    0.13404
  1.3401     0.25818   -0.62212   -0.019318  -0.23481    1.3651
  0.47716    0.84324    1.2635    -0.025326 ]"
jama,"[-0.22949  -0.46086  -0.32442  -0.10745  -0.30428  -0.089828 -0.41892
  0.11541   0.92554   0.35643   0.83161  -1.0069    0.89073  -0.082437
 -0.45993   0.68756  -0.091727 -0.20206  -0.60737  -0.60771   0.60041
 -0.30563  -0.33086   0.78178   0.18385   0.13275   0.3855   -0.51059
 -0.63945  -0.13779  -0.17669  -0.87419   0.19707   0.3312   -1.0752
  0.23536  -0.18435   1.3532   -0.031916 -0.21768  -0.83626   1.1548
  0.11989  -0.58271   0.17609   0.42252  -0.087094  0.75274  -0.23324
  0.65636   0.027274  0.25248  -0.25905  -0.33058  -0.39239   0.41098
 -0.54095  -0.42422  -0.1795    0.11025  -0.42548  -0.55014   0.14618
 -0.27897   0.31861   0.027716  0.27058   0.47943  -0.32315   0.2335
  0.37731   1.4737    0.67976  -0.37644  -0.84935  -0.32262   0.21858
  0.084338 -0.81634  -0.8462   -0.044886 -1.0893   -0.27826  -0.15407
  0.33509  -0.14205   0.3924   -0.95023  -0.19701  -0.042247  1.1408
  0.4814    0.091936 -0.22868  -0.35322   0.14415   0.43514  -1.1593
  0.28206  -0.018844]"
sion,"[ 0.18633   -0.040511  -0.73055   -0.13425   -0.74271    0.64282
  0.16645    0.15278   -0.47684   -0.42387    0.46117    0.6049
 -0.045586   0.26346   -0.40723    0.15298    0.36247    0.078448
  0.19273    0.40022   -1.0118     0.73226   -0.60576    1.1939
 -0.84195   -0.13683    0.21611   -0.74275   -0.61311   -0.3575
 -0.24644   -0.36523    0.17054   -0.032486   0.095374  -0.12359
  0.26545    0.39006   -0.67431   -0.37546    0.096965   0.054079
 -0.25859   -0.24042   -0.12476    0.16741    0.55308    0.23731
  0.28981    0.83062    0.16998    0.64924    0.42555   -0.17614
 -1.0584    -0.5547    -0.3313     0.1219    -0.9698    -0.7389
 -0.10686   -0.66267   -0.22962    0.81584   -0.23042   -0.063799
  0.0073841  0.22368   -0.42138   -0.23951   -0.217     -0.69978
 -0.53602   -0.079095  -0.088881  -0.066931   0.51926   -0.6278
 -0.42498   -0.099834  -0.08066    0.02315   -0.17231    0.17125
 -0.1519    -0.35504    0.2813     1.2619     0.93616    0.46724
 -0.007348  -0.017262  -0.34256    1.094     -0.088262   0.24928
 -0.2791     0.63621    0.45614    0.32941  ]"
roos,"[-0.24106    0.23853    0.26793   -0.74442   -1.2183    -0.21251
 -0.18547   -0.23019    0.18017    0.34857   -0.40059   -0.56901
  0.11431    0.56436    0.64549   -0.57853    0.12354    0.74457
  0.19001   -0.3879    -0.043148   0.73834    0.16325    1.1807
 -0.40747    0.22899   -0.44879    0.036814   0.35648    0.19791
 -0.32249   -0.093084  -0.05298    0.34888    0.22867   -0.23926
  0.011494   0.13376   -0.36222   -0.29188   -0.026508   0.19301
 -0.49574    0.54481    0.25905    0.036938  -0.65561   -0.42673
  0.19428   -0.093978  -0.99948   -0.18492   -0.33123   -0.033886
 -1.4941     0.2494     0.20095    0.20314   -0.92898   -1.0294
 -0.060239  -0.056648   0.39908   -0.55905   -0.56313   -0.57603
  0.049776   0.65794   -0.94013   -0.19463    0.7418     0.013689
 -0.15692   -0.53994   -0.02236   -0.094248   0.23971   -0.45705
 -0.39424    0.48003    0.74035   -0.010666   0.72834   -1.0735
 -0.39243    0.1274    -0.15786   -0.15711    0.26691   -0.0034089
  0.17689   -0.19324    0.066828   0.29401    0.87952    0.12321
 -0.31222   -0.35336   -0.71246   -0.1718   ]"
individuality,"[ 0.47366   -0.040807   0.46318    0.11513    0.016349   0.96936
 -0.46821   -0.5665     0.20717    0.59556   -0.46462    0.26478
  0.36907   -0.48709   -0.13771    0.18009   -0.078678   0.84874
 -0.28937    0.32095    0.019086  -0.37657   -0.080154  -0.292
  0.77037    0.51706    0.27882    0.044945   0.074465  -0.58119
 -0.31735    0.62986   -0.46384   -0.17024    0.24627   -0.7934
  0.33847    0.43145   -0.42644   -0.45896    0.59166   -0.26073
  0.017159   0.18944   -0.78343   -0.35214    0.65484    0.22885
  0.01662   -0.16054    0.0094916  0.20839   -0.61098    0.70967
  0.29962    0.593      0.5591    -0.52437   -0.12388   -0.51413
  0.47327    0.48641   -0.14476    0.2297     0.3928     0.016992
  0.8581    -0.68362    0.55065   -0.39115    0.21487    0.12674
  0.14126   -0.50341    0.51895    0.23742   -0.38272   -0.69622
 -0.43888   -0.25298   -0.92242    0.063008   0.26691    0.33519
 -0.13193   -0.20565   -0.032316   0.31481   -0.23777   -0.075853
 -0.15351   -0.071562   0.25208    0.068602  -0.13139   -0.33345
 -0.27936   -0.75036   -0.038265   0.86553  ]"
eunice,"[ 0.35632    0.12404   -0.671     -0.70987    0.043439   0.13738
  0.14095    0.36594    0.045648  -0.44006    0.15967    0.49959
 -0.5293     0.49473   -0.87697   -0.42672    0.42523    0.15597
 -0.47719   -0.34493   -0.71099    0.45845    0.8936     0.59998
  1.0026     0.021933  -0.21365   -0.36863   -0.20399   -0.24563
  0.49541    0.11192    1.2759     0.59904   -0.56766   -0.29047
 -0.1415     0.20366    0.20108    0.66029   -0.082192  -0.094894
 -0.088266   0.11669   -1.0428     0.94222    0.086704  -0.31908
  0.23558    0.52822   -0.13294    0.72181    0.86726   -0.22288
 -0.090227  -0.21746   -0.062269   0.37718   -0.77851   -0.30788
 -0.3349    -0.24469    0.54048   -0.87704    0.050004   0.21433
 -0.17575    0.0025585  0.35569    0.13226   -0.42877   -0.16813
 -0.15717    0.59368    0.93949    0.022042   0.64229   -0.31686
 -0.10392   -0.33093   -0.21104   -0.78297    0.34298   -0.078256
 -0.1003    -0.1648     0.64418    0.31617   -0.81488   -1.1854
  0.55161    0.76039    0.74359    0.62452   -0.31653   -0.75466
 -0.19668   -1.047     -0.85621   -0.18192  ]"
dolce,"[ 0.29309   -0.23193   -1.1272     0.13592   -0.24451    0.2384
  0.92581    0.044108  -0.29855    0.62261    1.2097    -0.42632
 -0.20646   -0.0071329 -0.36855   -0.010222   0.50329    0.1935
  0.14953    0.3423     0.30269    0.47063    0.26738    0.21685
 -0.47875    1.3072    -0.58827    0.16531   -0.59974   -1.3261
  0.057943  -0.57908   -0.36414    0.68906   -0.031229   0.99784
  0.73632   -0.17078    0.93691    0.1988     1.0062     0.12034
 -0.33619    0.11682   -0.91511   -0.26924   -0.044423  -0.17528
  0.66769    1.102     -0.23679    0.62813   -0.87502    0.48033
 -0.69163   -0.78122   -0.18399    0.94689   -1.0556    -0.50703
 -0.33091    0.5471    -0.35633   -0.4306     0.23664   -0.42291
 -0.074933   0.26643    0.66938   -0.36456   -0.35555    0.66842
 -0.57451    0.053875   0.42422   -0.59357   -0.77632   -0.25192
  0.032205  -0.45868   -0.17463   -0.91525    0.0026483  0.28117
 -0.55395   -0.63126   -0.89508    0.20237   -0.49067   -0.73737
  0.47472    0.28494    0.56295    0.43573    0.45665   -0.45063
 -0.68385    0.34194    0.2021     0.66935  ]"
juliana,"[ 0.027559 -0.39324   0.13647   0.53125  -0.60731   0.38121   0.2968
 -0.13976  -0.03282   0.62712   0.49558   0.95986  -0.82986  -0.13319
 -0.8215   -0.80874   0.6182    0.28427  -0.41026   0.14722  -0.81899
 -0.26195   0.64387   0.973     0.1979    0.020831  0.30564  -1.0395
  0.36547  -0.087813  0.25423  -0.22631   0.35948   0.51492  -0.28281
  0.082947  0.56429   0.78763  -0.024472 -0.62995  -0.047373 -0.39503
  0.23508  -0.16877   0.21123   0.32513  -0.21105  -0.134     0.79928
  0.90231   0.54024   0.24455   0.21231   0.77173  -0.28225   0.032102
 -0.3544    0.8213   -1.4107   -0.32459   0.15096   0.078023  0.12958
 -0.14178  -0.61278   1.0157   -0.62106   0.089662  0.4283    0.081503
 -0.66657  -0.14987  -0.20783   0.34171   0.26837  -0.24754   0.12054
 -0.50397   0.40732   0.064514 -0.25892  -0.40997   1.036     0.38558
 -0.62407  -0.30475  -0.026275 -0.32658  -0.14668  -0.65777   0.24611
 -0.31461  -0.38357   0.48382   0.33441  -0.44253  -0.1989   -0.20679
 -0.32758  -0.29481 ]"
mandolin,"[-0.32567    0.97304    0.33965   -0.49471   -0.21564    0.32363
  0.054183  -0.26742   -0.83394   -0.23562   -0.10531   -0.89322
 -0.79603    0.20089   -0.39542    0.11355    0.31451   -0.24129
  0.58533    0.50246   -0.36684   -0.1775     0.78164    0.23284
  1.0174    -0.05715   -1.6532     0.27286    0.33267    1.0458
 -0.86939    0.20002   -0.10551    0.027684  -0.63201   -0.26194
  0.39111   -0.14053    0.52219   -0.97082    0.36864    0.4807
  0.31645    0.34338   -0.44246    0.45488    0.019432  -0.090226
  0.086533  -0.93035   -1.0298     0.31501   -0.50184   -0.21125
  0.095648   0.10601    0.19639   -0.18812   -0.49274    1.2151
  0.71572    0.3407    -0.41138    0.44087   -0.5349    -0.54229
 -0.21981    0.047026   0.25657   -0.11572   -0.19405    0.50822
  1.0589     0.025504   0.12211   -0.34878    0.084614   0.36192
  0.75272    0.090134   0.67003   -0.53542    0.64809   -0.065736
 -0.088477   0.11044   -0.0050744 -0.28348   -0.20126   -0.14564
 -0.96975   -0.049181  -0.40117    0.278      0.47591   -0.034875
 -0.52986   -1.186      0.63479   -0.36969  ]"
grotto,"[ 0.07302   0.99297  -0.46763   0.09987  -0.074255 -0.35625  -0.45994
 -0.049248  0.086377 -0.10862  -0.52376   0.79324   0.45551   0.47238
  0.47488   0.11242   0.831     0.046777 -0.48242  -0.10287  -0.32309
 -0.3269   -0.28432   0.75338  -0.17169  -0.066577 -0.61629  -0.24986
 -0.33328   0.027077 -0.29097  -1.256     0.78715   1.1586    0.27736
  0.48833  -0.82462   0.29139   0.90386  -1.0504    0.35557   0.13942
  0.010253  0.30644   0.29193  -0.46268   0.21594   0.8457    0.35163
  0.85855   0.12002  -0.080242  0.047212  0.50145  -1.0203   -1.0629
  0.26313  -0.24806  -0.27278  -0.057806  0.36142   0.046688  0.80139
 -0.29327  -0.46975   0.25108  -0.23916  -0.89135  -0.18678  -0.91875
  0.17185   0.51379   0.29861   0.15455  -0.29667  -0.35109   0.82118
 -0.52652   0.20521   0.1445   -0.61183  -0.021685 -0.06446   0.58012
  0.34942  -0.27867   0.060859  0.053456  0.34545   0.27846   0.95434
 -0.18522   0.11022   0.18419  -0.30726  -0.63899  -0.92227  -0.25766
  0.043027  0.23062 ]"
mansell,"[ 1.0129e+00 -3.4822e-01  2.8884e-01 -3.7688e-01  1.5091e-01 -1.5017e-01
  7.4579e-02 -2.0163e-01  3.4227e-01 -6.0629e-01  7.4806e-01  1.1904e+00
 -2.2530e-01 -1.0369e-01 -2.6227e-01  5.1727e-01  4.4207e-01  4.0765e-01
  1.7205e-01 -2.8486e-01  4.1503e-01 -4.2269e-01  5.7315e-01  3.2143e-02
  5.9911e-01 -3.4580e-01 -2.9278e-01 -7.9209e-02  8.5995e-02 -7.1622e-03
 -9.1831e-01 -2.8847e-01 -3.3272e-01 -3.4124e-01  4.9708e-01  1.0263e+00
  2.6049e-02  1.1368e+00 -7.3195e-01  7.5502e-01 -4.4954e-01 -1.6483e-01
  6.0677e-01  3.3410e-01 -7.4677e-01  6.3327e-01  8.5968e-01 -3.9559e-01
 -4.2840e-02 -5.5808e-01 -2.5909e-04 -2.3189e-01 -7.5840e-01  3.8994e-01
  6.0042e-01 -1.3776e-01 -5.5274e-01  8.6393e-01 -7.8758e-01 -2.0179e-01
  8.3298e-01 -4.2689e-01  5.0093e-01  1.1860e-01  2.6147e-01 -1.3285e-01
  5.9597e-01  2.2282e-01 -4.4832e-01  1.3390e-01 -6.0128e-01  5.4032e-01
 -7.4000e-01 -7.3658e-02  1.2870e-01 -1.5208e-01  2.8645e-01 -8.3852e-02
  5.1733e-01 -5.7699e-01  3.7773e-01 -1.6541e-01 -6.9936e-02  6.0704e-01
  3.1696e-01  2.9492e-01  5.1981e-01 -3.4002e-01 -2.7925e-01 -1.1516e-01
 -6.1484e-01 -2.6081e-01 -1.2889e-01  8.5987e-01  2.1300e-01 -4.0411e-01
  3.2348e-01  3.6726e-01 -3.6632e-01 -3.6259e-01]"
vogts,"[-0.72181    0.50991    0.77264   -0.84496   -1.0333    -0.13772
  0.12399    0.11737   -0.7667    -0.58427   -0.36955    0.45837
 -0.79598   -0.19024   -0.011119   0.37336    0.33014   -0.12642
 -0.34682    0.46182   -0.81476    0.65847   -0.56418    0.051219
  0.2328    -1.1624    -0.62348    0.82152    0.056322   0.082307
 -0.026683   0.37691   -1.5684    -0.53894    0.39147    0.34539
 -0.53883    0.31615   -0.3252    -0.61363    0.04019    0.5196
  0.84727    0.098029  -0.49158    1.3009     1.0468    -0.49315
 -0.22615   -0.69614    0.069181  -0.35903   -0.17953    0.33555
 -0.39185    0.32916   -0.4712     0.13134   -0.77334    0.26035
  1.5057    -0.4202     0.008702  -0.059829   0.49409    0.41054
 -0.14847    0.40762   -0.075394  -0.38734    0.30646   -0.20419
 -0.063292  -1.1615    -0.089063   0.10011    0.12915    0.49335
 -0.13782    0.027859   1.2291    -0.43295   -0.03334   -0.060321
  0.50599   -0.23125   -0.33601    0.0051285 -0.92172    0.7573
 -0.56831   -0.3757    -0.17473    1.062      0.75884   -0.18844
  0.083578   0.83071   -0.54486    0.22717  ]"
superpowers,"[ 8.2561e-01  7.0368e-01  1.0856e+00  1.8640e-01 -3.3048e-01 -1.1595e+00
 -4.0692e-02 -1.5319e-01  1.8652e-01 -3.2869e-01 -7.1025e-02 -4.5381e-01
  4.2302e-01  3.7044e-01  1.1495e-01 -2.8965e-01  3.6515e-01  4.5981e-01
 -1.7285e-01 -8.6656e-01  3.5760e-01  1.1741e-01  1.0402e-01 -1.6487e-01
  8.5793e-01  4.4120e-02 -3.1421e-01  4.0868e-01 -1.0667e-02 -9.8774e-02
  5.4666e-01 -1.0250e-01 -6.8991e-01 -6.8826e-01  3.0186e-01 -1.6146e-02
  1.5912e-01 -5.5968e-01 -5.7463e-01  1.5893e-02 -4.1537e-01  6.1719e-01
 -1.7870e-01 -4.5237e-01  1.6250e-01 -3.7825e-02  9.4251e-01  4.8348e-01
  2.3142e-01  2.6951e-01 -6.6098e-01  3.8090e-01 -4.2468e-01  7.1296e-01
  1.1183e+00  3.7083e-02  4.7085e-01 -4.0589e-01 -6.6160e-01  9.4728e-02
  1.2168e-01  5.2807e-01 -3.9111e-01  1.3211e-01 -5.3060e-02  2.4917e-01
 -2.5457e-01  4.3781e-04  1.5508e-01  2.7041e-01  5.7762e-02 -3.7124e-01
 -1.8106e-01  5.6205e-02 -8.4670e-01  9.5469e-03 -1.7227e-01 -7.2889e-01
 -5.0670e-01  2.1736e-01  3.8822e-01  1.4572e-02 -2.4214e-02  1.9026e-01
 -4.2015e-01  5.9801e-01 -4.6110e-01  3.9478e-01 -4.7045e-02 -4.0005e-01
 -8.2492e-01  2.4899e-01  3.6174e-01 -2.5125e-01  1.3955e-01 -3.7270e-01
 -2.9176e-01  1.7282e-01 -5.6650e-02  7.1876e-01]"
discernible,"[ 0.040579   0.64728    0.063882   0.55523   -0.052441  -0.10808
  0.28565   -0.44528    1.1226    -0.088827  -0.48263    0.76925
  0.022693  -0.20999    1.3646     0.60534   -0.33055    0.25865
  0.6258    -0.36123   -0.27405    0.56689   -0.20213   -0.475
 -0.11242   -0.21869    0.27701   -0.27979   -0.1057    -0.65699
  0.072071  -0.86274    0.33051   -0.016351  -0.52616   -0.41253
  0.13777   -0.051255  -0.23919    0.51984   -0.0071271  0.4363
  0.065675   0.49415   -0.21243   -0.012386   0.6792    -0.026264
 -0.46676   -0.71368    0.17567   -0.0018012 -0.097647   0.29271
  0.73319   -0.38728    0.086758  -0.14202   -0.14201   -0.357
 -0.26479    0.23909   -1.2279     0.38202    0.065057  -0.37254
 -0.059384  -0.40341    0.58883    0.038261  -0.14183   -0.31002
  0.351     -0.076569   0.80145   -0.11694    0.040358  -0.95851
 -0.10595   -0.01775   -1.1557    -0.3783    -0.14481    0.45593
 -0.65711   -0.70277    0.43753    0.61958   -0.043411  -0.20799
 -0.26034    0.041948  -0.83871   -0.29003   -0.068701  -0.33107
 -0.45344   -1.1071     0.032683   0.69092  ]"
uncontrollable,"[ 0.045377  -0.5319     0.48311    0.28429   -0.49728    0.7874
 -0.15431    0.17953    1.105      0.022591  -0.27279    0.14781
  0.01694   -0.41027    0.50789    0.21692   -1.2116     0.90734
  0.41618   -0.72358    0.53212   -0.16744    0.33145   -0.016984
  0.60999    0.65327   -0.40195    0.6696     0.56263   -0.17084
 -0.28534   -0.37205   -0.17268   -0.40754   -0.80171   -0.31403
  0.65743   -0.0018849  0.20786   -0.094722  -0.064478   0.95331
 -0.50483   -0.37095    0.58006    0.42931    0.13994    0.74297
 -0.51457   -0.083435  -0.19748    0.054074   0.17511   -0.19167
  1.2026    -0.14131    0.73446    0.12693   -0.15325    0.59618
  0.38843    0.29202    0.035443  -0.24204    0.60101   -0.080299
  0.98665   -0.77975    0.73388   -0.26352    0.094353  -1.1206
  0.062395   0.010624   0.43547   -0.33338   -0.3605    -0.093942
 -0.15778   -0.55522    0.30075   -0.15691   -0.13617    0.60629
 -0.23987   -0.68272   -0.0044388  0.19414   -0.65753   -0.9772
 -0.29548    0.37928   -0.16789    0.15435    0.27794   -0.4879
 -0.0033873 -0.52915    0.28556   -0.11723  ]"
1992-93,"[ 0.13168    0.285     -0.074294  -0.35866   -0.13461    0.15133
  0.41821    0.21389   -0.097427   0.70525    0.086123  -0.89933
  0.32997    0.2547    -0.30272    0.039326  -0.21712   -0.16093
 -0.0067063 -0.45328    0.18241    0.44768    0.10192    0.45822
  0.74684   -0.41219   -0.32784   -0.57023   -0.31177   -1.2373
 -0.21078    0.1228    -0.1786    -0.48079   -0.4455    -0.32023
 -0.26982    0.58864   -0.044918   0.022509  -0.083989   0.58596
 -0.16345    0.08605    0.12916    0.36022    1.0584    -1.1697
  0.10759   -0.097068  -0.31885    0.039189  -0.16665    0.44422
  0.21957   -0.0023393  0.43532    0.065291  -0.21334    0.20078
 -0.76773   -0.12867   -0.28846   -0.13241   -0.32409   -0.04791
 -0.44482   -0.54665   -0.041548   0.61939    0.66149    0.20592
 -0.57013    0.86464   -1.0876    -0.37699   -0.69498    1.0995
 -1.2275    -0.026515   0.044286   0.53403    0.15457    0.46326
  0.55368    0.42896   -0.46124    0.0024256 -0.19241    0.098184
 -0.41565    0.64709   -0.50774    0.23155   -0.42938   -0.4334
  0.40318    1.106     -0.9395    -0.37845  ]"
streaked,"[ 0.053937  0.21436   0.64583  -0.62303   0.57756   0.83458  -0.086436
  0.37894  -0.51843   1.096    -0.57028   0.11674   0.4801    0.43911
  0.18923  -0.28033  -0.18538   0.12766   1.0065   -0.48069  -0.27331
  0.33197  -0.059292  0.68622   1.3247    0.76148   0.055613  0.30085
 -0.49644  -0.48522   0.34575  -0.56874  -0.21142   0.50524   0.69208
 -0.014663 -0.07302  -0.29721   0.16744   1.6238   -0.23908  -1.0095
 -0.93567   0.52182   0.17865   0.43367   0.048458  1.039     0.4989
 -0.2945    0.23623  -0.16728   0.37134   1.2127   -0.046711  0.11829
  0.095253  0.80598   0.25604  -0.048265  0.72803   0.48389   0.15984
  0.22652  -0.53358   0.31525   0.61806  -0.63467  -0.70157   0.22253
  0.30291  -0.3842    0.21686  -0.41064   0.17772  -0.54287  -0.18698
  0.27066   0.45653  -0.07176   0.13378   0.66018  -0.18912   0.074551
  0.30289  -1.0197    0.37635   0.31078  -0.36258   0.32936  -0.267
 -0.40953  -0.73337   0.24204  -0.15816   0.25479  -0.49087   0.65813
 -0.70702   0.23809 ]"
tamaulipas,"[ 0.56336  -1.2277    0.56773  -0.96926   0.36646   0.22956  -0.1126
  1.123     0.23059   0.17441  -1.0314   -0.80957   0.15089  -0.15226
  0.18406   0.011079  0.72941  -0.48521  -0.27409  -0.083276  1.2988
  0.39175   0.5554    0.27648  -1.2015    0.34345   1.0485   -0.55705
  0.5813   -0.58952   0.80428  -0.433     0.39343   0.99247  -0.21482
 -0.25397  -0.24252  -0.64973   0.94643   0.037608  0.43806  -0.51021
  0.037864 -0.086241 -0.4893    0.23185   0.69771  -0.2169   -0.65499
  0.55902  -0.66979   0.59766   0.041819 -0.11815  -0.40048   0.45872
  0.023153 -0.50987  -0.45578   0.45681   0.20301   0.27231   0.74483
 -0.64664   0.51826   0.38037   0.036904 -0.33421   0.31649   0.49756
  0.19404  -0.18872   0.72305   0.31407   0.32202   0.18324   0.41476
  0.20845  -0.41952   0.37757   0.15871  -0.2134   -0.65891   0.10341
  0.76732   0.2879   -0.39691   0.32961  -0.27433  -1.2527    0.013393
 -0.082618 -1.1673   -0.038673 -0.63462   0.9875   -0.17926   0.37666
  0.34781  -0.39489 ]"
jassem,"[-7.5030e-01 -2.0441e-01 -1.2865e-01 -5.8827e-01  1.0751e+00 -8.0870e-01
 -6.2072e-01  4.1824e-01  9.2831e-01  7.1945e-02  5.6447e-01 -7.0181e-02
 -7.4946e-01 -9.5855e-01  6.0420e-01  5.3983e-02 -3.5086e-01 -1.0528e+00
 -3.8215e-01 -4.6760e-02 -2.5793e-01 -1.4581e-01  1.0568e-01 -9.4323e-01
  1.9268e-02 -1.3461e-01  5.0464e-01  1.5289e-01  3.1523e-01  1.1082e+00
  1.0054e-02 -5.2977e-01  9.1177e-02 -8.7926e-01 -7.2924e-01 -7.8000e-03
 -1.0033e+00  1.6548e+00 -7.4987e-01  5.0228e-02  1.3523e-01  2.2044e-01
  4.6924e-01 -3.5342e-01  5.0810e-01  1.5144e-01  7.7652e-02  5.7514e-01
  9.3589e-03  3.6734e-02 -1.1771e+00 -3.9327e-01  6.7419e-01  1.2233e+00
  6.4124e-04  1.1560e+00  2.2618e-02  3.0287e-01 -1.9488e-01  6.7583e-01
  3.7993e-01  1.3617e-02  6.3028e-01 -4.0429e-01 -3.5007e-02 -4.2103e-01
  6.0315e-01  3.1784e-01 -8.0093e-01 -7.6619e-01  6.0656e-01 -1.3433e-01
  5.2436e-01 -1.3183e+00 -9.7656e-01  9.8227e-01  7.0497e-01 -8.6708e-01
 -6.6469e-01  2.5210e-01  9.0963e-01 -6.3902e-01  3.2039e-01 -5.7814e-01
  1.3586e-02 -5.3593e-01 -3.5373e-01 -1.2610e-01  3.7573e-01  6.3049e-01
  2.7021e-01  7.6111e-01  3.3581e-01  3.2783e-01  2.0621e-01  3.3737e-01
  9.4575e-01 -8.8480e-01 -1.0936e-01 -1.1209e+00]"
aches,"[-0.39084    0.065978   0.32683   -0.44102   -0.36192    0.57278
  0.058528   0.31016   -0.095078  -0.58188   -0.5961    -0.35954
  1.0148     0.35808    0.49441    0.17299   -1.1727    -0.4417
  0.32445   -0.42753   -0.87295    0.99558   -1.0464     0.71512
  0.028716   0.9014     0.49233   -0.57495    0.93581   -1.0018
 -0.049992  -0.40114   -0.013301  -0.51494   -1.1967     0.70581
  0.63044   -0.47232    0.33524   -0.066879  -0.26554    0.66516
  0.34242   -1.2888    -0.91042    1.2669     0.11835    0.062244
  0.38748   -0.038318  -0.41346   -0.55285   -0.72974   -0.44068
  0.48654    0.048576   0.39324    0.12674   -0.49364    0.31393
  0.57533    0.92232   -0.2108     0.66563   -1.0135    -0.11805
  0.29253   -0.68991    0.26705   -0.20909   -0.29728   -1.119
 -0.0059163 -0.031151   0.6225     0.6697    -1.0721     0.17534
 -0.49047    0.20564   -0.23584   -0.44019   -0.30676    0.83051
 -1.221     -0.12626    0.062449  -0.10696   -1.4433     0.68321
 -0.2192    -0.092579   0.10315    0.64396   -0.15425    0.364
  0.14399   -0.92043    0.74785    0.0083785]"
30.5,"[ 0.85119    1.1285     0.41691   -0.5818    -0.11109    0.26322
 -0.23004    0.18864   -0.035436   0.50163    0.79715    0.84988
 -0.24324   -0.25719    1.5829    -0.29498   -0.52303    0.1317
 -0.45269   -0.12928   -0.43961    0.86436    0.45785    0.85269
  0.11971   -0.26544    0.74469    0.62142   -0.095178  -1.0527
  0.63528   -0.33585    0.90384   -0.24242   -0.16605    0.99414
  1.3077     0.10182   -0.43925    0.79577    0.18341    0.44942
 -0.1455     0.54821    0.19072   -0.26199   -0.33375   -0.44481
 -0.39093   -0.30295   -0.57515   -0.42677    0.23171    0.03189
 -0.29588    0.21556   -0.333     -0.67319   -0.13005   -0.1441
  0.44845   -0.43713   -0.92482    1.1162    -0.71559    0.31178
  0.10563   -0.66454    0.079677   0.1755    -0.15697   -0.24094
  0.23465    0.20329   -0.35586    0.26093   -0.50021   -0.11819
 -0.52749   -0.30283   -0.037366   0.0042193  0.19453    1.1087
  0.28535   -0.32297    0.61132   -0.28179    0.61746   -0.040584
  0.039994   0.43436   -0.28655   -0.7172    -0.12513   -0.2419
 -0.3546    -0.17694    0.13563   -0.30833  ]"
acrylic,"[-0.26446    1.0979    -0.82208   -0.14868    1.0235    -0.3685
  0.11307   -0.19209    0.062772   0.76839    0.58833   -0.65917
 -0.099595   0.14363    0.20043    1.0644     0.44348    0.11544
  1.4601    -0.81685   -0.34273    0.036992   0.41257    0.28355
  0.28064    0.024677   0.27627   -0.015235  -0.74879   -0.60181
 -0.10728    0.1664    -0.54235   -0.29613   -0.089776   0.60035
  0.54896    0.59226    0.84798    0.020994   0.066345  -0.56697
 -0.26478   -0.47625   -0.7024    -0.14596   -0.28944   -0.27815
 -0.38341   -0.18122   -0.26587    0.24132    0.23242    0.65631
 -0.97269   -0.24985   -0.14824   -0.18707   -0.11422   -0.48556
  0.21291    1.26      -0.19463    0.82552    0.082393  -0.024379
  0.83499   -0.36041   -1.1365    -1.1944    -0.15002    0.41631
  1.4029     0.21983   -0.36795   -0.029966  -0.0040204  0.2018
  0.10671   -0.12097    0.33222    0.47363   -0.4125     0.68494
  0.25868   -0.10147   -0.13974    0.8017     0.11204    0.26426
  0.28747   -0.96447   -0.44119   -0.63743    0.92092   -0.018107
 -0.64463   -0.6068    -0.021332  -0.38326  ]"
hilal,"[-4.5344e-01 -3.5114e-01 -4.0596e-01 -8.8286e-01  3.1930e-01 -3.6760e-01
  3.1272e-01  4.6935e-01  4.4364e-01  3.5022e-01  7.7387e-01 -4.0906e-01
  1.8759e-01  6.1836e-01 -1.3515e-01  7.8135e-02 -5.1765e-01 -1.3047e+00
  3.6796e-01  4.6820e-01  3.4543e-01 -2.7868e-01 -5.2918e-01  2.5701e-01
  5.4697e-01  6.9845e-01  1.3650e+00  3.2063e-01 -1.8699e-01 -3.2974e-01
  3.1523e-03 -8.6132e-01 -5.0610e-01  3.7166e-02 -3.5548e-01 -1.2324e-01
 -6.4175e-01  2.1040e+00 -1.5039e-01  1.2677e-01  2.9201e-02 -4.4825e-01
 -1.9121e-01  1.1887e-01 -8.6104e-05 -8.9010e-02  2.5793e-01  7.1893e-01
  5.4159e-01  3.0513e-01 -4.3565e-01  4.7022e-01  4.6034e-01  5.7199e-01
 -3.1397e-01  3.7867e-01 -1.3479e-01 -6.7350e-01 -7.1713e-01  2.5945e-01
  7.5080e-02 -9.9215e-01 -4.2560e-01 -1.1355e+00  5.4768e-01  2.1106e-01
  5.3304e-01  1.0437e+00 -7.1472e-01  2.0658e-01  5.8996e-02 -1.6243e-01
  3.0209e-01 -1.0015e+00  4.2203e-01 -5.8407e-01 -3.7956e-01 -9.8703e-01
 -6.3029e-02  1.7085e-01 -3.7847e-02 -5.1852e-01 -7.0298e-01 -1.6372e-01
  3.9553e-01  1.2176e-01 -4.9405e-01  6.2532e-01  5.5745e-01 -4.6522e-02
 -1.5036e-01  3.9929e-01  9.5930e-02 -4.2977e-01  9.7831e-02 -4.7874e-02
 -2.1736e-01 -1.4840e-01  1.7921e-01 -5.6546e-01]"
bolsa,"[ 1.7563     0.20187    0.64328    0.5891    -0.47741    0.1721
  0.5557     0.3276     0.15598   -0.38076    0.41756    0.11333
 -1.1919    -0.82089   -0.4008     0.58794    0.11721    0.075053
  1.214      0.51531    0.96042   -0.28054   -0.93238    0.021938
 -0.13634   -0.69414   -0.45742   -0.49195   -0.64635   -0.36116
 -0.55582   -0.53493    0.18719    1.2612     0.17221    0.75924
  1.1107    -0.84975    0.49703   -0.67746    1.2684    -0.52215
 -0.99445    0.13313    0.21369    0.92618   -0.51308    0.34461
 -0.81291   -0.25915   -0.34003    0.18422   -0.26993   -0.31558
 -0.9213     0.55065    0.46496    0.14534    0.52717    1.1996
 -0.52329   -0.31483    0.13324   -0.44146   -0.69132    0.095768
 -0.64002   -0.62434    0.64817    1.6169    -0.05076    0.88121
 -0.14381   -0.23689   -0.64598   -0.42061   -0.84871    0.15804
 -0.8989     0.31751   -0.073769   0.75236   -0.80016    0.33319
 -0.43774   -0.48306   -0.29753   -0.39949    0.64171   -1.5496
 -0.51911   -0.0046427  0.28387    0.18258   -0.75788    0.28115
 -0.044215  -1.1051    -0.56976    0.50784  ]"
smokes,"[ 0.27033    0.35259    0.14923   -0.30039   -0.01572    0.65343
  0.28247    0.070123   0.56929   -0.075948   0.44394    0.096349
 -0.63909    1.012     -0.18918   -0.14277    0.17057   -0.24643
  0.58338   -0.086812   0.88674    0.39871   -0.78546   -0.0052583
  0.070504   0.39562   -0.31336   -0.55611   -0.62329   -0.37551
  0.11579    0.44726    0.62742   -0.44913    0.093441   0.89206
 -0.38912    0.42383    0.26619    0.12898   -0.25919    0.7714
  0.21901   -0.761     -0.6988    -0.20736   -0.31407   -0.31089
  0.18462   -0.18544    0.50528    0.19628    0.1207     0.46107
 -0.039484   0.31143   -0.2228     0.33358   -0.55732   -0.080134
  0.84574    0.56132    0.66009   -0.37859   -0.63309    0.61136
  1.0324    -1.0385     0.19275   -0.31644    0.75395   -1.0773
  0.76129    0.65385   -0.060787   0.2011     0.020675  -1.2601
  0.10228   -0.040285   0.74505   -0.8103    -0.43553    0.54966
  0.077969  -0.87682   -0.24406   -0.23075    0.15161    0.65293
  0.07562   -0.74925   -0.10271   -0.56668   -0.9453    -0.2379
  0.35809   -0.14489    0.12174    0.57534  ]"
milano,"[ 0.52536   -0.70356   -1.0462    -0.21627   -0.23919    0.083376
  1.1324     0.54774   -0.18317    1.016      0.68719   -0.61716
 -0.10422    0.93917   -0.34467   -0.24415    0.87314   -0.60044
  0.36841    0.50866   -0.55744    0.26716   -0.036522   0.25103
 -0.18682    0.23861    0.81348   -0.1742    -0.3263    -0.76706
 -0.76647    0.28097    0.47323   -0.047141   0.063039   0.095457
  1.0183    -0.082197   0.097341  -0.36646    0.91346   -0.10204
 -0.37027   -0.42372   -0.012426   0.77139    0.17379   -0.60722
  0.66738    0.7852     0.21915    0.006628   0.0041606  0.26107
 -0.97052   -0.20476   -0.32219    0.33551   -0.91897   -0.54725
 -0.60721    0.13836   -0.68948    0.22717    0.070586   0.087452
  0.094855   0.043019   0.03533    0.25806    0.72504    0.4503
  0.13318   -0.30169   -0.36693   -0.36824   -0.25345   -0.083708
  0.17082    0.18916    0.09974   -0.38733   -0.47989   -0.2207
  0.11137   -0.36714   -0.72327    0.70057   -0.5016    -0.072341
  0.21447    0.42984   -0.12592    0.21789    0.6724    -0.046956
 -1.0442     0.60956    0.59617    0.53214  ]"
buckled,"[ 0.42697    0.083278   0.085281  -0.51201   -0.32302    0.19194
 -0.89466    0.50369    0.68446    0.24102    1.1545     0.13239
  0.58928    0.17665    0.30483   -0.58438   -0.68036    0.49883
 -0.2002    -1.3943     0.20652    0.53512    0.074022   0.059854
  0.36319    0.13241   -0.67492   -0.71462    0.033161  -0.45985
  0.82871   -0.57854    0.19674    0.23381   -0.64459    0.40334
  0.20223   -0.013013  -0.39614    0.98734   -0.022941   0.039953
  0.72978   -0.22862   -0.22557    0.36122    0.25258    0.6005
  0.52197   -0.30593   -0.71401    0.19738   -0.050585   0.38111
  0.37339   -0.37768   -0.048079   0.38354    0.45636    0.37149
  0.38603    0.030412  -0.37124    0.93805   -0.62672    0.14003
  0.027331  -0.23183   -0.14604   -0.68329   -0.19572   -0.39489
  0.54001    0.2913    -0.21139   -0.10486   -0.1706     0.80379
  0.86254   -0.16535   -0.23415   -0.0037209 -0.38537    0.41493
  0.34171   -0.3381    -0.53091    0.080978  -1.1325     0.10075
  0.32066   -0.25592   -0.35153    0.48907    0.29427    0.21778
  0.28318   -0.24088    0.040216   0.33048  ]"
augustin,"[ 0.0091681 -0.39978   -0.88921    0.1438    -0.34798    0.43573
  1.0118    -0.44866   -0.70626   -0.79148   -0.1721     0.35032
 -0.266     -0.13256    0.41047    0.25367   -0.041862  -0.22965
 -0.5984     0.60242   -0.73259    0.2458    -0.11072    0.69758
 -0.029073  -0.73074   -0.12314   -0.22309    0.20095   -0.014687
 -0.39764   -0.80057    0.20735    0.21602   -0.68058    0.053416
  0.39408    0.063092  -0.0033821 -0.026194   0.57758    0.70515
  0.12916   -0.20553   -0.28804    0.010204  -0.64635    0.013673
  0.24433    0.63737   -0.087183   0.078989  -0.62759   -0.4808
 -0.80445    0.21258   -0.37947    0.54059   -0.37581    0.47741
  0.29025   -0.57599    0.045465   0.41911    0.073748  -0.44688
  0.6246    -0.046125   0.077594   0.70999    0.41418   -0.29272
 -0.29367   -0.82166    0.41738   -0.033543  -0.294      0.25909
 -0.60566    0.41792   -0.20274   -0.27481   -1.041      0.39412
  0.33717    0.091385   0.41413    0.2311    -0.17863   -0.26899
 -0.023966  -0.34531   -0.31123    0.39194   -0.59349    0.35652
 -0.10946   -0.84238   -1.2854     0.29516  ]"
1.73,"[ 1.2209    0.68374   0.33359   0.25374   0.11441  -0.12923   0.07779
  0.073274  0.1669    0.36847   0.15517  -0.22157  -0.69673  -0.59607
  0.41121  -0.27633  -1.0537   -0.28202   0.15081   0.31642   0.3641
 -0.25899   0.114     0.7919    1.0978   -0.49172   0.3134    0.40103
 -0.09766  -0.97856  -0.21647  -0.19324  -0.078327 -0.12816  -0.053531
  0.55111   0.28238  -0.12828  -0.062789  1.0452    0.024938 -0.89668
 -0.35998   0.26763  -0.6778    0.12142  -0.28454   0.43674  -0.47044
 -1.0625   -0.29719  -0.30978   1.4161   -0.04935  -0.92775   0.56056
 -0.049305 -0.23314   0.57081   0.36686   0.20547  -0.66519  -0.5415
  0.48883  -1.2682   -0.48988  -0.016276 -0.31204   0.76363  -0.14716
 -0.66978   0.27368  -0.44291   0.28172  -0.6873   -0.069135 -0.55162
  0.26861  -0.18668   0.12025  -0.73989   0.19383  -0.025531  0.69172
  0.61499   0.16361   0.30652   0.5945    0.405     0.37828  -0.2741
  0.78699   0.034955 -0.50057  -0.48353  -0.17656  -0.40995  -0.33932
 -0.17618  -0.32673 ]"
recoveries,"[-0.20057    0.20493   -0.13039   -0.40999   -0.66771   -0.23468
 -0.053786  -0.57938   -0.094128  -1.0051     0.55491    0.62522
  0.38394    1.1352     0.56729    0.872      0.39705    0.58723
 -0.22076    0.84967    0.42125    0.15322   -1.0412     0.93513
  0.53651   -0.19703   -0.39233    0.33133   -0.3345     0.10049
 -0.0075998 -0.7187    -0.35306   -0.5559    -0.19076    0.17946
  0.0043128  0.051356  -0.67902   -0.24022   -0.11247   -0.62237
 -0.35427    0.50217    0.030636  -0.3669     1.3904    -0.25674
  0.086856  -0.44636   -0.49065    0.39872   -0.40563    0.73087
  1.0324     0.57138    0.44271   -0.65143    0.10804    1.0288
 -0.67742   -0.48398   -0.22902   -0.037981  -0.23657   -0.32743
 -0.063645  -0.63772    0.47454   -0.72304   -0.17409    0.11041
 -0.08688    0.26563    0.023534  -0.061072  -0.64229    0.04885
  0.45652   -0.36453    0.73205    1.2107    -0.19677    0.83122
 -0.7695    -0.45837    0.94589   -0.41418   -0.14507   -0.60502
  0.60991    0.62383   -0.79691   -0.36078   -0.19749   -0.1829
  0.082208   0.23778    0.011947  -0.31678  ]"
applauding,"[ 0.37054   0.112     0.2681    0.13126  -0.23401   1.3      -0.42665
  0.28358  -0.14067  -0.2644    0.1465   -0.31719  -0.15749  -1.3625
  0.12118  -0.1836   -0.51297   0.083727  0.33533  -0.7739   -0.21217
  0.13504  -0.17943  -0.15883   0.63544   0.46827  -0.15294   0.85387
  0.89198  -0.15704  -0.072009 -0.028277  0.35183   0.46042   0.12225
  0.13412   0.019086  0.079447 -0.037528 -0.068357 -0.20279   0.12792
 -0.086884  0.86607  -0.15726  -0.22651   0.22854  -0.066484 -0.97171
 -0.49973   0.22058  -0.3853    0.46713   0.39823  -0.76784   0.51132
  0.35673  -0.25376  -0.33671  -0.23729   0.22381   0.090773  0.44027
  0.58436  -0.53993  -0.12331   0.41659   0.66642   0.021317 -0.11082
  0.14845  -0.14517  -0.028034 -1.1169   -0.0468    0.48609  -0.011959
  0.074507  0.14403  -0.24716   0.10192  -0.17562  -0.051151 -0.24841
 -0.48427  -0.79934  -0.57561  -0.11586  -0.95272  -0.46072   0.40607
 -0.5083   -0.5092   -0.060932 -0.33261  -0.43399  -0.52349   0.51359
  0.49857   0.66764 ]"
walpole,"[-0.51435   0.19174   0.34089  -0.3052   -0.80132   0.027241 -0.43857
  0.33564  -0.40608   0.15975  -0.28907   0.47754  -1.1791    0.33337
  0.67825   0.065906  0.33472  -0.78159  -0.39319   0.1253    0.055611
 -0.33869   0.96836  -0.41088  -0.022706 -0.3044   -0.64117   0.39075
  0.10633   0.67535   0.73509   0.39085   0.096155 -0.32253   0.16111
  0.52546  -0.43255  -0.64716   0.019055  0.20847  -0.031317  0.66948
 -0.18976   0.11323  -0.206     0.34684   0.46709  -0.71682   0.58423
  0.678     0.4855   -0.28793   0.2583   -0.55941  -0.089355 -0.18634
 -0.53287  -0.57518  -0.84486  -0.019388 -0.41603  -0.48937  -0.57772
  0.42463  -0.037469 -0.56967   0.54869  -0.062858  0.57401  -0.23229
  0.22019   0.23424  -0.043958 -0.87045  -0.057745 -0.072191  0.43995
  0.50545  -0.74343   0.19029  -0.091753  0.30993   0.037321 -0.28662
  0.46317   0.099073  0.10552  -0.45779  -0.092022 -0.66969  -0.19593
 -0.45024   0.73931   0.38265  -0.34542  -0.4893    0.1024   -0.17834
 -0.56604   0.058104]"
dynegy,"[ 0.81902   -0.32112    0.75605   -0.33553    0.38991   -0.8387
  0.40486    0.21633   -0.52442    0.2133     0.67155    0.66546
 -0.0051919 -0.73942   -0.57851   -0.83589   -0.05886    0.60623
  0.26331    0.55663   -0.25521   -0.59213   -0.012445   1.5018
 -0.086489   0.55302   -0.95976    0.62522   -0.65802    0.19884
  0.76374   -0.014683  -0.97693   -0.28596   -0.9589    -0.051751
  0.81239    0.28522    0.67157   -0.36256    0.48458   -0.15571
  0.11071   -0.2814    -0.73833    0.79424   -0.54834    0.21713
  0.34196   -0.22822   -0.38779    0.18754    0.16334   -0.69093
 -0.20061    0.11791   -0.2992    -0.87307    0.15831    0.497
 -0.36605   -0.61965   -0.34204    0.3291    -0.13052   -0.56182
  1.2471     0.43389   -0.04671    0.44068    0.18166   -0.15958
 -0.36844   -0.28175   -0.32968   -1.2083     0.43462   -1.1834
 -0.80859    0.75173    0.34968   -0.43232   -0.34984    0.0021361
 -0.10324    0.0088218  0.21       0.49874   -0.011042  -0.27418
  0.23159   -0.30134   -0.95055   -0.58146   -0.040366  -0.22395
  0.056801   0.26869   -0.41802    0.65338  ]"
profane,"[ 8.0962e-01 -1.1385e-01 -1.7859e-01 -3.9202e-01 -3.7010e-01  1.0891e+00
 -2.8477e-01 -1.1994e-01  4.9522e-01  9.3958e-01 -3.5210e-01 -2.8153e-01
 -1.2088e-01  1.0708e-01  4.9078e-01  3.2653e-01  1.5546e-02 -4.5100e-02
  1.4678e-01  3.5855e-01  4.3543e-01 -1.3235e-01  1.3421e-01  1.4562e-01
  5.5163e-01  1.6532e-01 -4.8040e-01  1.1002e+00  1.3651e-01  1.4906e-01
 -1.2716e-01  1.2558e-01 -4.7581e-01 -2.9300e-01 -2.0826e-01  1.3286e-01
 -6.0329e-01 -2.9568e-01 -1.2809e-01  9.9671e-02  6.4623e-01  4.5820e-01
 -2.9402e-01 -2.1255e-02 -4.6731e-01  1.5964e-01  3.2311e-01  4.0874e-01
  5.9543e-02 -1.9049e-01  6.0259e-01  3.0366e-02  9.2222e-01 -3.3767e-01
 -5.9836e-01  7.0986e-02  8.0326e-01  1.5299e-01  7.4500e-03 -3.4266e-01
  8.9333e-02  1.9517e-01  8.4845e-02 -8.4478e-01  4.1004e-01 -2.8284e-01
  1.8733e+00 -4.9256e-01  1.3905e-01 -9.7776e-01 -3.9931e-01 -3.3537e-01
  5.2208e-01  1.8047e-01 -5.7598e-01  1.7008e-03 -3.2809e-01  1.7540e-01
 -4.6832e-02 -7.6401e-02 -5.7246e-02 -6.2468e-01  3.5760e-02  1.2415e-01
 -6.2073e-01  4.3963e-01 -3.3785e-02  3.4869e-01  4.4194e-01 -2.0474e-01
 -2.7308e-01  8.5648e-02 -3.8490e-01  5.6188e-01 -7.5227e-02 -2.5881e-01
 -1.0461e+00 -3.6711e-01 -6.9621e-01  6.4077e-01]"
bund,"[ 1.3617    0.45878  -0.62117   0.41136  -0.42747  -1.1029    0.44808
 -0.57984  -0.25866  -0.42895  -0.87448  -0.053811  0.036033  0.013592
  0.85801   0.131     0.88157  -0.79969  -0.44591  -0.3915    0.58924
  0.30649  -1.0673   -0.11577   0.52826  -1.3193    0.011352 -0.56044
 -0.76949   0.6148   -0.81345  -0.27394   0.36128   0.313     0.2253
  0.59568   0.96797  -0.64769  -0.62331  -0.28996   0.3693   -0.76073
 -0.2973    0.14504   0.26959   0.33454  -0.5912    0.11574  -0.32346
  0.64987  -0.36809  -0.54683   0.56309   0.5829   -0.85303   0.78081
  0.87865   0.51644   0.48916   0.92133   0.40939  -0.094778 -0.99113
  0.84525   0.76514   0.62958  -0.098163  0.1345    0.80598  -0.71853
  0.25904   0.093513 -0.31135  -0.76424  -0.94968  -0.38024   1.0914
  0.15633  -0.67796  -0.32519  -0.48839   1.4563   -0.77602  -0.56361
  0.66662  -0.67654  -1.1662   -0.28988   0.6088    0.92016  -0.10884
  0.22145  -0.10889   0.7479    0.12391  -0.15094   0.80243   0.41555
 -0.040149  0.42477 ]"
makati,"[ 0.6981    -0.27612   -0.12766   -0.2351     0.24461    1.1199
 -0.93938    0.33919    0.3318     0.84137    0.99649    0.064035
 -0.12775   -0.22478   -0.34702   -0.093983   0.25793    0.1038
  0.16455   -0.83638    0.55599   -0.5888    -0.23491    0.20179
 -0.95351    0.21286    0.52518   -0.3473    -0.80274    0.93121
 -0.096606  -0.015323   0.61123    0.44221   -0.69715    0.011502
  0.34951    0.5787     0.4785     0.083538   0.10726   -0.17139
  0.28324   -0.87525    0.16989    0.39026    0.87047    0.55722
  0.27651    1.3071    -1.3443     0.026356   0.0029833 -0.39959
  0.04864   -0.27745    0.28694   -0.51225    0.3818    -0.45719
 -1.2799     0.35662   -0.2936     0.14533   -0.87626   -0.93969
 -0.19472   -0.15786   -0.14131    0.31119   -0.72757    0.10064
 -0.39278   -0.46782   -0.53094   -0.30562    0.54738    0.54148
 -0.60933    0.094439  -0.12451    0.010848  -0.47874    0.077379
  0.46938   -0.17423   -0.99482    0.28294    0.31411   -0.72591
  0.95477    0.0030178 -0.07483    0.12541    0.14978    1.5276
  1.5048    -0.044865   0.57064    0.52381  ]"
bankamerica,"[ 0.55637   -0.33919   -0.34329    0.26397    0.31757   -0.029185
  0.48912   -0.68771   -0.32428   -0.28144   -0.0082423  1.1893
 -0.84515   -0.13344    0.33545   -0.69143    0.059384   0.26782
  0.27512    0.567     -0.30718    0.16187    0.13903    1.1364
 -0.56159    0.11078   -0.21726   -0.75036   -0.81335   -0.73923
  0.63885    0.74289   -1.1226     0.19596   -0.63097   -0.05887
  0.60981    0.13676    1.3546    -0.33113    1.1124    -0.98745
 -0.54548   -0.018968  -0.35802    1.4327     0.80627    0.32993
  0.060841   0.27789   -0.13818   -0.26082   -0.062409  -0.59698
 -0.89002   -0.39282   -0.2829    -0.64589   -0.15665    0.16777
 -0.59368   -0.41354    0.32396   -0.53053   -0.87392   -0.69239
  0.28126    1.3169     1.0702     0.3332    -0.5741    -0.60425
 -0.82215   -0.28193   -0.52927   -0.20491    0.10524   -0.084644
 -0.11989    0.032933   0.46503   -0.47464   -0.014582   1.4526
 -0.22457   -0.24925   -0.25004   -0.012892   0.65053   -0.0045344
 -0.17545    0.10503   -0.76466   -0.17268   -0.48562   -0.16223
  0.56206   -0.27478   -0.455      0.7566   ]"
foresaw,"[ 1.3951e-01 -1.1912e-01  2.7811e-01  5.8007e-01 -6.5691e-02 -8.5288e-01
 -1.9794e-01  2.9187e-02  6.2774e-01  8.6443e-04  6.1680e-02  5.5149e-01
 -2.4388e-01 -3.1619e-01  3.9377e-01  2.6458e-03 -1.6779e-01  9.1404e-02
  1.2516e-01 -2.2684e-01 -1.6926e-01 -1.8317e-01 -6.6966e-01 -1.9710e-01
 -6.7881e-02 -6.0894e-01 -3.9243e-01  8.8323e-02 -6.3258e-01 -5.6088e-01
 -2.9333e-01 -6.7185e-02  4.5758e-02 -2.0225e-01 -1.4292e-01  2.6556e-01
  3.7031e-01  2.3908e-02 -2.0411e-02  3.7580e-02 -5.7157e-01  8.7023e-01
  4.6901e-01  1.2722e-01 -5.0574e-01  9.3704e-02  7.4234e-01 -4.7173e-01
 -5.2712e-01 -1.0023e-01 -1.7827e-01 -8.2249e-02  9.9477e-02  7.1818e-02
 -1.4075e-01  2.2212e-02  5.4602e-01 -3.0085e-01 -6.9003e-01  6.4819e-01
 -5.2191e-02  5.7232e-03 -8.3990e-01  6.0736e-02 -1.6668e-01 -6.5071e-02
 -9.2049e-02 -3.5988e-02 -5.4642e-02 -1.1204e-01  7.1577e-01 -6.6544e-02
 -2.6589e-01 -3.0174e-01 -3.4499e-01 -1.0764e-01  5.6238e-01 -3.6290e-01
 -6.4634e-01 -1.7003e-01  1.9700e-01 -3.4014e-01 -6.2609e-01  4.0738e-01
 -5.3483e-01 -6.7116e-01  4.7694e-01 -7.0187e-01 -2.5043e-01 -3.6351e-01
  2.9450e-01 -8.0687e-02 -2.3707e-01 -6.2517e-01 -4.1479e-01 -1.3280e-01
  1.2285e-01  2.5128e-01 -3.2877e-01 -6.9412e-02]"
mattingly,"[-2.1303e-01 -1.5674e-01  2.5764e-01 -1.0590e+00 -6.7551e-01 -3.1013e-01
  6.6598e-01  4.0407e-02 -2.2504e-01 -2.7649e-01  2.3264e-01  3.7595e-02
 -3.0385e-01 -9.6552e-02  6.3896e-01 -7.3860e-01  5.6079e-01  7.5865e-01
  3.6842e-01  2.5031e-02 -2.1742e-02  1.4158e-01 -4.9522e-01  3.2983e-01
  1.1330e-01 -2.0329e-02 -4.1961e-01 -1.7569e-01  6.7556e-01  4.9499e-01
  1.2194e-02  3.6496e-01  2.0534e-01  4.9272e-01 -4.0040e-01  9.0506e-01
 -1.4052e-01  3.6375e-01  3.1885e-01 -1.1106e-01  1.8102e-01 -1.7559e-01
  1.0451e+00  1.7157e-01 -7.2786e-01  6.5526e-01  9.5840e-01 -7.0876e-01
 -1.4398e-01 -4.6739e-02 -1.7527e-01 -1.4270e-02 -6.2279e-02 -1.2429e-01
  1.5217e-01  1.7253e-01  2.7716e-01  1.9375e-01 -5.9698e-01  9.6726e-01
 -3.6258e-01 -8.7846e-02  2.5885e-01  4.6779e-02  1.6696e-04 -3.4926e-01
  9.0992e-01 -2.6838e-01 -2.5193e-01  3.1682e-01  1.6296e-01 -2.8471e-01
 -7.7866e-01 -3.2322e-01  2.9604e-01 -2.8823e-01 -4.9139e-01 -5.6970e-02
 -7.5270e-02  3.3119e-01 -2.4858e-01 -8.1695e-02 -8.5411e-02 -4.3049e-01
  3.2498e-01  2.1079e-01  1.7559e-01 -4.8383e-02 -4.9604e-01 -4.8623e-01
 -1.2333e-02 -3.2868e-01 -9.6881e-02 -5.1347e-01  3.5076e-01 -3.5651e-01
 -3.4158e-01  5.7648e-01 -5.2606e-01  3.1239e-01]"
squabble,"[ 0.073398   0.090221   0.16896   -0.20897   -0.65178    0.27885
 -0.26181   -0.11299    0.72897   -0.41309   -0.62571    0.16822
  0.62802    0.0057147 -0.32358   -0.11251    0.13448   -0.16953
  0.46233   -0.41124   -0.0015198  0.076663   0.2468     0.10172
  0.37013   -0.88691   -0.44305    0.74185   -0.42596   -0.59319
 -0.203      0.19082    0.40663   -0.27013   -0.35602    0.39519
 -0.068745  -0.35147    0.60435    0.015374   0.052022   0.0022998
 -0.20861   -0.45753   -0.48055   -0.14364   -0.033658   0.11054
  0.09718   -0.13178    0.14427   -0.18665   -0.22402    0.97119
  0.091028  -0.14989    0.21911   -0.55051   -0.74826    0.73563
 -0.1176    -0.11768    0.37671   -0.40263    0.31386   -0.0014871
  0.19486   -0.23066    0.086009  -0.23196    0.020255  -0.63242
 -0.060013  -0.20031   -0.83332    0.25577   -0.39374   -0.39899
 -0.40996    0.62102    0.17148    0.083449   0.94582    0.26255
 -0.014257  -0.24822   -0.37081    0.61745   -0.12909   -0.68238
 -0.41617    0.20274   -1.0711    -0.4126     0.41059   -0.19407
  0.45508    0.09409    0.56017   -0.12538  ]"
buzzed,"[-0.47903   -0.41317    0.72946    0.15918   -0.47044    0.88074
 -0.13309   -0.3297     0.21431    0.21247   -0.24641    0.068033
  0.20734   -0.15131   -0.011229  -0.32086   -0.36999   -0.16797
  0.30606   -0.21585   -0.125      0.55182   -0.17704    0.27089
  0.49504   -0.65913   -0.023545   0.95682   -0.41594    0.017766
 -0.23853   -0.65879    0.53501    0.8587     0.48978    0.76409
 -0.15947   -0.14653    0.51483    0.40436    0.082161  -0.26968
 -0.71565    0.79235    0.47215    0.065494  -0.22222   -0.022937
  0.65764    0.047104   0.035838   0.38355    0.41123    0.92703
  0.017267   0.35489    0.21038    0.5227     0.24342    0.42661
  0.63317    0.78513    0.24349    0.40079   -0.95975    0.0044783
  0.30757   -0.6404    -0.42385    0.96223    0.21409   -1.4089
 -0.26389   -0.87659   -0.67412   -0.26608    0.3772     0.010931
 -0.26115    0.039408   0.14138   -0.13725   -0.36023   -0.25662
 -0.10793   -0.56641    0.78908    0.2446    -0.40102   -0.34383
  0.16304    0.30461   -0.58052   -0.39679   -0.17022    0.11802
 -0.50672    0.28968   -0.16717    0.99855  ]"
basalt,"[-0.82217    0.19227   -0.29876   -0.19643    0.13785    0.29823
  0.081119  -0.16399    0.14937    0.57559    0.63365    0.22854
  0.18761    0.60979    0.65897   -0.37802    0.21543   -0.43294
  0.87137   -0.2985    -0.087513  -0.0047412 -0.31297    1.0379
 -0.60525    0.22912   -0.12851    0.81811   -0.16843   -0.81295
  0.64425   -0.61238    0.67777   -0.25504   -0.21784   -0.22369
  0.16661    0.33967    0.31475   -0.20263   -0.34121    0.73351
 -0.80266   -0.06172   -0.044388   0.065698   0.27426    0.12399
  0.23679    0.81695   -0.010467  -0.40809    0.36706   -0.61559
 -0.21665   -0.53021   -0.038945  -0.092654   0.77631    0.69669
 -0.029619   0.60109    0.69352    0.36459    0.75506   -0.057922
  0.85435   -0.28203    0.67355   -1.1505     0.16338    0.18009
  0.13827    0.68749   -0.5123    -1.0707     0.76942    0.60625
  1.2945     0.08516    0.38926    1.0327    -0.4106    -0.16454
  1.145     -0.1245     0.3288    -0.48543    0.18825    0.031544
 -0.2009    -1.21      -1.5552     0.11318    0.62776   -0.76479
 -1.4875    -0.60387    0.1434     0.1566   ]"
alibi,"[ 0.25369   -0.25559   -0.014365   0.065226  -0.45236    0.20506
  0.62314    0.0087735  0.19445    0.023966   0.7161     0.65729
 -0.48661    0.57291    0.55077    0.056045   0.91118   -0.065693
  0.20161    0.67362   -0.15563   -0.40313   -0.16759   -0.14425
  0.41104   -0.025061   0.1107     0.075059  -0.86886   -0.19271
  0.85366   -0.5553    -0.18519    0.53628   -0.17211    0.10496
 -0.064999   0.25185    0.57563   -0.46234    0.14177    0.69994
  0.33888   -0.061157   0.12661   -0.52717    0.18909   -0.53574
 -0.0049857 -0.43261   -0.43196    0.4877     1.072      0.94834
  0.027766  -0.16765    0.21643   -0.21922   -0.3452     0.26618
 -0.73853   -0.29005   -0.42546    0.096482   0.61955   -0.87269
  0.50516   -0.1941    -0.56506   -0.29808    0.30437   -0.3679
  1.1047    -0.80943    0.17992    0.3958     0.14128   -0.50312
  0.096411  -0.33336    0.29857    0.6637     0.21661   -0.52148
 -0.10577   -0.17732    0.29703    1.4033    -0.3261    -0.038726
  0.572      0.17732    0.32689   -0.048254   1.171     -0.064456
  0.15536    0.008269   0.13495    0.45521  ]"
gosh,"[ 0.08312   0.13602   0.5606   -0.61034  -0.73024  -0.66612   0.22421
  0.43012   0.41997   0.34611   1.2625   -0.48094   0.69957  -0.29075
  0.22727  -0.2241   -1.2985    0.21021  -0.13645   1.1228    0.21187
  0.68301   0.10742  -0.2902   -0.51177   1.0577   -0.64544  -0.34526
  0.28373  -0.80656   0.16266   0.076645  0.66077   0.050804 -0.47215
  0.19087  -0.1783    0.93461   0.69711  -1.0367    0.50538   1.3241
  0.051513 -0.94574  -0.34705  -0.40458   0.69093  -0.01916   0.15531
 -0.4669   -0.64577   0.5976    0.63997  -0.20809  -1.5539    0.44638
  1.0301    0.41052  -0.51641  -0.33525  -0.38447   0.28331  -0.06788
 -0.014269  0.35811   0.74928   0.70391   0.64066  -0.58037   0.19003
  0.46755   0.20326   0.5713   -0.79317  -0.12728   0.47053   0.072649
 -0.29433  -0.24505  -0.17694   0.25371   0.18366   0.22034  -0.069252
 -0.48899   0.28124  -0.05269  -0.6535   -0.33231   0.48772   0.2779
  0.17451   0.14473   0.093083 -0.013428 -0.20399   0.50179  -0.23479
 -0.56405   0.93031 ]"
mardy,"[-8.4956e-02  7.8219e-01  6.6276e-01 -4.2901e-01  1.1106e-01 -5.0065e-01
  6.9982e-01 -1.6720e-01  3.0059e-01 -9.9001e-01 -4.4996e-01 -5.3178e-01
 -1.9834e-01  1.2186e-01  2.2476e-01  4.3235e-01  2.0420e-01  1.2245e+00
 -6.3000e-01 -6.9878e-02  1.1973e+00 -2.0245e-01  9.9576e-01  7.8818e-01
  1.1918e+00  1.2821e+00  1.1591e+00 -6.7053e-01  4.0211e-01  4.3214e-01
 -1.0877e+00 -2.5699e-01  4.2633e-01 -5.9634e-01  4.2765e-01 -5.7542e-01
 -7.9939e-01  1.0297e-01  5.9330e-01 -4.6874e-01 -5.9752e-01 -1.1585e+00
  3.9231e-01  1.9384e-01  2.1186e-02 -3.6350e-01 -8.4964e-01 -1.5944e-01
  7.5971e-02 -8.3162e-02 -4.4516e-01  3.6959e-01 -3.3458e-01 -8.5185e-01
  3.2157e-01  6.6256e-01  9.6427e-01 -8.4261e-01 -5.0441e-01  6.1914e-01
  3.6569e-01 -3.4228e-01  8.1288e-01  5.5083e-01 -1.4366e-01 -6.4642e-01
  2.3951e-02  1.0531e+00 -1.5941e-01 -3.6268e-01 -1.7796e-01  2.2411e-01
  3.1466e-01  2.9472e-01 -6.3850e-01  4.6994e-01  4.4403e-02 -9.4125e-04
  7.8862e-01  1.0116e+00  4.1472e-01 -3.4653e-01 -7.7101e-01  7.0407e-01
  4.2163e-01 -4.9723e-01 -2.6860e-01  6.2752e-01 -1.3484e-01 -7.6318e-01
 -4.5659e-01  4.1917e-01 -8.0635e-02  6.1074e-01 -4.3579e-01 -6.4966e-01
 -6.1928e-01 -5.0521e-01 -1.2835e-01 -7.0448e-01]"
3-under,"[-0.9546    -0.41111   -0.10096    0.31088    0.092366   1.2078
  0.97193    0.95813   -1.5002     0.39458    0.19612    1.3007
  0.13158   -0.71088    0.84711    0.27398   -1.2104    -0.65627
 -0.52592    0.04398    0.41753    0.92109   -0.33939    0.66733
 -0.28534   -0.52828    0.15862   -0.71907    0.8319    -1.2227
 -1.0001     0.51943   -0.25628    0.39198    0.48309   -0.15327
 -0.57156   -0.62743    0.11431    0.75705   -0.19083    0.17161
 -0.27664    1.0016    -0.099848   0.18671   -0.6068     0.53121
 -1.1537    -0.92354   -1.1359    -0.072386  -0.16752    0.28993
 -0.21503   -0.71342   -0.39094    0.48062   -0.35823    0.2614
 -0.60382   -0.79217    0.41874    0.99932   -1.1974    -0.1479
  0.72626    0.23316   -0.7203    -0.62184   -0.49801   -0.10708
  0.02786    0.40604    0.45002    0.39618   -0.47219   -0.60428
 -0.07707    0.2446     0.17878    0.69574    1.1101    -0.26822
 -0.13758   -0.0092296  0.47723    0.036572  -0.36837    1.2813
 -0.67908   -0.17478   -0.09893    0.4796    -0.21598    0.34951
  1.0963    -0.28417    0.55347    0.44375  ]"
berbatov,"[ 7.7954e-01  1.9344e-01  2.7146e-01 -5.3056e-01  1.7226e-01  1.5121e-01
  3.1573e-02  4.3002e-02 -4.6018e-01 -2.9200e-01  7.3058e-01 -5.5340e-01
 -3.5143e-01 -7.0190e-04  1.1073e+00  2.8448e-01  7.8488e-01  3.2888e-01
 -5.7152e-02 -5.1196e-01  6.7432e-03  2.0227e-01 -1.5102e-01  8.5837e-01
  2.7498e-01  5.1181e-01  7.9942e-01  6.0737e-01 -5.1574e-01 -1.3914e-01
 -4.7515e-01  1.3600e+00 -6.1225e-01 -7.3780e-01  5.9175e-01  1.0411e-01
  9.4587e-02  2.9394e-01 -6.8618e-01  7.4367e-02 -7.5454e-01  1.0488e+00
  6.5228e-01 -2.0240e-03  3.8444e-01  4.4911e-01  4.2331e-01  4.7924e-01
  5.4798e-01  6.0191e-01  1.1113e+00  1.2096e-01 -5.5782e-01  6.1802e-01
  3.1248e-02 -2.8251e-01 -7.6867e-01  7.3498e-01 -3.9387e-01 -3.9969e-01
  3.4612e-01  2.6177e-01 -3.2767e-01  3.2956e-01 -5.2835e-01  1.7261e-01
  7.1828e-01  1.2054e-01 -8.2737e-01 -7.1033e-01  4.9418e-01 -2.1836e-01
  9.4395e-01 -5.2484e-01  3.5528e-01 -1.2866e-01  3.2278e-01 -2.2985e-01
  1.9830e-02  1.9611e-01  3.6144e-01  5.2575e-01 -3.9015e-01 -3.0144e-01
  1.2923e-01  8.1785e-02 -3.1203e-02  1.1503e+00 -4.7492e-01  3.3936e-01
 -5.7517e-01  2.1523e-01 -1.7971e+00 -2.2148e-02 -7.7293e-01 -8.9305e-01
  1.2080e+00  5.6174e-01 -1.2175e+00 -2.9049e-01]"
0.69,"[ 1.085      0.73112    0.61151    0.21419    0.21225   -0.51505
  0.022087   0.02084    0.7878     0.068635   0.038927   0.19488
 -1.1518    -0.71694    0.6379    -0.21336   -0.81245   -0.81517
  0.51624    0.82448    0.49882   -0.14312    0.13994    0.36732
  1.2057    -0.4907     0.16161   -0.042144  -0.15152   -0.64126
 -0.39901   -1.3479    -0.67741    0.30466   -0.027481   0.48284
  0.49012    0.10491    0.30655    1.3893    -0.71045   -0.80487
 -0.72615    0.38827   -0.87612   -0.13692   -0.60006    1.2423
  0.0029763 -1.213     -0.74312   -0.28206    0.27205   -0.17853
 -0.9914     1.096     -0.84904   -0.34082    0.49582    0.53891
 -0.44078   -0.53706   -0.62715    0.97657   -0.64339   -0.78186
 -0.056287  -0.59237    1.2089     0.32437   -1.61      -0.039693
 -0.34686   -0.11932   -0.33614    0.40401   -0.50145   -0.60745
 -0.32401   -0.70545   -1.1587     0.20868   -0.20894    0.82199
  0.082401   0.17775   -0.0044659  1.2904     0.81786    0.83309
 -0.21854    0.33011   -0.073583   0.17301   -0.29335   -0.54743
 -0.1931    -0.73347   -0.52942   -0.015987 ]"
dunga,"[ 0.050578   0.15521    0.94376   -0.93987   -0.53233    0.005502
 -0.70805    0.74254   -0.63116    0.33341    0.16348   -0.40728
 -0.115     -0.66231    0.68495    0.13478    0.87391    0.65837
  0.17859    0.017871  -0.19039    0.40754   -0.49083    0.35122
 -0.45457   -0.10558   -0.2511     0.65254    0.72768   -0.089448
 -0.83749    0.18821   -1.1319     0.018253   0.55844    0.72106
 -0.42624    0.31582   -0.88719   -0.09093   -0.036224   0.13491
  1.3975    -0.0097405 -0.32127    1.0399     0.15096    0.28636
 -0.32125   -0.43475   -0.17496    0.31683   -0.75231    0.19162
 -0.19949    0.13972   -0.89886    0.38812   -0.44146    0.28585
 -0.1812    -0.16351    0.13573   -0.046057   0.25078   -0.062597
  0.076239  -0.59151    0.08143   -0.072005   0.8032     0.41304
  0.52906   -0.42      -0.058381   0.14362   -0.27513    0.35102
  0.080321   0.16939    0.76862   -1.3209    -1.1135    -0.16764
  0.62651   -0.098736  -0.78563    0.50498   -1.0112    -0.67806
 -0.3564     0.3149    -0.80396    0.23078    0.51669    0.027658
 -0.85749    0.0077798 -1.2575     0.025228 ]"
buthelezi,"[-0.79113   -1.0456     0.91396    0.018894   0.14112    1.1087
 -0.067243  -0.075048  -0.16016   -0.37193   -0.54887    0.53969
  0.040343   0.28636    0.57128   -0.19322   -0.32734   -0.45329
 -0.19294    0.10596    0.54602   -0.96664    0.95885   -0.23842
 -0.75235    0.88332   -1.005     -0.13784   -0.21805    0.016428
  0.44287    0.47026   -0.34703    1.0712     0.22047    0.92533
  0.65036    1.3564    -0.40712   -0.47041   -0.55043    0.73085
  1.0563    -0.91685   -0.28633   -0.046797   0.84291   -0.0078153
  0.11348    0.89181   -0.058182   0.023173   0.74745   -0.22687
  0.18463    0.40613   -0.68742    0.15092    0.086789  -0.013621
 -0.16483   -1.0852    -0.46257   -0.74834   -0.52974    0.58585
  0.59066   -0.18134    1.0528     0.55401    0.59588   -0.29321
 -0.33512   -1.3535    -0.47688    0.30507   -1.1709     0.28303
  0.011693   0.54532   -0.97083   -0.92261    0.93399   -0.033545
 -0.059898   0.28854   -0.51679    0.55312    0.047627  -0.042234
  0.44087   -0.19871   -0.38616   -0.077477  -0.30439   -0.39709
  0.3489    -0.066029   0.38596    0.20294  ]"
atapattu,"[-9.4507e-01  7.4539e-01 -5.6949e-01  6.8025e-01 -6.9178e-01  3.8948e-01
  2.3119e-01  1.6667e-01 -1.4654e+00 -2.6665e-02  1.1232e+00 -2.8663e-01
  1.0025e+00  1.4279e-02  6.2926e-01 -4.8918e-01 -4.8653e-01  1.0911e+00
  1.5967e-01  4.3651e-01  5.1734e-01  1.4946e-01  1.0037e+00  1.0609e-01
  5.4143e-01  5.8083e-01 -7.3423e-01  2.1215e-01 -4.8469e-02 -8.6537e-01
 -2.5086e-01 -1.2917e-03 -7.8113e-01  1.6024e-01 -9.8132e-02 -4.6204e-01
 -3.8749e-01  9.0550e-04  1.9777e-01  6.6734e-01 -2.4262e-01  1.1639e-01
  7.1464e-01 -7.6320e-02  5.0562e-01  9.5450e-01 -2.0294e-01 -1.5590e-01
 -2.0184e-01  6.6762e-01  2.3646e-01  1.0630e+00 -1.9020e-01  1.1485e-01
 -1.1990e+00 -2.9033e-01 -1.0463e+00  3.6348e-01 -1.2430e-01  5.7852e-01
 -1.1448e+00 -8.3601e-01  2.7035e-01  1.5010e+00 -3.4867e-01  9.6116e-02
  6.3488e-01 -2.3256e-01  3.5369e-01  3.4011e-02  9.6989e-01  4.4414e-01
 -1.9338e-01 -4.3433e-01  5.1276e-01 -1.5285e-01 -1.9723e+00  4.3633e-01
  3.8204e-02  5.5163e-01 -7.1978e-01 -1.1049e+00  6.2587e-01 -6.6571e-01
  2.2701e-01 -4.2011e-01 -2.4741e-01  9.5684e-01 -5.7025e-01 -8.6554e-01
  1.3927e-01  8.3442e-01  1.0154e+00 -2.7332e-01  1.0515e+00  7.2265e-01
 -4.1287e-01  7.2548e-02 -1.2239e+00  5.8030e-01]"
revolts,"[ 0.099918  0.1853   -0.87757  -0.28294   0.12965   1.11     -0.61994
 -0.53915   0.1093    0.026639 -0.59703   0.41985  -0.12741   0.29821
 -0.30105   0.57032  -0.69478   0.087584 -0.24496   0.20129   0.41022
 -0.35307   0.27641   0.36595   0.88675  -0.83736  -0.37431  -0.013491
  0.56449  -0.1665   -0.021235 -0.21095   0.35955  -0.046667  0.38585
 -0.20272   0.17085  -1.0086   -0.62042  -0.55855  -0.36766   0.021676
 -0.39252  -0.51954   0.28564  -0.30416   1.0355   -0.2916    0.39475
  0.27333  -1.6076    1.0036   -0.22728   0.87923   0.8316    0.8024
  0.37993  -0.095564  0.051171  1.0705   -0.43127   0.11453   0.34671
  0.4708    0.71912  -0.31124   0.33891  -1.3177    0.58151   0.64787
 -0.098279 -0.20296  -0.79725   0.11229  -0.62897   0.047582  0.074193
  0.54706  -0.78181   0.49513   0.10718  -0.18207   0.2934    0.3377
 -0.47422   0.41881  -0.04116  -0.4442   -0.10976  -0.51405   0.081987
  0.064807 -1.2161    0.89392  -0.53968  -0.21031  -0.01407  -0.36111
 -0.58054  -0.32157 ]"
staid,"[-0.59591    0.44218    0.47758   -0.25488   -0.38467    0.96016
 -0.49146    0.17845   -0.15973    0.55743   -0.26067    0.52834
  0.38069   -0.39474   -0.30038   -0.043057   0.60903   -0.66262
  1.0916    -0.21118    0.013842   0.090252   0.21864   -0.57711
  0.41467   -0.57434   -0.15792   -0.13802   -0.20128    0.089389
  0.46709    0.11502   -0.39585   -0.757     -0.32893    0.82286
 -0.11931   -0.47998   -0.52405   -0.2098     0.3234    -0.65545
 -0.21682    0.69635   -0.3648     0.050501   1.1468     0.63763
  0.51167   -0.26438   -0.15459   -0.24061    0.3895    -0.64568
 -0.26886   -0.43999    0.078209   0.49391    0.181     -0.45652
  0.038629  -0.065047   0.059347  -0.15053   -0.38075   -0.10581
  0.39811   -0.43406   -0.021605  -0.18453    0.10387   -0.0056111
 -0.23284   -0.12182   -0.48519   -0.60453   -0.42676   -0.82103
  0.21254   -0.28597    0.017515   0.27217    0.087922   0.66798
 -0.6062    -0.03764   -0.22906    0.48505    0.074694  -0.61955
  0.78101    0.060611   0.6444    -0.21049    0.1443     0.029829
 -0.46019    0.26823    0.068051   0.91605  ]"
0.76,"[ 1.1362     0.61266    0.31383    0.2559     0.1204    -0.51529
 -0.051191   0.033391   0.74696   -0.32442   -0.050757   0.070341
 -1.1329    -0.7751     0.94823   -0.21063   -0.79989   -0.88906
  0.70939    0.82173    0.39994   -0.10142    0.35072    0.43797
  1.4527    -0.37171    0.065165  -0.10812   -0.019223  -0.58247
 -0.18187   -1.2005    -0.76824    0.5155    -0.018748   0.52927
  0.68256    0.2325    -0.040737   1.3557    -0.6481    -0.59214
 -0.81823    0.23891   -0.96752   -0.0085518 -0.31208    1.0739
 -0.022915  -1.2155    -0.71      -0.12525    0.4832    -0.31751
 -1.1068     1.0774    -0.5954    -0.43921    0.47818    0.4664
 -0.33134   -0.44289   -0.48199    1.0953    -0.66738   -0.88085
 -0.062319  -0.40616    1.2285     0.23313   -1.5556    -0.15645
 -0.13172    0.050213  -0.19497    0.30062   -0.31027   -0.3871
 -0.31971   -0.561     -1.1756    -0.02507   -0.23585    0.93265
  0.17585    0.0076272 -0.027843   1.2814     1.0308     0.77597
 -0.059441   0.55954   -0.19021    0.13583   -0.52214   -0.44516
 -0.36724   -0.86355   -0.33372   -0.25794  ]"
sputtering,"[-0.11595    0.45838    0.60722   -0.52567   -0.33734    0.078322
  0.15337   -0.6361     0.37119   -0.49983   -0.24968    0.5743
 -0.37585    0.046311  -0.54446    0.31957   -0.42388    0.025908
  1.0967    -0.4289    -0.0058571 -0.016304   0.034084   0.5636
  0.40229    0.083612  -0.86287    0.52896   -0.45561    0.16158
 -0.42413    0.10363   -0.38738    0.21244   -0.8569    -0.12922
  0.2687    -0.93647    0.61135    0.4823     0.051861  -0.26113
  0.046626   0.69446    0.074169   0.27089    1.2346    -0.068322
  0.086985  -0.73103   -0.32234    0.11857   -0.1728     0.16365
  0.40399    0.12134    0.0772    -0.13901   -0.20174    0.26516
 -0.18067    0.40663   -0.27006   -0.33136   -0.57862    0.74751
  0.28902   -0.4058    -0.39735   -0.25782    0.67703   -0.61809
 -0.38504   -0.46312    0.0051468  0.24705   -0.24155    0.15122
 -0.15161   -0.62594    0.13201    1.0219    -0.87777    0.54975
 -0.13668    0.0099551  0.5595     0.20688   -0.46836   -0.85539
 -0.19212    0.37354   -0.5985     0.30814    0.63791   -0.29038
  0.19341   -0.22386    1.1588     0.20391  ]"
kari,"[-0.39631  -0.58051   0.015372 -0.49334  -0.3194   -0.77213   0.051317
 -0.09873  -0.23095   0.01077  -0.23332   0.14239   0.49534   0.21674
 -0.46154   0.19491  -0.36106   0.19951  -0.83729   0.41132  -0.94563
  0.3437    0.11181   1.638    -0.13135  -0.087139  0.15168   0.20084
 -0.27129  -0.50239  -0.39713   0.73044   0.30098   0.68431  -0.42337
 -1.1708   -0.21981   0.39044   0.19424  -0.065316 -0.055336  0.084224
 -0.34658   0.29826  -1.1526    0.072224  0.082342 -0.034057 -0.34468
  0.72357  -0.47602  -0.13075  -0.45326   0.22873  -0.44417   0.36735
 -0.38924   0.68497  -0.40353  -0.65271   0.16034   0.22718   0.043834
  0.4693   -0.066434 -0.25707   0.63358   0.71442  -0.47032   0.17934
 -0.31409  -0.099626 -0.096186  0.43164   0.35459   0.42423  -0.54768
 -0.070541 -0.52648  -0.12428  -0.70674  -0.14232   0.26076   0.84406
 -0.29794   0.21653   0.20795   0.26163   0.38145   0.49721   0.37242
  0.3776   -0.014709 -0.10274   0.5607    0.19834  -0.28965  -0.33438
 -0.7455   -0.25431 ]"
1.92,"[ 1.2404    0.79845   0.45657   0.29731  -0.0577   -0.30157  -0.1148
  0.087869  0.28393   0.53496   0.29701  -0.1877   -1.0071   -0.55068
  0.41089  -0.29019  -1.1023   -0.29354  -0.090973  0.59124   0.25382
 -0.39092   0.34592   0.90683   1.035    -0.43591   0.56906   0.42594
  0.1587   -0.70813  -0.38786  -0.16608   0.04193  -0.012582  0.052514
  0.5229    0.092078  0.12602   0.03792   0.83882   0.035458 -0.82437
 -0.18267   0.1886   -0.68281   0.21513  -0.45867   0.40856  -0.10042
 -0.97712  -0.29425  -0.33206   1.3002    0.13758  -0.89715   0.48423
  0.050956 -0.19312   0.57848   0.18728   0.16148  -0.6989   -0.44174
  0.51923  -0.97597  -0.44637   0.096328 -0.28115   0.74463  -0.076189
 -0.57691   0.15934  -0.38643   0.31625  -0.65552   0.22442  -0.45552
  0.012333 -0.057082  0.35894  -0.82223   0.20674   0.1875    0.36018
  0.66198  -0.090881  0.23535   0.80111   0.26251   0.099562 -0.30159
  0.71339  -0.014416 -0.70671  -0.2286   -0.21796  -0.53909  -0.46177
 -0.16196  -0.42042 ]"
rerouted,"[ 0.090467  -1.0011     0.30143   -0.30642    0.4339     0.4477
 -0.35439    0.58277    0.77787   -0.135      0.08115    0.67319
  0.7189    -0.22274    0.70933   -0.63824    0.26951    0.42184
 -0.06812   -0.60224    0.42899    0.42579    0.57341    0.57597
 -0.32635    0.022753   0.12453    0.33797    0.97034    0.013818
 -0.13485    0.37115   -0.86922    0.17193   -0.49238    0.70931
  0.20417   -1.0164    -0.21924    0.75465   -0.46109   -0.78628
 -0.36609    0.1487     0.47951    0.60874    0.59873    0.042376
  0.35185    0.48428    0.090923   0.48207    0.34456    0.14781
 -0.37639    0.0096931 -0.35553    0.35524    0.72295   -0.64067
 -0.29856    0.49906    0.24333    0.32499   -0.78133   -0.10563
 -0.28243   -0.028938   0.082093  -0.024602  -0.42924   -0.89572
  0.069914  -0.1542     0.43884   -0.56439    0.80822    0.5302
  0.75072   -0.095335  -0.37667   -0.7804     0.006074   0.64444
 -0.74143    0.44599    0.39458   -0.19356   -0.71837    0.42062
 -0.88855    0.11528   -0.92686   -0.47545   -0.20157   -0.16814
  0.52854    0.57401   -0.22614    0.083186 ]"
485,"[ 0.47999    0.64255    0.50316    0.48089   -0.13982    0.48917
  0.53833    0.13244   -0.28984    0.10492    0.78682    0.51
  0.17929   -0.37137    0.15993   -0.21492   -0.26001    0.039599
  0.23153    0.045516   1.1919     0.38692    0.90509    0.12603
 -0.070865  -0.69233    0.72164    1.0009    -0.11574   -0.36997
 -0.12727    0.12341   -0.26513   -0.21651   -0.27965    0.34578
  0.028405  -0.070869  -0.34807    0.9511     0.087451  -0.70896
  0.16866   -0.41058   -0.084434  -0.18843    0.10208   -0.60999
 -0.32623    0.7506    -0.34991   -0.31573    0.44386    0.2517
 -0.83354    0.29967    0.63794   -0.65615   -0.44495   -0.52703
 -0.25057   -0.48055    0.12328    0.66278   -0.30257   -0.003234
  0.65009   -0.068638   0.38829   -0.053528   0.077164  -0.348
 -0.13939   -0.056598  -0.70914    0.47066    0.037633   0.42599
 -0.49647    0.125     -0.0053442 -0.0072649  0.35306    0.45027
  0.22753    0.40031    0.46388   -0.14268    0.29523    0.26407
  0.051958   0.76457   -0.17853   -0.47146    0.04904    0.36838
  0.48227    0.27916   -0.009808  -0.057691 ]"
colonna,"[ 7.4663e-01 -1.1687e+00 -4.4257e-01  2.0868e-01 -1.7557e-02  5.1749e-01
  9.5362e-01 -1.4568e-01  7.8733e-01 -7.9663e-02 -2.9502e-01  5.5522e-01
 -3.4936e-01 -3.8207e-01 -3.6001e-01 -2.5441e-01 -8.8398e-01 -4.6778e-01
 -2.2502e-02 -9.9239e-02 -2.8641e-01  6.2822e-02  1.0798e-02  2.5296e-01
  5.7812e-01 -3.2229e-01 -6.3891e-02  9.9502e-02 -8.2241e-02  4.2832e-02
 -1.8877e-01 -7.7875e-01  8.5925e-01 -8.7295e-02  8.6315e-01  1.4037e+00
  1.2995e+00  5.3877e-01 -1.2929e-01  4.6640e-01 -7.2619e-01 -4.4145e-01
 -4.9730e-02  5.0359e-03 -4.6764e-01  5.8226e-02 -4.2083e-01 -8.1263e-01
 -3.4648e-01  2.9936e-01  9.8361e-01 -5.5371e-01 -2.9539e-02  5.5200e-02
 -1.4604e-01 -3.7707e-02 -1.7351e-01  9.5559e-01 -8.8679e-01  5.7923e-01
 -2.3281e-01 -4.6422e-01  1.6909e-01  9.8552e-02  5.0235e-01 -1.0205e-01
 -7.6612e-01  2.3204e-01 -1.5515e-02 -1.1745e-01  1.2029e-01 -3.3780e-01
  2.0918e-01 -7.9915e-01  8.9129e-01  6.4945e-02 -3.0632e-01  4.3071e-01
 -7.1560e-01  7.5188e-01 -1.3682e-01 -4.5274e-01 -1.4176e-03  1.0467e+00
  3.5310e-02 -2.2090e-01 -1.7394e-01  1.0308e+00  1.6014e-01 -7.9584e-01
  3.1481e-01 -2.6884e-01  1.7169e+00  3.8383e-01  1.8401e-01 -1.2294e-01
 -5.2275e-01 -6.1056e-01 -2.9462e-01  1.3445e-01]"
basking,"[-0.38408    0.091058   0.31724   -0.14657    0.35748    0.32443
 -0.46185    0.096608  -0.79417   -0.53942   -0.35996    0.3563
  0.17197   -0.55735    0.15668   -0.31136    0.21614   -0.43514
  0.90184   -0.46467   -0.70312    0.85419   -0.44965    0.16892
 -0.45723    1.0128    -0.23905    0.73264   -0.50029   -0.72844
  0.68101   -0.57094   -0.51286    1.0153     0.68538   -0.043106
 -0.59948    0.056255   0.039734  -0.096074  -0.37819   -0.45503
 -0.19783   -0.27739    0.1033     0.14869    0.8581     0.19827
  0.20672   -0.25024   -0.08762   -0.82588    0.14827    0.38286
  0.012239  -0.88988    0.099701  -0.74065   -0.72541   -0.45602
 -0.80583    0.72482   -0.38276    0.10896   -0.52309    0.60804
  0.63742   -0.53361    0.33007    0.14973   -0.13026   -0.47091
  0.11337   -0.50749   -0.88659   -0.24435    0.0013754 -0.70897
 -0.43403    0.04524   -0.38774   -0.19119   -0.062531   0.84771
  0.51191   -0.41385    0.21134    0.38749   -0.043745   0.12107
 -0.016527  -0.39343    0.58716    0.20133   -0.05739   -0.72205
 -0.65552   -0.04962    0.0096331  0.43848  ]"
tangent,"[-0.22271   0.06692  -0.39233   0.98806  -0.071013  0.42895   0.23694
  0.035316 -0.19699  -0.10036   0.19019   0.4527    0.29489   0.096855
 -0.09275  -0.27257  -0.65736   1.0015    1.0489   -0.98865   1.3491
 -0.44307  -0.89481  -0.29991   1.756     0.27522   1.092     0.47141
 -0.14595  -0.85051   0.1313    0.18864   0.058838 -0.23456   0.13781
  0.54196  -0.11269   0.37832   0.46989  -0.43113   0.59784  -0.068956
 -0.37428  -0.2346   -0.52607   0.62519  -0.41682   0.78183   0.19
  2.0282    1.0811    0.37926   0.30797   0.56018   0.45059  -0.3081
  0.24642   0.4835    0.87022   0.29408  -0.068877 -0.61593  -0.17824
  0.09086   0.52715   0.47127   0.32372   0.85952   0.54651   0.3541
 -1.0802   -0.32005   0.69006  -0.55339   0.73261  -0.66855   0.27212
  0.1912    0.11458  -0.45808  -1.4153    0.55796  -0.91844   0.1539
 -0.16371   0.14311   0.15375  -0.42234   0.33218  -0.36875  -1.3076
  0.38369   0.13952  -0.58757   0.3158   -0.39606  -0.51513  -0.19094
  0.028569  0.26693 ]"
refereeing,"[ 1.0556    -0.464      0.17929   -0.17403   -1.4426     0.18254
 -0.02246    0.5587    -0.46639    0.54998    0.019278   0.0094172
  0.31449   -0.34397    0.044622   0.64498    0.1304     0.0047356
  0.77219    0.55682   -0.67831    0.71228    0.60362   -0.1198
  0.096954  -0.71662   -0.1415     0.69173    0.34506    0.57266
 -0.29792    0.18865   -0.30264   -0.36922   -0.75643    0.039289
 -1.126      0.32178   -0.57805   -0.60319   -0.74814    0.18384
  0.081912  -0.42582   -0.29257   -0.22991    0.62253   -0.60012
 -0.48074   -0.57753    0.10018   -0.026527  -0.97921    0.725
 -0.24883   -0.18368    0.44157    0.38998    0.13543    0.23067
 -0.74166   -0.39468    0.3055    -0.010439  -0.36816   -0.73778
 -0.45167   -0.10162   -0.1822    -0.51722   -0.059833   0.32646
  0.61405    0.25061   -0.15051   -0.066929  -0.53678    0.5574
  0.21921    0.52802    0.59667   -0.16844    0.64228   -0.070651
 -1.1045    -0.30256   -1.1296    -0.27655   -0.81025   -0.47694
 -0.30131    0.31218   -0.94657    0.22543    1.0651    -0.19462
 -0.41859    0.53835   -0.11418    0.47794  ]"
1.90,"[ 1.0413    0.73125  -0.079517  0.29109  -0.20527  -0.46298  -0.31525
 -0.02262   0.080647  0.72533   0.30683  -0.34183  -0.69831  -0.48183
  0.64511  -0.37721  -0.86494  -0.1191   -0.16748   0.73038   0.40641
 -0.34899   0.1814    0.64098   1.6588   -0.2706    0.25254   0.34367
  0.28547  -1.2201   -0.29377   0.1729   -0.080246  0.075469  0.37808
  0.53319  -0.12682   0.1033    0.22857   0.58116   0.091565 -0.76344
 -0.43584  -0.35732  -0.62068   0.19795  -0.010131  0.40283  -0.23595
 -1.2824   -0.045259 -0.36206   1.3193    0.044995 -1.043     0.52353
 -0.15039  -0.15728   0.79996   0.27904  -0.13304  -0.69895  -0.40995
  0.54459  -1.2122   -0.84354  -0.12107  -0.19743   0.49215  -0.22815
 -0.47557   0.21968  -0.37755   0.33559  -0.21271   0.06247  -0.18336
 -0.10963  -0.35091  -0.074577 -0.76416   0.1381    0.2934    0.3571
  0.90354  -0.07869   0.023158  0.7185    0.59249   0.46081  -0.29556
  0.91377   0.24157  -0.51899  -0.43791  -0.24168  -0.45092  -0.50342
 -0.32818  -0.34973 ]"
interstellar,"[-0.64398    0.27691    0.68622    0.67895   -0.081283  -0.47794
  0.21849   -0.1139    -0.0028532  0.4193    -0.5891    -0.31656
 -0.18167   -0.11329    0.6117    -0.86226    0.86612    0.45843
  0.93842   -0.41675   -0.50473    0.33419    0.11131   -0.37797
  0.69555    0.86678    0.21528    1.126      0.22653    0.11648
 -0.88446   -0.38011   -1.0214    -0.78613    0.13374   -0.2128
  0.62022    0.87494    0.2623     0.10436   -0.58871   -0.081464
 -0.8418    -0.040637   0.23836   -0.39335    0.43077    0.34394
  0.48659    1.1033     0.60336    0.61481    0.13067    0.27498
  0.032395  -0.0028666  0.41967    0.64865    0.83688    0.73175
  0.033034   0.89294   -0.036452   0.18556    1.3994     0.23629
  0.34466   -0.64518    0.44345   -0.70969    0.22733   -1.1151
  0.91216   -0.2707    -0.50817   -0.69334   -0.081907  -0.84245
 -0.24703    0.20317    0.65261    0.64361    0.32711    0.4425
  0.097089   0.04085    0.26584    0.075811   0.15174    0.17364
 -0.07153    0.35406   -0.31478   -0.22093    0.76716   -0.71725
  0.19828    0.66252   -0.63114   -0.37404  ]"
disseminated,"[-0.39307   0.11328  -0.1658    0.47221   0.53269   0.81311   0.22977
 -0.82535   0.61838  -0.30457   0.13879   0.57597   0.44794  -0.46776
  0.55254   0.47879   0.38553  -0.3431   -0.23786  -0.79646  -0.30504
  0.047383  0.035825  0.27832  -0.78911  -0.21862   1.0925    1.0506
 -0.039196  0.6821    0.66836   0.30791  -0.68813   0.090831 -0.024815
  0.58444  -0.40577  -0.28399  -0.76149   0.28432  -0.16511   0.86033
 -1.3507   -0.20724  -0.23841  -0.45973   0.67606  -0.086684  0.12683
 -0.7103    0.31026   0.54369   0.56748  -0.092942 -0.37082   0.5568
  0.21994   0.76716  -0.061265 -1.0217    0.048926  0.88099   0.26946
 -0.077363  0.12736  -0.45691   0.21186  -0.41449   1.3095   -0.12535
 -0.14848  -0.19287   0.50698  -0.28429   0.45385  -0.17571  -0.13002
 -0.093378 -0.16601  -0.090036  0.5228    0.38725  -0.46362   0.021747
 -0.69226  -0.040461  0.57915   0.10929  -0.59753  -0.13081  -0.61501
 -0.56803  -0.41024   0.3182    0.52769  -0.3568    0.33846  -0.39992
 -0.2048    0.32468 ]"
fivb,"[ 0.42099  -0.18079   0.54503  -0.19311   0.27246   0.38031  -0.93956
  1.5651   -0.84467  -0.021831  1.3777   -0.22894   0.99239  -0.95953
 -0.47422   0.75666   0.87322  -0.15099   0.1606   -0.2116    0.3444
  0.6875    0.65219   1.6576   -0.35987   0.37097   0.56011  -1.2821
  0.74427   0.3819   -0.055779  0.24799  -0.3584   -0.091984  0.25157
  0.16575  -0.64856   1.4673   -0.76782  -0.26765  -0.89939   0.10208
  0.2712    0.70145  -0.26019   0.93803  -0.15463  -0.070657 -0.82513
  0.055347 -0.89292  -0.35865  -0.67941  -0.12727  -0.33836   0.10441
  0.43551   0.97062   0.25888   0.17499  -0.77709  -0.30478   0.59734
 -0.045876 -0.24398  -0.55188  -1.1994    0.012166 -0.059111 -0.73313
  0.66908   0.06502   0.46993  -0.35643  -0.305     0.29066   0.31464
 -0.11481  -0.50642   0.14569  -0.19275  -0.24091   0.33194   0.59778
  0.39909  -0.44446  -0.076964  0.067769  0.62572  -0.33977  -0.17132
  0.23798   0.25152   0.20949   2.1419   -0.31474  -0.80922   0.14353
  0.091171  0.19405 ]"
feeney,"[-6.5397e-01 -8.9043e-01  4.4522e-01 -7.6246e-01 -1.3957e-01  4.7213e-01
  5.3277e-04  1.4245e-01 -5.2209e-01 -1.4884e-01  1.5764e-01 -3.4970e-01
  1.0551e-01 -1.4678e-01 -8.2034e-01 -1.2166e-01  1.5301e-01  4.6833e-01
 -9.3142e-01  8.3357e-02 -7.5083e-01  7.9407e-02  5.0461e-01  2.6048e-01
 -1.4231e-01  3.7225e-01  3.3203e-01  4.4591e-01  2.1707e-02 -2.6144e-02
  1.7189e-01  6.1028e-01  3.2256e-01  3.7951e-01  3.9410e-01  3.3511e-01
 -1.1534e-01 -1.0405e-01  7.4329e-01  5.1333e-02 -6.2570e-01 -3.7170e-01
  2.4653e-01  3.2548e-01 -3.4780e-01 -4.9715e-01  2.7191e-01 -1.0223e+00
  4.5324e-01 -2.4681e-01  2.2193e-01 -2.5141e-01  5.2313e-01 -6.5560e-01
  4.5053e-02 -1.5922e-01  7.3552e-01  1.8842e-01 -1.0214e+00  6.9021e-01
  2.9846e-01 -2.4463e-01  5.1873e-01 -1.5184e-01 -4.7953e-01  2.9916e-02
  1.0207e+00  3.7679e-01  1.7590e-01 -9.2022e-01  1.7065e-01 -1.6224e-01
 -9.8285e-03 -2.7850e-01  5.6083e-01 -4.3841e-01 -4.1345e-01 -5.7707e-01
 -6.8382e-01  1.9576e-01 -2.3389e-01 -3.9454e-01  5.2843e-01 -7.1202e-01
  9.6723e-01  7.0727e-02  6.3420e-01 -2.9408e-01  2.3483e-03 -5.6593e-01
 -4.7021e-01  2.5801e-01 -2.7097e-01  4.3805e-01 -4.2297e-01  8.8109e-02
  5.4932e-01  2.7287e-01 -3.9668e-01 -3.3592e-01]"
hotspots,"[-0.26985    0.35351    0.61568   -0.22018    0.64797    0.12523
 -0.26038   -0.60102    0.34678   -0.018345  -0.52359   -0.1364
  0.024629  -0.64063    0.28059   -0.14281    0.32647   -0.14028
 -0.48152   -0.54588    1.0677     0.14182    0.63901   -0.086997
 -0.38776    0.25951    1.1197     0.51867   -0.42644   -0.1641
  0.069387  -1.2813    -0.10293    0.74354    1.0067     0.53611
 -0.70133   -0.13183   -0.47232   -0.14704   -0.085759   0.55753
  0.066491  -0.35591    0.11099    0.52451    0.087355   0.17489
 -0.12456   -0.097571  -0.26725    0.57987   -0.86776    0.2517
  0.27258    0.16829    0.031221  -0.12743   -0.24678    0.46597
 -0.48545    1.0083     0.18775   -0.70265    0.043266   0.21951
 -0.0060868 -1.0893     1.3951    -0.45589    0.10041   -0.92828
 -0.53046   -0.41329   -0.2753    -0.91104    0.81591   -0.13624
  0.12018    0.17739    0.58375   -0.44197    0.21585    0.55186
 -0.35637    0.59614    0.20369    0.10581   -0.13396    0.098905
 -0.30964    0.88823    0.096179  -0.43137   -0.086451   0.40253
  0.46191    0.252      0.28002    0.3366   ]"
barbuda,"[-0.86093  -0.25162  -0.058974  0.28895  -0.46348   0.57848   0.22023
  0.1269   -0.067832 -0.37469  -0.030033 -0.74423  -0.048383  0.56639
 -0.14436  -0.46013   0.66087   0.39279  -0.019216  0.96917   0.090637
  0.53442   1.776     0.122     0.60434   0.13797  -0.18674  -0.049423
 -0.82131  -0.4296    0.18767  -0.018161 -0.13054   1.1394   -0.48828
 -0.42345   0.069152  0.25745  -0.55058  -0.87939  -0.6311   -0.099789
 -0.073568 -0.43742   0.01801   0.75585   0.40012   0.19437   0.60893
  0.53152   0.069954  0.2849    0.24105  -0.13334  -0.70876   0.25404
  0.6411    0.33395  -0.43042   0.39407  -0.88542  -0.76241   0.38052
 -0.59539  -0.56828   0.48012  -0.7464    0.51469   0.8031   -0.45229
 -0.36814  -0.3495   -0.57895   0.055694  0.71308   0.49642  -0.048708
 -0.095654 -0.038145  0.34694  -0.051005  0.33013   0.59019   0.44835
  1.2731   -0.95711   0.32615   0.4236    0.79377  -1.4458   -0.18497
  0.34526  -0.19006   0.17262  -0.41069   0.1258   -0.47913  -0.20712
  0.7304   -0.71856 ]"
disenfranchised,"[ 2.0730e-02  6.7106e-01  4.1439e-01 -1.0032e+00 -3.3875e-02  1.2619e+00
 -6.4497e-01  5.3125e-02  7.5036e-01  1.3797e-01 -6.7805e-01 -1.6275e-01
  2.6586e-01 -1.1884e+00 -1.8182e-02 -5.1190e-01 -1.4062e-01 -7.3455e-02
  3.9033e-01  3.5839e-01 -6.0134e-02 -1.6409e-01  1.2520e+00 -7.8383e-01
  4.2736e-02 -6.5441e-01  1.4415e-01  2.9169e-01  4.6503e-01  1.7135e-01
  1.0513e+00 -2.8597e-02  3.7884e-01 -2.6364e-01 -2.7827e-01 -8.8836e-01
  2.4259e-01  8.6762e-01 -4.2987e-01  4.7603e-03 -5.4346e-01 -4.0876e-01
 -1.2384e-01 -2.0128e-02 -3.1633e-01 -5.2583e-01  6.4264e-01  7.2874e-01
 -2.6938e-01  1.0672e-01 -1.6557e+00 -2.6267e-01 -2.4264e-01  9.2955e-02
 -1.4249e-01  2.7302e-01  8.7894e-01 -4.7901e-01  1.9208e-01 -3.9025e-01
 -1.0391e-01 -4.2135e-01 -1.2754e-01 -1.4722e-01  4.9692e-01 -3.9343e-01
  2.9112e-01 -2.6550e-01  2.0446e-01 -4.2062e-01  2.5815e-01 -1.2869e-01
 -7.1089e-01  2.9775e-01  5.9331e-02  1.5094e-01 -8.6525e-02  1.5128e-01
  5.8888e-02 -4.0218e-01 -1.7073e-01 -8.7636e-02 -3.8228e-01  7.4889e-01
 -9.2674e-01 -4.2411e-01  7.3037e-02 -2.1263e-01 -9.6198e-01 -1.6679e-01
 -6.7286e-01 -2.9980e-01  8.2101e-02  3.6545e-02  2.5502e-03 -2.2043e-02
  4.9292e-04  6.5283e-01 -8.4443e-01 -5.3841e-02]"
cronkite,"[-0.083938   0.60105   -0.32009   -0.25884   -0.57385   -0.22516
  0.45458   -0.12485   -0.083226  -0.29993    0.73219    0.32015
 -0.014841  -0.35312    0.51236   -0.88376    0.63298   -0.25127
  0.074343  -0.20507   -0.88121    0.36111   -0.32224   -0.39024
  1.4207    -0.26846   -0.39645    0.78622    0.32352    0.28556
  0.76678    0.815     -0.4072     0.048036  -0.908      0.71899
 -0.54583   -0.079645  -0.2904     0.31355   -0.61696    0.36291
 -0.65577    0.7813    -0.18089    0.63332    0.097528  -0.35239
 -0.2218    -0.90107   -0.32036    0.07206    0.07341    0.4627
  0.73911   -0.19662    0.5598     0.11907   -0.6191    -0.057188
 -0.37177    0.239      0.11931   -0.88867   -0.0014616 -0.58769
  0.67251    0.59816   -0.66142    0.75565   -0.027978   0.141
  0.46757    0.64359   -0.064851   0.20718    0.55265    0.14094
  0.1101    -0.022376  -0.46633    0.076383   0.078656   0.38112
  0.043941  -0.037872   0.068538   0.33       0.21847   -0.69209
  0.83089   -0.15967    0.61521    0.54617   -0.47784   -0.59259
  0.30987   -0.61439   -0.1762     0.52139  ]"
equine,"[ 1.0449     0.43167    0.13086    0.20876   -0.51664    0.065221
  0.17144   -0.48577   -0.21067   -0.051451  -1.3219     0.70095
  1.0428     0.11201    0.02187    0.84828    0.61083    0.47149
  0.68534   -0.22937    0.030357  -0.0028526 -0.33345    0.049805
  0.073897   0.74352    0.65256   -0.39577   -0.77491    0.26804
 -1.0302    -0.52112   -0.088936   0.085611  -0.24444   -0.044951
 -0.79878    0.58169   -0.57554    0.28616    0.36019    0.59881
 -0.61861   -1.1794     0.57959    0.52601    0.02295   -0.31109
 -0.15325    0.19771   -0.43754    0.058882   0.044057  -0.76217
  0.16618    0.41615    0.30396    0.17624    0.055831   0.4214
  0.26461    0.59305    1.0879    -0.020699  -0.025646  -0.19422
 -0.7336    -0.066678   0.64549    0.33799   -0.64429   -0.44866
  0.16484   -0.18202    0.5903    -0.4173     0.32023    0.89879
 -0.87367   -0.78721   -0.25033    0.34854   -0.32317    0.28778
 -0.010173  -0.33001    0.23855    0.57665   -0.13343   -0.6009
  0.43681   -0.30494   -0.0062761 -0.079526  -0.12691    0.11768
 -0.29449   -0.46603    0.79      -0.33523  ]"
fridge,"[-0.37872   0.093327  0.33511  -0.61828  -0.20479   0.28208   0.51353
  0.37829   0.59645  -0.10263   0.38983  -0.42173   0.045153  1.1325
 -0.011693  0.55151  -0.30195   0.26853  -0.16816  -0.46711  -0.46659
  0.39578  -0.48537  -0.25165   0.17174   0.27663  -0.65909  -0.13555
 -0.31512  -0.19418   0.37605  -0.30224   0.15463   0.3214    0.085175
  0.84776   0.17051  -0.31346   0.25657  -1.128     0.73826   0.024052
 -0.1076   -0.28052  -0.048925  0.32132  -0.087942  0.056874  0.40763
 -0.15164  -0.07571  -0.064415 -0.40677   0.16764  -0.6649   -0.26361
  0.06699   0.02659   0.24915   0.010932  0.24032   0.21584  -0.25811
  0.68542   0.42489   0.54051   0.64889  -0.46148  -0.53932  -0.1108
  0.41431  -0.23418   0.89047  -0.029156 -0.66182   0.85998   0.092149
 -0.89702   0.36961   0.34946  -0.044258  0.020876 -0.47491   0.54672
  0.21436   0.26087   0.70361   0.27771  -0.58989  -0.16648   0.16691
  1.272     0.90316  -0.11724  -0.4222   -0.27284   0.69433   0.10918
  0.38054   0.75156 ]"
cohort,"[ 4.8882e-01  9.4355e-01 -3.6821e-02 -3.8552e-01 -5.8925e-01  1.8098e-01
  2.1557e-01  5.0521e-01 -5.0594e-01  1.3512e+00 -4.4923e-01  3.9862e-01
 -2.7656e-01  7.0425e-02  8.8622e-01 -4.0938e-01  2.1896e-01 -3.8063e-01
  6.5416e-01 -2.9491e-01 -8.5452e-01 -6.8676e-01 -5.9520e-01  4.8569e-01
 -2.0186e-01 -3.9382e-01  4.4560e-01 -4.8509e-01 -4.7318e-01 -2.1120e-01
  2.0168e-02 -2.9969e-01  6.0070e-01  2.4935e-01 -1.9523e-01 -2.4180e-01
 -1.4797e-02  4.3261e-04  8.3944e-01 -3.3178e-01 -2.5651e-01  8.4443e-01
  1.2325e-02  4.0682e-01  6.4782e-02 -5.8068e-01  3.6755e-01  1.8477e-01
 -2.1803e-01  3.3089e-01 -6.9308e-01 -6.6105e-01 -4.3574e-01 -1.4374e-01
  9.8288e-02 -2.6279e-01  1.3210e-01 -7.6208e-01 -3.4813e-02  1.6553e-01
 -3.7681e-02  4.8940e-01  5.8125e-01  5.6958e-02  7.1803e-01 -2.2811e-02
 -8.5635e-01 -2.2736e-03  8.9607e-01  7.3126e-01  7.5346e-01  1.8954e-01
  1.4609e-01 -1.2516e-01 -1.2374e+00  5.9440e-01 -9.1688e-02 -6.8425e-01
 -1.7438e-01 -1.5854e+00  2.3222e-01  1.9361e-01 -1.7457e-01  3.4826e-02
 -5.5437e-01 -5.2405e-01  8.7558e-02 -1.1479e+00  9.3852e-02 -1.7001e-01
 -6.4822e-01  1.6864e-01  1.8094e-01 -3.0527e-01 -1.8007e-01 -1.9729e-01
  4.5683e-01 -5.2058e-01 -1.0372e+00 -6.0466e-01]"
constructs,"[-6.4443e-02  6.0710e-01 -3.4905e-01 -5.7107e-02  4.1470e-01  1.6891e-01
 -6.2851e-01 -1.6713e-02  1.5030e-01  4.8038e-01  2.2125e-01  1.2672e-01
  5.6172e-02  1.1645e-01  7.1439e-01  3.5098e-01  9.1180e-02  1.0644e+00
  4.3225e-01 -4.1092e-02 -1.4427e-01 -2.6642e-01  4.9525e-01  3.4361e-01
  8.6918e-03 -5.0955e-01 -1.4266e-01  3.7175e-01 -6.0156e-01 -6.7994e-02
 -2.7190e-01  7.9273e-01 -6.6056e-01 -3.6792e-01  2.6959e-01  2.8009e-01
 -9.0883e-03 -2.0265e-01 -2.8306e-01 -6.9397e-02 -2.7446e-01  3.0643e-01
 -3.2194e-01  1.1723e-01 -6.7177e-01  4.0941e-01  1.2150e-01  4.3181e-01
 -5.2995e-01  7.2788e-01 -1.8732e-01  5.7380e-02  6.7507e-01  5.5002e-01
  6.3409e-01  8.8977e-02  4.8301e-01 -2.0790e-01 -3.0620e-01  6.1785e-01
  6.1069e-02  6.5419e-02  2.6666e-01  2.9334e-01  4.8441e-01 -1.3327e-01
  6.4186e-02 -5.0364e-01 -1.7252e-01 -2.9520e-01 -1.5393e-01 -3.0998e-02
  6.0528e-01 -7.3773e-02  4.1654e-01  8.9264e-04  1.6725e-01 -2.3057e-01
 -2.3560e-01 -1.2600e-01 -7.0829e-01 -1.6060e-01 -2.8366e-01  1.9032e-01
 -5.7334e-01  6.9840e-01  2.0193e-01  7.7952e-02  9.4540e-02 -7.0877e-02
  6.1151e-02  1.9410e-01  1.3116e-01 -2.7389e-01  6.0892e-01 -1.7338e-01
 -4.8883e-01 -1.2008e+00  9.7630e-02  4.2358e-01]"
compost,"[-1.1859e+00  1.0909e+00  2.4149e-01 -1.2488e+00 -2.8780e-01 -2.8917e-02
  1.7655e-01 -4.3030e-02  4.7934e-01  1.1330e+00  7.9998e-01  8.0004e-02
 -2.0316e-01  4.5087e-02  3.5604e-01  2.4727e-01  7.6171e-01 -1.0446e-03
 -3.1374e-01  2.7628e-01 -1.5544e+00  6.8646e-01  1.4665e-02 -1.6712e-01
 -3.6797e-01  1.7209e-01  2.3219e-01  1.4062e-01 -2.3739e-01  1.5393e-01
 -4.9678e-01  1.0037e-01  5.0314e-01 -8.2358e-01 -3.5533e-01  1.2642e+00
 -4.5784e-01 -1.3279e-01 -7.1082e-01 -2.1091e-01  1.1891e-01 -2.5560e-01
 -1.2196e-01 -4.6612e-01 -1.5421e-02  1.7894e-01 -5.0346e-01  5.3467e-01
  2.6408e-01 -7.2384e-01  1.2890e-01 -5.8980e-01  1.0259e-01  6.7372e-01
 -5.2499e-01  7.5595e-01 -1.0156e-01  4.1115e-01  1.7204e-01 -6.2320e-01
 -8.0231e-02  5.2430e-01 -1.6256e-01  8.9259e-01  8.8384e-01  6.2485e-01
  8.8317e-01 -4.0077e-01 -4.3081e-01 -1.0515e+00 -1.0882e-01  1.5244e-02
  6.4224e-01  2.3741e-02 -4.0968e-01  4.5076e-01 -2.9703e-01 -5.9840e-01
  2.2508e-02  1.0134e+00  7.4393e-01  1.0045e+00 -5.4386e-01 -1.8383e-01
  9.1657e-01  3.2817e-01  5.6009e-01 -6.1550e-02 -3.9454e-01  8.3404e-01
  2.5566e-01 -6.1609e-01 -4.6793e-01  7.4964e-02  3.2123e-01 -1.0843e+00
  7.0105e-01 -7.0065e-01  6.2924e-01  4.1684e-01]"
activating,"[ 2.2524e-02 -6.7231e-01  2.3295e-01  4.0039e-01 -8.2994e-02  1.6997e-01
  3.3689e-02 -4.8088e-03  5.8420e-01 -1.2144e-01  1.2430e-02 -5.6377e-01
 -4.7783e-01 -4.4524e-01  6.9103e-01 -3.5741e-01 -1.9511e-01 -3.4977e-02
  7.7128e-01 -3.0482e-01 -9.0489e-01 -3.5764e-01 -1.4801e-01  1.4633e-01
  3.2669e-01  2.7653e-03 -3.0059e-01  6.3628e-01 -6.3192e-02  3.3699e-01
 -5.0947e-02  2.7200e-01 -3.9014e-04  1.2332e-01 -2.0506e-01 -7.5540e-01
  3.3042e-01 -1.7263e-01 -4.5525e-03  4.1957e-01  3.3331e-01  1.2185e-01
  7.0298e-01 -2.5990e-01 -2.3689e-01  2.0246e-01 -2.8676e-01  3.4674e-01
 -8.0723e-01 -6.1710e-01 -6.2015e-01  6.4790e-01 -1.1120e-01  1.8741e-01
 -6.7163e-01  8.9936e-04  3.1504e-01 -3.8980e-01 -1.2526e-01  5.0121e-01
 -5.9838e-01  6.6836e-01  8.8126e-01  3.0302e-01  2.8877e-01  4.3117e-01
 -2.8195e-01  5.0231e-02  4.0223e-01 -2.0103e-01  2.1632e-01 -4.6491e-01
  1.6760e-01 -8.7704e-01  1.7776e-01  1.2313e-01  2.2095e-01 -3.7232e-01
 -3.5439e-01 -5.3502e-02 -1.6839e-01 -1.6723e-01 -5.8910e-01  3.9350e-01
 -1.5526e-01  1.0758e+00  6.6597e-01  3.6637e-01 -3.8835e-01 -5.3414e-01
 -8.1450e-01  5.2473e-01 -2.7374e-01 -3.0455e-01  2.8983e-01 -4.2904e-01
  4.8826e-01 -4.0477e-01  4.7472e-01 -9.0359e-02]"
garret,"[-4.4712e-01 -1.5815e-01  5.4530e-01  5.9853e-03  1.5097e-02  4.5565e-01
 -2.1011e-01 -7.0002e-01 -4.8163e-01 -2.4643e-01  1.1570e-01 -1.7998e-01
  3.1662e-01  7.2598e-01 -4.8769e-01 -2.7127e-01 -4.7167e-01  1.3864e+00
 -9.0885e-01  5.2765e-01 -6.1374e-02 -2.9674e-02  1.6347e-01  1.2539e-01
  6.5064e-01  3.0760e-01 -4.9498e-01 -3.0273e-01 -4.5034e-01  1.3580e-01
 -2.4422e-01 -5.7377e-01  4.6657e-01  3.8616e-01 -8.5980e-02  5.9144e-01
 -8.2881e-02  1.1592e+00  3.1427e-01  1.8208e-01  7.3830e-01  5.5930e-01
  6.6830e-02  2.9967e-01 -9.2543e-02  3.6062e-01 -1.4850e-02 -6.2133e-01
  8.2153e-01  1.1290e+00 -2.2094e-02  1.2233e-01 -2.9943e-02 -6.1004e-01
 -7.5365e-01 -6.2153e-01  4.2379e-01  5.6381e-01  2.1943e-01  1.1850e+00
 -9.0201e-02 -2.7661e-01  5.2859e-01  6.3724e-01  5.0444e-01 -1.3497e-01
  9.0547e-01 -4.6491e-01 -1.2612e-01  2.7347e-01 -7.0381e-01 -1.8910e-01
 -3.2825e-01 -6.6310e-01  2.3449e-02 -5.3731e-02 -6.7913e-01 -6.4204e-01
  6.2782e-01  9.3473e-02 -7.8098e-01  8.3919e-01 -6.2689e-01 -3.3768e-01
  8.8694e-01 -3.2674e-01  7.3840e-01 -5.5272e-02 -6.5113e-01  7.0692e-02
  9.5360e-02 -7.1798e-02 -1.1080e+00  4.4108e-02  1.9578e-04  2.1998e-01
  7.0610e-01 -1.1274e-01 -9.5005e-01 -5.3650e-01]"
funneling,"[ 0.87306    0.049355   0.16222    0.040349   1.568      0.58155
 -0.145      0.037987   0.42187    0.1026     0.40373    0.32923
  0.051537   0.28069   -0.016609  -0.29931    0.0019039 -0.36367
  0.62784    0.062457  -0.019353   0.63693    0.60438   -0.48404
 -1.0145     0.54292   -0.26824    0.21037   -0.044758  -0.29421
  0.50034   -0.010056  -0.31053   -0.20261   -0.94719   -0.74932
 -0.13201   -0.27533   -0.079556   0.83604   -0.25925   -0.096321
  0.07289    0.10201    0.16127   -0.54254    0.1839    -0.26561
 -0.084013  -0.070088  -0.5232     0.86494    0.71919    0.26411
 -0.52291    0.3045     0.48558   -0.28633    0.32697   -0.24659
  0.1921     0.015746   0.38384    0.51111   -0.72805   -0.38311
  0.48132    0.45591    0.82783   -0.045165   0.47487   -1.0611
 -0.49244    0.064541  -0.83795   -0.14923    0.2657    -0.40836
 -0.30243    0.27425    1.1345     0.68344   -0.50087   -0.053203
 -0.056912   0.29297    0.13283    0.56711   -0.48515   -0.19978
 -1.0529     0.17328    0.088881  -0.80786    0.47233   -1.1021
  0.18737    0.55586    0.68826    0.21895  ]"
sequoia,"[-0.2643     0.74091    0.87714    0.58234   -0.15436    0.53664
 -0.21015    0.69144    0.12736   -0.55677   -0.38855    1.1659
  0.059864  -0.99427   -0.84605   -0.31739    1.4134     0.63526
  0.75285    0.33747   -0.45095    0.3552     0.56477    0.78417
  0.46786    0.22035   -0.18743    0.58731   -0.80086   -0.20014
  0.58946   -0.062025   0.40097   -0.30979    0.38056   -0.041901
  0.3787     0.24972    0.34803   -0.73637    0.27447    0.43981
 -0.40964   -0.055115  -0.52773    0.25998   -0.02456    0.1067
 -0.29347    0.14963   -0.50533   -0.56664   -0.94625   -0.85091
  0.53622   -0.18534    0.24986    0.46673    0.39242    0.37801
 -0.16972    0.022484  -0.24604    1.2074    -0.51731    0.0097766
 -0.51986   -0.49744    0.16837    0.32004    0.28566    0.15054
 -0.45466   -1.1294    -0.48524   -0.3777     0.87927    0.61007
 -0.89514    0.030042   0.78076   -0.054517   0.16597   -0.23325
  1.1333     0.52579    0.23829   -0.61273    0.47345   -0.36914
  0.2091    -0.91008   -0.67986    0.15568   -0.60075   -0.22696
 -0.3263     0.069131   0.20407   -0.11857  ]"
ecu,"[ 0.6249     0.78888    0.90285   -0.69144    0.16796    0.16703
  0.4962    -0.17549   -0.23189    0.086272   0.2733     0.31896
 -0.7837     0.16466    0.22255    0.46885    0.14288   -0.21013
  0.7588    -0.41377   -0.086432  -0.027004   0.064234   0.53055
  0.51238   -0.32815    0.54868   -0.095055   0.42166    0.17099
 -0.44751    0.51559   -0.17286   -0.0024811  0.1717     0.15732
  0.26012    0.82899    0.38687   -0.59624    0.37518   -0.095412
 -0.10137    0.40773   -0.1953     0.26621   -0.46217   -0.37206
 -1.2773     0.3352    -0.11284   -0.18079   -0.059514  -0.42806
 -0.37085   -0.25157    0.48978   -0.57324   -0.2683     0.40206
  1.2377    -0.58913   -0.6223     0.78462   -1.0213    -0.28844
 -1.4102     0.17667    0.68869    0.28282   -0.28037   -0.66287
 -0.5358    -0.52009   -0.26909   -0.75471   -0.26507    0.29526
 -0.87053    0.73136    0.7153    -0.60666   -0.86726   -0.41141
  0.031581   0.91427    0.50371   -0.40201   -0.21034   -0.70596
 -0.5538     0.35778    0.4914    -1.1347     0.23448    0.23195
  0.15121   -0.032663  -0.11458    0.054282 ]"
1.83,"[ 1.091      0.65576    0.3634     0.06654   -0.14201   -0.24417
  0.032952   0.19175    0.086599   0.53925    0.63959   -0.3509
 -0.79037   -0.64248    0.37756   -0.21604   -1.264     -0.03186
  0.052169   0.40191    0.090747  -0.18562    0.22601    0.82552
  1.3123    -0.44612    0.19657    0.53608   -0.019056  -0.73901
 -0.36867   -0.19326    0.0037089 -0.10399    0.0080919  0.43849
  0.14559   -0.10899    0.10604    1.0795     0.077875  -0.85428
 -0.20429    0.097798  -0.53289   -0.033233  -0.39503    0.533
 -0.32167   -0.68795   -0.17985   -0.42153    1.2839     0.038456
 -0.94171    0.51208    0.11806   -0.25527    0.62954    0.24999
  0.19695   -0.67487   -0.56268    0.50624   -1.2307    -0.42111
  0.029182  -0.25424    0.74061   -0.51319   -0.40845    0.3133
 -0.34534    0.37684   -0.73442   -0.07553   -0.36923    0.29833
 -0.2445     0.37461   -0.66229    0.11251    0.060922   0.62364
  0.46412   -0.14529    0.48022    0.75567    0.39659    0.38722
 -0.070972   0.74248   -0.10553   -0.62108   -0.23095   -0.23889
 -0.92454   -0.43936   -0.068088  -0.55693  ]"
ollie,"[ 0.0013439 -0.43462   -0.084194  -0.94601   -1.2477     0.22019
  0.24048    0.14885    0.51513   -1.0337     0.23286    0.1201
 -0.142      0.3905     0.79464    0.39737   -0.010964  -0.019529
 -0.35444    0.29862    0.3365     1.1917     0.51089   -0.82508
  0.73823    0.67444   -0.46433   -0.15821   -0.53028    0.11314
 -0.70914    0.24794    0.39294    0.5479    -0.61927    0.57569
  0.9172     0.49183   -0.58381   -0.094658  -0.235     -0.062481
  0.0066133  0.50575   -0.32997    0.27045   -0.53046   -0.39419
  0.49577    0.62648   -0.33893   -0.023909  -0.65757    0.034943
  0.18931   -0.15602   -0.4874    -0.44621   -1.0388    -0.22909
 -0.28706   -0.48467   -0.43398    0.28675    0.50018   -0.0088099
 -0.21761    1.0152    -0.15261    0.071635  -0.50517   -0.17236
 -0.11106   -0.27161    0.47652   -0.3361    -0.6324     0.16592
  0.32923    0.039718   0.1168    -0.21819   -0.29295   -0.17772
 -0.21634    0.0031519 -0.21437   -0.06287    0.12514   -0.5432
  0.092275   0.55583   -0.0069132 -0.06605    0.89312   -0.70206
 -0.35214    0.24146   -0.38005   -0.079413 ]"
giordano,"[ 0.85677   -0.43501   -0.87387   -0.61586    0.34504    0.2868
  0.3846    -0.4601     0.20392   -0.4852    -0.32226    0.066695
  0.055755  -0.46916    0.076481   0.35439    0.23939   -0.13149
 -0.45667    0.029937   0.32504   -0.069906  -0.07465    0.27507
  0.12449    0.0077327  0.27559   -0.059383  -0.11094   -0.13374
 -0.57799    0.011591  -0.048404   0.55207   -0.45422    0.97524
  1.6052     0.32109    0.022384   0.070739   0.29518    0.012836
  0.93148   -0.077815  -1.2666     0.45924   -0.17887   -0.27354
  0.40388    0.16328   -0.044076  -0.032075  -0.43773   -0.61733
 -0.52497    0.022846  -0.40962    0.47594    0.14885   -0.22082
  0.51547   -0.044086  -0.064631   0.52197   -0.37175   -0.17916
  0.73026    0.37889    0.35707    0.2713    -0.099667   0.021697
  0.10151    0.67004   -0.33573   -0.94303   -1.0069     0.24431
 -0.25851    0.45399   -0.20081   -0.87818   -0.42741    0.88531
 -0.045979  -0.57247   -0.48491    0.14611   -0.25207   -0.25079
  0.4711     0.15134    0.71241    0.3116     0.43947    0.076608
 -0.32288    0.034679  -0.078021   0.029563 ]"
vistas,"[-0.23247    0.33359    0.79924    0.78567    1.0757     0.038393
 -0.5397     0.76373   -0.29565   -0.45393   -0.1911     0.56302
 -0.51958   -0.72461    0.98001    0.33193    0.002796   0.64612
 -0.57118    0.21577   -0.12539    0.31433   -0.0089268 -0.05582
  0.31613    0.016963  -0.016913  -0.038327  -0.41564   -2.0016
 -0.019762  -0.80998   -0.08779   -0.10072    0.26631   -0.079396
 -0.10553   -0.56458    0.047932   0.15015    0.033887  -0.30487
 -0.46699    0.45783    0.30514    0.51082    0.23002    0.19309
  0.58333    0.41251   -0.50971    0.069939   0.17916    0.32577
  0.40322   -0.50363    1.1861     0.54571    0.27937   -0.65905
 -0.76583    0.76756    0.021962  -0.49335    0.15497   -0.23809
  0.62569   -0.57476    0.072252  -0.46754    0.40526    0.17969
  0.4256    -0.79451   -0.087754  -0.44949    0.38969    0.2935
  0.26806   -0.23435    0.23495    0.0036813  0.27458    0.17003
  0.32235    0.30307   -0.098746   0.038334  -0.083965   0.0051786
  0.1985    -0.50031    0.08952   -0.15079   -0.44386    0.26205
 -1.1025    -0.31495    0.11078    1.0381   ]"
kleinberg,"[-2.0386     0.52354    0.30736   -1.3709    -0.84484   -0.15823
 -0.82349    0.71883    0.029992  -0.66321    0.81255   -0.24487
 -0.46309   -0.17956    0.74339   -0.33242   -0.25909   -0.52891
 -0.59583   -0.0094131 -0.8934     1.1047     0.064583   0.91633
  2.1429    -0.19818   -0.064105  -0.34795    0.038601  -0.22096
  0.25232    0.89735   -0.39566   -0.55884    0.34782   -0.91072
 -0.21889   -0.71123   -0.16867   -0.36899   -0.64894    0.25233
 -0.10048   -0.15121   -0.22079    0.36121    0.46157   -0.94768
  0.81388    0.58371    1.3336    -0.45551    1.5062    -0.21613
 -0.055948   1.176      1.2076    -0.3414     1.341     -0.39623
 -0.12462    0.26972    0.59298   -1.1819    -0.46755    0.016132
  0.16747   -0.020111  -0.69327    0.57022   -0.78856    0.33792
 -0.5075     0.43821   -0.77524   -0.56594    0.50233    1.3023
  0.059583   0.77658   -0.81214   -0.98163    0.43064   -1.0122
  1.0197     0.25628    0.21381    0.48769   -0.61416   -1.246
  0.67113    0.56842    0.52581    0.29157   -0.57201   -0.26801
  1.0167    -0.87077    0.10867    1.4503   ]"
reiss,"[ 0.16543   -0.65498   -0.46803   -0.51843   -0.1077    -0.53399
  0.35579   -0.18549   -0.11107    0.18359   -0.1327     0.48693
  0.74361    0.51024   -0.70883    0.24867   -0.56227   -0.74857
 -0.57984    0.04807   -0.67718   -0.43704    1.0684    -0.051469
  0.54973    0.072785   0.28231   -0.57329    0.015096   0.088273
 -0.60547   -0.31789   -0.39367    0.73999   -0.18588    0.40557
 -0.10924    0.34448   -0.12681   -0.42956   -0.76417    0.20268
 -0.14264   -0.10949    0.3649     0.0090491 -0.44229   -1.1523
  1.1567     0.44329    0.9751    -0.093734  -0.32973    0.4249
 -0.80436    0.21851    0.27261   -0.33022   -0.81982    0.080308
  0.53455   -0.19196   -0.69695   -0.95856    0.31746    0.53421
  0.56952    0.20933   -0.39334    0.020119  -0.50762    0.38138
  0.089532   0.29527    0.28191    0.28979    0.73666   -0.17196
 -0.17371   -0.062631   0.16713   -0.32238    0.35371   -0.61636
  0.38103    0.0039444  0.75626    0.7501    -0.0080037 -0.59395
 -0.33916    0.21112    0.06479    0.050798   0.40044    0.087178
  0.25772    0.074484  -0.38203    0.51433  ]"
regrouping,"[-0.30062    0.098691  -0.21203    0.068387   0.079677   0.17196
 -0.10215   -0.39909    0.10902    0.32702    0.54975    0.40557
  0.87033   -0.20666    0.39664   -0.46562   -0.12581   -0.2425
  0.36425   -0.41175    0.17676    0.35499    0.19143    0.10325
 -1.1763     0.24397    0.76056    0.35481   -0.15277   -0.35303
 -0.58646   -0.95876   -0.18083   -0.73854    0.43367   -0.71639
 -0.094459  -0.47633    0.26591   -0.25919   -0.3696     0.6796
  0.46176    0.50058    0.51761   -0.056379   0.44317    0.74214
  0.34866   -0.71011   -0.51913    0.29031   -0.012348   0.77095
 -0.12892    0.042367   0.92384   -0.51797    0.024397   0.20721
 -0.51817    0.56194    0.53973    0.14087    0.063471   0.22077
  0.46877    0.21556   -0.11713    0.17491    0.28966   -0.82254
 -0.95277   -1.0695    -0.2334    -0.42539    0.16952    0.19815
  0.11392    0.68918    0.19817   -0.39063   -0.70664    0.17409
  0.043651  -0.0049614  0.53622    0.34707   -0.89595    0.20804
 -0.64436    0.21201   -0.26915    0.063832  -0.044654  -0.42356
  0.48111    0.27153    0.014664   0.4333   ]"
dirhams,"[ 1.2594e+00  2.4683e-01 -9.3713e-01  3.1728e-01 -4.8593e-02  6.6048e-01
 -6.1628e-01  4.0991e-01 -2.7024e-01  1.4833e-01  1.2246e+00  4.0361e-02
 -1.6276e-01  3.5905e-02  7.9038e-01 -6.0505e-01 -6.5971e-01 -2.3949e-01
  7.9347e-01  3.3104e-01  1.0227e+00  1.6948e-01  1.2220e-01  7.1467e-01
  5.4412e-01 -3.5137e-01  1.5622e+00 -6.4069e-01  3.8606e-01 -7.3117e-01
  2.1335e-01  1.3959e-01  2.7933e-01 -6.0950e-01 -1.8615e-01  5.2112e-01
 -4.1026e-01  7.0945e-01 -7.4414e-01  1.3676e-03  2.3747e-01  6.5596e-02
 -4.1279e-01  8.8201e-01  8.2237e-02 -6.1066e-02 -5.6192e-01 -3.2247e-01
 -8.6527e-01 -6.3371e-01  1.2516e-02 -3.6822e-01  1.8823e+00  5.2943e-01
 -1.2451e+00  8.9470e-02 -3.1160e-01 -5.3723e-01 -2.4661e-02  3.5257e-01
  6.1969e-01 -2.8456e-01 -5.6819e-01 -2.8360e-01 -1.0088e+00  1.6846e-01
 -7.7600e-01 -6.1116e-01  7.7771e-02 -4.2124e-01  3.0091e-01  7.3479e-01
 -4.4994e-01  2.3671e-02  2.9105e-01  3.7506e-01  1.4691e-02  5.2899e-01
  1.7929e-01  1.0949e+00  5.9387e-01  7.9658e-02 -2.6774e-01 -2.4645e-01
  5.1591e-01  7.5541e-01  1.8309e-02 -1.5488e-02  9.1556e-02 -4.1528e-01
 -6.6929e-02  5.2740e-01 -1.7489e-01 -1.8924e+00 -1.1416e-01  6.5061e-01
  4.3799e-02 -7.3145e-02  2.3476e-01 -7.2885e-01]"
svensson,"[-0.7694    -0.40865    0.21972   -0.78459   -0.194      0.3563
  0.90926   -0.30312   -0.040138   0.475      0.78058    0.066878
 -0.80125    0.14746    0.79821    0.33027   -0.18678   -0.1352
 -1.2114     0.55553   -0.07841    0.66252    0.58078    1.3785
  0.15603    0.57688    0.23338   -0.3402     0.3012    -0.0022783
 -0.7617     0.77337   -0.30277    0.068082   0.1024    -0.7935
 -0.36934    0.14044   -0.47316   -1.0173    -0.26228    0.57516
  0.093932   0.51847   -0.49184    0.78025    0.14495    0.04312
  0.77857    0.78178    1.7011    -0.33445   -0.088155  -0.28533
 -0.23032    0.1858    -0.42938    0.16936   -0.79409   -0.23542
  0.64973   -0.37221   -0.58148    0.84967   -0.51368   -0.18784
 -0.39048    0.2574    -0.0023353 -0.32366   -0.048413  -0.2772
  0.11414   -0.29188    0.21881   -0.57105   -0.60932   -1.1383
  0.30322    0.60677   -0.30215   -0.41862    0.72261   -0.15986
  0.086699  -0.45835    0.36612   -0.067954  -0.31455   -0.55895
 -0.049214  -0.25676   -0.46721    0.23887   -0.369     -0.30904
 -0.15382   -0.2038     1.0872     0.042996 ]"
1820s,"[ 0.34011  -0.13938  -0.5307    0.43975  -0.58001  -0.033565  0.5684
 -0.046378  0.25947  -0.5183   -0.17177  -0.67662  -0.23987  -0.1524
  0.52892  -0.8982    0.028736 -0.63707  -0.040759 -1.073     0.016138
  0.30765   0.30904  -0.26994   0.22298  -0.84163  -0.55379  -0.51134
 -0.039635 -0.32416  -0.12819  -0.1333   -0.24439  -0.031237 -0.38052
  0.020621 -0.15802  -0.47958   0.33686  -0.57113  -0.4063    0.21863
 -0.1199    0.73803   0.069873 -0.48489   1.0487   -0.44634   0.99139
 -0.20483  -0.4963    0.81341   0.68741  -0.22692  -0.3833    0.20791
 -1.0208   -0.86368  -0.30363  -0.033858 -0.69597   0.77681   0.83421
  0.66567   0.86406  -0.90889  -0.1716   -0.76453   0.42487  -0.64519
  0.34454   0.20885  -0.15589  -0.36319  -0.23395  -0.61657  -0.07047
 -0.12872  -0.36807  -0.22244  -0.27643   0.4027    0.51077   0.29835
  0.52279   0.2309   -0.14471  -0.51215  -0.75623   0.12646   0.16661
  0.21224  -0.24894   0.53578  -0.37207  -0.25439  -0.23774   0.054836
 -0.40637  -0.30154 ]"
piecemeal,"[ 0.16279    0.22611   -0.0028671  0.2587     0.051295   0.63898
  0.39186    0.12421    0.52309    0.22676    0.11751    0.54475
  0.21161   -0.72662    0.56893    0.37711   -0.58336    0.52746
  0.41534   -0.29418    0.65938    0.57964    0.18387   -0.049464
 -0.62956    0.15257   -0.063986   0.05686   -1.0079    -0.65196
 -0.21102   -0.34198   -0.47711   -0.3251     0.019219   0.84627
 -0.48134   -1.244     -0.65849   -0.19084    0.2442     0.49574
 -0.22109    0.67603   -0.72318   -0.082909   0.3902     0.1949
 -0.23717   -0.095194   0.23012    0.59699   -0.018887   0.32399
 -0.033943   0.01067    0.3633    -0.26532    0.064356  -0.22407
 -0.2087    -0.015568  -0.20772    0.24092    1.1514    -0.42009
 -0.34496    0.26093    0.48007   -0.42605   -0.074372  -0.19582
  0.035686  -0.53261    0.097399  -0.28452   -0.73195    0.12653
 -0.029483  -0.25746    0.60599    0.020463   0.50197    0.71021
 -0.3454     0.18693    0.61448   -0.27072   -1.2051    -0.47414
  0.22007   -0.22215   -0.6893     0.2963     0.34604   -0.43185
  0.64065    0.014499   0.29317    0.44321  ]"
1b,"[ 0.41867    0.84288    0.892     -0.34561   -0.21657   -0.08461
  1.0243    -0.081981  -0.57211   -0.074838   0.68641   -0.11719
  0.061014   0.18187    1.4257    -0.082053   0.35249    0.51208
 -0.15885    0.59754    0.026671  -0.13397   -0.39666    1.0843
 -0.18515    0.90431    0.093225   0.4125    -0.29092   -0.18569
 -0.67258    0.025779   0.066165   0.14238    0.27764    0.26042
  0.20452    0.13491   -0.16826    1.0308     1.3311    -0.050397
 -0.13766   -0.41805   -0.26509    0.17377   -0.43722    0.20636
 -0.038476   0.079435   0.21559    1.1782    -1.2809    -0.44341
 -0.10707    0.034437   0.48887    0.060521  -0.3486     0.57463
 -0.97199   -0.10762    0.26663   -0.2042     0.34121   -0.80492
 -0.10133    0.61681   -0.074054   0.13855    0.33125   -0.64764
 -0.27226    0.080558   0.66749   -0.15294    0.25894    0.35266
 -0.54776   -0.84337   -0.025643  -0.37005    0.079059  -0.41459
  0.57006   -0.048519  -0.28056   -0.044819   0.34247   -0.40017
 -0.83897    0.47518   -0.54574   -0.0077013  0.82698    0.13929
  0.68716   -0.034737   0.40024   -0.86073  ]"
doubly,"[-9.3444e-01  9.3505e-02  2.4999e-01 -2.2277e-01  2.7025e-01  3.3814e-02
 -3.6270e-01  6.1901e-01  4.1892e-01 -4.3404e-01 -1.8406e-01  1.4417e-03
  3.9808e-01 -5.6901e-02 -6.9264e-01 -2.4358e-01 -3.3763e-01  2.8126e-01
  3.1996e-01  2.9860e-01  5.1746e-01  3.8301e-01 -5.5797e-01  5.5874e-01
  2.9779e-01 -2.3952e-02 -1.4594e-01  1.6286e-01 -2.8404e-01  1.8712e-01
  2.2741e-01 -6.5417e-02  2.1342e-02 -1.7482e-01  5.4404e-01  3.8663e-02
 -1.7518e-01  1.5287e-01 -2.3007e-02 -5.7171e-01  4.8331e-01  7.1884e-01
  3.0587e-01 -4.8992e-01 -3.4722e-01 -7.1474e-02  1.2122e+00  1.0166e+00
 -1.1047e-01 -6.8185e-01 -2.1221e-01 -6.1130e-01  3.4423e-01  1.5113e-01
 -7.5066e-01  1.0015e-01  1.0585e+00  7.4856e-01 -1.6476e-01 -2.1071e-01
 -2.3348e-01  5.5062e-01 -1.5638e-01  3.1253e-01  5.3665e-01 -5.9614e-01
 -2.4032e-01  2.5664e-01 -1.1375e-01 -4.8094e-01 -3.2684e-02 -4.2617e-01
  3.2744e-01  5.4773e-01  5.5405e-01  3.9981e-01  2.9428e-01 -1.5916e-01
 -2.6134e-01  6.8813e-02 -3.1559e-01  3.8803e-01 -1.5790e+00  6.0523e-01
 -9.1065e-01 -4.2268e-03  5.4578e-01  1.3516e-01 -1.0067e+00 -1.0537e+00
 -7.2773e-01  2.1588e-01 -4.3685e-01  6.9843e-02  6.0347e-01 -5.2177e-01
  3.7120e-01 -2.7548e-01 -7.6295e-01  8.9660e-02]"
aerosmith,"[-0.032455  -0.23925    0.2341    -1.1084     0.46003    0.005239
  0.11345    0.14546   -0.52211    0.36376    0.19793   -0.49804
 -0.21122    0.41348    0.28882   -0.3188     0.73946   -0.20446
  0.04956    0.54092    1.2135    -0.38388   -0.63029    0.32643
  0.4495     0.458     -0.041328   0.1111     1.0468    -0.77078
 -0.30672    0.72351   -0.022638   0.95756   -0.0034776 -0.28199
  0.69094   -0.03048    0.25551   -0.5942     0.46628    1.1265
 -0.14918    0.69755   -0.30579   -0.1185    -0.4303    -0.017716
  0.11558   -0.36809    0.51326   -0.51303   -0.27473   -0.49399
 -0.10016   -1.0726     0.19352    0.29694   -0.62479    0.33017
  0.55995    0.8033     0.93666    0.43449    0.7176     0.32578
  1.3728     0.35932   -0.13171   -0.46898    0.072471   0.11684
 -0.48078    0.46978   -0.38132    0.39039    0.67134   -0.19878
  0.99974   -0.16453    0.12273   -0.2367     0.95252    0.77891
 -0.0055862  0.073925  -0.12606   -0.085602  -1.0629     0.42651
 -0.76458   -0.12602   -0.31945   -0.1173     0.13348   -0.32295
  0.059137   0.34247    0.10097    0.11     ]"
playa,"[ 0.4795    -1.2497     0.37919    0.74739   -0.55996    0.49905
  0.96474    1.4236     0.51533   -0.15884    0.49298    0.39414
  0.15517   -0.38152    0.6331    -0.25258    0.77438   -0.1624
  0.54757    0.8782     0.15761    0.76239   -0.26598    0.69617
 -0.37867    0.15214   -0.54223   -0.52465   -0.095747  -0.091415
 -0.2444    -0.31692    0.20589    0.90716    0.32805    0.048352
  0.77464    0.30029    0.79591   -0.36666    0.14108   -0.33657
 -0.50073    0.21908    0.25519    0.85026   -0.0065777 -0.081156
 -0.37439    1.1148    -0.92334    0.28652   -0.53682   -0.29046
 -0.31605   -0.34136   -0.080961  -0.050837  -0.32724   -0.093325
 -0.95913    0.54488    0.30684   -0.90287   -0.22812   -0.43484
  0.60946   -0.41966    0.26554   -0.72107    0.43991    0.23548
 -0.16159   -0.31279    0.19755   -0.41747    0.38368    0.83919
  0.65025    0.29145    0.14234   -0.48243   -0.30857    0.32689
  0.11449    0.29175   -0.37982    0.31373    0.068     -0.6986
  0.050665   0.4634     0.14588   -0.007523   1.0109     0.36293
 -0.86799    0.35403    0.90414    0.41022  ]"
orban,"[-0.86403  -0.2414    0.14002   0.35285   0.49993  -0.061226  0.12127
 -0.37328   0.10739   0.0948   -0.8531    0.85753  -0.8449    0.060766
  0.16555   0.17516  -0.11047  -0.51093   0.54598  -0.13447  -0.66205
  0.32861   0.189     0.061035 -0.007277 -0.48526   0.034695  0.5986
  0.61091   0.35392   0.25984   0.96694   0.61027   0.023839 -0.3237
  0.046079  0.69806   0.36268  -0.45745  -0.6022    0.10828   0.30633
  0.27818  -0.082792 -0.19721  -0.66393   0.54045  -0.60899   0.12186
  0.93049   0.39635  -0.84066   0.81644   0.37344  -0.58722  -0.054793
  0.59625   1.6457   -0.19947   0.90752   0.27582  -0.40422  -0.29716
  1.4252   -0.035644  0.99964   0.48249   0.30273  -0.42039  -0.69226
 -0.11407  -0.50048  -0.58899  -0.23941  -0.41884  -0.42206  -1.0266
  0.88589   0.13923   0.20216   0.69394  -0.069509 -0.076761 -0.24055
 -0.030926 -0.29275  -0.19981   0.68982  -0.37606   0.032601  0.42302
 -0.84461  -0.031473  0.26638  -0.24153  -0.087719  0.30394   0.053474
 -0.2509    0.33418 ]"
siamese,"[-0.18117   -0.096494   0.049036   0.22408   -0.92909    0.57186
 -0.58577   -0.49543   -0.16121    0.13473   -0.4829     0.36249
  0.62915    1.0366     0.05097   -0.098266  -0.20643   -0.0017344
  0.78814   -0.54086    0.50595   -0.31777    0.16955    0.31823
  0.83514    0.29303    0.21067   -1.0863    -0.036009  -0.39563
 -0.099083   0.038491   0.97163   -0.47562    0.40714   -0.42843
 -0.4331     0.21931    0.24819   -0.82742   -0.15923    0.74261
 -0.5752    -0.42483    0.40465    0.26491   -0.54637    0.82494
 -0.12741    0.48535   -0.7275     0.16951    1.0605     0.11369
  0.45213    0.21      -0.18479   -0.19188   -0.42027    0.62046
  0.2014    -0.034796  -0.46773    0.43374    0.37615    0.73225
 -1.2316     0.20694   -0.46037    0.32542   -0.10415   -0.038439
  0.37153    0.32756   -1.1628     0.6352     0.11941    0.30169
 -0.64327   -0.05413    0.16261    0.14658    0.68982    1.0799
 -0.55714    0.83476    0.52016   -0.24628   -0.30903   -0.14128
  0.12453   -0.16814   -0.33597    0.048575  -0.79729   -0.68354
 -1.2724    -0.32629   -0.44519   -0.3522   ]"
euro0,"[ 0.24857    0.68544    0.18155   -0.11618    0.59746    0.52728
 -0.49605    0.20295    0.67366   -0.09077   -0.1477    -0.023455
 -1.6064    -0.15102    0.1269    -0.071124  -0.87975   -0.14337
  0.30478    1.1091     0.60112   -0.4876     0.030875   1.784
  0.18462    0.08727    0.24019    0.5592     0.73568   -0.18109
 -0.12956    0.45756   -0.56951   -0.57498    0.27612    0.53011
  0.37739    0.93459    0.76582    0.57563    0.96492   -1.2344
 -0.22207    0.9956    -0.26914    0.18221   -0.98878    0.12171
 -1.0197    -1.2634     0.40497   -0.25242    0.83053    0.18184
 -1.5143     0.1051     0.12783   -0.3686     0.028223  -0.18295
  0.82902    0.28585   -0.32225   -0.042729  -1.669     -0.6718
 -0.6385    -0.79493    0.37171   -0.77601   -0.46945   -0.029654
 -0.58179    0.049918  -0.27404   -0.98881    0.076528  -0.62856
 -1.1382    -0.26394   -1.1139    -0.98438   -0.30982    0.69448
 -0.16478    0.95205    0.42958    0.0076993  0.089448  -0.25591
 -0.13529    0.61179   -0.61956   -0.98891   -0.581     -0.16025
  1.203      0.5313     0.11051   -0.58544  ]"
collectible,"[-0.32131   0.087645  0.088003 -0.35341  -0.1144    0.22176   0.66764
 -0.56717   0.66647  -0.095208 -0.47279  -0.62063   0.11981  -0.73498
  0.09862   0.842     1.1532    0.88947   0.80221  -0.25395   0.65196
 -0.11308  -0.24114   0.06769   1.1026   -0.28181   0.37096   0.072155
 -0.97956   0.44636   0.054042 -0.33186  -0.61998   0.08212   0.78296
 -0.010337 -0.20482  -0.35974  -0.45783  -1.5042    1.3645   -0.048089
  0.50386  -0.32984  -0.73821  -0.21233   0.22189  -0.20618  -0.14564
 -0.27293   0.46188  -0.096069 -0.2595   -0.51111   0.028488 -0.11695
  0.094698  0.46181   0.079865  0.13824  -0.69121   0.81352  -0.63968
  0.78535  -0.1197   -0.61325   0.16775   0.15431   0.44646  -0.56548
 -0.080419 -0.63811   0.25229   0.96169  -0.11226   0.72886  -0.40811
  0.08225  -0.47007   0.05824   0.52059   0.28941   0.17623  -0.36176
  0.017361  0.27048  -0.6694   -0.79609  -0.027739 -0.43001  -0.14891
  0.69441   0.61313  -0.97131  -0.40367  -0.62761  -0.42041  -0.11679
  0.37465  -0.26614 ]"
stasi,"[ 1.0201    -1.1553     0.50285   -0.77054   -0.098997   0.3669
  0.083255  -0.39447    0.82895   -0.26101    0.14128    0.29481
  0.25397    0.85431   -0.055454   1.062      1.8628    -1.1343
 -0.77754   -0.017294  -0.41045    1.0267    -0.18134   -0.12466
 -0.22827   -0.8012     0.35414   -0.015143   0.10338    0.11556
  1.0772     0.23956   -0.38495    0.12673    0.1089    -0.13144
  0.23132   -0.81508    0.99243    0.42257   -0.25673   -0.58058
 -0.51206    0.96793    0.15831    0.23802    0.95003   -0.23044
  0.92855    0.88852    1.1712    -0.45217   -0.12823    0.45106
 -0.82187    0.038553  -0.15455    0.21933   -0.16581   -0.081068
  0.18689    0.42751   -0.32168   -0.0020984  0.39946   -0.35908
  0.39316    0.6106     0.77544    0.5754     0.53704   -0.25707
 -0.18769   -0.43344    0.53593    0.24178    0.023766   0.35117
  0.42192    0.29619    0.96689    0.92108    0.63548    0.33969
 -1.0719     0.52749    0.24899    0.71564    0.41147    0.73725
  0.20917    0.19914    0.43181    0.20562    0.81027   -1.238
  0.46504    0.22886   -0.71927    0.31283  ]"
elsie,"[ 0.26464   -0.48201   -0.43767   -0.077488  -0.10445   -0.28294
 -0.28666    0.25872    1.1089    -0.31214   -0.38797    0.10207
 -0.43613    0.49747    0.27262   -0.63616    0.4077     0.38165
 -0.24132    0.59725   -0.12084   -0.40296    0.10967   -0.39538
  0.81298    0.17488   -0.026802  -0.87767   -0.27728    0.25894
 -0.45128    0.015472   0.86078    0.44045   -0.51467    0.67681
  0.19484    0.15084    0.046394  -0.0448    -0.4664    -0.78868
 -0.20127   -0.10349    0.36043    0.5301    -0.63655   -0.026364
  0.19492    0.55817    0.031978  -0.27218    0.43644    0.15861
  0.0053938  0.29459    0.19262   -0.14413   -0.88853    0.12388
 -0.16585    0.4553     0.086268   0.57411    0.006346   0.29482
  0.16873    0.30159    0.3638    -0.1683     0.086403   0.43638
 -0.62936   -0.29794   -0.032606   0.51633   -0.50828    0.062631
 -0.30252   -0.43269   -0.16846   -0.44456    0.73351    0.55641
 -0.026715  -0.57762   -0.39305   -0.020078  -0.40993   -0.48743
  0.13793    0.015376  -0.07403    0.53478    0.15392   -0.30965
  0.37331   -0.73135   -1.4992    -0.57563  ]"
ludlow,"[-0.7636    -0.094416  -0.38777   -0.068108  -0.60049   -0.15274
 -0.37938    0.40166   -0.24061   -0.4711     0.30532   -0.41253
 -0.19802    0.065077  -0.21706    0.056577   0.58975   -0.173
 -0.47426    0.29623    0.24713   -0.21773    0.42972    0.542
  0.21069   -0.298     -0.015407   0.13389   -0.045717   0.34431
  0.31354   -0.078538   0.086354   0.10418    0.0038124  0.60566
  0.32087   -0.63299    0.58321    0.4839    -0.11597    0.78163
 -0.15278   -0.11933   -0.48199    0.44084    0.28789   -0.72756
  0.2941     0.95833    0.26122   -0.57017    0.028737  -0.37554
 -1.0003    -0.14581   -0.50942   -0.53936   -0.653     -0.60983
  0.034076  -0.29233   -0.57395   -0.24426   -0.48343   -0.23785
  0.89637   -0.66245   -0.36396    0.15213    0.063125  -0.15165
  0.41715   -0.32675    0.19427   -0.50796    0.32122    0.17279
 -0.146      0.49127   -0.21012    0.96229    0.21742    0.3289
  0.2017    -0.28052   -0.018081  -1.0667     0.54711   -0.40048
  0.18276   -0.51446   -0.093634   0.86962   -0.41681   -0.22805
  0.48899    0.5841     0.51764    0.025778 ]"
inorganic,"[-3.2724e-01  1.6822e-01  4.1350e-01  1.7584e-01  2.0810e-01 -5.7644e-01
  2.2473e-01 -5.3343e-01 -9.9037e-04  8.6607e-01  1.7855e-01 -1.1341e+00
  7.3664e-02  6.7636e-01  7.9965e-02  6.1105e-01  2.9086e-01  1.7084e-01
  3.6184e-01 -3.5660e-01 -3.2188e-01 -4.3277e-01 -2.4138e-01  9.1874e-01
 -8.1215e-01 -3.6141e-01  5.0086e-01 -5.4682e-01 -1.2313e-01  3.6535e-01
 -4.5447e-01  5.1307e-01 -4.8358e-01 -8.3329e-01  1.1133e-01 -1.4197e-01
 -2.9023e-02  1.1406e+00 -8.7765e-01 -2.4183e-02  1.5840e-01 -3.8394e-02
 -6.3750e-01 -2.5688e-01 -2.9811e-01  2.8373e-01 -6.3854e-01  1.4603e+00
 -1.1135e+00 -3.7338e-01  1.0718e+00 -9.5322e-01  6.5404e-01 -3.4563e-01
 -1.6456e-01  4.9890e-01 -3.0569e-01 -1.1307e-01 -1.3160e-01  1.3905e-01
 -2.5868e-01  3.9534e-01 -2.0055e-01  6.4002e-01  1.2620e+00 -4.5781e-01
  1.0921e+00 -8.0693e-01  2.5560e-01 -7.1499e-01 -5.2546e-01 -6.8133e-01
  1.0606e+00  3.6137e-01 -1.0307e+00  3.8086e-01  3.6801e-01 -8.7881e-01
 -7.3485e-02 -7.4747e-02  1.5304e-01  6.2122e-01 -3.6841e-01  6.9948e-01
  3.1701e-01  1.0723e+00  1.2248e+00 -4.1362e-01 -1.1305e-01 -1.0121e-01
 -5.9661e-01 -7.4235e-01 -8.0006e-01  6.6314e-01  4.1045e-01 -5.2883e-01
 -3.9923e-01 -7.9548e-01  8.8954e-02  4.9069e-01]"
incurable,"[-0.056479   0.0068858  0.52023    0.58762   -0.067019   0.14987
  0.90062   -0.36294    0.91822   -0.40029   -0.45033    0.70519
  0.5549    -0.4964     1.0136     0.036978   0.19211   -0.80914
  0.3953     0.23759    0.084293  -0.089042  -0.024426  -0.58933
  1.1049     0.81356    0.73036   -0.50419    0.18463    0.017484
  0.22925    0.55688   -0.064312  -0.2829    -0.3693     0.1618
 -0.35554   -0.30051   -0.20247    0.51408   -0.012555   1.1633
 -0.38168   -0.6024     0.19549    0.91815    0.96645    0.41331
 -0.40012    0.69759    0.34328   -0.663      1.2539    -0.66353
  0.58792    0.20508    0.66159    0.15716   -0.49962    0.90613
  0.2285     0.51641   -0.12254   -0.35451    0.038749   0.07864
  0.29956   -0.58333   -0.081044  -1.1005    -0.33223   -0.44757
 -0.56265    0.44457    0.024066  -0.34483   -0.81975   -0.41344
 -0.8221    -0.70146    0.47733    0.48858    0.036702   0.84574
 -0.8097    -0.10126    0.13311    0.74344   -1.2587     0.47406
 -0.51856   -0.3384     0.70923    0.53422    0.25505    0.16166
  0.32207   -1.2505     0.63079   -0.70186  ]"
bedfordshire,"[-6.5631e-01 -1.7126e-01  3.1933e-01  5.7656e-02  4.8340e-01  4.3271e-01
  1.5482e-02  1.1062e+00  5.1882e-01  9.2601e-01  7.0781e-02 -6.8722e-01
 -4.2570e-01  5.2195e-01  9.8065e-01  3.1593e-01  4.1480e-01 -4.4353e-02
  5.2796e-01  7.2091e-01 -2.0386e-01  1.7723e-01  8.9775e-01 -7.6697e-01
 -3.1690e-01 -7.5181e-02 -3.7685e-02  3.5900e-02 -5.3039e-01  9.7667e-01
 -3.8910e-01 -8.0843e-01  9.1846e-02 -1.5954e-01 -1.6657e-01 -1.8019e-01
 -9.6599e-01 -1.6141e-01  3.2269e-01 -5.7318e-01 -1.5203e-03  8.2314e-01
  1.3548e-02 -1.0147e+00  3.3491e-01  9.1403e-01  2.1195e+00 -4.0392e-01
  7.0301e-02 -3.0676e-01 -1.9819e-01  9.6099e-02  3.0826e-01 -2.9371e-01
 -2.5819e-01  5.4661e-01  2.3675e-01 -1.2522e+00 -4.0798e-01  1.5172e-01
  2.7087e-01 -3.0025e-01 -2.7573e-01  3.8763e-01 -2.1487e-01 -2.2054e-01
  1.4923e-01  8.8209e-01  9.1781e-01  4.6872e-01  3.3204e-01  7.1465e-02
 -1.2143e-02 -1.1134e+00  2.8701e-01 -7.0728e-01 -6.4556e-03  3.1760e-01
 -3.9411e-01  2.5822e-01  1.3721e-01  2.6512e-01  7.2893e-01 -2.1526e-01
  4.1908e-01 -4.1026e-01 -1.0244e+00 -4.9521e-01  5.1628e-01  1.5239e+00
 -7.7156e-01 -6.0181e-01 -2.2314e-01  1.1599e+00 -3.1317e-01  3.8167e-01
 -2.1585e-02  1.0925e+00  2.3481e-02 -1.1011e+00]"
ecuadoran,"[-0.16074    0.06533    0.84156    0.88021   -0.084991   0.30367
 -0.27557   -0.1518    -0.17227    0.61312    0.2148     0.3244
  0.61422   -0.35047    0.154      0.22823   -0.0023654 -0.45211
  0.27761   -0.52623    0.5744    -0.22367    0.74344    0.96206
 -0.48429   -0.01487    0.80666   -0.63155    0.15071   -0.28938
 -0.069583   0.14725   -0.07095    0.21673   -0.2237     0.042168
 -0.45574    0.20282    0.82581   -0.22261   -0.12998    0.55562
  0.64436    0.66181    0.28762    0.53644   -0.50953    0.072437
 -0.78495    0.68955   -1.0917    -0.027915   0.057975   0.49449
  0.047905   0.85258   -0.092032   0.034696   0.93781    0.41368
 -0.38502    0.065332   0.20939    0.016754  -0.40339   -0.027559
  0.23101   -0.16742   -0.39223   -0.34248    0.49062   -0.57097
  0.76897   -0.49781   -0.36291    0.45937    0.52728    0.70803
 -0.86917    0.46473    0.48818   -0.17934   -0.0076305 -0.26908
  0.67042   -0.54351    0.24194    1.1617     0.17394   -1.2823
  0.6105     0.063594  -0.83831    0.32157   -0.16404   -0.063894
 -0.53568    0.026673  -0.87395    0.25804  ]"
implicate,"[-0.30687   -0.4622    -0.082778   0.26229   -0.089969   0.20662
 -0.11267   -0.60106    0.74643    0.46054    0.24283    1.0079
  0.021842   0.36848   -0.11888    0.51185   -0.11201   -0.39143
 -0.3699     0.74153   -0.60606   -0.92409    0.39787   -0.28075
 -0.14092   -0.40121   -0.24792   -0.45951    0.39681    0.34291
  1.0995    -0.4701     0.014013  -0.15109   -0.63169    0.63211
  0.43677   -0.13664   -0.10803    0.27202   -0.17768    0.52583
 -0.025742  -0.55544   -0.32196    0.12581    0.89114   -0.35004
 -0.74876   -0.67939    0.053379   0.15993   -0.20474    0.30154
 -0.18038    0.56606   -0.060744  -0.34611   -0.083605  -0.27326
 -0.71593    0.55721    0.35399    0.26809    0.012319  -0.092653
  0.73687    0.91282    0.021629   0.1116     0.0035988 -0.1941
  0.47034   -0.62274    0.22229   -0.43952    0.54783   -0.27535
 -0.14587    0.36801    0.17678    0.38902   -0.29881   -0.45619
 -0.22411   -0.44129    0.1973     1.0311     0.3163    -0.30554
 -0.35361   -0.13142   -0.34341   -0.54874    1.0129    -0.75147
 -0.40432   -0.098557  -0.065093  -0.3646   ]"
shootouts,"[ 0.28017  -0.3528   -0.62953  -0.17751  -0.21871   1.1451   -0.10508
  0.50236  -0.10639   0.26475  -0.27271   0.45864   0.52392   0.73578
 -0.061755  0.66555  -0.97692  -0.3164   -0.29597   0.32065   1.2839
 -0.34356   0.14073   0.33411   0.36527  -0.31504   0.11663   0.20269
 -0.47903  -0.73135  -0.13567  -0.58355  -0.33579   0.051596  0.627
 -0.31684  -0.51854  -0.68251   0.1325    0.64074   1.0145   -0.03946
 -0.70336  -0.33682  -0.17293   0.12846   0.46822  -0.5293   -0.08451
 -0.094608 -0.53451   0.20496  -0.4669    0.78942   0.028812  0.031633
  0.24816   0.12319  -0.48603   0.48745  -1.3944    0.6691    0.67596
 -0.21901   0.11873  -0.071307 -0.098377 -0.14171   0.39165   0.10129
 -0.42777  -0.98854   0.80468   0.25675  -0.65911  -0.51077   0.035634
 -0.7656   -0.58979   0.29014   0.90953  -0.24564   0.046325 -0.16926
 -0.45338   0.27316  -1.0909    0.26358  -0.7701    0.093517  0.060692
  0.27146  -1.0195    0.23312  -0.6439    0.10295   0.33892   0.61055
 -0.071803  0.071793]"
dimarco,"[-0.45062  -0.22981   0.98202  -0.47288   0.015287  0.1349    1.2608
  0.073174 -0.55192  -0.65083   0.082084  0.91814  -0.21877   0.35448
  0.4572    0.32068  -0.263     0.18683  -0.29073  -0.021433  0.016205
  0.54974  -0.063727  0.75155   0.52946   0.54044   0.64354  -0.69877
  0.35301  -0.83448  -0.71128   0.33242   0.15979   0.43112   0.63253
 -0.29114  -0.23062   0.14558   0.36954   0.90734  -1.0111   -0.022153
  0.53459   1.1259   -1.0063   -0.32017  -0.14135   0.54655  -0.57338
 -0.64827  -0.91958  -0.17302  -0.40214  -0.25392   0.49104  -0.42826
 -0.17869  -0.19226  -0.89478   0.92274  -0.13681  -0.1466   -0.094107
  0.98086  -0.017119 -0.57264   0.76223   0.5154   -0.42544  -0.36464
 -0.34268  -0.065803  0.11671   0.080164 -0.26164  -0.066594  0.15414
 -0.2922    0.26186   0.18051   0.50787  -0.61379  -0.22505   0.63116
  0.57004   0.30135  -0.29046  -0.23161  -0.80787   0.1173   -0.28593
 -0.020966  0.19441  -0.27759  -0.13602  -0.19171   0.40379  -0.5159
 -0.71649   0.79921 ]"
innumerable,"[-4.5119e-01  5.9505e-01 -4.2490e-01  2.7547e-01  4.6704e-01  7.6454e-01
 -3.8107e-01  3.5454e-01  1.9677e-01 -3.9724e-01  1.6961e-01  1.8236e-01
  7.4792e-02  1.2230e-01  1.7702e-02 -1.4789e-01 -5.6502e-01  3.2148e-01
  1.2896e-01  1.7220e-01 -1.8236e-01  7.6917e-02 -2.7302e-02 -8.2860e-02
  4.3777e-01 -3.9092e-01  2.6990e-01  1.2524e-01 -3.4921e-01 -1.8411e-01
  2.7781e-01 -3.5340e-01 -4.6187e-01  9.0344e-02 -1.4209e-01  8.9715e-02
 -4.4163e-01 -4.1355e-01 -3.9460e-01  1.0367e-01 -3.4504e-01  7.6830e-01
 -2.5412e-01  2.3167e-02  1.4623e-02  1.9414e-01  3.0331e-01 -2.1246e-01
 -3.7742e-01  7.5995e-01 -3.1151e-01  3.4509e-02  2.9752e-01  1.2046e-01
 -7.0159e-04  1.6727e-01  9.9394e-01 -2.8680e-02 -7.1836e-02  2.3983e-01
 -2.3657e-01  1.0299e+00  1.1581e-01  2.2306e-01  3.2467e-01 -6.1959e-01
  4.9633e-01 -5.3452e-01  3.4987e-01 -3.7764e-01 -7.8853e-02  7.4005e-02
  5.2839e-01 -2.4398e-01  1.3433e-01  1.5575e-01 -7.1009e-02 -2.2809e-01
 -4.6332e-01  3.9281e-01  8.9648e-01  2.1243e-01  4.4737e-01  4.2728e-01
 -5.3279e-01 -1.7546e-02 -1.3520e-01 -5.7459e-03 -7.6389e-01  8.5652e-02
 -9.2916e-02  2.5343e-01 -1.6139e-01 -2.6227e-01 -4.2500e-01 -5.2153e-01
 -6.4324e-01 -7.8819e-02  9.3114e-02  6.9337e-01]"
huntsman,"[ 6.3425e-01  2.6591e-01  5.9373e-02 -2.5785e-01  3.0582e-01 -1.5935e+00
 -8.9410e-02 -3.8513e-01 -7.5895e-01  1.8458e-01 -5.7522e-01  1.8107e-01
  8.0614e-02 -2.4391e-01  2.1073e-02 -4.3556e-01 -4.4960e-02 -2.0970e-01
 -2.6072e-02 -3.1144e-01 -4.1787e-01 -8.0925e-02 -2.5102e-01  8.4614e-01
 -9.0523e-01  1.4674e+00  3.8122e-01  6.8456e-01 -1.5416e-01  1.5428e-01
  8.5864e-03  7.9426e-01 -7.8899e-02  5.4422e-01 -3.2657e-01  1.0968e-01
  7.2462e-02  3.9693e-01  5.1395e-01  2.4094e-01 -2.4414e-01 -4.5011e-03
 -3.5623e-01 -2.5663e-01 -9.7965e-01  3.9672e-01 -3.8402e-01  2.4724e-01
  1.4244e-02 -1.3158e-02 -3.6982e-01 -8.3131e-01  7.1045e-01 -1.0114e-01
 -1.9671e-01 -2.0283e-01 -9.7599e-02 -6.5689e-01 -3.2957e-01 -3.0763e-01
  1.0141e-01  1.5246e-03  4.3910e-01  2.0398e-01 -2.1800e-01 -2.1714e-01
  4.5526e-01  9.3842e-01 -3.1023e-01 -2.6992e-01 -6.5683e-01 -8.5481e-01
  7.0550e-02  9.3933e-01 -4.4485e-01  1.9857e-01 -4.7228e-01 -3.3620e-01
 -6.3763e-01  6.2115e-01 -8.3762e-02 -4.8034e-01  4.3758e-01 -4.5789e-02
  6.1969e-01 -2.7432e-01  5.5342e-01 -2.3630e-01  3.4461e-01 -8.3400e-01
  4.0076e-01 -5.8064e-01  3.1087e-02  3.2539e-01 -3.6535e-02 -4.3356e-01
 -8.3314e-01  2.2295e-01  3.9240e-01 -1.8324e-01]"
tumult,"[ 1.0410e-01  5.7988e-02  5.1272e-01 -4.0879e-01 -2.0577e-01  4.5744e-01
 -3.9389e-01 -4.7227e-01  1.1344e-02 -2.3130e-01 -9.5993e-02  2.0869e-01
  8.6623e-03 -1.3956e-01  1.6717e-02 -1.1046e-02 -5.0112e-01 -9.4955e-02
  4.3694e-01 -9.2120e-01  2.1214e-02  1.0674e-01 -2.0474e-02 -1.4846e-01
  1.8207e-01 -3.0049e-01  6.7261e-03  3.2766e-01 -2.4304e-02 -3.6082e-01
  2.4455e-01 -7.5253e-01 -2.0821e-01  2.5595e-01 -8.3447e-01 -1.2612e-01
  2.0576e-01 -2.4139e-01 -3.3987e-01 -3.0113e-01 -6.0467e-01 -4.2848e-01
 -1.1527e-01  8.4242e-02 -2.6595e-01  2.1464e-01  1.0355e+00  6.0286e-02
  6.6070e-01 -1.1343e-01 -4.7625e-02 -1.9085e-01 -2.5558e-02  3.4157e-01
  3.1820e-01 -4.9244e-01  1.1044e-01 -2.0858e-01 -3.8713e-01  3.8697e-01
 -3.9698e-01  5.5440e-01 -3.2461e-02 -1.2689e-01  1.5097e-01  2.2464e-01
  2.8981e-01 -1.3421e+00  5.0256e-01 -1.1592e-01 -2.3715e-02 -2.7036e-02
 -5.8260e-01  4.4845e-02 -4.7233e-01  3.4236e-01 -7.4904e-04 -1.4913e-01
 -3.1065e-01  2.5065e-01  1.9208e-01  2.4329e-01  3.7310e-01  5.7022e-01
  2.0283e-01  1.2509e-01 -4.0727e-01 -2.9593e-01 -2.3523e-01 -1.0057e+00
  5.0261e-01  4.9153e-01 -7.0032e-01 -1.3429e-01  5.6767e-01 -8.0083e-02
  8.2485e-01 -6.0808e-02 -4.2532e-01  6.4598e-01]"
kv,"[ 0.74022   0.33617   0.41348   0.32041   0.6727    0.61552   0.10156
 -0.46148  -1.1388    0.73204   1.3491    0.87835  -1.068    -0.24751
  0.68245  -0.57071   0.067504 -0.28633   1.2374   -0.71731   0.34654
  0.33184   0.79713  -0.72856   1.096    -1.0072    0.91341   0.40358
  0.57933   0.66147  -0.46114   0.56169   0.084103  0.33576  -0.1507
  1.3141    0.25732  -0.31414  -0.12934   1.0642    1.5122    0.41667
 -0.36295  -0.771    -0.04916  -0.019874  0.4511   -0.70047  -0.12758
  0.81367  -0.42217   0.23293  -0.27876   0.73865   0.92553   0.19063
 -0.36979   0.075659 -0.28925   0.24563   0.48533  -0.54991  -0.65192
  0.85916   0.49827   0.74198  -0.87017  -0.53967   0.19147   0.6958
 -0.07202  -0.55023   0.18119  -0.24714   0.10702  -0.92739   1.6176
  0.58211  -0.12804  -0.28788   0.72544  -0.52565  -1.106     0.18564
 -0.21573   1.2167   -0.30397  -0.103     0.012322  0.59932  -1.051
  0.40801  -0.60154  -0.49498  -0.051483 -0.53117   0.28765  -0.49134
  0.70394  -1.0062  ]"
104th,"[-1.1165e-03 -3.6480e-01  1.4557e+00  3.2727e-01 -8.5004e-02  4.1663e-01
  2.7227e-01 -4.7793e-02 -7.5218e-01  1.7429e-01  5.6357e-01 -7.4092e-01
 -1.4397e-02 -7.4284e-01 -7.3385e-01  2.9223e-01 -8.8201e-02  3.5188e-02
  4.3680e-01 -1.6119e+00  5.7247e-01 -2.9892e-01  7.0217e-01  1.6087e-01
 -8.4439e-02 -1.6276e-01  1.9483e-01  3.2335e-01  6.3370e-02 -4.7855e-01
 -7.6232e-02  2.1758e-02  4.2888e-01 -5.7283e-02 -2.6458e-01  6.7344e-01
 -6.9440e-01 -1.1362e-01  7.4718e-01  6.6718e-01  4.3186e-01  3.6972e-01
  3.9607e-01  3.4834e-02 -3.4535e-01  5.9384e-02  5.1041e-01 -4.0188e-01
  1.2730e-01 -1.6988e-01 -2.1923e-01  1.8221e-01 -6.4080e-01 -5.7251e-01
 -9.0839e-01  4.5184e-02  4.2399e-01 -1.8648e-01  2.0190e-02  2.0804e-01
 -3.4278e-01  5.3475e-01  4.8214e-01  5.9409e-01 -2.4494e-01  1.5353e-01
  4.2879e-01 -4.6581e-02  4.7385e-01 -3.8478e-01  7.5901e-01 -7.6268e-01
 -2.8178e-01  3.3391e-01 -5.6541e-01 -6.7705e-01 -5.4274e-01 -2.0058e-01
 -8.4925e-02 -1.8632e-01 -3.3948e-01  1.5103e-01  7.2757e-02  4.6587e-01
 -7.8937e-01 -2.8113e-01  2.4509e-01 -3.7309e-01  3.2414e-01 -6.0720e-01
 -1.3997e-01 -2.0252e-01 -7.8787e-02  1.1256e+00 -4.0598e-01 -5.1124e-01
  1.5124e+00  2.3508e-02 -3.8479e-01  6.3689e-02]"
cooker,"[-7.2099e-01  2.2436e-01  2.0068e-01  2.1762e-01 -1.2565e+00  4.9064e-01
  1.1553e+00  4.8442e-02  3.9510e-01  1.1901e+00  1.6604e-01 -4.2004e-01
 -7.1106e-01  2.0751e-01 -6.5215e-01  6.8506e-01 -8.7037e-01  3.3799e-01
 -1.3529e-02 -3.7570e-01 -7.0584e-01  2.0158e-01  1.1604e-02 -2.8550e-01
  6.9950e-01  6.2036e-01 -8.1517e-01  3.7291e-01 -6.9923e-01  4.7505e-01
 -4.7746e-01 -3.0100e-01  1.0024e-01  3.7161e-01 -3.7033e-01  9.5277e-01
  8.0007e-01  1.2379e-01  1.0997e-01 -1.1169e+00 -6.2320e-01  8.5768e-02
 -1.7865e-01 -8.2123e-01  2.9076e-01 -5.3921e-01 -4.5718e-01 -3.7406e-01
  7.8232e-01 -3.4782e-01 -3.1760e-01 -2.4952e-02 -1.3031e-01 -4.9347e-03
 -1.7578e-01 -1.4114e-01 -2.2081e-01  4.7783e-01 -4.7575e-02  1.2156e-01
  1.7471e-01 -2.7577e-02  2.6900e-02  4.3671e-01  6.7507e-01 -3.2946e-02
  1.1091e-01 -3.5570e-01 -7.2805e-02 -1.1392e+00  9.1440e-04  1.2626e-01
  8.2601e-03  2.4117e-01 -2.8560e-01  5.4410e-01  6.3331e-01 -6.0915e-01
  8.5262e-01  2.6212e-01  3.6131e-01  6.3581e-01 -9.4953e-01  4.1311e-01
  3.5084e-01  8.4696e-01  5.0150e-01  1.8155e-01 -3.8595e-01 -7.3233e-01
  1.7698e-01  1.0083e+00 -5.0409e-01 -5.9401e-01  2.8007e-01 -2.3808e-01
  6.4519e-01 -4.7557e-01  5.9329e-01  3.1795e-01]"
euro15,"[ 1.087      0.88479    0.4453    -0.061036   0.45529    0.37176
  0.31047    0.34918   -0.051711   0.3002     0.76971    0.48289
 -0.93657   -0.49162    0.52198    0.32501   -0.052371  -0.32321
 -0.0091869  0.99806    0.38132   -0.24702   -0.65659    1.0445
  0.1498     0.046793  -0.27874    0.18738    0.29783   -0.12823
  0.11091    0.14888   -0.13645   -1.317     -0.0069576  0.64605
  0.17445    0.33302   -0.12754    0.54952    0.91523   -0.36265
 -0.027427   0.11488    0.31197   -0.30388   -0.70436   -0.59202
 -0.47885   -0.36275    0.49618   -0.441      0.86733    0.091592
 -1.1724     0.44837    0.27838   -1.1958    -0.46632   -0.38532
  0.50261    0.27408   -0.977      0.53407   -1.2269     0.2046
 -0.76373   -0.084728   0.31173    0.10174    0.64969   -0.59615
 -0.34272   -0.11191   -0.13936   -0.8403     0.2146     0.072256
 -0.60981    0.21056   -0.053175  -0.42989    0.28843    0.52948
 -0.008957   0.65763    0.74018    0.39731    0.014666  -0.40149
  0.22482    0.16729   -0.052457  -1.5373    -0.31595    0.13415
  0.43106    0.17489    0.44433   -0.2664   ]"
asterisk,"[-0.2203     0.042451   0.59062   -0.55382   -0.33243    0.35206
 -0.32716   -0.43464    0.30962   -0.8408     0.062561   0.12489
  0.8804    -0.31761    0.17462    0.62135    0.69325    1.0061
  0.59185   -0.59328   -0.40195    0.092714  -1.0709     0.60723
  0.6616    -0.58724    0.8235     0.074704   0.1703    -1.336
 -0.047982   0.041405   0.26192    0.44453    0.24761    0.25728
 -0.32574   -0.11636    0.45577    0.42908    0.78403    0.033693
  0.45685    0.11371   -0.22799   -0.97415    0.20476    0.47154
 -0.85069   -0.7342     0.40893    0.035945   0.96594    0.19301
 -0.86384   -0.335      0.027652   0.048112  -0.25635    0.50893
 -0.85124    0.24315   -0.23633    1.2276    -0.021325  -0.23427
  0.51902   -0.57026    0.4685    -0.26341   -0.039876   0.23642
 -0.38318   -0.78773    0.62022    0.01315   -0.44693   -0.35076
 -0.43949   -0.70371   -0.20923   -0.56837    0.086027  -0.87245
 -0.27043    0.36628    0.37485    0.0072391  0.11467    0.39204
 -0.79684    0.85941   -0.24002    0.32523   -0.016523  -0.73148
  0.042127  -0.19347   -0.14423   -0.36329  ]"
orkney,"[-0.99601   -0.5291     0.46135   -0.19744    0.31751    0.13892
 -0.43707   -0.42981   -0.10152   -0.59605    0.26078    0.80309
  0.3035     0.6722    -0.026798  -1.0678    -0.46794   -0.37514
  0.0015863  0.004071   0.75482   -0.27321    1.1562    -0.28782
 -0.26576    0.27421    0.14409    0.89382   -0.38375   -0.45155
 -0.42551   -0.10594    0.68512    0.33025    0.31782   -0.25174
 -0.35379    0.42885   -0.45907   -1.2129    -1.3091     0.32323
  0.30623   -0.63753   -0.47981    0.77577    1.1109    -0.41292
  0.92139    0.22182   -0.17116    0.55823    0.35174   -0.88983
 -0.79584    0.073779  -0.82585   -1.0218    -0.0047775 -0.013436
  0.046438   0.23843    0.56388    0.43813    0.18462    0.93405
 -0.36914    0.042892   0.8392    -0.35207   -0.79321    0.62195
  1.1273    -0.31969   -0.17938   -0.16564    0.13868    0.15168
  0.64116   -0.10017   -0.013524  -0.019682   1.2839     0.74604
  0.65342    0.10149    0.33293   -0.7599     0.54966    0.18202
 -0.40028    0.16847    0.45944    0.16641    0.0083284  0.18763
 -0.4975    -0.56349    0.10718   -0.87394  ]"
savory,"[-0.75922    0.5021    -0.49105    0.11006    0.034087   0.289
  0.6068    -0.75535    0.36959    0.070365  -0.39846   -0.28981
  0.37905    0.56586    0.44307    0.42803   -0.52899   -0.41178
  0.22625    0.79365   -0.18406    0.076554   0.50388   -0.53124
 -0.28487    0.91236    0.041016   0.084613  -0.52019   -0.62756
 -0.51517    0.16643   -0.035076  -1.1164    -0.17801    0.68715
 -0.20646    0.20889   -0.38953   -0.6403     0.60076   -0.95289
 -0.13892   -0.57995    0.56663    0.80967   -0.13938   -0.23198
  0.48229    0.33999    0.060577  -0.30025    0.21245   -0.31661
 -0.75972    0.01437    0.7445     0.28475   -0.30867   -0.13468
  0.34476    0.71843    0.24632    0.14961    0.11233   -1.2778
  0.35184   -0.15719   -0.36988   -1.154     -0.8236    -0.086213
 -0.16989    0.65438   -0.41617    0.67929   -0.70779    0.0022213
  0.44644    0.34099   -0.22612   -0.11257   -0.45361    0.51699
 -0.42139    0.39704    0.26215    0.48202    0.055638  -0.1551
  0.2087     1.0048    -0.24121    0.058703  -0.61063   -0.066481
 -0.53846   -0.63083   -0.22326    0.72792  ]"
moto,"[-0.32116    0.091848   0.059739   0.12578    0.48849   -0.1272
 -0.12811   -0.12695   -0.27473    0.082525   0.8929     0.28019
 -0.21157   -0.69465   -1.0544     1.1699     0.13329    0.0050131
  0.41985    0.52388    0.064901   0.25666    0.22759   -0.043745
  0.11711    0.2871     0.23096   -0.55555    0.17079   -0.76432
 -0.62893    0.022305  -0.15917    0.59691    0.78399    1.8483
  0.091221   0.14835    0.020898   0.26208   -0.38011   -0.023966
  0.62327   -0.13984   -0.29356    0.37067    0.24285   -0.24336
  0.72361    0.69034   -0.91018    0.69388    0.11049    0.75388
 -0.51837    0.61337   -0.50821    1.4872     0.29919    0.07194
 -0.28619   -0.37119   -0.62953   -0.27859    0.32955    0.6744
 -0.52782   -0.48499   -0.43393    0.74043   -0.93586   -0.060989
 -0.68061   -0.47603   -0.33442    0.40785    0.79391   -0.64649
 -0.73136   -0.35087    0.30118   -0.61656   -0.069619   0.30204
  0.44914    0.43851    0.17002    0.24257    0.86536   -0.60469
  0.033886   0.48961    0.64969    0.29914    0.87786   -0.28854
 -0.30102   -0.43297   -0.23925   -0.86004  ]"
irrigated,"[-0.95662   0.32426   0.56859   0.9072   -0.13189  -0.59113   0.86209
  0.82513   0.63561   0.11829  -0.75497   0.15248   0.49874  -0.40125
  0.9705   -0.9489    0.095134  0.093189 -0.023308  0.073196 -0.60823
  1.1172    0.28374   0.2828   -0.16508  -0.48688   0.36857  -0.57284
 -0.91883  -0.064577 -0.70156  -0.44391   1.3579   -0.15911   0.014362
  0.58703  -0.17887   0.558    -0.96902   0.38055   0.13653  -0.82968
 -0.41863   0.81582   0.76908   0.19913  -0.4337    0.24042  -0.076384
 -0.56771  -0.91368   0.34132   1.1404    0.31378  -0.12889   0.85895
  0.17459  -0.059321 -0.3481   -0.91188   0.43184   0.1154    0.38904
  0.29323   1.0353   -0.21627   0.60497  -0.72253   0.81474  -0.61915
  0.39898   0.1899    1.0983   -0.45326  -0.53269  -0.53002  -0.16892
  0.79392  -0.46616   1.146     0.54381   0.61452  -1.3779    0.64979
 -0.1359    0.68089   0.5882   -0.32778   0.2514    0.49468  -0.19557
 -0.068238 -0.65148  -0.23586  -0.18883  -0.041746 -0.18041   0.2855
  0.21075  -0.052   ]"
aggressors,"[ 0.1248     0.52726    0.196     -0.10252   -0.71486    0.21423
 -0.75455   -0.90293    0.64357    0.077632   0.02435    0.083302
  0.503      0.48262    0.02451   -0.26428   -0.14431    0.38431
 -1.0339    -0.30409    0.35893   -0.13517   -0.23052    0.25497
  0.44531    0.51361    0.40551    0.66947    0.46803   -0.93239
  0.53266   -0.22672    0.18551   -0.25505    0.6351    -0.40459
 -0.24573   -0.55622   -0.081735  -0.51086   -0.30345    0.58745
 -0.60832    0.42736    0.83053   -0.2786     0.40278    0.26823
 -0.85229   -0.17173   -0.53112    0.06416    0.084786   0.5281
  0.26434    1.0112     0.40343    0.19377    0.17905   -0.039293
  0.050894   0.67776   -0.71334    0.26917    0.14269   -0.35507
  0.33494    0.75591   -0.84484   -0.30268   -0.0086723 -1.4883
 -0.20415   -0.17779   -0.026849  -0.10654   -0.41584    0.46418
 -0.39026    0.34869    0.27056    0.49302   -0.55662    1.1852
  0.030666  -0.067792  -0.53008    0.59803    0.19523   -0.26145
 -0.69906    0.12628    0.46949    0.1946     0.052932  -0.43068
  0.16924    0.10138    0.25787    0.70337  ]"
farrow,"[ 5.2737e-01  1.3044e-01 -4.0030e-01 -5.7196e-01 -5.6257e-02  2.2899e-01
 -5.2264e-01 -1.6764e-01  1.0824e+00 -5.5596e-01 -2.2411e-01  6.7466e-01
  5.2983e-02  3.9591e-01  2.0463e-01  2.8588e-01  4.7328e-01 -1.2836e-01
 -5.3190e-01 -1.1761e-01 -1.7707e-01 -1.1039e-01  1.5605e-01  7.1120e-01
  4.6640e-01  1.3689e+00  7.5400e-02 -2.1551e-04 -5.1674e-01 -2.0596e-01
 -1.1483e-01  4.1117e-02  9.5554e-01 -1.1123e-02  2.0591e-01 -9.5307e-02
  1.0978e+00  6.8229e-01 -6.3865e-02  9.7780e-02 -8.5294e-01  2.1331e-01
  1.5723e-01  2.5529e-01 -1.7136e-01  5.8440e-02 -8.8623e-01 -4.8660e-01
  5.1766e-01 -3.2534e-01  1.7423e-01 -1.4559e-01  5.8710e-01  1.1798e-01
  5.8280e-02 -3.7359e-02 -6.0417e-01 -2.6889e-01 -6.2692e-01 -2.5152e-01
 -3.7711e-01  5.7344e-01  2.0686e-01  1.5953e-01 -6.3171e-01 -4.5726e-01
  1.9711e-01  7.4657e-01 -2.2397e-01  9.0044e-01 -1.9460e-01  7.2866e-02
 -3.4955e-01  2.4037e-01 -6.8889e-03 -3.2207e-01 -6.2556e-01  7.4980e-02
  1.1248e-01 -7.3118e-01  1.1887e-01 -1.2776e-01  1.0674e+00  4.5456e-01
 -4.3530e-01  1.1234e-01  2.0025e-01 -1.8679e-01 -2.0692e-01 -4.7219e-01
  1.2909e-02  2.0041e-01 -3.3176e-01 -3.8470e-01  1.0099e+00 -3.0674e-01
 -6.5280e-01  1.1927e-01 -4.8637e-01  6.4690e-01]"
23.95,"[-0.51902  -0.1684    1.2076    0.38161  -0.047893  1.142     0.66557
  0.07157   0.76649  -0.18266   0.81789   0.16354  -0.7969   -0.14438
  0.17796   0.41244  -0.28611  -0.37794   0.58941   0.76035   0.12222
 -0.39519  -0.43314   0.3333    0.56566   0.50178  -0.39049  -0.21804
  0.11845  -0.045983  0.15763  -0.42711  -0.87369  -0.6417   -1.0911
 -0.57731   0.035796  0.89685   0.84655   0.73354   0.2242   -0.031719
 -0.27166  -0.21749  -1.2011   -1.1837   -0.52465  -0.40817   0.065101
 -0.49099   1.1515   -0.26466  -0.29155   0.5465    0.046987 -0.38412
  0.74009  -0.16762  -0.46272   0.073352 -0.50399  -0.22842   0.21788
  0.20277   0.25961  -0.8368    0.029881  0.6345    1.1161    0.19844
 -0.43889   0.6567    0.02989  -0.017592 -0.61801  -0.38926   0.49172
  0.79069  -1.2579    0.10099  -0.56607   0.49436   1.3038    0.095317
  0.79816   0.87745   0.53075  -0.20901  -0.17367   0.5239    0.10115
  1.0423    0.16738  -0.80476  -0.61416   0.14377  -0.13662  -0.46224
 -0.49402  -0.52654 ]"
hinterland,"[-0.33618    0.031966   0.73955    0.093438   0.25989   -0.07175
 -0.68718    0.13411    0.45863    0.29134   -0.73811    0.35358
  0.11737   -0.68359    0.25581    0.0098073  0.52244   -0.47296
  0.035113   0.030978   0.33534    0.77256    0.029467   0.016016
 -0.98893    0.026062   0.18046    0.095505  -0.57364   -0.64725
 -0.37867   -0.79283    0.62651   -0.47258    0.4528    -0.081686
  0.56969    0.31666   -0.5602    -0.38364   -0.16066   -0.1027
  0.039505   0.40406    0.41806    0.054025   0.46368    0.56825
  0.87634    0.55475   -0.89323    0.91455    0.052238   0.20656
  0.029039   0.086004  -0.11893   -0.59811   -0.078427   0.16399
 -0.14326    0.20775    0.041803   0.078671   0.60033   -0.16465
  0.034167  -0.60885    0.76648   -0.40688   -0.12827   -0.34498
  0.18945   -0.46448    0.17363   -0.35073    0.070113   0.95655
  0.2206     0.1592    -0.16115    0.6817    -0.30172    0.74637
 -0.078535   0.16672    0.18402   -0.21275    0.22424   -0.0056665
  0.63144    0.63988   -0.01636   -0.3134    -0.37785    0.31558
 -0.28731    0.31742   -0.034027   0.27564  ]"
vidhan,"[-2.6767    -0.27574    1.169     -0.33391    1.053      0.60352
  0.15209    2.1833     0.40295   -0.92991    0.18948   -0.39334
 -0.025609   1.6697    -0.81222    0.69877   -0.36555    1.3489
  0.87167    1.2185    -0.48259    0.074778   0.28133   -0.47842
  0.84844   -1.3266     1.1276     0.48932    0.72548    0.48556
 -0.81731   -1.1938     0.78978   -1.8244    -1.3372    -0.0080336
  0.11368   -1.2396    -0.18084    1.3323    -0.34794    0.7028
  1.6341     0.30041   -0.97212    1.2627     1.5514     0.60622
 -0.5373     0.85621   -0.62485    0.33577    1.3015    -0.52072
 -0.66923    0.49844    0.72315    0.034572  -0.26525    0.65525
  0.79723    0.20245   -0.075005   1.5779     0.91335    0.22279
 -0.76118    0.044822   0.8893     1.0919    -0.71179    0.86822
 -0.0027038 -0.12492    0.75542    0.090919   0.10463    0.5323
 -0.71818    0.036473  -1.1934    -0.63666    0.29788   -0.94056
 -0.87342    0.39944    0.61183   -0.55354    0.47296    1.0109
 -1.5016     1.2645    -0.71901    0.10368   -0.03873    1.5943
  0.84037   -1.4396     0.70421    0.4701   ]"
smithfield,"[ 1.0296    -0.054381   0.086175  -0.43374   -0.41499   -0.35065
  0.42317   -0.1092     0.37333    0.086352  -0.50946   -0.12489
  0.41431   -0.35764    0.11239    0.087466   0.30383   -0.6436
  0.38057   -0.1151     0.367      0.17576    0.8808    -0.27609
 -0.80866    0.67159   -0.21684    0.30748   -0.91519    0.29287
 -0.1777     0.37641    0.65574    0.18841    0.0096553  0.31802
  0.49086    0.069136   0.062043  -0.65386   -0.27853   -0.41767
 -0.35133   -0.56213   -0.20336    0.62222    0.27335   -0.29064
 -0.10294    0.16619   -0.089452  -0.4065     0.23514   -0.66862
 -0.7866     0.22138   -0.4216    -1.1305    -0.052341  -0.75791
  0.076993   0.026694   0.2324    -0.041688  -0.4158    -0.39043
  0.20524    0.63211   -0.31816    0.10337   -0.81014    0.037768
 -0.25877   -0.21196    0.057133  -0.52365    0.15373    0.1498
  0.038899   0.40709    0.30447   -0.55482   -0.26845    1.3498
 -0.026991  -0.53633   -0.15629   -0.19882    0.54353    0.52572
 -0.42383   -0.14313   -0.26229    0.12834   -0.69759   -0.55951
  1.2169     0.13986    1.179      0.49443  ]"
ariane,"[-0.41142   -0.064146  -0.42107    0.95368   -0.17407   -1.0578
  1.0176     0.12468    0.27274    1.2926     0.10264    0.025313
 -0.046598   0.14493    0.21208   -0.36794   -0.51499    0.65163
 -0.34414    0.88734   -0.39755   -0.15744    0.026943   1.0145
  1.8413     0.44817   -0.31634    0.56739    0.14523    0.9493
 -0.74821   -0.18437   -0.55882    0.26314    0.36442    0.21621
  0.63047    0.28531    0.15456    0.42355   -0.09703    0.49573
 -0.54921    1.0849     0.20891   -0.9132    -0.28627    0.16212
 -0.090502   1.3925     0.18924    0.99427   -0.17484   -0.081273
 -0.57668   -1.0204    -0.1215     1.0224     0.30302    0.19085
  0.64558   -0.42032    0.89826    1.4743    -0.23243   -0.18981
 -1.2967     0.10344    0.19795   -0.72293    0.399     -1.153
 -0.19428    0.25827   -0.41437   -0.33268    0.1755     0.053076
 -0.8414     0.03791    0.5806    -0.48529   -0.76844    0.42313
  0.39696   -0.93969   -0.0075232  0.59619   -0.62954   -0.39553
  0.35141    1.2938     1.0796    -0.35251    0.53019   -0.082753
  0.065864   0.13429   -0.48402    0.17814  ]"
deceiving,"[ 0.33669   -0.26489    1.2839     0.30986    0.037744   0.89287
 -0.094958   0.34393    0.84631   -0.047473   0.24314   -0.44054
  0.19454   -0.63956    0.21505    0.031396  -0.14062    0.19709
  0.22953    0.14317   -0.2731    -0.059675   0.4956    -0.54064
 -0.45526    0.43777   -0.41668    0.0099337 -0.31526   -0.024465
  0.31042   -0.26017   -0.40619   -0.64046   -0.33948    0.054983
 -0.31267   -0.012841  -0.41942    0.11616   -0.29499    0.72455
 -0.35226    0.22748   -0.37137   -0.43759    0.76084   -0.30251
 -0.41657   -0.7248    -0.30967   -0.45953    0.26076    0.646
 -0.79385    0.10358    0.56878    0.23245   -0.53302   -0.7872
 -0.14593    0.15678    0.0095054  0.71474   -0.38572    0.20678
  0.5707     0.51696    0.30322   -0.074663  -0.10246    0.3163
 -0.042745  -0.62035    0.13526   -0.19221    0.45061    0.010489
 -0.24546    0.15472    0.81452    0.65918   -0.31839    0.53174
 -0.48774   -0.29317   -0.45204    0.88295   -0.1419    -0.1973
 -1.2587     0.0334     0.23353   -0.62004    0.65318   -0.31113
 -0.016138   0.39479   -0.49126    0.31276  ]"
westmoreland,"[-0.25253    0.025648   0.29046    0.07185    0.22626   -0.31838
  0.25788    0.23415    0.39358    0.35813   -1.2391    -0.5194
 -0.056699   0.025408  -0.019366  -0.41371    0.76145   -0.18184
 -0.49263   -0.24678    0.33468    0.0069211  0.35122   -0.26728
  0.28525    0.076769   0.4699     0.17617    0.19614    0.059559
  0.26738    0.13116    0.85356   -0.4253    -0.51987    0.23422
  0.12086   -0.24929    0.53914    0.23601   -0.33395   -0.18382
 -0.51839   -0.39741   -0.24597    0.56247    0.56038   -0.71347
  0.22196   -0.29081    0.093111  -0.65065   -0.025349  -0.5048
 -0.49914    0.29496    0.52796   -0.74406   -0.30507    0.0060406
  0.54505    0.082618   0.5438     0.64215    0.23279   -0.69531
  0.47238    0.28621   -0.51004    0.83276    0.15248    0.14678
 -0.14586   -0.36195    0.44307   -0.029918   0.39967    0.63442
 -0.031431   0.37322   -0.022112   0.057634   0.14167    0.24182
  0.26401    0.24299   -0.31221   -0.62477    0.17597    0.23986
 -0.1952    -0.21349   -0.25515    0.21193   -0.27389    0.015182
  0.70014    0.18449   -0.35436    0.11564  ]"
uncharacteristically,"[-0.44462   -0.47266    0.2903     0.30075   -0.073947   0.69976
  0.24795    0.042968  -0.48536   -0.2003    -0.028076  -0.077173
 -0.31772   -0.40461   -0.0068819  0.18657   -0.62711   -0.20671
  0.54138   -0.42131    0.5578     0.51591    0.42976    0.067131
  0.39855   -0.11487   -0.73654    0.072238  -0.61708    0.37348
 -0.1085     0.056467  -0.22659    0.33416    0.02916    0.26169
 -0.17438   -0.17724   -0.15125    0.50157    0.30633    0.31989
  0.28043    0.37959   -0.13809   -0.10412    0.80612    0.90832
  0.77019   -0.74297    0.34206   -0.61594    1.0295     0.13156
 -0.1014    -0.44234    0.58749    0.03525   -0.49562    0.23831
  0.25195    0.10779   -0.34993    0.13314   -0.51046   -0.9347
  0.59174   -0.55514   -0.27272    0.165      0.033306  -0.19311
 -0.14914   -0.27092    0.14692    0.27169   -0.78235    0.21211
  0.14814   -0.59568    0.080416  -0.28696   -0.6674    -0.11038
 -0.83911   -0.6825     0.42706    0.8575    -0.89897   -0.23869
  0.1825     0.27985   -0.37333   -0.070525  -0.0015436 -0.21241
 -0.37195   -0.074397  -0.89588    0.14139  ]"
hansa,"[-0.21985   -0.43291   -0.10401    0.015415  -0.56623    0.0068838
 -0.14438   -0.61537   -0.77107   -0.08385    0.81094   -0.09466
 -0.11625    0.75517   -0.016343   0.30239    0.99144   -0.20965
  0.54241    0.27432    0.67728    0.31973   -0.083268   1.1833
  0.085275  -0.17622   -0.15452    0.35459   -0.52869   -0.23402
 -0.76744   -0.11837   -0.54269    1.0586    -0.69558    0.77514
  0.11153   -0.10978    0.36347   -0.33254    0.43764   -1.1688
 -0.45586    0.91281    0.21351   -0.36162    1.0123     0.51008
  1.0646     1.6235    -0.25136   -0.45342   -0.90961    0.60636
 -0.38366    0.17765   -0.1049    -0.36401   -0.73308   -0.13895
  0.30483   -0.54311   -1.0964     0.06816    0.012956   0.35626
 -0.061607   1.0756    -0.26926   -0.32023   -0.65369   -0.38182
  0.27319   -0.45877   -0.043501   0.26664    0.2558    -1.1126
 -0.49583    0.23518   -0.045166  -1.2422    -0.60116    0.62271
 -0.05458   -0.69791   -0.1592     0.026291   0.44364    0.50386
 -0.21296    0.053451   0.52888    0.3616     0.19879   -0.72915
  0.18916    1.1905     0.5852    -0.51358  ]"
leonean,"[-0.67493   0.76644  -0.083716  0.42306  -0.034928  0.69301  -0.6009
 -0.1758   -0.52388  -0.51796   0.57984   0.12485   0.55219  -0.10459
 -0.17517   0.47188   0.51183  -0.59876   0.10227   0.082912 -0.061015
 -0.47875   1.6474    0.39413  -0.006684  0.52002   0.21628  -0.99102
 -0.068762  0.18115   0.32721  -0.59291  -0.4803   -0.17648  -0.051597
 -0.18305   0.37681   0.71305   0.9395   -0.44995  -0.78109   1.6689
  0.30275  -0.3869    1.0068    0.29588   0.062255 -0.40389  -0.42095
  0.79347  -0.65897  -0.26462  -0.24376   0.17434   0.87151   1.0669
 -0.80331  -0.34503   1.0455   -0.72003  -0.16481  -0.18455  -1.0199
 -0.62486  -0.33537  -0.31232   0.31148   0.49221   0.025259  0.14118
  0.56021  -0.4558   -0.30908  -0.28671   0.22834   0.11454   0.061466
  0.94025  -0.4092   -0.099187  0.15431   0.24834   0.55385  -1.255
  0.73038  -0.097295  0.39531  -0.20488  -0.35756  -1.3259   -0.23235
  0.12697  -1.1797    0.53666  -0.18441   0.1186   -0.6588    0.84723
 -0.023463  0.55118 ]"
jiechi,"[-1.5985e-01 -1.2755e+00  9.0592e-01  1.4053e+00  2.9243e-01 -1.3007e+00
  1.4195e-01  3.2912e-01  8.4225e-02  6.1143e-01 -1.5599e+00 -8.6371e-02
  2.7839e-01  8.3462e-01 -7.3958e-02 -7.5457e-01 -1.0030e+00  3.1649e-01
 -9.0111e-01 -1.8138e+00  3.5661e-01 -7.7157e-02  1.6109e-02  5.9007e-01
 -1.6159e-01  5.7129e-01  3.2491e-01  3.6027e-01  5.2565e-02 -6.1702e-01
 -3.6193e-01  5.6740e-01 -2.1094e-01 -2.3973e-01 -1.0373e+00  5.3717e-01
 -6.4329e-01  2.9242e-01 -8.2377e-01 -3.2395e-02 -2.5194e-01 -1.1904e-01
 -8.3861e-02 -1.2223e-02 -8.1781e-02 -1.3809e-01 -1.2960e+00 -1.1154e-03
  3.4147e-01  3.0560e-01 -4.0226e-01 -4.2991e-01  6.8374e-01  2.3726e-01
 -3.1199e-01  4.6468e-01 -3.2997e-01  6.6016e-01 -1.5146e+00 -3.4872e-01
 -9.7583e-01  1.0667e-01  3.8631e-01 -7.4233e-01 -5.5024e-01  4.5685e-01
  3.0291e-01  9.4177e-01 -3.2858e-01 -3.3920e-01 -5.0491e-01 -4.6098e-02
  5.0837e-01 -7.8878e-02  3.8284e-02  2.2708e+00  3.6100e-02 -1.9815e-01
  1.6668e-01 -4.2690e-01  7.4386e-01 -5.7562e-01  7.3997e-01 -2.9092e-01
 -5.1831e-01  1.2411e-01  3.8103e-02  5.1362e-01  6.2446e-01 -1.7198e+00
 -1.8928e-02 -2.1478e-01  2.4879e-01 -9.5553e-03  4.2067e-01  1.9064e-01
 -1.3224e+00 -9.4332e-01  6.7715e-02 -2.0053e-01]"
25-nation,"[ 0.12429    0.2736     0.43383   -0.43957    0.74105   -0.3634
  0.023477   0.78906    1.3368     0.066099  -0.81207   -0.62065
  0.14939   -0.446     -0.69181    0.10215   -0.21819   -0.1404
  0.20429   -1.3638    -0.66827    0.52772   -0.052152  -0.71974
  0.72515   -0.61709   -0.073935  -0.34144    0.80759    0.32376
  0.29107   -0.028768   0.27153   -1.3011     0.092558   0.53263
  1.1142     0.30324   -0.61071   -0.45274   -0.74389   -0.59664
  0.42442    0.80579   -0.29442    0.77536    0.79648   -0.12408
 -0.27974    0.38072    0.28594    0.39433   -0.54613    0.097331
 -1.1341    -0.26429    0.1672     0.020718   0.25212    0.64846
  0.67066   -0.26687   -0.5085    -0.20996   -0.67655    0.68716
 -1.5733    -0.013455   0.13291   -1.1181     0.95465   -0.41158
 -0.71975   -0.32284    0.0043413 -0.2934    -1.1653    -0.79632
 -0.35587    0.047957   0.33526    0.53016    0.080254   0.024703
 -0.054741  -0.95906    0.22725    0.51388    0.21607    0.51091
  0.039993   0.61783   -0.32401   -0.55307    0.63188   -0.072351
  0.27171    0.29864    0.21314    0.45883  ]"
arcs,"[-0.084928  0.18355  -0.17685   0.14796   0.58806   0.40992  -0.14943
  0.59373  -0.087751 -0.32589   0.26735   0.50438   0.51264   0.53128
  0.13577  -0.090308 -0.14718   0.3412    0.46167  -0.48737   0.7127
 -0.048541 -0.71749   0.16385   0.94521  -0.24193   0.165     0.45117
 -0.60285  -0.54368  -0.046395 -0.22374  -0.074748 -0.74858  -0.25494
 -0.086787  0.56688  -0.60953  -0.21454   0.19918  -0.16304   0.32146
 -1.1001    0.35852  -0.49849   0.51697  -0.025891 -0.16367   0.40938
  0.85503  -0.47598   0.32727   0.12518   0.85681   0.78091  -0.54333
  1.1181    0.16166  -0.027817  0.61106  -0.23704   0.73121   0.14525
  0.23846   0.3461   -0.29216  -0.15545  -0.46858   0.14057  -0.31769
 -0.41603   0.011978  0.19998  -0.20252   0.17964  -0.27928   0.80896
  0.30431   0.32242   0.16249  -0.55014   0.2263   -0.50447  -0.11569
  0.073022  0.19801  -0.10909   0.16933   0.64653  -0.10596  -0.49092
  0.48775  -0.66908  -0.02658   0.28383   0.22451  -0.57596  -0.73343
 -0.033533  0.12777 ]"
dryden,"[-0.36544   -0.026832  -0.081653  -0.037988  -0.425     -0.389
  0.3514    -0.055832  -0.74698   -0.52076   -0.75482    0.051466
  0.071301   0.17933   -0.22612   -0.73166    0.4928    -0.37871
  0.56532    0.62938   -0.14175    0.010665   0.2332     0.081944
  0.48544    0.24941   -0.68793    0.2261     0.28841    0.47127
 -0.58918    0.58025   -0.24474    1.0287    -0.58267    0.1447
 -0.31111    0.81451    0.14463   -0.0062216 -0.19239    0.061297
 -0.53751    0.49834   -0.60173    0.12683    0.71399   -0.7693
  0.38267    1.2804     0.94729   -0.068811  -0.17261   -0.24925
 -0.35767   -0.32746    0.65577    0.39422   -0.49338    0.16031
 -0.079641   0.13314    0.26996    0.64611   -0.039598  -0.85802
  0.034631   0.40623   -0.091665  -0.10594   -0.33784    0.023783
  0.088533  -0.10104    0.18549   -0.45878    0.35993    0.063275
 -0.69347    0.27375   -0.77157    0.62962    0.054993   0.27807
  0.036966   0.23376    0.87067   -0.61637   -0.10722   -0.085866
  0.13304   -0.088816   0.25262    0.097799   0.13496    0.28999
  0.13512    0.53409   -0.39199   -0.078128 ]"
inappropriately,"[ 0.47881  -0.27935  -0.083318  0.56886  -0.10314   0.86796  -0.24798
  0.25402   0.4863    0.64114  -0.01801  -0.27779   0.43975  -0.14127
  0.14216  -0.39369  -0.5149    0.51823  -0.32388  -0.48136  -0.16951
 -0.1613    0.31243  -0.12017  -0.57458   0.48739  -0.71643  -0.040827
 -0.36367   0.42725   1.0021    0.77622  -0.21413   0.57358   0.12185
  0.075858 -0.31156  -0.038283 -0.2944    0.013801 -0.068895  0.30857
 -0.49156   0.28958  -0.54953   0.1368    0.093204  0.27451  -0.042171
 -0.82396  -0.047629 -0.12859   0.8053    0.74726  -0.97624   0.35782
  0.32285   0.18875  -0.018749 -0.15111   0.10248   0.77097  -0.10935
  0.47025  -0.52981  -0.87843   1.0759   -0.52144   0.52409   0.14789
 -0.3188   -0.54612   0.46301   0.30592  -0.029486 -0.13228  -0.39954
 -0.16468  -0.24039  -0.099956 -0.29754   0.35671   0.21661  -0.078149
 -0.6571   -0.65341   0.75714   0.72773  -0.33451  -0.91475  -1.0031
  0.079655 -0.15574  -0.89541   0.65273  -0.13888  -0.11673  -0.040845
 -0.54576  -0.18637 ]"
chute,"[ 2.0890e-01 -3.8921e-01  2.4313e-01 -3.3745e-01 -3.1236e-01 -1.9517e-01
  1.4864e-01  1.0026e+00  6.4278e-01 -5.5961e-01  2.6187e-02  1.0674e+00
 -1.2123e+00 -3.6974e-01  6.6123e-01  4.8460e-01  3.0633e-01  4.0039e-01
  2.2268e-01 -8.1185e-01 -3.8245e-01  4.3689e-01 -4.3285e-02 -5.2301e-01
  1.0448e+00 -2.5942e-02 -1.0760e+00 -4.8268e-02  5.0229e-01  2.1896e-01
 -2.8732e-01 -1.2561e+00  6.1850e-01  1.6360e-01  2.4716e-01  6.6367e-01
  1.2999e-01 -2.4791e-01  1.1446e+00  6.7145e-02 -1.5897e-01  3.5762e-02
 -6.5626e-01 -5.0100e-01  3.7091e-01  7.5146e-01 -5.6652e-01 -3.3066e-01
  7.2437e-03  6.0152e-01 -3.8560e-01  2.2606e-01 -3.2370e-01  7.7425e-01
 -7.4581e-03 -8.5335e-02  6.9650e-04  1.8704e-01  3.6701e-01  1.7445e-01
  3.3035e-01 -5.5804e-03  2.5832e-01  8.5229e-01 -3.9130e-03 -6.2812e-01
  2.2260e-01 -4.1124e-01  7.1076e-02 -3.5594e-02  1.8704e-01  8.5316e-02
  9.6978e-03 -1.5469e-02  3.1644e-01 -1.0869e-01  3.4284e-01  3.6231e-01
  1.2517e-01 -2.1466e-01  8.7963e-02  3.3234e-01 -4.7449e-01 -2.6397e-01
 -2.7988e-01 -2.5058e-01  6.5007e-01 -3.4930e-01  2.0179e-01 -1.6794e-01
 -3.8541e-01  5.5197e-02 -1.9549e-01  9.2177e-01  7.4206e-01  1.4002e-01
  3.5808e-01 -5.5170e-03  2.7660e-02  6.5494e-01]"
hernández,"[ 0.40032  -1.1508   -0.95536  -0.54641   0.52717  -0.15863  -0.012072
 -0.15552   0.093243 -0.27115   0.36096  -0.4452    0.14796  -0.49
  0.60462  -0.11747   0.55797   1.229     0.39666   0.137    -0.41312
 -0.7651    0.44755   0.54899  -0.20207   0.35504   0.2704   -1.0339
  1.1879   -0.10479  -0.31049   0.34548   0.46367   0.036674 -0.074198
  0.22123  -0.31407   0.25989  -0.082107  0.34616   0.44511  -0.075135
  0.68097   0.42759   0.36013  -0.046609  0.31657  -0.51435  -0.090824
  1.1587   -0.6743    0.10876   0.30087   0.12709  -0.61298   0.20561
 -0.33914   0.023302 -0.90733   0.95948  -0.32121   0.09689   0.012888
 -0.4417   -0.20546  -0.38303  -0.29757  -0.83029  -0.31513   0.085156
 -0.45571   0.80739  -0.71286  -0.27569   0.34551   0.14912  -0.55595
  0.31723   0.092247  0.029717 -0.030095 -0.48588  -0.95043  -0.068943
  0.34504  -0.012154 -0.15011  -0.01344  -0.092615 -1.0554   -0.33496
 -0.030771 -0.71448   0.094486  0.19996   0.3297   -0.57184  -0.4657
  0.023404 -0.47892 ]"
nook,"[-0.81349   -0.1273     0.5254    -0.016506   0.033063  -0.0063212
  0.20696   -0.50584    0.90482   -0.028441   0.31887   -0.55653
  0.77004   -0.68575    0.44393    0.26213    0.14945    1.0108
  0.038364  -0.56796    0.44735    0.20083    0.69256    0.087701
  0.67948    0.13227   -0.13601   -0.19667   -1.1328    -0.16765
  0.057702  -0.046693   0.87875   -0.29188    0.41755    0.68982
 -0.98735    1.4418     0.51946   -0.24703    0.20052    0.73204
 -0.65962    0.077433  -0.47226    1.0865    -0.92337   -0.04656
  1.1643     0.56954    0.033072   0.57431   -0.12012    0.25917
 -0.87571   -0.10444    0.70083   -0.3809     0.012137  -1.4691
  0.59857   -0.05468   -0.16308   -0.93312   -0.074443  -0.60141
  1.2725    -0.073312  -0.85995   -0.66464    0.075557   0.61147
 -0.024991  -0.71748    0.34401    0.083665   0.55821   -1.0837
 -0.44872    0.21214   -0.5728    -0.013869   0.74402   -0.11083
 -0.17513   -0.077539   0.91371   -0.30983    0.86212    0.32993
 -0.18074    1.228     -0.13354    0.42699   -1.3177     0.23959
  0.83865   -0.49686    0.65615    0.56422  ]"
rejoining,"[ 0.20151  -0.11623   0.46673   0.16748  -0.10905   0.1416    0.1911
  0.23223   0.37387   0.15166   0.1696    0.098565  0.44735  -0.65315
  0.48356  -0.58637   0.34385  -0.23302   0.31792  -0.40198  -0.42756
  0.025805 -0.23972   0.074841  0.3882    0.23936   0.030355 -0.50023
  0.93097   0.31094  -0.55419   0.30203  -0.020507 -0.80167  -0.090227
  0.15189  -0.036407 -0.37723  -0.37435  -0.49285  -0.35427   0.38739
  0.75443   0.35232   0.081269  0.71426   0.54372   0.147     0.087196
 -0.31145  -0.077262  0.015061 -0.38648   0.13562  -0.67389  -0.13745
  0.30457  -0.50645  -0.24586   0.49992  -0.32225   0.12926   0.18042
  0.20663  -0.21327   0.62584  -0.37439   0.53688  -0.07434   0.37887
  0.05189  -0.053426 -0.56983  -0.70721  -0.11122  -0.3053   -0.14326
 -0.17662  -0.138    -0.10507  -0.55685   0.49579  -0.06777   0.67541
  0.25215   0.54153   0.039049  0.45085  -0.36993  -0.28272  -0.60464
  0.30039  -0.26976   0.33171   0.085861 -0.52849   0.041112  0.90557
  0.44521   0.31524 ]"
gpa,"[ 0.27454    0.6316     0.78684    0.099924  -1.1366    -0.13772
  0.32822    0.26363   -0.20193    1.2936     0.34628   -0.34201
  0.15865    0.54598   -0.53769   -0.44653    0.23383    0.48081
  0.31394    0.096251  -0.73405   -0.91434    0.39063   -0.036144
  1.2489    -0.51334   -0.52652   -0.087723  -0.63272   -0.59291
 -0.029288   0.87457    0.17444   -0.11884    0.071288   0.33788
  1.133     -0.028822  -0.35689    0.51517   -0.36978    0.58735
  0.27336    0.55146    0.28354   -0.051637   0.19678   -0.38193
 -0.47671   -0.32623    0.23521   -1.025     -0.52908   -0.023199
 -0.10732    0.48482    0.1589    -0.8635     0.69606    0.30932
 -0.14273   -0.56507   -1.6455     0.037489  -0.74013    0.055885
 -0.010879  -0.1034     1.3413     0.2726     0.073744   0.075032
 -0.084643  -0.54365   -0.70675    0.057008  -0.50007   -0.79283
  0.40856   -0.99961   -0.46111    0.20239   -0.68487   -1.1464
  0.1182     0.2148     0.63502   -0.92049    0.59765    0.17378
 -0.90876    0.80926   -0.39445   -0.21242    0.36197    0.0087433
  0.20725   -0.014574   0.80275    0.08047  ]"
heightening,"[-0.38516  -0.4678    0.32354   0.44139  -0.15981  -0.072917 -0.80839
 -0.55546   0.55906   0.27373  -1.1616    0.43449   0.1088   -0.5927
  0.50389   0.011783 -0.78978  -0.23775   0.089986 -0.67853  -0.14596
  0.12471   0.51552   0.019541  0.33503   0.35691  -0.67178   0.33091
 -0.72185   0.081562 -0.39087  -1.0225   -0.34321   0.035839 -0.45399
 -0.055513  0.60055  -0.12575  -0.06763   0.33563  -0.17804   0.21464
 -0.14839  -0.03093   0.2567    0.27472   0.46751  -0.3006   -0.10419
 -0.39545   0.39729  -0.26511  -0.64685   0.48213  -0.12563  -0.49209
  0.31471  -0.86494  -0.40957  -0.25195  -0.20876   0.2547    0.19076
  0.32522  -0.44963   0.46645  -0.15638  -0.10479   0.6342   -0.063338
  0.6145    0.083276 -0.39575   0.11927  -0.4961    0.90495   0.89243
 -0.25634  -0.38932  -0.14144   0.24874  -0.1923    0.06381   0.63753
 -0.050553 -0.3087   -0.55247   0.86221   0.23522   0.13294  -0.58922
  0.60003  -1.0166   -0.30372  -0.070633  0.21986   0.76418  -0.51732
 -0.087753  0.70005 ]"
selfless,"[-0.019638   0.40383   -0.45851   -0.21807   -0.038805   1.216
 -0.49717   -0.28531   -0.3692    -0.087644   0.149     -0.13604
  0.26522   -0.72938   -0.27601   -0.054295   0.53766    0.63557
 -0.20275    0.92361    0.14459    0.24189   -0.54732    0.40326
  0.47377    0.90854   -0.46344    0.62271    0.56223   -0.41853
 -0.29759    0.73544   -0.5024    -0.3988    -0.068279  -0.12906
 -0.66547    0.12908    0.20118   -0.0536     0.53518    0.86775
  1.0006     0.37951   -0.088862   0.041515   0.51236   -0.12754
  0.041694  -0.5644    -0.04183    0.31286    0.30675    0.2267
  0.1314     0.54723    0.98569   -0.44781    0.50569   -0.34344
  0.44312   -0.70032   -0.43296    0.044829  -0.0031105 -0.30054
  0.22108    0.052391   0.70034   -0.80732    0.22431   -0.61545
 -0.16518    0.10269    1.016      0.48424    0.43904    0.0090614
  0.3119    -0.53124   -0.11705    1.2579     0.76358    0.2187
 -1.0232     0.25283   -0.18971    0.2806    -0.81511   -0.99023
 -0.11551   -0.29515    0.061459   0.6992    -0.23862   -0.67876
 -0.7368    -1.2238    -0.66657    0.621    ]"
363,"[ 0.90508    0.58297    0.52864    0.10108    0.10032    0.61997
  0.54771   -0.026131  -0.40289   -0.14027    0.81491    0.40422
  0.091491   0.032478   0.76776   -0.061773  -0.031189   0.089424
 -0.0834     0.59951    0.91327   -0.059715   0.44787    0.073932
 -0.055099  -0.69275    0.78621    0.55202   -0.32143   -0.53044
  0.052245  -0.12788   -0.054258   0.10332   -0.66657    0.44681
 -0.0785    -0.136     -0.21328    0.52439    0.40855   -0.57344
  0.29994   -0.41052   -0.02391   -0.17565    0.20843   -0.42426
 -0.58602    0.84538   -0.24751   -0.078639   0.62891    0.42602
 -1.1051     0.18881    0.50208   -0.35316   -0.083273   0.0038951
 -0.31262   -0.30941    0.34705    0.72507   -0.51008    0.18245
  0.225     -0.16452    0.23637   -0.37296   -0.19369   -0.32973
 -0.10903    0.2347    -0.26848    0.31684   -0.5906     0.51438
 -0.37269   -0.18752   -0.024852  -0.12638    0.20672    0.4411
  0.28596    0.21049    0.39943   -0.88428   -0.10365    0.3781
  0.11439    0.88819   -0.35999   -0.26541    0.066265   0.20901
  0.36626    0.26638    0.037067  -0.26029  ]"
redirect,"[-0.1724    -0.066405  -0.07595   -0.22346    0.09878    0.38946
 -1.0049     0.41772    0.73878    0.065827   0.05301    0.38659
 -0.39686   -0.70504    0.10529   -0.26932   -0.14893   -0.07933
 -0.35589    0.0057475  0.04535    0.048878  -0.31583    0.33685
 -0.36529    0.45318   -0.30131    0.47391    0.34236   -0.7853
 -0.15636    0.55236   -0.56938    0.2223    -0.49723    0.18629
 -0.47001   -0.39466   -0.2225     0.81308   -0.24513   -0.18573
 -0.56658    0.28703   -0.63339    0.48369   -0.12402   -0.15524
  0.092291   0.17933   -0.13145    0.64014   -0.29137    0.10123
 -0.23361   -0.0014153  0.35267   -0.57403    0.5593    -0.79634
  0.11046    0.077279   0.26048    0.47976    0.25246   -0.061637
 -0.0095252 -0.0018196  0.25555   -0.32511    0.68409   -0.44456
  0.78973   -0.87697   -0.10977   -0.37984   -0.28867    0.12734
 -0.22021   -0.021869  -0.048121   0.26088   -0.76826   -0.13732
 -0.23464    0.28317    0.47155    0.74237   -0.46676   -0.18626
 -0.5191     0.62782    0.058666  -0.61134    0.49112   -0.80294
  0.50322   -0.10753    0.044245   0.22978  ]"
unquestionably,"[-0.18234    0.087468   0.5745    -0.27388    0.19149    0.031513
  0.12207   -0.043936   0.30095   -0.26509    0.037096   0.25794
  0.27791   -0.55309   -0.27685   -0.43746    0.10576    0.074124
  0.0045899  0.58149    0.17765    0.11792    0.10024   -0.079201
  0.0947    -0.31127    0.0085886 -0.29708   -0.43902   -0.48049
 -0.037141   0.029527   0.06242    0.4097     0.35625    0.17317
  0.075243  -0.27556   -0.32182   -0.096796   0.22067    0.951
  0.47088   -0.058542  -0.0067139 -0.2359     1.0411     0.33775
 -0.19931   -0.43163   -0.31624   -0.20134    0.11867    0.1608
 -0.46461    0.16236    0.52897   -0.055679  -0.53608    0.12353
 -0.15611    0.29824   -0.21335   -0.16127    0.25971   -0.37476
  0.32221   -0.042466  -0.19249   -0.37214    1.0024    -0.5544
  0.20282    0.53538    0.44463   -0.35567   -0.068547  -0.20455
 -0.17546   -0.13557   -0.13073    0.081213  -0.3905     0.24686
 -0.35047   -0.58268    0.050094  -0.18693   -0.35503   -0.44023
 -0.51104   -0.14175   -0.24493   -0.21439    0.48667   -0.28688
 -0.096736  -0.84921   -0.37288    0.69374  ]"
rolex,"[ 0.56876  -0.19274  -0.40304  -0.54677   0.51187  -0.14382   0.71848
  0.97831  -0.61159   0.24574   0.53663   0.30378   0.62122  -0.51437
 -0.68081   0.093447  0.46421   0.13782   0.62157   0.10201  -0.16661
  0.10508  -0.13742   0.22404   1.4616    0.12948   0.74135  -0.43892
  0.28657  -0.15595  -0.082635 -0.4669   -0.27181  -0.047991  0.20595
  0.41323  -1.0669   -0.17616   0.31028   0.25987   0.464     0.094694
  0.58299  -0.88445  -1.2828    1.0704    0.23968  -0.42789   0.23263
 -0.75477  -1.0712    0.22347   0.10845  -0.12803  -0.096248  0.077903
 -0.058612  1.2118   -0.15579  -0.35966  -0.58276   0.47138  -0.54359
 -0.036997 -0.67839  -0.71694  -1.4288    0.027358  0.2111    0.18875
 -0.36039  -0.48572   0.68296   0.60799  -0.66943   0.87587   1.1702
 -0.22338  -0.64859  -0.35133   1.2854    0.053067 -0.064029  0.49231
  0.4633    0.064817 -0.4715   -0.075736  0.62674  -0.46927   0.35021
  0.22358   1.2347   -0.80225   0.15208  -0.18729   0.015788 -0.64318
  0.65017   0.35279 ]"
constantin,"[-2.6073e-01 -1.3750e-01 -1.0952e+00  1.7054e-01 -3.3084e-02 -7.2180e-03
 -1.5097e-01  4.8595e-01 -6.6850e-01  2.5419e-01  5.5127e-02  2.7343e-01
 -6.9239e-01 -3.6385e-01  8.0839e-01 -2.7495e-02  7.1297e-04 -5.4202e-01
  2.6180e-01  3.0066e-01 -7.0899e-01  3.5544e-01  5.3191e-01  1.0859e+00
  9.6266e-02 -5.8679e-01 -1.2270e-01  1.8687e-01  9.4264e-01 -2.2973e-02
 -1.1339e-01  4.5473e-01 -3.2848e-01 -6.5837e-02 -2.3777e-03 -5.8251e-02
  1.4140e-01 -5.6603e-02  3.6014e-01 -9.2732e-01  2.0868e-01  6.0590e-01
 -5.5078e-01 -2.1037e-02 -5.4225e-02 -6.5616e-02 -4.9269e-01 -5.3161e-01
 -3.0047e-01  1.4201e+00  4.9750e-01 -4.7816e-01 -6.2932e-01  4.6045e-01
 -8.2537e-01  1.3163e-01 -4.3359e-01  4.6340e-01 -6.4358e-01 -3.4583e-01
  3.2199e-01  1.5365e-01 -2.4260e-01  8.1450e-01  3.0901e-02  1.7518e-02
  3.7825e-04  2.2854e-01  2.8445e-01  9.4733e-02  7.4603e-01 -5.8297e-01
  4.1893e-01 -3.4617e-02 -3.6001e-01  2.1092e-01 -6.3997e-03  1.4538e-01
  1.2226e-01  2.3541e-01 -2.5233e-01 -1.3992e-01 -2.4049e-02 -6.1378e-01
  4.3706e-01  6.7871e-02 -1.0859e+00 -2.6932e-01 -1.9884e-01 -1.4813e+00
  7.0746e-01 -8.6735e-01  2.9910e-02 -2.8347e-01  1.4763e-01 -2.3682e-01
 -3.6653e-01 -4.5368e-01 -7.8784e-01 -4.2021e-01]"
c1,"[ 0.38683    0.14135   -0.36118   -0.041041  -0.80533    0.39855
  0.26146    0.057714  -0.35439    1.0189     1.7685    -0.26015
 -0.19707   -0.3367     0.046026  -0.0028353 -0.11207   -0.7562
  1.0939    -0.62032    0.66278   -0.24245   -0.27076    0.90981
  0.005584   0.17235    0.39824    0.33786    0.03065   -0.19873
  0.069658   0.68802   -0.10376   -0.37672    0.75969    0.76699
 -0.64758    0.6654    -0.49229    0.68459    0.84999   -0.065117
 -0.2799    -1.2404     0.60954    0.55498    0.19888    0.13415
  0.23012    0.08727   -0.90123    0.90143   -0.34603    0.75817
 -0.15063   -0.12841    0.012903  -0.35643   -0.58822    0.80427
 -0.45686    0.2211    -0.1004    -0.36383    0.78744    0.41554
 -0.26573    0.28469    0.10819   -0.63068    0.17531   -0.59927
  0.36651    0.0748    -0.48112   -0.21038    0.10853    0.31803
 -0.34791   -1.0476     0.28283   -0.029712  -0.17399   -0.4234
  0.90284    0.54698   -0.69015   -0.22256    0.1145     0.011548
 -0.97586    0.38326    0.97245    0.4071     1.0677    -0.25291
 -0.50517    0.37228    0.57359   -0.47564  ]"
ashford,"[-0.16975   -0.19123   -0.49435   -0.44833   -0.15821   -0.60386
 -0.34364    0.91828   -0.098943   0.14739    0.24155    0.17515
 -0.14752    1.172      0.3541    -0.102      0.92239   -0.17475
 -0.28655   -0.011216   0.21476   -0.24324    0.96644   -0.63339
  0.094652  -0.26755    0.50354   -0.73263    0.0091248 -0.22801
 -0.075355  -0.093742   0.091933   0.11042    0.078123   0.32661
 -0.19596   -0.0099977  0.4296    -0.037273   0.2754    -0.0019407
 -0.38748    0.29503   -0.53189    0.61669    0.9406    -0.20443
  0.15763    0.56952   -0.60549    0.11669    0.11307   -0.45266
 -0.72333   -0.49736   -0.87367   -0.62111   -1.1546    -0.74136
  0.28724   -0.025817   0.039091   0.12207   -0.34598   -0.33671
  0.77427    0.084184   0.27248   -0.26214   -0.67201    0.044912
 -0.27755   -0.38568    1.0403    -0.18353    0.57038   -0.40148
 -0.18299   -0.1281    -0.25188    0.60093    0.96718    0.39945
 -0.12992    0.22338   -0.3441    -0.029422   0.26947    0.23429
 -0.48442   -0.14638    0.10498    0.26012    0.91894    0.3805
  0.21448    0.84552    0.60898    0.27222  ]"
southport,"[ 2.8649e-02 -1.3556e-01  2.6996e-02 -6.8039e-01  3.4008e-01  1.9118e-01
 -5.8022e-01  5.4176e-01 -4.8506e-01 -1.3529e-02  6.2434e-01 -1.6327e-01
  4.2815e-02 -1.2898e-03  9.4073e-02 -1.5500e-01  4.0797e-01 -4.1267e-01
 -5.5473e-03 -1.4498e-01 -1.6962e-01  4.5386e-02  1.2789e-01 -3.4625e-01
 -2.6457e-01  3.9374e-01  1.3345e-01 -7.6646e-02 -5.8351e-01  2.1616e-01
 -5.7595e-01  3.2539e-01  2.3987e-01 -5.1556e-01 -4.0087e-02  2.0871e-01
 -5.5903e-01 -1.4318e-02  1.7507e-01 -8.5552e-01  2.1101e-01 -3.1013e-01
 -1.3551e-01 -4.0958e-01  4.3576e-01  2.4109e-01  1.3910e+00  6.6552e-02
  1.1413e+00  7.4995e-01 -3.2599e-01 -1.5353e-01  4.3680e-01 -1.1013e-01
 -6.4581e-02 -2.6224e-01 -1.6755e-01 -1.1391e+00 -6.5420e-01 -4.4209e-01
 -6.2064e-01 -1.0003e-02 -2.9454e-01  1.9014e-01 -7.9471e-01  2.5616e-01
  1.2922e-01  3.4707e-01 -4.2574e-01 -1.1122e-01 -6.7105e-01 -9.7902e-02
  7.1617e-01 -6.8702e-01 -4.7221e-01 -3.3799e-01  9.3012e-01  3.4513e-01
 -4.2079e-03 -7.2513e-01  1.8093e-01 -1.5868e-01  4.5845e-01  5.1248e-01
  3.0053e-01 -5.5145e-01 -2.6011e-01  4.1625e-01  5.3204e-01  7.9262e-01
 -2.8623e-01  9.0861e-02 -3.6341e-01  7.8596e-01 -6.7782e-02 -3.0760e-01
  2.4364e-01  7.8349e-01  4.1347e-01 -3.4741e-01]"
creamer,"[-0.31181    0.21498    0.21087   -0.66277   -0.59498   -0.46895
  0.95812    0.81624   -0.060227  -0.4817    -0.028912   0.59856
 -0.36236    0.14198    0.13177    0.56557    0.51779    0.54258
 -0.52538   -0.08666    0.20454    0.80816    0.22821    1.394
  0.46302    0.64625    0.39486   -0.86905   -0.39381   -0.55986
 -1.2825     0.26274    0.59385   -0.41822    0.40361    0.084014
  0.079844   0.61085   -0.10579    0.70532   -0.72153   -0.29637
  0.065003   0.93302    0.25277   -0.078802  -0.52451    0.35338
 -0.46786   -0.86185   -0.90871   -0.40765   -0.43342   -0.11169
  0.20023    0.50317   -0.78849   -0.33324   -0.53674    0.44552
  0.3421     0.057643   0.53018    0.52859   -0.36741    0.41166
  0.79555    0.18597   -0.25648   -0.0060578 -0.31671    1.059
  0.10408    0.32006   -0.45704    0.77646    0.51866   -0.4275
 -0.042489  -0.13187    0.68581   -0.25531   -0.072334   0.91862
  0.56685   -0.57293   -0.24856    0.17692   -0.10587   -0.2577
 -0.74967   -0.10405   -0.082779   0.0083522  0.1682    -0.46161
  0.23177   -0.68148   -0.56405    0.98808  ]"
555,"[ 4.8641e-01  4.0095e-01  4.4035e-01 -5.5573e-02  1.6573e-01  3.0006e-01
  4.5544e-01  1.9589e-01 -2.9215e-01 -2.5042e-01  9.9364e-02  4.7510e-01
  7.1283e-02 -3.0935e-01  4.9670e-01 -3.6709e-01  1.1591e-01  5.6729e-01
 -3.2344e-01 -2.3157e-01  1.2837e+00 -4.6564e-01  2.7247e-01  3.3450e-01
  4.9351e-01 -2.3882e-02  4.0196e-01  8.2154e-01 -2.7369e-01 -5.7431e-01
 -3.3918e-01  3.0202e-01  7.7483e-03  4.5261e-01 -4.4708e-01  7.5450e-01
 -1.2040e-01  7.6673e-02  2.9959e-01  7.4111e-01  5.3228e-01 -7.7797e-01
  4.4046e-01 -1.2033e-01 -2.5141e-01 -4.0768e-02  5.9292e-01 -3.2282e-01
 -9.9282e-01  9.4126e-01 -3.3730e-01 -5.3207e-04  2.0707e-01 -1.9878e-02
 -7.1960e-01 -1.0258e-01  3.5769e-01  3.1923e-02  1.1405e-03 -6.3294e-01
  4.4521e-01 -4.2174e-01  2.6416e-01  5.3357e-01 -7.0433e-01  3.0756e-01
  9.2294e-02 -3.4281e-01  7.1098e-01 -1.2654e-01 -3.4856e-02 -3.6815e-01
 -5.1479e-01 -1.2359e-01  6.0838e-02  6.5912e-01  7.1560e-02  5.3095e-01
 -3.1138e-01 -4.1379e-01 -7.7412e-02 -6.1133e-01  3.8916e-01  4.6981e-01
  8.6433e-02  2.5987e-01 -5.1508e-02 -4.7459e-01 -6.0805e-02  4.0527e-01
 -3.3195e-01  9.9127e-01  1.7719e-01 -5.6241e-01 -5.2166e-01  4.2554e-02
  3.8383e-02  1.1600e-01  3.5372e-01 -5.3650e-01]"
delano,"[ 0.25896    0.082955  -0.15608    0.50006   -0.033699  -0.38962
  0.65611    0.10103   -0.23131   -0.74483    0.0019911 -0.16472
 -0.64068   -0.077236   0.38003    0.25634    1.4341    -0.086176
 -0.72855   -0.70668   -0.54218   -0.61805    0.90852   -0.61091
 -0.14128    0.4776    -1.1074    -0.34412   -0.19019   -0.18055
  0.50244    0.10393    0.653      0.13406   -0.39436    0.47989
  0.99808    0.41244    0.44196    0.22126    0.085142  -0.13921
  0.24101    0.54783    0.20799    0.34984    0.3927    -0.28938
  0.31027    0.37515   -0.081512  -0.54637   -0.081723  -0.63994
  0.46085   -0.34104    0.31648   -0.22548   -0.24156   -0.24893
 -0.39252    0.14411    0.015983   0.21734   -0.50399   -0.85626
  0.733      0.17514   -0.14664    0.10613   -0.18865    0.01936
 -0.49108    0.017549  -0.072692  -0.15801    0.2028     0.33151
 -0.56902   -0.054581  -0.090511   0.054787  -0.035208  -0.088787
  0.39173    0.61053   -0.80724    0.34365   -0.26794   -0.49331
  0.068683   0.1928     0.11458   -0.32888   -0.56919    0.017443
  0.3663    -0.078962  -1.1066     0.41693  ]"
vilified,"[-0.39696   0.12941  -0.01746  -0.13802   0.026781  0.45451  -0.55033
 -0.49971   0.34436   0.029892 -0.45067   0.14555   0.94214  -0.7885
 -0.43628   0.064259  0.18541  -0.32775  -0.11671   0.13495   0.55437
  0.32587  -0.21098   0.32852   0.56441  -0.051337 -0.44803   0.55909
  0.3355    0.18413   1.087     0.23229   0.075087  0.56333  -0.063939
  0.73097  -0.69138  -0.030235 -0.75881  -0.048125 -0.63007   0.26538
  0.17588   0.38066   0.40721   0.48102   1.0787    0.26901   0.1605
  0.097254 -0.056588 -0.10891   0.271     0.55928  -0.78331   0.47321
  0.056208  0.59166  -0.4086   -0.62255  -0.10321  -0.23696   0.15997
  0.0857   -0.02657  -0.4426    1.263     0.40812   0.33859   0.32852
  0.11342   0.025792 -0.22432   0.28031  -0.65968  -0.26797   0.018294
  0.091093  0.13022   0.086886 -0.19458   0.037419 -0.18574   0.67079
 -0.59067   0.12521  -0.52535   0.41637  -0.61543  -1.0434   -0.047752
 -0.54213  -0.13221  -0.18392   0.078863 -0.1304   -0.011908  0.41768
 -0.012579  0.24852 ]"
zuckerman,"[-0.20989   -0.74846   -0.53815   -1.0032    -0.11899   -0.097591
  0.34795   -0.22701    0.18053   -0.02477    0.70233    0.27263
 -0.29261    0.049712  -0.20694   -0.076325  -0.21041    0.12955
  0.35366    0.49302    0.077471  -0.57337   -0.38604    0.20115
  0.80191    0.067261   0.23157   -0.14361   -0.48608    0.78919
 -0.19384    0.71717   -0.54683   -0.023456  -0.067606   0.0039243
  0.39638    0.058722  -0.10558    0.0098262  0.63324   -0.35442
 -0.60696   -0.15674    0.13662    0.26217    0.21148   -0.030187
 -0.065498   0.10107    0.88149   -0.40711    0.75949   -0.35769
 -0.042114   0.337     -0.030407  -0.12791   -0.5157     0.043289
  0.3611    -0.14665    0.40769   -0.31554    0.14115    0.21253
  1.0923     1.1095     0.29274   -0.064609  -0.20462   -0.31437
 -0.16956   -0.60353   -1.0274    -0.67928   -0.10917   -0.74711
 -0.92916    0.27932   -0.03714    0.33133    0.13999    0.23498
  0.92248   -0.086505  -0.096122  -0.51038   -0.65406   -0.46099
 -0.079541   0.21174    1.1372    -0.33173   -0.30705    0.33932
  0.62433   -0.33436   -0.15482    0.80876  ]"
uda,"[ 0.077353  -0.90267   -0.049469  -0.75463   -0.40213    0.18629
  0.23087   -0.31181   -0.31767    0.18105    0.28268   -0.19212
  0.78244    0.58414    0.423      0.19841   -0.32066   -1.3558
 -0.15833    0.20419    1.0544    -0.53773   -0.34921   -0.13493
 -0.76275   -0.12253   -0.59323   -0.36176    0.055061   0.2109
  0.62641    0.13399    0.085317  -0.1632     0.13315   -0.31589
  0.44386    0.954      0.0072886  0.265     -0.72724    1.5834
  0.59428   -0.6574     0.44473   -0.059728  -0.021529  -0.016495
  0.0079969  0.16418    0.53165   -0.57003   -0.041201  -0.63995
 -0.15721    0.54533    0.14768   -0.25131   -0.047721   0.3486
  0.28904    0.049612   0.2123     0.84012    0.17581   -0.21834
  0.0068668  1.048      0.6621     0.06362    1.0232    -0.88759
  0.29413   -0.30996   -0.76301   -0.93736   -0.039246  -0.14183
  0.059049   0.57193   -0.60672    0.10171    0.96577    0.49985
  0.082171   0.31645   -0.35603    0.31337    0.23436    1.2325
  0.26526   -0.33612   -0.46166   -0.009665  -0.047254  -0.40104
  0.63565    0.55226    0.18805    0.27343  ]"
lures,"[-1.7413e-01  5.7137e-01  5.0410e-01 -8.6169e-01  3.9848e-01 -2.0828e-01
 -9.5982e-01 -1.1730e-01  6.8653e-01 -6.3891e-01 -2.8101e-01  2.8669e-01
  4.3841e-02  3.4395e-01  1.0314e+00 -1.2758e-01 -8.7222e-05 -3.1732e-02
  3.0037e-01  3.7596e-01 -2.7760e-01  9.4458e-02  2.2345e-01  1.5105e-01
  3.3719e-01  1.7376e-01 -8.2588e-01 -2.1075e-01 -3.7322e-01 -6.4868e-01
 -5.4782e-01  3.2242e-01 -1.3825e-01  3.3199e-01 -4.1260e-01  2.7774e-01
 -3.8197e-01  1.2048e-01 -1.7879e-01 -4.4727e-01 -2.7866e-01  4.6681e-02
 -2.9462e-01 -1.5964e-01 -1.4372e-03 -2.3730e-02 -3.9048e-01  2.0806e-01
 -1.8585e-01  7.7463e-01 -1.0566e+00 -1.3954e-01  1.8097e-01  4.7862e-01
  3.8390e-01  3.1390e-01 -2.8470e-01 -1.6469e-01 -1.4976e-01 -4.4152e-01
 -3.9086e-01  4.9182e-01  6.7666e-01  6.9434e-01 -3.5067e-01 -3.6284e-01
  2.2770e-01 -2.4982e-01  1.9568e-01 -4.7603e-01  4.6758e-02 -4.9947e-01
  1.4747e-01  4.7338e-01 -4.7944e-01 -1.6332e-01  2.2801e-01 -2.6798e-01
  2.1814e-01  3.2585e-01  5.7109e-01 -8.7750e-02 -4.0696e-01 -1.6433e-01
 -7.8544e-03 -1.3372e-01  2.2385e-01  3.5094e-01 -3.3629e-02 -5.0326e-01
 -1.9804e-01  4.5842e-01  5.8887e-01 -9.7913e-01  3.6585e-01 -3.9395e-01
 -7.8961e-01  9.0179e-02  2.1788e-01  8.5238e-01]"
daiei,"[ 3.6411e-01  5.2316e-02  4.9754e-01 -3.3178e-01 -2.4393e-01  6.7019e-02
 -7.9462e-02 -1.4463e+00 -1.2860e-01 -9.5862e-04  3.2625e-01  2.9248e-01
  3.6440e-01 -2.0146e-01 -2.1602e-01 -1.9048e-01 -7.9891e-01  8.5721e-02
  4.1177e-01 -8.9131e-01  1.2258e+00 -8.2492e-02 -1.0952e+00  8.9654e-01
 -8.2994e-02  1.6877e-01 -1.8453e-01  5.2859e-02 -8.5773e-01 -3.0249e-01
 -4.4029e-01 -1.2909e-01 -7.3350e-01  1.1588e+00 -1.1526e-01  1.9403e-01
 -2.1291e-02  3.6831e-01 -8.5730e-02 -1.1102e+00  1.0841e+00  1.0948e+00
 -1.3856e-01 -6.2702e-01 -1.0528e-01  6.9366e-01  5.6503e-01 -2.2903e-01
  8.2792e-01  9.7800e-01 -7.0002e-01  2.9563e-01 -5.8333e-01  4.9239e-02
 -3.8859e-02 -5.4822e-01 -1.0940e-02 -9.9863e-03  5.6009e-01  8.4390e-01
  2.1799e-01 -8.0072e-01  6.9948e-01  6.0281e-01 -2.9001e-01  7.9986e-01
 -5.6824e-01  1.4217e+00 -1.9452e-01  2.7343e-01 -8.8895e-01 -4.8137e-02
 -1.2904e+00  5.9131e-01  2.7623e-01  8.0753e-02 -7.6426e-01  1.0443e+00
 -3.3113e-02  1.8229e-01 -2.3590e-01 -3.3612e-01 -3.7470e-01  1.1973e+00
 -6.1280e-02 -6.6789e-01 -7.6048e-02  1.1056e+00  7.1730e-01  5.0273e-01
  6.3170e-01 -2.7294e-01 -2.7925e-01 -8.8972e-01 -1.4746e-02 -2.5737e-01
  2.2244e-01  6.5043e-01  9.1107e-01  2.1184e-01]"
starship,"[ 0.055389  -0.018981   0.82897   -0.33035    0.021406   0.39851
  1.1483     0.15366   -0.39375   -0.39277    0.053533  -0.48408
 -0.59937   -0.40004   -0.33935   -0.55448    1.443      0.89012
  0.26791    0.14367    1.1072    -0.51667   -0.40452   -0.20079
  0.090034   0.8193    -0.59173    0.35576   -0.18385   -0.40071
 -0.075008   0.45574   -0.45744   -0.019907   0.29475    0.33569
  0.14406    0.71138    0.52395    0.10196   -0.78573    0.41625
 -0.027477   0.75496    0.15636    0.68516   -0.56842    0.42625
 -0.14893    0.6425    -0.95949    0.28874   -0.098642  -0.2603
  0.60184    0.17469    0.79996    0.17393    0.78607    0.91577
 -0.08923    0.85696    0.34315    0.69095    0.12614   -0.43816
 -0.094974   0.35694    0.38654    0.077015   0.48345   -0.20924
  0.29249    0.23842   -0.12847   -0.19496    0.82198    0.6718
 -0.3327    -0.16189   -0.68534   -0.27168    0.68764    1.0925
  0.090478  -0.34305   -0.12118   -0.68174   -0.48384   -0.011064
  0.10043    0.0067971  0.21252    0.32528    1.2881    -0.61286
  0.42916   -0.48733   -0.24683   -0.38703  ]"
adoring,"[ 1.8428e-01  3.3845e-01  6.4138e-01 -5.5800e-02 -2.1935e-01  2.1465e+00
 -2.2856e-01  2.2894e-01  7.5283e-02 -1.0238e-01 -1.0874e-01 -6.4087e-01
 -1.7397e-01 -7.5070e-01  5.4383e-01 -5.1666e-01  2.6606e-01 -9.1196e-03
  6.1273e-01 -2.1684e-01 -2.6485e-01 -2.8271e-01 -6.9385e-01  1.0900e-01
  9.9766e-01 -1.5433e-01 -5.1301e-01  4.0573e-01  7.8082e-01 -9.3397e-04
  2.3276e-01 -3.0410e-01  7.3073e-01  1.0437e-01 -3.2416e-01 -2.3861e-01
  1.7345e-01  5.0271e-01 -3.1782e-01  3.8234e-01  6.3018e-02  2.2875e-01
 -3.9411e-01  2.0079e-01  4.3990e-02 -5.8500e-01  8.9365e-02  3.1772e-01
  6.5098e-01  3.2558e-01 -5.5998e-02 -6.6188e-01  8.2111e-01 -5.7562e-02
  9.8883e-02  5.4106e-02  1.2920e-01 -2.3823e-01  7.8676e-02 -4.0936e-01
  3.1548e-01  4.6718e-01  2.1929e-01  1.0118e-01 -9.7402e-03  1.3282e-01
  3.5298e-01 -4.6785e-01  3.9696e-01 -1.6033e-01  4.2408e-01  1.0839e-01
 -7.4653e-02 -1.1624e+00 -2.8180e-01  3.5150e-01  2.4808e-01 -4.0981e-01
  7.2385e-02 -4.8340e-02  8.4769e-01  1.3953e-01  4.0770e-01 -7.9221e-03
 -2.6937e-01 -9.5268e-01 -4.2414e-01  5.1900e-01 -4.2107e-01 -7.2156e-01
  1.4452e-01 -2.6314e-01  9.2750e-01 -2.7789e-01  4.3463e-02 -6.9907e-01
 -7.8914e-01  7.3757e-01 -2.4076e-01  5.6131e-01]"
homestand,"[ 0.10199    0.21522    0.98493   -0.41413   -0.46412   -0.23491
  0.76453    0.68211   -1.3742    -0.45544    0.21448   -0.14201
  0.30878   -0.25938    0.66811    0.3961    -0.31843    0.80825
  0.011386   0.35217   -0.032126   0.02667   -0.61173    1.1306
  1.2157    -0.52051   -0.31423    0.6557    -0.56216   -0.10056
 -0.98854   -0.38439    0.60406   -0.026579  -0.18467   -0.50852
 -0.81346   -0.36353   -0.11338   -0.74766    0.81205   -0.12198
  0.039962  -0.14049    0.56371   -0.83297    0.90781   -0.24975
  0.17923   -0.027254  -0.56834   -0.93787    0.11246    0.4345
 -0.0060731 -0.017335   0.40548    0.32328    0.72712    1.1668
 -2.0693    -0.21301    0.46781   -0.24047   -0.48249    0.6696
 -0.21513   -0.025437  -1.111     -0.70315    0.47075   -0.0067389
 -0.025775  -0.391     -0.91911    0.55086   -1.244     -0.024149
 -0.53103    0.32934   -0.73342    1.116     -0.43749    0.41054
  0.035276   0.4857    -0.52436    0.20074   -0.71222    0.92515
 -0.5533     0.032358  -0.22993   -0.16446    0.31379   -0.10254
 -0.37993    0.71476    0.17866    0.9852   ]"
skillfully,"[-0.82051    0.31915   -0.19169    0.26758    0.6901     0.78712
 -0.22503   -0.19883    0.11237    0.033891   0.3231     0.028543
  0.15382   -0.50019   -0.0046217  0.36411    0.25218    0.44882
 -0.022794  -0.61393    0.41087   -0.17949    0.27333   -0.38817
 -0.088578  -0.23079   -0.95267    0.2421    -0.52023   -0.47848
 -0.40709    0.74733   -0.63281    0.16805    0.29907   -0.15595
 -0.11499   -0.19054   -0.10184    0.061989  -0.22066   -0.22507
  0.026729   0.59537   -0.4202     0.0025259  0.22132   -0.24395
  0.54115   -0.0041125 -0.68634    0.095951   0.54642    0.88164
  0.04741    0.2505     0.32104    0.31293   -0.86686   -0.050304
  0.078345   0.57611    0.35395    0.13287   -0.053555  -0.60978
  0.66849    0.32614   -0.024497   0.14342    0.096504  -0.21031
  0.31818    0.20994    0.068397  -0.58451   -0.55482   -0.26105
 -0.068873   0.45615   -0.14024    0.24588   -0.46115    0.48263
 -0.90519   -0.15932    0.07135    0.009643  -0.90874   -0.63917
 -0.63806   -0.069749  -0.37699   -0.56104    0.50453   -0.27328
  0.21694   -0.35562   -0.54628    0.67617  ]"
subsidizing,"[ 1.3614e-01  4.3343e-01 -1.0162e-01  5.2488e-01 -1.0750e-01 -7.7682e-02
 -9.2498e-01  4.0929e-01  3.5405e-01 -2.3677e-01 -3.7089e-01  6.2862e-02
 -5.7763e-02 -1.7703e-01 -1.5663e-01 -6.5589e-01 -2.6484e-01  2.3068e-01
  6.8909e-01  1.7776e-01 -4.7660e-01  8.6233e-01  6.4880e-01  1.7576e-01
  3.3119e-02  3.0932e-01 -5.2596e-01 -6.1189e-01 -3.1782e-01  3.0105e-01
 -1.1680e-01  3.9919e-01  3.6068e-01 -3.4158e-01 -5.5745e-01 -1.4059e-01
 -1.0738e-01 -1.6313e-01 -4.2431e-01 -6.1792e-02  3.9004e-01  3.2874e-01
 -5.8462e-01  8.4622e-01 -3.5606e-01 -1.8392e-01 -6.3303e-02 -5.5875e-01
 -5.7492e-01 -3.0596e-01 -5.7722e-01  2.6921e-01 -4.6840e-01 -2.8079e-02
 -7.1714e-01  6.6286e-01  9.2293e-01  1.0554e-04  7.3381e-01 -8.1957e-01
  2.8860e-01 -1.0818e+00  4.6658e-01  3.6231e-01 -1.5592e-01  1.5066e-01
  3.2288e-01  7.6237e-02  1.4825e-01 -3.5893e-01  2.2570e-02 -8.3115e-01
 -6.1076e-03  3.8218e-01 -4.5139e-01 -9.5367e-02  2.3358e-01  4.8354e-01
 -7.5390e-01  3.3887e-01  7.3283e-02  4.9057e-01 -7.4919e-01  5.3712e-01
 -5.6895e-01  6.8598e-02 -6.0870e-01  3.9990e-01 -1.0168e+00 -3.8559e-01
 -3.1463e-01 -5.7152e-02 -1.5112e-01 -1.0766e+00 -3.7319e-01 -9.3281e-01
  3.2451e-01  5.8517e-01  7.4566e-01 -1.1623e-01]"
seismological,"[ 0.5064    0.18396   0.28847  -0.58433  -0.61288   0.053147 -0.32736
  0.21547  -0.71007   1.258    -0.42323   0.090031  0.36527  -0.26818
 -0.23744   0.18695   0.59106  -0.30382  -0.9194   -0.73079  -0.8594
  0.43855   0.21582  -0.57146  -0.19988   0.038602  1.1798    0.97129
 -0.013734 -0.47918  -0.70965  -0.81671   0.50166   1.5409   -0.44201
 -0.57601  -0.59287  -0.037151 -0.066622 -0.067641 -0.071731  0.52217
 -0.73436   0.7241    0.58605  -0.66183   0.78335  -0.15485   0.24227
 -0.18361   0.68813   0.067747  0.43145  -0.49207   0.051704  0.22565
  0.22407   0.69212   0.52166   1.5114   -0.13351  -0.17609  -0.4869
  0.54099  -0.61781   0.36687  -1.3344    0.10735   1.4699    0.71422
 -0.7941    0.63423   1.7869   -0.6444    0.87821  -0.52883   0.97428
 -0.19033  -0.78931   0.23858   0.23589   0.45414  -0.66427   0.2558
 -0.048012  0.096863  0.62934   1.2345    0.18004  -0.15908   1.9391
  0.54355  -0.55666  -0.68111   0.06773   0.31244  -0.10898  -0.79339
 -0.32431  -0.12575 ]"
abdurrahman,"[-0.14185    0.2426     0.089409   0.20295    0.15685    0.62622
 -0.19996    0.4548    -0.024087   0.44633    0.22491   -0.16039
  0.61913   -0.58419    0.31787    0.10742    0.14468    0.086293
  0.40542   -0.20248   -0.42268   -0.70936    0.64742    0.51442
 -0.73373    0.41155    0.070833   0.067653  -0.15558    0.097682
  0.55154   -0.63754   -0.52789    1.3806    -1.2456     0.76718
  0.60023    0.26958    0.64817   -0.29667   -0.66728    0.91398
  1.6115    -0.65832   -0.54352   -0.0033837  0.033742   0.11116
  0.45244   -0.23252   -1.0528    -0.012849  -0.12632    0.24476
 -0.50279    0.79615   -0.12399    0.5619    -0.013274   0.4443
 -0.45378   -0.2675    -0.020206  -0.27163   -0.34923   -0.11703
  0.72013    0.20257    0.25167    0.14644    0.7429     0.454
 -0.2081    -0.63402   -0.72215   -0.17789   -0.50895    0.34409
  0.24577    0.037507  -0.12452   -1.1327    -0.52228   -0.82727
  0.38401    0.22993    0.02552    1.1391     0.72458   -1.0688
  0.79304    0.29368   -0.87811    0.82234    0.34457   -0.12599
 -0.35559   -0.30772   -0.62839   -0.89519  ]"
tauzin,"[ 0.62261    0.065475   0.14451   -1.1923     0.61178   -0.63277
  0.038196   0.53206   -0.08712   -0.4555     0.054463  -0.37177
 -0.3301    -0.10896   -0.32241    0.29199   -0.23253    0.18677
  0.41827    0.24785    0.38347   -0.21924    0.58878   -0.47172
 -0.44446    0.25917   -0.55932    0.51312   -0.076265  -0.65114
  0.26106   -0.66825    0.082523   0.16168   -0.48836    0.52612
 -0.12101    0.31399    0.56124    0.063658  -0.10093   -0.39547
  0.044043  -0.078558  -1.3401     0.53922   -0.182      0.091766
 -0.014646  -0.92593    0.10027    0.0060237  0.31431   -1.0817
 -0.27428    0.3507    -0.21044    0.025293  -0.67484    0.80314
  0.16364   -0.81906    0.58777   -0.052021   0.082729  -0.24927
  1.3749     0.97096    0.21689   -0.35031    0.76926    0.11137
  0.056325  -0.7497     0.4356    -0.49198    0.14943   -1.0432
 -0.22644   -0.11341   -0.43779   -0.97058    0.44227   -0.39946
 -0.47662    0.69541    0.64363   -0.43642   -0.64945   -0.90266
  0.71543   -0.18283   -0.56835    0.7581     0.11329   -0.19668
 -0.24674   -0.053973   0.3544    -0.95792  ]"
jefferies,"[-0.17656   -0.43114    0.079644  -0.63688    0.012766  -0.88127
  0.21724   -0.038757  -0.036937   0.049042   0.26164   -0.47133
 -0.35782   -0.23991    0.26807   -0.051493   0.24932    0.39533
 -0.0361    -0.077231   0.60655   -1.0842    -0.22996   -0.16445
  0.73501    0.40453    0.073363   0.14306   -0.36138    0.07344
 -0.074731   0.48031   -0.679      0.47232   -0.28936   -0.39353
  0.04659    0.75673    0.70604   -0.5012     0.93128   -0.29711
 -0.55165   -0.076601  -0.094113  -0.0094257  0.17647    0.10669
 -0.37296   -0.11818    0.16517   -0.40081   -0.18232   -0.31739
 -0.89112   -0.35955    0.26368   -0.31609   -0.92193    0.74757
  0.30517   -0.25017   -0.43705    0.28696   -0.92622   -0.40159
  0.94502    0.31188   -0.21887    0.16298   -1.5055     0.87788
 -0.92984   -0.99269   -0.29321   -0.97925   -0.6006    -0.68732
 -0.48323   -0.5157     0.70188    0.23147    0.22089    0.20878
  0.55006   -0.14442   -0.70763   -0.65775   -0.28043   -0.45949
 -0.11358   -0.09785    0.21572   -0.50616    0.14024    0.67589
  0.39021    0.61207   -0.25282    0.92123  ]"
"9,500","[ 0.26923    0.90049    0.16597    0.47702   -0.69434    0.47747
 -0.075269   0.44992   -0.3969     0.44056    0.69128   -0.018179
  0.4199    -0.76919    0.074586  -0.15725   -0.30142   -0.34161
  0.27214    0.15548    1.2916     0.012042   0.5391     0.11477
  0.38789   -1.2343     0.0081049 -0.15398    0.45267   -0.78762
  0.31663   -0.16512   -0.24918   -0.36201   -0.38267   -0.12372
 -0.074095   0.18465   -0.1576    -0.04316   -0.010616   0.30213
  0.077786   0.035554  -0.016487   0.4085     0.037012  -0.60108
  0.096762  -0.013496   0.28439   -0.6959    -0.48783    0.12485
 -0.63345    0.67323    0.69575   -0.971      0.37773    0.046396
  0.91369    0.33617    0.4433     0.33599   -0.34387   -0.072578
 -0.19312    0.024665   0.96452   -0.054133   0.50751    0.02109
 -0.52613    0.31951    0.52094   -0.33091    0.37321    0.46925
 -0.22255    0.57431    0.43068   -0.38467    0.22741   -0.13491
  0.016492   0.22786    0.89377    0.37762   -0.10442    0.10629
  0.15734    0.7869     0.036864  -0.24894   -0.10502    0.02343
  0.040489   0.41624    0.0078215  0.36206  ]"
cools,"[-0.38238  -0.39661   0.56284  -0.22284   0.17836  -0.038311  0.23135
 -0.38439   0.88013  -0.045323  0.68011   0.12432  -0.71719   0.36467
  0.2097   -0.27375  -1.3253    0.28704   0.36802  -0.26548  -0.27904
 -0.47419   0.60148   0.47554   0.20471   0.20897  -0.16455  -0.54633
 -0.1175   -0.32411  -0.45433   0.5456   -0.33548  -0.11074  -0.50254
  0.54195   0.68584  -0.75798  -0.50067  -0.31466  -0.69539  -0.82939
 -0.20341  -0.15434   0.50161   0.76246  -0.092402  0.16749   0.76209
 -0.54039   0.038439 -0.17556   0.061182  0.82078  -0.79056   0.055113
 -0.15352   0.87909   0.13874   0.62882   0.44963   0.16168   0.087714
  0.1822    0.35789   0.21605   0.84095  -1.103     0.37837   0.070783
  0.4819   -1.4563    0.024542  0.49609   0.099174 -0.71304   0.28953
 -0.48468   1.3502    0.11677   0.16454   0.95042  -0.27178   0.28113
  0.59937  -0.75507   0.46546   0.51687   0.3089   -0.13282   0.78264
  0.26766   0.056079  0.6951    0.86759   0.1767    0.43205   0.23368
 -0.60435   0.47549 ]"
nbs,"[ 0.14381   -1.1058     0.49842   -0.81369   -0.22595   -0.67837
 -0.82607    0.72192    0.4985    -0.13208   -0.13595   -0.71004
  0.37232    0.060334   0.44036    1.0237     0.79649   -0.017336
 -0.088443  -0.16662    0.7326    -0.61686   -0.75688    0.62404
 -0.70072   -1.0413     0.99558    0.10221   -0.88232    0.28918
 -0.35546   -0.66661   -0.11531    0.38677   -0.51021   -0.43977
  0.077148   0.97456   -0.040468  -0.88859    0.058923  -0.25007
 -1.4426     1.0356    -0.67574   -0.2578     0.10816   -0.6474
 -0.29989   -1.0833     0.6177    -1.0288     0.61321   -0.36635
  0.23613    0.53391   -0.3922     1.4188    -0.21687    0.33097
 -0.31819   -0.57022   -0.7842     0.81488   -0.21922    0.62417
 -0.49859    0.075165   1.3877     0.2065     1.0585     0.19576
  0.12363   -0.27774    0.055962   0.015813  -0.39989    0.38147
 -0.9341    -0.50845    0.0035269  0.31584   -0.15441   -0.27367
  0.14764   -0.309      0.22265    0.44216    0.28652    1.1135
  1.3314     0.66014   -0.17806    0.2326     0.15978   -1.1433
 -0.13616   -0.54429   -0.35389   -1.0669   ]"
hotspot,"[-0.86175   -0.030889   0.22423   -0.55682    0.35585    0.31337
  0.069831  -0.93483    0.67151    0.21506   -0.55451    0.1188
  0.095663  -0.76204    0.6403    -0.20017    0.58557   -0.3185
  0.049907  -0.43013    0.55387   -0.030931   0.26994   -0.15785
 -0.3204     0.23547    1.0099     0.23528   -0.93907   -0.18053
 -0.0074003 -0.28767    0.30633    0.63449    0.67518   -0.44852
 -0.73373   -0.12504   -0.014824  -0.47566   -0.14101    0.87144
  0.65011   -0.30491    0.7394     0.43572    0.53386    0.084466
 -0.055567   0.083444  -0.21592    0.52196   -0.6146     0.015502
  0.15037   -0.68379   -0.14133   -0.61049   -0.31428    0.63776
  0.046777   0.38562    0.32242   -0.37919    0.10758    0.25934
  0.1032    -0.7005     1.2419    -0.46216   -0.28294   -0.79334
 -0.14386   -0.11296   -0.60056   -1.0059     1.1094    -0.1664
  0.41968    0.27779    0.092641  -0.061757   0.54293    0.28141
  0.39211    0.65311    0.43092   -0.35097    0.67003   -0.13469
 -0.023455   1.121     -0.27044   -0.18403    0.2566     0.32657
  0.43909    0.30881    0.54843    0.23364  ]"
bergamo,"[ 2.4182e-01 -4.5353e-01  2.8191e-01  3.6977e-01 -4.4740e-01  1.3346e+00
  5.7713e-01 -9.3974e-02 -2.1683e-01  4.5147e-01  6.1226e-02 -4.6570e-01
 -2.0505e-01  1.2976e-01  1.9364e-01 -1.7076e-01  6.8702e-01 -1.0640e+00
  1.8941e-01  2.5106e-01  3.0034e-01  1.1660e-01 -7.0441e-02  4.7010e-01
 -1.9873e-01 -6.8577e-02  6.2359e-02  8.3542e-01 -3.8060e-01 -1.3959e+00
 -1.1043e+00 -6.0470e-01  4.9076e-01  2.1518e-01 -3.8389e-01 -6.0665e-03
  6.9261e-01  2.8465e-01 -1.6213e-01  3.6823e-01  6.1297e-03  5.5295e-02
  2.9597e-01 -1.0639e+00 -1.5057e-01  1.2296e-01  6.8179e-01 -2.2932e-01
  7.0318e-01  8.5430e-01 -2.3915e-01 -2.5436e-01 -6.7836e-01 -2.8478e-01
 -9.5588e-01 -5.9077e-01 -1.0874e+00 -3.1732e-01 -6.0184e-01  2.5917e-03
 -1.6200e-01  3.5735e-01 -2.5782e-01  1.9627e-01 -7.7356e-01  5.4717e-02
 -9.6787e-01 -4.4105e-01 -1.0346e-01  5.2602e-01 -2.0152e-01 -2.6354e-02
  1.4185e-01  2.3386e-01 -5.1236e-02 -7.6786e-01 -4.8330e-01  2.8204e-01
  3.2878e-01  6.6083e-02 -2.9938e-01 -6.8731e-01 -1.1124e+00  4.1590e-01
  1.8541e-01  2.7070e-02 -9.7412e-01  1.3859e+00 -6.6193e-01  4.2304e-01
 -1.1857e-01  9.6591e-02 -2.4442e-02 -4.0324e-04 -5.0576e-02  7.2303e-02
 -4.8562e-01 -4.8037e-02  1.0481e-01  2.3856e-01]"
watertown,"[ 0.6129     0.43726    0.2618    -0.55271    0.20132    0.088305
 -0.036172   0.58572    0.057568   0.89565   -0.24674   -0.5701
 -0.36705   -0.13372    0.24646   -0.39753    0.71659   -0.35816
 -0.2624    -0.91716   -0.21743    0.64876    0.014799   0.014669
 -0.083254  -0.41594   -0.35849    0.33378   -0.20853    0.68406
 -0.2194    -0.090784   0.13539    0.056493  -0.6691    -0.017648
  0.22454   -0.47687    0.82502   -0.05141    0.19953    0.064693
 -0.57017   -0.84374   -0.25091   -0.041956   0.70102   -0.52365
  0.071994   1.3498     0.063828   0.076164   0.68116   -0.39999
 -0.34148   -0.34809   -0.034726  -0.59973   -0.28645   -0.7052
 -0.12634   -0.59629   -0.097251   0.048549  -0.17633   -0.14691
  0.92389   -0.14006   -0.042937   0.37193   -0.39074   -0.0067812
 -0.34341   -0.18022   -0.10896   -0.73473    0.60802    0.077573
 -0.29482   -0.23996    0.38134    0.10103   -0.21418    0.52514
  0.25562   -0.24608    0.046526  -0.17256   -0.14932    0.53353
 -0.4797     0.010548   0.53551    0.50694   -0.77823   -0.25395
  0.26446    0.35863    0.011176   0.62996  ]"
gheorghe,"[ 3.3149e-03  2.3532e-01 -3.5355e-01 -4.9588e-01 -2.5007e-01  3.6866e-01
 -1.3715e-01  3.5078e-01 -9.3231e-02  5.1772e-01 -1.0385e-01 -1.1103e-02
 -1.3262e+00 -4.9272e-01  6.5615e-01 -1.2676e-01  2.1498e-01 -3.8399e-01
 -5.5036e-01  5.5608e-01 -1.3421e+00  1.0519e+00 -2.3657e-01  1.1967e+00
 -3.3579e-01 -1.8112e-01  1.1970e-01  3.1814e-01  6.8109e-01  1.1989e+00
 -1.0435e+00  7.3793e-01 -2.3923e-02 -3.4921e-02 -2.3797e-01 -5.0260e-01
  5.5662e-01  1.2702e-01 -8.4819e-01 -4.8834e-01  2.5376e-01  5.2797e-01
  8.0478e-02 -1.4191e-01  6.6315e-01  2.3159e-01 -4.3408e-01  1.3171e-01
 -2.5279e-04  7.3785e-01  8.0311e-01 -8.6497e-01 -4.8129e-01  1.8894e-01
 -5.6747e-01  7.9371e-01 -3.7976e-01  5.7938e-01 -4.5523e-01  7.2462e-01
 -1.7609e-01  4.4707e-01 -1.6736e-01  1.7094e+00 -6.4182e-02  2.2227e-01
  3.1996e-01 -3.1567e-01 -3.3220e-01  1.6955e-01  7.6906e-01 -6.0359e-01
  4.6036e-01 -3.8620e-01 -8.4781e-01  6.0008e-02 -5.0619e-01  1.5594e-02
 -3.0220e-01  1.7060e-01  4.0206e-02 -1.7123e-01 -3.4821e-01 -2.9273e-01
  9.0084e-01  8.0488e-02 -8.1731e-01  3.2700e-01  4.5653e-01 -6.8225e-01
  1.9065e-01 -3.1237e-01 -9.2287e-01  3.0126e-01 -2.1813e-01 -3.2565e-01
 -1.8367e-01 -8.6608e-01 -1.0288e+00 -1.7278e-02]"
destabilise,"[-1.2897e+00 -3.7453e-01  3.9281e-01 -5.8179e-03  3.5077e-01 -8.4466e-04
 -4.3235e-01 -3.9169e-01  6.5222e-01  1.4564e+00 -3.0677e-01  8.1536e-01
  3.2014e-01 -4.2515e-01 -2.1473e-01  2.8375e-01 -2.6469e-01 -4.3788e-01
 -6.0899e-02  2.6173e-01  4.7887e-01 -9.7160e-02  1.0294e+00 -4.9166e-01
 -3.2663e-01 -1.5986e-01 -4.9011e-02  1.8461e-01  2.5325e-01  5.0004e-01
  2.4245e-01 -2.0946e-01 -5.4766e-02 -4.8612e-01 -2.2122e-01 -6.1747e-02
  8.4517e-01 -4.0072e-01 -5.8571e-01  1.5255e-01 -5.9456e-01  6.4871e-01
 -2.8324e-01 -1.3042e-01 -1.4421e-01  4.9754e-01  8.8909e-01  4.9338e-01
 -9.3665e-02 -8.1759e-01 -1.0812e+00  9.7187e-01 -3.5746e-01  8.2398e-01
 -6.5350e-02 -3.5553e-01  6.2726e-01  2.0375e-01 -4.8960e-01 -4.4852e-01
 -4.4906e-01 -1.3259e-01 -1.4937e-01  8.5948e-02  5.8351e-01  5.2132e-01
 -6.1441e-02  3.8952e-01 -7.8460e-02 -4.3989e-01  4.6974e-01 -3.8857e-01
 -4.5720e-01 -7.0130e-01  7.7407e-01 -5.7677e-01  1.0351e-01  5.3861e-01
 -9.4156e-02  9.6178e-01  9.9284e-02  7.8904e-01 -3.6762e-01  6.5020e-02
  7.9537e-01  5.4440e-01 -1.6768e-01  7.0983e-01 -1.1337e-01 -4.0309e-01
 -6.1284e-01  3.5126e-01 -1.8940e-01 -1.0077e+00  6.4408e-01  2.1337e-01
  5.2681e-01  1.9147e-01 -8.1970e-01  4.5283e-01]"
kushner,"[ 0.66453   0.16646   0.053642  0.035123 -0.014825 -0.12539   0.10038
 -0.36385  -0.22315   0.06054  -0.4399   -0.23472  -0.15892  -0.16558
 -0.40816   0.37046  -0.11623   0.33054   0.27717   0.69845  -0.021317
 -0.76429   0.13546   0.36812   0.99065   0.25645   0.37293  -0.35789
 -0.11368  -0.072333 -0.3793   -0.13401   0.39387   0.28636  -0.38132
  0.43876  -0.091459 -0.018164 -0.027818  0.60376   0.50762   0.82626
 -0.48281   0.02085  -0.31436   0.11562  -0.92322  -0.76538  -0.25026
  0.011556 -0.9101    0.32516   0.24016  -0.42511  -0.88419   0.5324
 -0.042947 -0.10066  -0.66208   0.41437   0.70081   0.40291  -0.23093
 -0.70661   0.32535  -0.56159   0.88083   0.69626  -0.11437  -0.088783
 -0.39226  -0.37447  -0.80512  -0.28464  -0.34545  -0.82345  -0.20424
 -0.15005  -0.60632   1.0477   -0.34824   0.089345 -0.63231  -0.59675
  0.051869  0.27274  -0.36135  -0.48461  -0.46823  -0.66165   0.14208
 -0.73802  -0.46917   0.084783 -0.28905   0.51972   0.030404  0.15814
 -0.030967  0.79704 ]"
muck,"[-0.63257    0.27792    0.15616   -1.1362    -0.54398    0.29147
 -0.1429    -0.21346    0.48918   -0.043805   0.50998    0.59901
  0.29358   -0.16871    0.20715   -0.039953   0.16591   -0.024792
  0.15877   -0.44879   -0.72962    1.1803     0.088649  -0.073177
 -0.17303    0.044383  -0.62765    0.26757   -0.041703  -0.81633
 -0.17188   -0.76647    0.3362    -0.07138   -0.69197    0.42207
 -0.019162   0.096997   0.004549   0.62346   -0.38638   -0.30974
 -0.8153     0.097134  -0.48385    0.71231   -0.3086     0.1715
  0.11056   -0.19961   -0.5756    -0.15195    0.16633    0.25219
 -0.67902   -0.051104   0.13327   -0.085315  -0.011957   0.41893
 -0.023522   0.83729   -0.37449    0.19044    0.20326   -0.068062
  0.82231   -0.45441   -0.31758   -0.77591   -0.17859   -0.48531
  0.013596   0.060485  -0.46236    0.20176   -0.050078   0.20997
  0.49977    0.67337   -0.0077871  0.92072   -0.4681     0.54321
  0.39766    0.012826   0.22882   -0.16137   -0.011348   0.07782
  0.25337    0.11421   -0.42879    0.16613    0.93487   -0.29858
 -0.19013   -0.1508    -0.02775    0.33279  ]"
bromley,"[-0.21765  -0.28382   0.0642    0.38601  -0.17325  -0.20895  -0.75934
 -0.16432  -0.27596   0.07122  -0.45311  -0.1131   -0.088956  0.65386
  0.82122  -0.051034  0.15691   0.3593   -0.36324  -0.36503  -0.80532
  0.42166   1.2787   -0.52191  -0.07736   0.34415   0.48053   0.30503
  0.13945   0.38573  -0.27102  -0.00279   0.36707  -0.2395    0.32542
  0.4176    0.29638   0.70378   0.50969  -0.1005    0.19246   0.055136
 -0.24131  -0.21907  -0.37916   0.45967   1.0351   -0.16      0.21843
  1.128    -0.43229  -0.28926  -0.29353  -0.44122  -0.38032  -0.8118
 -0.14343   0.10476  -0.80498  -0.20366   0.74069   0.17085  -0.037334
  0.64142  -0.46173  -0.46433   0.28931   0.25004   0.18968  -0.35236
 -0.99778  -0.52378  -0.59479  -0.55582   0.2718   -0.79076   0.46159
 -0.066237 -0.7826   -0.70418  -0.15515  -0.025773  1.0041   -0.42497
 -0.034744 -0.33294  -0.4053   -0.098665  0.26303   1.2771   -0.50795
 -0.39677  -0.31058   0.78486  -0.14302   0.11783   0.48043   0.81665
 -0.54297  -0.071091]"
crore,"[-0.69248    0.27595   -0.67365    0.64231    0.38724    0.31722
 -0.046384   0.52515    0.19418    0.56971    1.3855     0.81932
 -0.54179   -0.26594   -0.57981   -0.31436    0.31973    0.5149
  0.41931    0.59223    0.69368   -0.27435   -0.81972    0.96434
  0.76899    0.16226    1.3004     0.66112   -0.78996   -0.53867
 -0.19728    0.32791    0.60933   -0.24409   -0.021328  -0.17753
 -0.40395    0.53437   -0.85402   -0.11371    0.40403    0.093176
 -0.12622    0.20445    0.29789   -0.8971     0.19983   -0.88381
 -0.86492   -0.39547   -0.65361   -0.70748    0.75062    0.73581
 -0.6884     0.73875   -1.0893    -0.25741    0.66636   -0.28684
  0.5073     0.49406   -0.97566    0.9794    -0.60237    0.39479
 -0.66812   -0.27876    1.3193    -0.10876    0.85942    0.413
  0.46699    0.21043   -0.50422   -0.21651   -0.11118    0.42055
 -0.64761    0.63034   -0.35408    0.38641    0.41393   -0.19813
 -0.031736   0.51927   -0.33323   -0.42006   -0.0039326 -0.18881
 -0.43273    0.66314   -0.34337   -0.9256     0.072714  -0.31011
  0.98125    1.0302     0.57912    0.14195  ]"
geeks,"[ 0.2142     0.29602    0.96431   -1.4674    -0.64107    0.23307
  0.24238   -0.03826    0.043814   0.34488    0.66574   -0.65049
  0.49833   -0.17601   -0.030334   0.13941    0.5771     0.71021
 -0.14136    0.50781   -0.15777   -0.44642    0.2313    -0.50301
  0.77591    0.34491   -0.016506   0.92567   -0.55115   -0.66372
  0.062252  -0.27874   -0.35603   -0.084155   0.29334    0.56219
 -0.1808    -0.47226    0.52068   -0.29187   -0.45357    0.82589
 -1.0018    -0.42528   -0.30701   -0.8393    -0.20854    0.94098
  0.031748   0.032367  -0.56109   -0.29147   -0.29134   -0.054788
 -0.40602    0.34182    0.19452    0.19373    0.11533   -0.13203
  0.19115    0.053591  -0.64859   -0.54674   -0.30195    0.63994
  1.0721     0.10905    0.1737     0.10636    0.060537   0.32875
 -0.40292    0.062824  -1.5819     0.014514   0.27893   -0.36176
  0.51316   -0.48503   -0.19976   -0.20585   -0.42446    0.62284
 -0.59219   -0.041239  -0.74368   -0.30145   -0.86682   -0.30218
 -0.28673    0.44225    0.069718  -0.36685   -0.43501   -0.44382
 -0.0041161 -0.40827    0.23696    0.61398  ]"
lonesome,"[-0.23265   -0.26201    0.82995   -0.12398   -0.085352  -0.16609
 -0.34101    0.085184  -0.48179   -0.84966   -0.24045    0.64826
  0.47839    0.26699   -0.15894   -0.23462    0.49574   -0.44511
  0.53642    1.3655     0.45971    0.31545   -0.54946   -0.31934
  1.6389     0.72421   -0.87146   -0.20419    0.40789   -0.35752
  0.55832   -0.037684   0.30929    0.96596   -0.35555   -0.048446
 -1.2152     0.55887    1.5076    -0.33615    0.06433    0.29038
 -0.32967    0.48848   -0.18742    0.019668   0.68184   -0.033057
  0.1698    -0.020298  -0.59649   -0.0094375  0.43672   -0.32911
 -0.098581  -0.37211    1.0905     0.45856   -0.26457   -0.21814
 -0.064917   0.91678   -0.39574   -0.88193   -0.11344   -0.2972
  0.69785    0.43646   -0.21346   -0.7055    -0.45721   -0.43793
  0.12396    0.089682  -0.056077   0.11953    0.39675    0.96258
  0.68641   -0.54451   -0.4472     0.1486     0.10905    0.4894
  0.011507   0.85649    0.0073068 -0.77724   -0.090638   0.37577
  0.095236   0.59417   -0.9682     0.77123   -0.4558    -0.4056
  0.093546   0.29807   -0.23683    0.12086  ]"
bottlenecks,"[-0.096823  -0.13221    0.030173  -0.32901    0.3315    -1.5546
 -1.5187     0.085544   0.73712    0.05241    0.034434   0.27228
  0.0092882 -0.37432    0.4487    -0.51285   -0.51207    0.2625
  0.3202    -0.77318   -0.18421   -0.37391    0.78539    0.25274
  0.099937  -0.47713    0.1096     0.098497  -0.11993    0.38418
 -0.41269   -0.75429    0.45044   -0.24206   -0.62419   -0.095736
  0.48501   -0.1751    -0.083074   0.40035    0.14898    0.2315
 -0.69152   -0.12878    0.6581     0.33115    0.5682    -0.25294
 -0.5855     0.33498    0.035409   0.098223  -0.80982    0.42417
  0.45212    0.016748  -0.18015    0.4858    -0.0018361  0.47067
 -0.75148   -0.52394   -0.056734   0.28179   -0.050131  -0.15106
  0.73145   -0.95802    0.80612   -0.63119   -0.083996  -0.43207
 -0.15192   -0.16995    0.99159   -0.070436   0.38037    0.4826
  0.54201    0.67591    0.30563   -0.58643   -0.6714     0.7028
 -1.4664     0.29803    0.13046    0.089421  -1.2158    -0.28765
 -0.14882    0.32203   -0.66256   -0.4571     0.19524    0.085623
  0.8245    -0.45127    0.14859    0.51511  ]"
participatory,"[-0.30181    0.72027   -0.66274    0.30687    0.26091    1.1168
 -0.14177    0.25782   -0.24203    0.63075   -0.36135    0.63269
  0.17797   -0.69202    0.30143    0.57859    0.41468    0.32237
  0.70588    0.50396   -0.30982    0.23231    0.42976   -0.50446
 -0.3836     0.13574    0.77442    0.42956   -0.46419    0.67546
 -0.7632     0.94893   -0.5044    -0.16298    0.48597   -0.66924
 -0.43429    0.60417   -0.31809   -0.57537   -0.39541   -0.54766
  0.015548   0.44176   -1.0364    -0.092806   0.12984   -0.49252
 -0.52796   -0.46834   -0.44798   -0.088741  -0.32674   -0.019337
  0.030663   0.10938    1.0516     0.22203    0.33085   -0.55464
 -0.44536   -0.05053   -0.41465   -0.19973    0.63093   -0.51033
 -0.58453   -0.63629    0.8259    -0.82328    0.70705   -0.15564
  0.029071  -0.32384   -0.32914   -0.25708    0.36292    0.4046
 -0.33143   -0.6405     0.05335    0.56004    0.51595    0.092871
 -0.0872     1.3681    -0.095544   0.15601   -0.0047682 -0.8927
  0.58806   -0.38893   -0.17352    0.096375   0.83227    0.030939
  0.23865   -0.6723     0.49583    0.93891  ]"
cleanly,"[-0.46853   0.24778   0.077446 -0.076114  0.28527   0.33768   0.27034
  0.23187   0.3027    0.97329   0.35982   0.93996   0.31993   0.025587
  0.02922  -0.20038  -0.63977   0.91969  -0.15023  -0.7976    0.87307
  0.22921   0.34397  -0.059731  0.19183   0.17443  -1.1547    0.2786
  0.40182  -0.068988 -0.43451   0.44128  -0.060547  0.1841    0.80767
  0.070487 -1.0582   -0.24578  -1.0729    0.33378   0.51554  -0.048309
 -0.86817   0.37714  -1.0071    0.15016   0.479     0.11638  -0.092281
  0.098251 -0.48973   0.27047  -0.2465    0.42096  -0.12534   0.037483
  0.12176   0.7188    0.32618   0.27344   0.43757   0.44525   0.11654
  0.57623   0.088101 -0.38397   0.80343   0.011279 -0.2342   -0.39328
 -0.19456  -0.038159  0.92533   0.19786   0.999    -0.35581  -0.7633
 -0.46814   0.24266  -0.17641  -0.2174    0.43707  -0.84066  -0.21038
 -0.26498  -0.66089   0.64535   0.55191  -0.58139  -0.33682  -0.24923
 -0.35499  -0.75514   0.19153  -0.084008 -0.29467   0.015936  0.51397
 -0.30343  -0.063076]"
β,"[-1.0806     0.63805   -0.66642    0.84115   -0.51559    0.45911
  0.14527    0.017562   0.24432    0.39974    0.84422   -0.33367
  0.19059    0.71397    0.56707   -0.38661   -0.34378   -0.33439
  0.61854    0.71294   -0.012525  -0.52282   -0.97823    0.88435
  0.25525    0.77552    0.70652   -0.17032   -0.11543   -0.47317
  0.8777     0.51193    0.066868   0.94611    0.66136   -0.84104
  0.82693    0.65521   -0.060726  -0.8175     0.39265   -0.34004
 -0.57459   -0.30326    0.26275   -0.65736   -0.38767    1.0674
 -0.53656    0.77655    0.083335  -0.11541   -0.34354    0.18487
 -0.35494    0.14284   -0.22758    0.28441   -0.059637   1.3903
 -1.0694    -0.32412   -0.71729    0.5706     0.77552    0.94641
  0.091459   0.53458    0.090969  -0.90764    0.093307   0.4999
  0.77487   -0.14636    1.297     -0.60591   -0.42795   -1.2371
  0.30943   -1.4205    -0.24004   -0.71239   -0.67371    0.041744
  0.70145    0.85343   -0.17212   -0.48545    0.24386   -0.06273
 -0.91518    0.86495   -0.28327   -0.33091    0.52273   -0.49745
  0.66898   -0.56613    0.0095561 -0.082108 ]"
pickles,"[-0.96295   -0.1823    -0.28574   -0.86282    0.084311  -0.23438
 -0.046041  -0.55792    0.90852   -0.54183   -0.085187  -0.11011
  0.2578     1.08       0.58974    0.45105    0.26667    0.209
 -0.3889     0.84252    0.15915    0.38181    0.53578    0.57124
 -0.66196    0.83052   -0.23079   -0.0073873 -0.087394   0.25487
 -0.28349    0.183     -0.059474  -0.37294   -0.16063    0.58285
 -0.13857    0.48614    0.20634   -0.93902    0.82249   -0.75871
 -0.057448  -0.274     -0.16161   -0.047437  -0.33006    0.13776
  0.37513   -0.090751  -0.22397   -0.62371   -0.23719    0.13624
 -1.2285     0.19324    0.45181    0.018631  -0.79735   -0.057653
  0.42396    0.51191    0.56767    1.0717     0.24342   -0.75187
  0.37855   -0.34855   -0.49988   -0.74151   -0.11406    0.023573
  0.4378    -0.049332  -0.24978    1.1684    -0.86465   -0.13715
  0.20152    0.080602   0.43939   -0.47224   -0.18782    0.79286
 -0.036623   0.0060125 -0.5492    -0.18926    0.27372   -0.40846
  0.22622    0.421     -0.38907   -0.59322   -0.42633   -0.42245
  0.34919   -0.22005   -0.29162    0.52857  ]"
compressor,"[-0.16425    0.067668  -0.44259    0.033932  -0.1956    -0.18659
  0.27802    0.34629   -0.094665  -0.02539    0.26954   -0.3252
 -0.51213   -0.31995   -0.5483     0.30362   -0.60647   -0.3039
  0.93602   -0.53809   -0.38341   -0.37391   -0.42608    0.2555
  0.65055   -0.27178    0.14179    0.85125    0.79122    0.51515
 -0.227      0.59353   -0.013573   0.24526   -0.23683    0.85698
  1.2047    -0.33473    0.34167   -0.52022    0.75091   -0.017376
 -0.89525    0.040713   0.80942    0.074455   0.43382   -0.45566
  0.46581    0.40141   -0.48961    0.13739   -0.37549    0.71424
 -0.03544   -0.27059    0.27674    0.71124    0.17645    0.44875
  0.66985   -0.70721    0.73835    1.9802     0.35613    0.70572
  0.26214   -1.2929    -0.89623    0.013557  -0.49643   -0.40626
  0.68532   -0.22087    0.1874     0.12032    0.94151   -0.31819
  0.21492    0.22367    0.0076161  0.23334   -1.0732     0.3563
 -0.29443    0.64898    1.0754     0.08036    0.27638   -0.66327
 -0.19889    0.28363   -0.088036  -0.48832    0.93153    0.56597
  0.31255   -0.16891    0.7551     0.086168 ]"
utd,"[ 0.35036    0.44622    0.42307   -0.90726   -0.085781   0.64954
  0.28128    0.58203   -0.70966   -0.025609   0.56515   -0.0066531
  0.22505    0.071051   0.53803    0.44741    1.2304     0.42891
  0.023195   0.32932    0.18457    0.014529  -0.1304    -0.57963
  0.49407    1.6385     0.87521    0.52159    0.42701   -0.29058
 -0.62466    0.82914   -0.59373   -0.48704   -0.39869   -0.11948
 -0.42206    0.51124    0.11151    0.42323    0.099536   0.26289
  0.3517    -0.61922    0.57615   -0.28334    0.33449    1.0574
  0.76105   -0.040645   0.58567    0.54715    0.0037246  0.70367
 -0.27417    0.013344   0.24695    0.29094   -0.71767   -0.70099
 -0.11769   -0.27912   -1.3092    -0.66903   -0.4993     0.77647
 -0.27118    0.69463   -0.09546   -0.14006   -0.44922   -0.45536
  0.58954   -0.69356    0.18137   -1.798      1.4468    -0.52959
 -0.27887    0.59041    0.49722   -0.12789    0.49307   -0.85287
  1.1121     0.26707   -1.173      0.45971    0.35416    0.68809
 -0.45259   -0.043695   0.26517   -0.076976  -0.66087   -0.14371
  0.90223   -0.31019   -0.37325   -1.105    ]"
coronado,"[ 0.19648   -0.58618   -0.3535     0.11752   -0.24126    0.032814
  0.37288    0.69043   -0.116     -0.037074   0.42502    0.57759
 -0.45606   -0.84617   -0.21913   -0.4189     0.36909    0.29613
  0.48844    0.43685    0.15338   -0.74624    0.3527     0.19285
  0.020548   0.52117   -0.94788   -0.71324   -0.041116  -0.34901
 -0.34436   -0.023899   0.3248     0.46023    0.52851    0.087092
 -0.44248    0.45925    0.82703   -0.18683   -0.087531   0.046628
 -0.52178   -0.27595    0.71779    0.64351    0.29943   -0.33418
  0.27247    1.2263    -0.19096   -0.024701   0.38185   -0.60673
 -0.0061637 -0.41645    0.41624   -0.37963   -0.054902   0.45406
 -0.60516    0.24337    0.53758   -0.51191   -0.82405   -0.16916
 -0.10156   -0.37528   -0.17144    0.58927    0.6122     0.49132
 -0.13928   -0.73252   -0.3345    -0.1197     0.63852    0.62186
 -0.51591    0.26191   -0.052767   0.1329    -0.71499    0.44556
  0.86253    0.20825    0.18949    0.2368    -0.022928  -0.322
 -0.61319   -0.031056   0.23796    0.24556   -0.58986    0.25692
 -0.53036   -0.62847   -0.25205    0.58359  ]"
690,"[ 0.70652   0.14301   0.50723   0.23945  -0.22236   0.39269   0.34995
  0.081634 -0.095871  0.074565  1.131     0.78395   0.20927  -0.58179
  0.25944  -0.64055  -0.11701  -0.15365  -0.10327   0.32543   0.64631
  0.2246   -0.072191  0.65167  -0.22895  -0.36313   0.83411   0.74585
 -0.11034  -0.26539  -0.35202   0.29584  -0.25767   0.1185   -0.64505
  0.54652  -0.413    -0.041667  0.028452  0.40836   0.29165  -0.78573
 -0.039545 -0.054144 -0.19347   0.09171   0.47917  -0.5865   -0.33048
  0.35539  -0.45389  -0.19366   0.55624   0.12044  -0.92815   0.19035
  0.64224  -0.4222   -0.30282  -0.44018   0.47804  -0.036991  0.027132
  0.13811  -0.54188  -0.11717   0.091302 -0.4058    0.41004  -0.31882
 -0.19658  -0.63816  -0.20775   0.090648  0.28267   0.55169   0.33563
  0.50724  -0.1093    0.032774  0.13161  -0.60438   0.48719   0.17922
  0.048087  0.72441   0.38578  -0.18474   0.12204  -0.046102  0.27422
  1.0477   -0.14483  -0.32576  -0.3718    0.21843  -0.24611  -0.23872
  0.16066  -0.24663 ]"
yigal,"[ 0.72512   -0.10953   -0.55374    0.13867   -0.24175   -0.49378
 -0.61187   -0.099783  -0.54913    1.783     -0.24699    0.89913
  0.15982    0.22309    0.67338    0.32852   -1.0371    -0.21284
 -0.53371    0.34551   -0.46979   -0.50447   -0.53725    0.36733
  0.3039     0.28122    0.55341   -0.49366   -0.6165     0.011162
 -0.30657    1.1572     0.0031054  0.46108   -0.50267   -0.52354
  0.54101   -0.27805    0.087467   0.13194    0.52049    1.1197
  0.60848    0.91148   -0.12084   -0.81886   -0.39899    0.49254
 -0.44093    0.060467   0.45491   -0.77958    0.67549    0.43212
 -0.7305     0.99613   -0.49505    0.57478    0.54537    0.60142
  0.3259     0.28451   -0.59921    0.0066307  0.66721    0.51585
  1.0156     1.1803    -0.96713    0.73093    0.076737  -2.267
  1.2794    -0.14858   -1.582      0.65044    0.32825   -0.2853
 -0.3231    -0.50968   -0.22033    0.40137   -0.21939   -0.11166
  0.60992    0.36356   -0.61988    0.65033   -0.27273    0.49239
  0.40512   -0.54275    0.49016    0.29518   -0.27893   -0.92248
  0.77379   -0.33811   -1.4938    -0.48985  ]"
shanley,"[ 1.6602     0.47885   -1.0992    -0.47977   -0.19032    1.2269
  0.2178    -0.27723   -0.37326    0.2479    -0.11666    0.56306
 -0.10001    0.20928    0.36997   -0.16104    0.57924    0.16827
  0.17105    0.28866   -0.55723   -0.12554    0.15924    0.93417
 -0.15938   -0.63627    0.27166   -0.11122   -0.41263    0.52622
  0.5883     0.011227   0.37159    1.0352    -0.81133    0.14141
  0.24053    0.025674   0.58478    0.63904   -1.0295     0.1591
 -0.033854   0.0094105 -0.65028    0.34426    0.34408   -0.87112
 -0.25428   -0.19456    0.34216   -0.21421   -0.59849   -0.036326
 -0.36924   -0.10259   -0.21895   -0.5568    -0.29506   -0.086823
 -0.035647   0.15997    0.29379   -0.65487   -0.23808   -0.72255
  0.87063    0.40174   -0.56665    0.53829    0.30316    0.23628
 -0.10656    0.29184    0.63522   -0.82037    0.14943    0.1453
 -0.42495    0.29079    0.19343   -0.48241    0.37564   -0.035488
 -0.48512   -0.57703   -0.18415   -0.027016  -0.50607    0.17453
 -0.66578   -0.37444   -0.10043   -0.057766   0.89431   -0.51843
  0.10845    0.25824   -1.3714     0.043579 ]"
begum,"[-9.0682e-02 -2.7617e-01 -9.1911e-01  9.0844e-01 -5.1571e-01  3.2908e-01
 -2.7173e-01  5.7697e-01  1.3205e-03  1.2777e-01  8.4454e-02  7.6884e-02
 -4.3363e-01  4.8408e-01  3.3436e-01 -1.4585e+00 -3.8177e-01 -5.0882e-01
  1.0532e-01  4.1824e-01 -2.3105e-01 -2.5662e-01  3.2065e-02  6.2414e-01
  4.6133e-01  2.9522e-02  1.3924e-01 -6.9654e-01 -4.6606e-01  6.0624e-01
  1.7076e-01 -4.9149e-02  1.2214e+00  5.5743e-02 -6.9342e-01 -1.8797e-01
  7.8375e-01  6.1138e-01 -4.3242e-01 -4.2004e-01 -2.9559e-02  7.9328e-01
  1.0097e+00 -1.1998e+00  8.2865e-01  1.6741e-01 -4.0114e-01  5.1517e-01
  4.0859e-01  1.9354e-01 -3.2957e-01  4.4653e-01  1.6615e+00  1.1708e+00
 -4.0552e-01  1.0371e+00 -7.6090e-01  8.7032e-01 -8.5275e-01 -6.7643e-02
 -1.4622e-02 -5.1889e-01 -1.4817e-01  5.9620e-01  5.2337e-01  4.1680e-01
  3.2065e-01 -3.6731e-01  1.9024e-01 -3.3811e-01  8.8979e-01 -2.0865e-01
 -1.4694e-01 -3.2149e-01 -2.6260e-02  6.1987e-01 -3.9886e-01 -2.2613e-01
 -2.9019e-01 -9.5010e-01 -3.9866e-01 -6.0589e-01  4.4877e-01 -1.1476e-01
  1.3480e-01 -6.7406e-01 -1.5773e-01  2.0966e-01  1.9878e-01  3.6553e-01
  1.2640e+00  2.0165e-01  4.3902e-01 -2.8934e-01 -4.7611e-03  1.9356e-01
 -2.2175e-01 -2.7605e-02 -2.9616e-01  9.1984e-01]"
waded,"[-0.048236   0.23307   -0.30532   -0.072637   0.012297   0.86006
 -0.14892    0.45502    0.35429   -0.22336   -0.54733    0.046514
 -0.51495   -0.53553   -0.067851  -0.49227   -0.41331    0.38146
 -0.33864   -1.5262     0.60776    1.0007     0.61614    0.21776
 -0.19453    0.28492   -1.3011     0.20883    0.30957    0.1916
  0.20456   -0.34673   -0.15475    0.61049   -0.11904   -0.027896
 -0.43308    0.40616    0.14979    0.87063   -1.0186    -0.60745
 -0.21821   -0.13038   -0.89041    0.81872   -0.6095     0.69741
  0.94477    0.34908   -0.16752    0.20101    0.58661    0.076242
 -0.26436    0.15798    0.15154   -0.34743    0.090309   0.74029
  0.36473    0.70869    0.10493    0.35688   -0.0017205 -0.042232
 -0.13113   -0.67813   -0.068223  -0.21231    0.72       0.037196
  0.032667  -0.055735  -0.45834    0.20945   -0.191      0.2924
  0.26026   -0.44607    0.64533    0.10864    0.15055    0.096644
  0.21795   -0.93132   -0.16823    0.27715   -0.80826   -0.04926
  0.19652    0.040739  -0.72281   -0.26177    0.38989    0.073451
  0.030423   0.1815    -0.0048775  0.40605  ]"
matta,"[-0.41684  -0.86909   0.2866   -0.42419  -0.47015  -0.34184   0.36888
  0.54296   0.69795   0.57951  -0.087135 -0.085814  0.16015  -0.2599
 -0.16717   0.51776   0.86471   0.39555   0.061223  0.53672   0.9962
  0.18089  -0.1163    0.61501   0.17145  -0.25319  -0.33587  -0.33834
 -0.35528  -0.90885  -0.79508  -0.45233   0.26744   0.35316   0.083144
  0.34043   0.25637   0.26688  -0.28681   0.81886  -0.50899   0.26822
  0.58818   0.24756  -1.2472    0.49218   0.20232   0.16735   0.36758
  0.25955  -0.56795  -0.2896   -0.79955  -0.1259   -0.36245   0.51155
 -0.69523   0.63308  -0.3921    0.52671  -0.026154  0.18549   0.11647
  0.5484    0.30154   0.30868   0.21935   0.1166   -0.32307   0.69799
 -0.17341   0.69609  -0.22446  -0.2756    0.093663  0.90476   0.081255
  0.34426   0.20016  -0.056259  0.57997  -0.21796  -1.4973   -0.78347
  0.20396   0.8272   -0.76461  -0.030995 -0.29645  -0.39821   0.36718
  0.25362  -0.38592   0.65983  -0.14383  -0.18679   0.13598  -0.25425
 -0.62468  -0.041688]"
gautam,"[ 0.42485   0.64456   0.60149   0.16651  -0.097389  0.072583 -0.63547
  0.74936  -0.88798  -0.091815  0.36412  -0.38394   1.0004    0.64146
  1.3703   -0.325     0.044363  1.0604   -1.2852   -0.35878   0.16666
  0.031065 -0.48185   0.94833   0.64211   0.53492   0.49558   1.1992
 -0.48755   0.050891 -0.49863   0.05794  -0.61055  -0.28882  -0.49665
 -0.5273    0.16882  -0.10799   0.28241   0.32577  -0.43715   1.3728
  0.55616  -0.62976  -0.14239   0.29259   0.1484    0.82761   0.050185
  0.88137  -0.49125   0.22727  -0.11385  -0.494    -0.45668  -0.36772
 -1.0866    0.62228  -0.14543  -0.31821  -0.44222  -0.64641  -0.24061
  1.7298   -0.12626  -0.27304   1.7185    0.33538   0.52346   0.44472
  0.38295  -0.25341   0.5127   -0.039316 -0.14288   0.30187  -1.4508
 -0.39367  -0.47554   0.13278  -0.47392  -0.41832   0.44287  -0.92098
 -0.0774    0.55038  -0.58597   0.41619  -0.20924   0.48471   0.46733
  0.17301   0.4089    0.048002  0.2594   -0.16315   0.55724  -0.29356
 -0.85046   0.10064 ]"
jaish,"[-0.17171   -0.39599   -0.91886   -0.049632   0.75055    0.56551
  0.36967   -0.16366   -0.67426    1.607      1.1879    -0.20112
  1.0399    -0.085374  -0.24756    0.62476    0.65571   -0.92766
  0.029648   0.58669    0.72434   -0.19509   -0.026648   0.61767
 -0.96572    0.85036   -0.5801    -0.025005  -0.39381   -1.1326
  1.4459     0.039617  -0.73206   -0.63064   -0.070903  -0.050444
  0.819      0.41557   -0.34129   -0.27312   -0.2301     1.5872
  0.70697   -1.0305     0.22653    0.0028567  0.29481    1.7358
  0.028543   0.23114   -0.33169    0.76517   -0.18042   -0.12953
 -1.2938     0.64182   -0.21196    0.54709    0.60261    0.48562
 -0.41185    0.033371   0.82376   -0.13796   -0.18076    0.63392
  1.2812     0.8925     0.036553   0.66079    0.55294   -0.81536
 -0.13931   -0.35807   -0.87525    0.38475    0.34435   -1.7518
 -0.31219   -0.16346    0.34735   -1.8449    -0.11721    0.14872
 -0.47195    0.44348   -0.14979    0.87167   -0.35826    0.87377
 -0.95334   -0.059932  -0.71562    0.27758   -0.016524   0.14258
  0.51844   -0.60101    0.32993    0.1924   ]"
noam,"[-2.2026e-01 -2.4616e-01 -2.1869e-01  7.5418e-02  9.8139e-02  1.8643e-01
 -1.2294e-01 -9.9645e-01 -1.0309e+00  5.5037e-01 -6.5048e-01 -1.5806e-01
 -7.4056e-03 -3.3482e-01  6.9363e-01  5.1739e-01 -4.9618e-01 -3.2564e-01
 -1.0844e+00 -1.9540e-01  2.5144e-01  1.3215e-01  1.3020e+00  1.1854e+00
  5.6859e-01 -2.3144e-01  8.0834e-01 -9.3020e-01  2.5955e-01  7.5256e-01
 -5.5310e-01  7.9951e-01 -1.7839e-01  1.7214e-01 -2.3980e-02 -8.5789e-01
 -2.1629e-01 -5.9000e-01  3.0336e-01 -7.1202e-01  1.2423e-01  4.1125e-01
 -1.2613e-01  7.3188e-02 -2.3877e-01 -1.0600e+00 -6.6564e-01  5.6916e-01
 -3.0469e-01  6.4881e-01  8.9181e-01 -1.3812e-01  5.8604e-02  1.1347e-01
 -5.9006e-01  5.8799e-01  3.1191e-01 -7.6122e-01 -1.0644e+00  1.4249e-01
  6.1640e-01 -1.7180e-01  9.6022e-02 -1.4437e-01  8.1588e-01  1.0779e-01
  9.4723e-01  6.2884e-01 -1.8569e-01 -9.5036e-02 -3.3066e-01 -1.2925e-03
  1.1899e-01 -8.0041e-01 -8.7328e-01  6.4074e-01  4.5190e-01  2.3559e-01
 -5.3839e-01  1.0839e-01  3.1188e-01 -5.9609e-01 -6.9199e-02  4.9208e-01
  4.6295e-01  1.5220e-01  1.9482e-01 -2.6530e-01 -1.9648e-01  4.5071e-02
  1.3363e+00 -3.1910e-01  1.1678e-01  4.6890e-02 -3.7407e-01  2.1723e-01
  6.7615e-01 -3.8866e-01 -4.5655e-01  1.0693e+00]"
scented,"[-7.6366e-01  1.2235e+00 -6.2649e-01 -1.4947e-01  3.6553e-01  8.5249e-01
  1.1407e-01 -1.6814e-01 -7.7807e-02  4.2691e-03 -3.3786e-01 -2.1346e-01
 -1.3746e-03  3.8522e-01  2.6751e-01  2.4449e-01  1.1041e-01  2.5292e-01
  5.5255e-01 -1.5703e-01 -2.3338e-01 -1.9297e-01 -1.8333e-01  8.2634e-01
  5.1588e-01  9.6133e-01 -1.6319e-01 -2.7124e-02 -7.8613e-01  8.0564e-02
  2.4822e-01 -2.3820e-01  2.4846e-01 -1.3154e-01 -5.0489e-01  4.7603e-01
  1.5185e-01  1.4009e-01 -5.9204e-03 -1.3419e-01  6.3252e-01 -8.6300e-01
  2.5277e-02 -5.0151e-01  5.5109e-01  1.6680e-01 -6.4295e-01  5.1914e-01
  2.5104e-01 -4.4622e-01 -4.3330e-01  4.6900e-01  7.2211e-02  1.1500e-01
 -5.6104e-01 -1.5236e-01  5.0679e-01  4.4211e-01 -3.2543e-02 -8.2007e-01
  4.3426e-01  3.9083e-01  9.4062e-02  5.4073e-02 -8.4316e-01 -3.8632e-01
  1.2852e+00 -8.4902e-01 -8.0824e-01 -1.0066e+00  4.1461e-01 -6.6434e-01
  4.3642e-01 -3.1609e-01 -4.5605e-01  6.3766e-01  3.3867e-01 -2.1978e-01
 -2.9293e-01  2.1954e-01 -2.5953e-01 -6.9715e-01 -3.5875e-01  1.5063e+00
  3.3320e-01 -2.3853e-01  1.0186e+00  5.7543e-01  6.4378e-01  1.0914e-01
 -2.7926e-01 -2.5027e-01 -4.3934e-02 -3.5393e-01 -6.0235e-01  3.9047e-01
 -7.0083e-01 -3.8572e-01 -3.7468e-02  6.9894e-01]"
upload,"[-0.58019  -0.68485  -0.28039  -0.1626    0.55308   0.34447  -1.0353
  0.35059   0.40243   0.14903   1.2101    0.55147  -0.19354  -1.2227
  0.58679   0.34881   0.59192   0.37061  -0.3888    0.65972  -0.43231
 -0.51031   0.68127   0.42661  -0.069977 -0.59183   0.19688   0.74282
  0.97197  -0.47697   0.53511   1.4288   -0.9633    0.46618   0.60373
 -0.56521   0.23119  -0.3643    0.039305 -0.77621   0.40311   0.33451
 -0.76963   0.022489 -0.39142   0.37929  -0.05505  -0.7942    0.63395
  0.044005  0.78855   0.17305  -0.25168   0.1055   -0.062486  0.036327
  0.10387  -0.066395  0.55027  -0.76791  -0.098295  0.75845   0.10743
 -0.10526   0.055061  0.41533   0.55427  -0.53146   0.20226  -0.5976
  0.18153   0.084994  0.80959  -0.61717  -0.05563   0.46508  -0.44862
 -1.0484    0.93651  -0.61472   0.026749  0.19289   0.14442  -0.49457
 -0.48985  -0.002252  0.82124  -0.086207  0.27363   0.47808  -0.57312
  0.82006   0.40442  -1.0082    0.37251  -1.1833    0.19558  -0.41163
  0.86094   0.024744]"
imitated,"[-0.12986    0.42083   -0.12055    0.31753   -0.013772   0.65376
  0.17089   -0.85921    0.12025    0.19335   -0.30456    0.11692
  0.25674   -0.4        0.19917    0.14288    0.13234    0.096067
  0.068499  -0.30705    0.17129   -0.025281   0.18322   -0.12151
  0.73614   -0.34456   -0.1758     0.019157   0.14007    0.10185
  0.30576    0.34253   -0.32494    0.18402    0.15977    0.17728
 -0.50893   -0.57573   -0.63216   -0.38192   -0.034418  -0.10714
 -0.60218    0.80287   -0.28795    0.13646    0.79233    0.015554
  0.57536   -0.49556   -0.33524    0.64427    0.35345   -0.02968
 -0.2604     0.34752   -0.32432    0.47202   -0.79366   -0.28912
  0.078412   0.75683    0.39384    0.30613   -0.069228  -0.61901
  0.43217   -0.18227    0.41854   -0.0037205 -0.058682   0.066324
  0.1475     0.080654   0.11109   -0.59712   -0.0813    -0.29003
  0.11998   -0.10717   -0.19833   -0.47772   -0.23946    0.12766
 -0.8989     0.051551  -0.24578   -0.29723   -0.8297    -0.75098
  0.20774   -0.33379   -0.087868  -0.10158   -0.085149  -0.40508
 -0.87888   -0.44625    0.17409    0.29469  ]"
lichtenstein,"[ 0.46031    0.34746   -0.37714    0.35026    0.76646   -0.52404
  0.24595   -0.20654   -0.17394   -0.32355    0.1931     0.028039
 -0.60195   -0.13128    0.29416    0.7153     0.70379   -0.34183
  0.22658    0.30474    0.090984   0.57577   -0.021493  -0.028818
  0.35137    0.16382    0.52568   -0.41023    0.091545  -0.46791
 -0.24981    0.54286   -0.24598    0.81155   -0.63817    0.56006
  0.44265   -0.16409   -0.20274   -0.95516   -0.015752   0.37902
 -0.29186    0.5815    -0.78407    0.52379   -0.1653     0.3307
  0.17679   -0.16392    0.19152   -0.63956   -0.27129   -0.17959
 -0.82996   -0.0792     0.45074   -0.16043   -0.92706    0.46334
  0.44146    0.94097    0.14672    1.2564     0.21109   -0.54721
  0.49606    0.80795   -0.23161   -0.1929     0.044023   0.37325
 -0.013204   0.37264   -0.0068106 -0.31751    0.25394    0.0099318
  0.11529    0.64547   -0.050631   0.25484    0.72714   -0.44775
 -0.085715   0.6197     0.15331   -0.15136   -0.32304   -0.31434
  0.5459    -0.81976    0.21683    0.12839   -0.17039    0.20018
 -0.52047   -0.29083   -0.52353   -0.46512  ]"
990,"[ 1.0159    -0.091308   0.39589   -0.12451   -0.49638    0.47369
  0.45759    0.16927   -0.42453    0.12827    1.1256     0.89584
  0.48877    0.018967   0.30668   -0.71533   -0.066569  -0.27305
  0.72307    0.081412   0.54993    0.30563    0.093733   0.30421
  0.41327   -0.70591    0.62104    0.50227   -0.14881   -0.12702
 -0.3183     0.75006   -0.67724    0.35664   -0.44272    0.39328
 -0.17414    0.2544     0.66134    0.39893   -0.25781   -0.64981
 -0.4809    -0.29069   -0.67882   -0.0084035  0.4266    -0.27755
 -0.46597    0.31842   -0.0443     0.12275    0.32868    0.41561
 -0.69138    0.14813    0.71911    0.022592   0.27311    0.079119
  0.34844    0.22818    0.74575   -0.38438   -0.6516    -0.14595
 -0.36783   -0.55231    0.34749   -0.85415    0.026197  -0.42866
  0.064297   0.042134   0.19621   -0.057507   0.45812    0.68192
 -0.55627    0.17997   -0.17279   -0.28533    0.05645   -0.63835
  0.37603    0.071167   0.67414   -0.3694    -0.07592    0.34956
  0.19762    1.062     -0.50373    0.071388   0.40125    0.19943
 -0.034435   0.15507   -0.17253   -0.84312  ]"
petitioners,"[ 0.1113    -0.14708   -0.30432    0.18269   -0.062596   0.53585
 -0.61034    0.19728    0.30917   -0.41062   -0.14368    0.077346
  0.25077   -0.36707   -0.3817    -0.26487   -0.086905   0.53552
 -0.14079    0.0081304  0.57184   -0.40952    0.096254   0.32153
 -0.18686   -0.15167    0.28742    0.12137    0.1251    -0.19715
  0.76462    0.29555    0.30824    0.39464   -0.19141   -0.0545
 -0.09176    0.52853    0.37402   -0.37463   -0.75124    0.13634
 -0.25741   -0.55189    0.14948   -0.78981   -0.20446   -0.20427
 -0.15258    0.59015    0.47565   -0.34742   -0.004593   0.33912
 -0.24969    1.2686     0.72242   -0.54215    0.22546   -0.15417
 -1.1081     0.19405   -0.038072   0.3201     0.54802    0.095967
 -0.0091184  0.14786   -0.5848    -0.55261   -0.17141    0.45017
 -0.14988   -0.30038   -0.1079     0.58008    0.11114   -0.28047
 -0.50434   -0.51151    0.31905   -0.040086  -0.33382   -0.15765
 -0.51712    0.031617  -0.14069    0.34519   -0.043843  -0.029807
  0.054099  -0.51009   -0.31173   -0.44818    0.31051    0.056834
 -0.41655    0.077768   0.11386   -0.18131  ]"
vlad,"[-0.90522   -0.389      1.0011     0.39987   -0.19291   -0.51786
 -0.32192   -1.0445     0.69257   -0.19859   -0.47294    0.43849
 -0.39381   -0.16138    0.30035   -0.0025677  0.0731    -0.33279
 -0.34191    0.96384   -0.1847    -0.17704   -0.19798    0.83808
 -0.072341  -0.47399   -0.39811    0.63966    0.24654   -0.2438
 -0.20857    0.10135   -0.46829   -0.037253   0.12351    0.31159
  0.17723    0.0608    -0.1176    -0.076139   0.63199    0.61605
  0.1264    -0.63511   -0.71602   -0.080935  -0.75975   -0.52356
  0.90549    0.67029   -0.48475   -0.12254   -0.052869   0.41149
 -1.2163     0.48128    0.24539    0.692     -1.0137     0.2713
  0.32191    0.46003    0.43926    0.66138    0.16172    0.27764
  0.17812    0.076743  -0.93482    0.369      0.5889    -0.99817
  0.0064072  0.023389  -0.65482   -0.10711   -0.67907   -0.56964
  0.0037937  0.099027  -0.11078    0.56453   -0.20895   -1.015
 -0.084118   0.6359    -1.1399    -0.14408   -0.23545    0.10924
  0.89474   -0.86894   -0.0287     0.70166   -0.077574  -1.3564
  0.14701   -0.34772   -0.11208   -0.95461  ]"
ohno,"[ 0.84936    0.169      0.44298    0.01282   -0.098789  -0.89024
  0.10272   -0.19357    0.19953    0.17458    0.86972    1.3055
  0.022363  -0.24755   -0.092244   0.67054   -0.026916   0.41174
 -0.10743   -0.83629    0.03452    0.6465     0.59047    0.91099
 -0.10873    0.88529   -1.011      0.18778    1.2077    -0.22933
 -0.59261   -0.2238     0.23091    0.42227    0.96762   -0.045112
  0.48982    0.65578   -0.28255    0.4407    -0.13957    0.10722
 -0.088254  -0.47556   -0.20438   -0.2632     0.062368  -0.96276
  0.32291    0.65223    0.10613    0.24678   -0.15779    0.01373
 -0.1128     0.28009   -0.37331   -0.0089577 -0.26622   -0.14658
  0.11154    0.22876    0.73037    0.57228    0.16566   -0.18702
  1.0563     0.96298   -0.3529     0.26263   -0.71742   -0.070757
 -0.023816   0.89313    0.28508    0.81443    0.26099    0.081746
  0.14881   -0.17803    0.051565  -0.12681   -0.39132   -0.071839
 -0.18116    0.06484   -0.31253    0.69997    0.28099   -0.68596
 -0.47457    0.12008   -0.38897    0.46882    0.6286    -0.75808
 -0.63194    0.63248   -0.72783    0.88467  ]"
caron,"[ 0.54872   -0.45156    0.014335  -1.1351     0.047435  -0.10452
  0.5609    -0.078976   0.1753    -0.26599   -0.74788   -0.21529
 -0.38644   -0.50112    0.21847    0.35729   -0.30793    0.23415
 -0.75466    0.35558   -0.40019    0.65223   -0.15979   -0.38396
  0.72004   -0.041725   0.27087   -0.10108   -0.15817    0.091966
 -0.5762    -0.052682   0.37326   -0.054619  -0.20394    0.25289
  1.023     -0.11651   -1.0211     0.68404    0.40973   -0.29526
 -0.27423    0.49906   -0.09697    0.50974   -1.1591    -0.83623
  0.66951   -0.50542    0.051871  -0.40397   -0.82576   -0.54471
 -0.098968  -0.14828   -0.079971  -0.019106  -0.9634     0.33003
  0.025216  -0.37244   -0.25447    0.7954     0.26318    0.19984
  0.45055   -0.29987   -0.43592    0.95106   -0.41385    0.0034968
 -0.2817    -0.16997    0.050118   0.097098  -0.15161    0.14725
 -0.43757   -0.18559    0.47902    0.43634   -0.55512    0.051612
  0.61793   -0.033076   0.75971   -0.10097   -0.27918   -0.70938
 -0.72628   -0.1251     0.34598    0.37299   -0.22204    0.073404
 -0.16392   -0.70336   -1.0583     0.6787   ]"
filtration,"[-2.2398e-01  4.1304e-01 -3.1589e-01 -1.9929e-02 -8.3106e-01 -1.3860e-01
 -5.4835e-02  8.3042e-01  7.3014e-02  7.2285e-01 -1.8756e-01 -9.6055e-02
 -1.4547e+00 -3.5954e-01  5.3413e-01 -5.7402e-01  9.2190e-04 -3.6061e-01
  8.2780e-01 -4.7301e-01 -1.0262e+00 -8.6285e-02  1.6695e-01  6.9781e-01
  7.7491e-01  4.0872e-02  4.9213e-01  2.5612e-01 -5.3883e-01 -1.9237e-01
 -1.8925e-01  1.1703e-01  4.8123e-02  8.1419e-02  4.5520e-01 -1.9527e-01
  3.7397e-01 -1.2396e-01  2.1252e-02 -8.2856e-01  2.9650e-01 -6.3694e-02
 -9.7228e-01 -4.9186e-01  5.6145e-01  4.6980e-01 -8.0777e-01  2.8786e-01
  7.2570e-02 -6.4564e-02  3.4625e-01 -7.2492e-02  5.4972e-01  8.5293e-01
 -1.4751e-01  3.1422e-01  5.0735e-01 -7.9167e-02  3.1156e-01  1.5770e-01
  5.7285e-02 -8.1445e-01  4.9124e-01  9.6463e-01  4.7757e-01  5.9194e-01
  3.9793e-02 -6.4260e-01  8.6581e-02 -4.4045e-01 -2.8202e-01 -2.6495e-01
  7.3355e-01  6.0578e-01  3.1080e-01 -2.0492e-01  2.2731e-01 -9.6658e-02
  2.8303e-01  6.9777e-01  8.3030e-01 -8.8188e-02 -4.9910e-01  9.8339e-01
 -5.8883e-01  1.2292e+00  1.2324e+00 -3.3857e-01 -3.8143e-01 -1.8815e-01
 -1.9804e-01 -5.7777e-01 -1.6477e-01  1.8905e-01  4.9101e-01 -2.0694e-01
  2.7925e-01 -2.1483e-01 -2.5332e-02  3.2852e-01]"
recharge,"[-1.2674   -0.080788  0.42104   0.21442  -0.31061   0.1616    0.017046
  0.80181   0.026201  0.048639  0.31553   0.76869  -0.99881  -1.0952
  0.40129  -1.0995    0.09286   0.41444   0.21694  -0.55009  -0.036478
 -0.26885  -0.28705   0.37212  -0.43931   0.19292  -0.92877  -0.35425
  0.62264   0.3391    0.060083  0.1038   -0.41449   0.26713   0.048416
  0.28553  -0.6316   -0.47145   0.26414  -0.56595   0.79021   0.24207
  0.05375  -0.4358   -0.47961   0.47874  -0.4033   -0.3112    0.17313
 -0.62606  -0.37785   0.48772  -0.1055    0.20037   0.82769   0.17723
 -0.082832 -0.47388   0.18174   0.34419   0.27709   0.21046   0.17997
  0.75351   0.33254   1.0903    0.58431  -1.2576    0.62699  -0.66235
  0.70551   0.27853   1.2237   -0.84218  -0.080468  0.39312   0.31746
 -0.41694  -0.45143   0.042641  0.14087   0.24576  -1.0333    0.77207
 -0.12228   1.0034   -0.019197  0.79421   0.035879  0.11664  -0.29061
  0.59601   0.084567 -0.39192   0.15752  -0.16049   0.50171   0.29121
  0.47763   0.51744 ]"
mok,"[-0.85245  -0.34095  -0.71597   0.015652 -0.3586    0.62144   0.36546
 -0.33875  -0.019105 -0.13246   0.2328    1.2793    0.23909   0.35321
 -0.47732   0.15854   0.35309  -1.269     0.11636   0.14144   0.5522
 -0.68998   0.2401    0.15887   0.12077   0.47899   0.34881  -0.71867
  0.21131  -0.11235  -0.015103 -0.2434    0.36906   0.1283    0.46309
  0.82803   0.96361   0.63652   0.3688   -1.0952   -0.3303    0.41561
  0.41911  -0.47477   0.053063  0.2763    0.35888  -0.029348 -0.26234
  0.23717  -0.091188 -1.1524    0.18074   0.95359   0.20741   1.3142
  0.30521   0.49193  -0.25226   0.22395   0.30585   0.32346   0.018331
  0.35378  -0.019257 -0.28184   0.7721    0.50103  -0.14058   1.1191
  0.78599  -0.17709  -0.95761  -0.083578 -0.070102 -0.99242  -0.81108
 -0.047533  0.39258   0.31102   1.0983   -0.40099   0.19294  -0.21712
 -0.09179   0.32214   0.12572   0.031862  0.15544   0.74008   0.072087
 -0.16756   0.26061   0.61949   0.10061  -0.36165   0.59385  -0.58842
  0.19473   0.13867 ]"
pelican,"[-0.12562   -0.076994   0.32097    0.0099939 -0.30871    0.58778
  0.28996    0.4192     0.10255   -0.67362   -0.60165    0.35485
 -0.58019    0.29714   -0.45746    0.50413    1.0456    -0.5404
  0.55969   -0.22657    0.40719    0.43851   -0.65755   -0.082806
  0.47274    0.92584   -0.81054   -0.13808   -0.43157    0.20343
  0.46984   -0.39947    0.20236    0.28883    0.093666   0.57894
 -0.53523    0.63575    0.53805   -0.40213   -0.12062   -0.16245
 -0.66838    0.62352    0.009786   0.37505    0.4907     0.13276
  0.35252    0.72496    0.19617   -0.29367   -0.32441    0.31473
 -0.42538   -0.24083    0.70448   -0.32657   -0.1298     0.63761
 -0.46723   -0.0025408  0.25889   -0.30398    0.34839   -0.047376
 -0.01931    0.047116   0.31474    0.44416   -0.62453    0.12844
 -0.05586    0.32688   -0.074145   0.15472   -0.0036091  0.60438
  0.035175   0.16311   -0.2475    -0.11103    0.38175    0.87045
  0.23043   -0.16611    1.0368    -0.1192     0.74505    0.12256
 -0.12803   -0.41879   -0.2328    -0.5548     0.018357  -0.076333
 -0.53616    0.0026567  0.14834   -0.28395  ]"
2.10,"[ 6.2889e-01  2.7006e-01 -2.4667e-02  4.6180e-01 -4.4891e-01 -3.4600e-01
 -2.2261e-01  2.0882e-01 -1.3214e-01  1.0848e+00  3.0892e-01 -4.7509e-01
 -6.4083e-01 -5.9000e-01  3.0970e-01 -4.2177e-01 -6.1897e-01 -5.1002e-02
 -3.0275e-01  8.5025e-01  2.1479e-01 -7.1689e-01  3.4082e-01  7.8775e-01
  1.5808e+00 -4.0033e-01  2.0056e-01  3.4326e-01 -1.4873e-01 -9.9619e-01
 -1.6824e-01 -1.3303e-01 -1.9784e-01  1.3658e-01  2.0769e-01  8.5587e-01
 -1.7127e-01  1.0396e-02 -8.4860e-03  1.7048e-01  8.1848e-04 -8.8068e-01
 -5.6088e-01 -2.1828e-01 -7.6636e-01  3.0019e-01 -4.4523e-01  4.8511e-01
  1.3838e-01 -1.1819e+00 -4.2493e-01 -6.2486e-01  1.3029e+00  4.1771e-01
 -1.2340e+00  6.6273e-01 -2.2136e-01 -4.8911e-01  6.4245e-01  2.1698e-01
 -2.7372e-01 -5.7245e-01 -6.1523e-01  6.4501e-01 -9.4974e-01 -9.7806e-01
 -5.6487e-01 -3.3027e-01  6.1216e-01  1.1095e-01 -5.9594e-01  2.5366e-01
 -2.9114e-01  5.7827e-01 -8.9498e-02  1.8860e-01 -1.4340e-01 -3.8048e-01
 -2.9291e-01  2.2416e-01 -1.0626e+00  3.8670e-01  7.2316e-01  1.1055e-01
  6.4587e-01 -1.1115e-01  1.2482e-01  8.5321e-01  5.1673e-01  1.5091e-01
 -1.6424e-01  4.5370e-01  5.2628e-01 -8.6645e-01 -1.2816e-01 -7.1777e-01
 -1.4190e-01 -5.0388e-01 -4.1837e-01 -4.6737e-01]"
icann,"[ 0.37212  -0.57948   0.6385   -0.75589   0.28258   0.080359 -0.39998
  0.34994   0.47156  -0.22915   0.35968  -0.40663   0.67036  -0.59442
  0.13377   0.056105  0.31582   0.81642   0.47987   0.072343 -0.93374
 -0.40769   0.38016  -0.018181 -0.43996  -1.1115    0.21916  -0.058304
 -0.594    -0.31308   0.87502   0.61436   0.24771   0.042449 -0.38745
  0.22891  -0.32514   0.24419   0.59703  -0.14517  -0.7155    0.46375
  0.037347  0.04764  -0.42202   0.52925  -0.26571   0.46673  -0.34501
 -0.17386  -0.046924  0.28906  -0.087257 -0.35102  -1.127    -0.16337
  0.32058  -0.46905   0.035192  0.16169  -0.86417  -0.38803   0.80055
  0.3874   -0.18531   0.063909 -0.064968  0.36323   1.0114    0.17451
  0.22353   0.43682  -0.46971  -0.73497  -0.74126  -1.1296   -1.0392
 -0.04105  -0.36743  -0.30767  -0.20704  -1.6122    0.1477    0.31412
 -0.23505   0.08994   0.46693  -0.44179   0.17306  -0.13267  -0.2216
  0.85686  -0.48668  -0.65178   0.90516  -0.066454  0.054589  0.009781
 -0.97836   0.80668 ]"
sejm,"[ 0.37072   -0.25963    0.97794    0.2517     0.66303   -0.18575
 -1.2398     0.62161   -1.3272     0.059602  -0.36939   -0.74967
 -1.0372     0.11888    0.42148   -0.62771   -0.37182   -0.48492
 -0.18788   -0.44201   -1.1935    -0.40304    0.47207   -1.5491
  0.36471   -1.2352     0.34661    0.51405    1.338     -0.26087
  0.5711     0.1367     0.84507   -1.059      0.23009    0.66878
  0.6933    -0.49981    0.75663    0.027394  -0.57685    0.1408
  0.5464    -0.30631   -0.18079   -0.61354    0.42101   -1.0506
  0.22777    0.12546   -1.0402    -0.057596   0.40395    0.23231
 -1.0488     0.62405    0.28216    0.063151   0.37624    0.13883
  0.14361    0.59709   -1.0399     0.97821    0.37353   -0.082836
  0.019887  -0.55618    0.87322   -0.35224    1.3941    -0.35353
  0.2634     0.25281   -1.058      0.0036088 -0.67974    0.48432
 -0.32868    0.35953   -1.453     -0.53876    0.19242   -0.31224
 -0.73021   -0.19913    0.64478    0.091474   0.65287   -0.14609
 -0.38907   -0.04053    0.16633    1.3728    -0.039217   0.17021
  1.0974     0.51392   -0.75819   -1.2678   ]"
handpicked,"[-0.041796  -0.13684    0.78879   -0.6425     0.50293    0.73491
  0.45443    0.13604    0.0055887  0.79681   -0.10371    0.34573
  0.66859   -0.9583    -0.10269   -0.4269     0.40364    0.033845
  0.23087   -0.51261   -0.42327   -0.59417    0.2907    -0.30088
 -0.20428   -0.70737   -0.030191   0.71577    0.68157    0.41227
  0.54564    0.41932   -0.089562  -0.090749  -0.34141    1.0424
 -0.30099    0.31091   -0.66315   -0.34683   -0.16181    0.049617
  0.94018    0.019806   0.12576   -0.06694   -0.48774    0.067741
 -0.55155    0.019609  -0.75919   -0.81175   -0.11632    0.12408
 -0.14189    0.33416    0.49183    0.50656   -0.30734   -0.60136
  0.16044   -0.004559   0.63827    1.1615    -0.15322   -0.52114
 -0.35075    0.48541   -0.0201     0.0021552  0.28379   -0.075301
 -0.40778   -0.46113   -0.60067   -0.4123    -0.66874   -0.098907
  0.05784   -0.45937    0.46084   -0.19846    0.062383  -0.28784
 -0.34709   -0.17978    0.59941    0.29398   -0.53671   -0.78082
  0.17737   -0.015766   0.13927    0.19495   -0.27999   -0.58133
 -0.43802   -0.20523   -0.35342    0.26166  ]"
faure,"[-1.2380e-01  3.1489e-01  1.4430e-01 -7.1319e-01  6.6516e-02  2.2229e-01
  4.3587e-01  8.8703e-04 -5.0438e-01 -1.8256e-02 -2.8144e-01  1.3838e+00
 -6.5855e-01 -1.5390e-01  3.5792e-01 -4.2618e-01 -1.8069e-02 -3.3019e-02
  5.3882e-01  2.0481e-01 -4.2030e-01 -1.3438e-01  1.3207e+00  1.8248e-01
  5.2199e-01 -5.7260e-01 -9.6438e-01  2.9153e-01  1.6526e+00  5.1494e-01
  3.7846e-02 -3.9610e-01  2.9789e-01  6.7199e-01 -2.9397e-01  5.5222e-01
  1.0397e+00  1.6553e-01 -8.3988e-01 -1.1712e+00  2.7484e-01  3.8731e-01
  4.0309e-01 -6.4837e-01 -6.6835e-01  4.9944e-01 -4.8082e-01 -9.2749e-01
  2.9295e-01 -1.8816e-01 -9.0520e-01 -2.7460e-01 -1.1165e-01 -3.0697e-01
 -5.1072e-01  4.2735e-01 -2.9467e-01 -1.0337e-01 -1.0523e-01  1.5023e-01
  2.3108e-01 -6.4073e-01  7.8357e-01  4.1579e-01 -1.0154e-01  6.5137e-01
 -5.0313e-01 -5.5771e-01 -1.1108e+00  6.3353e-01  3.0798e-02  5.7857e-01
 -5.0367e-01 -9.8669e-01  2.8110e-01  1.9967e-02  1.6814e-01  6.4912e-01
 -1.3270e-01 -2.4811e-01  8.2180e-02 -8.9249e-01  8.6450e-02 -4.5615e-01
  3.2643e-01  4.0197e-02  2.9908e-01  4.1789e-01  6.3839e-03 -1.2686e+00
  2.8858e-01  4.7547e-02 -5.2540e-01  3.2984e-01 -4.2146e-01 -3.1602e-01
  4.2285e-02 -1.5198e+00 -1.6360e-01 -3.4684e-02]"
renditions,"[ 0.13586    0.17961    0.42891   -0.25212    0.33255    0.38051
 -0.33552   -0.090069  -0.85205    0.28861    0.32481    0.19373
 -0.1942     0.55978   -0.29847    0.65257    0.119      0.15493
  0.38085    0.57179    0.37289   -0.017049   0.11352   -0.25001
 -0.2771     0.033713   0.073778   0.25588    0.21819    0.15726
  0.06743   -0.75048   -0.3476     0.75437    0.23521    0.51882
 -0.10883   -0.63774   -0.0043326 -0.84358    0.27504    0.017084
  0.12522    1.1955     0.22784   -0.24716    0.025722  -0.87366
 -0.041861  -0.094675  -0.21402    0.59625    0.37496    0.22337
 -0.31285    0.061398   0.59987   -0.082192   0.027442   0.33368
  0.042717   0.60205    0.83708   -0.75459    0.15769   -0.63098
  0.1842    -0.1599     0.13838   -0.75121    0.079403  -0.2359
 -0.2312     0.20102   -0.22864    0.21168   -0.11574   -0.071423
  0.48102   -0.18323    0.4122    -0.17421    0.86462    0.45115
 -1.3856     0.58879    0.14679    0.25678   -0.34318    0.30613
 -0.40902    0.046455  -0.12719   -0.0090856  0.09681   -0.70549
 -1.1054    -0.60002   -0.35125    0.6298   ]"
kohler,"[-0.11313    0.18094   -0.29022   -0.91134   -0.30282    0.076892
  0.13685    0.60275   -0.12254   -0.35795    0.16815    0.12215
 -0.7494    -0.36064    0.14363    0.44306    0.09288   -0.19575
 -1.0034    -0.51373   -0.44903    1.11      -0.061017   1.0842
  0.19346   -0.16685   -0.61086   -0.10324    0.35122    0.47727
 -0.55749    0.095784  -0.94487    0.063032  -0.44462    0.31896
  0.29211    0.16225    0.16382   -0.29161    0.081255  -0.25002
 -0.23366    0.3777    -0.62672    1.2813     0.10944   -0.30573
 -0.18591    0.45545    0.043471  -0.22742   -0.26872   -0.33999
  0.19601   -0.10286    0.34389    0.020062  -0.89524   -0.48779
  0.92736   -0.32507    0.0073466  0.77037   -0.62825   -0.24994
  0.39698    0.38209    0.0974    -0.66429   -0.29137   -0.027962
  0.27288   -0.078741   0.33139    0.06425   -0.15009   -0.083678
 -0.73346   -0.0057686  0.16168   -0.24794   -0.31552    0.31456
 -0.0024762 -0.045003  -0.36806    0.021504   0.14354   -0.78748
  0.1237    -0.30083    0.23246    0.82946    0.27136    0.66514
  0.37927   -0.42948    0.27603    0.55627  ]"
marsha,"[-0.087823  -0.40656   -0.36698   -0.3627    -0.070221  -0.39877
  0.36022    0.4781     0.13158   -0.34673   -0.71194   -0.22658
  0.20571   -0.082627  -0.48822    0.012245  -0.12229   -0.36909
 -0.28706    1.3023    -0.34758    0.29147    0.73271    0.34127
  0.49846    0.43944    0.30792   -0.27957   -0.60723   -0.8962
 -0.27378   -0.19845    0.62492   -0.44416    0.085789   0.092484
 -0.23278   -0.16909    0.66352   -0.0065943 -0.30868   -0.37148
 -0.13677    0.2501    -0.04664   -0.16156   -0.57546   -0.41356
  0.31558   -0.21552    0.39126   -0.5945     0.33964   -0.19933
  0.57621    0.066923   0.51998   -0.15607   -0.68497   -0.56558
 -0.10985    0.21863    0.14679    0.36357   -0.91252   -0.34266
  0.54639    1.1404    -0.33395    0.66844   -0.13877    0.29459
 -0.54536   -0.58468    0.029585   0.42569    0.12985    0.35678
  0.42705    0.28949   -0.16444   -0.35472   -0.50752    0.2699
 -0.30635   -0.35715    0.15285    0.23123    0.1078     0.22507
  0.68106   -0.14083    0.43947    0.48266    0.85005   -0.20151
 -0.27506   -0.30481   -1.0962    -0.28721  ]"
dubbing,"[ 2.9868e-01 -4.7084e-01  1.1758e-01 -3.5931e-02  2.2504e-01  2.4019e-01
 -6.2358e-01 -5.9773e-01  4.1821e-01  2.3530e-01  8.8696e-02 -2.9198e-01
 -2.9940e-01 -2.0087e-01 -5.8713e-02  6.5525e-01  8.8080e-02 -6.6168e-01
  1.0200e+00  6.1886e-01 -4.6424e-01 -2.3480e-02  2.7761e-01 -4.7515e-01
  2.5817e-01 -5.4089e-01 -1.2958e-03  8.2957e-01  2.7136e-01  1.0965e-01
 -2.4578e-01  2.3458e-01 -5.0612e-01 -1.6396e-01 -2.0556e-01  3.5528e-01
 -5.6480e-01 -2.2963e-01 -9.6807e-02 -3.4272e-01 -4.4290e-01  7.4006e-01
 -4.8757e-01  7.2521e-01  4.0446e-01 -2.6639e-01  7.2243e-02 -5.4425e-01
 -6.3449e-02  5.5549e-02 -1.0282e+00  4.7497e-01 -1.2006e-01  6.9922e-01
 -3.8613e-01 -5.5917e-02 -2.3445e-01  2.4807e-02 -5.8857e-01 -1.7064e-02
  3.4227e-01  5.3072e-01  2.2589e-01 -2.4407e-01 -5.6368e-01 -4.9897e-02
  8.9874e-01  2.2559e-01 -2.1245e-01 -1.6509e-01 -1.2569e-01  4.7125e-01
 -2.4655e-01  4.5086e-02  4.7521e-01  3.9072e-02 -6.5276e-01  3.8518e-01
  1.4711e-01 -6.2091e-01 -5.7211e-01 -9.8882e-01  9.1126e-02  8.3861e-01
 -1.3741e+00  3.5457e-01  3.3814e-01  2.0020e-01  2.8817e-01 -2.8645e-01
 -3.3081e-02 -3.9999e-01 -1.2723e-01 -1.3271e-01  6.2051e-01 -2.0287e-01
 -3.0499e-01  3.2465e-01  6.0460e-01  3.1747e-01]"
sloop,"[-0.096668   0.30905   -0.41116   -0.46216   -0.06925    0.048479
  0.87678    0.088004  -0.85742    0.46361    0.11274    0.83838
 -0.1266    -0.088572   0.31151   -0.43458    0.42672   -0.7748
  0.38333   -0.18487    0.85638   -0.12844    0.17316   -0.88799
  0.14995    0.3741    -1.4534     0.18981    0.21768    0.025202
  0.090894  -0.15489   -0.19476   -0.10623    0.28593    0.13737
  0.13902    0.37386    0.86742   -0.4174    -0.38684   -0.3008
  0.094985  -0.29047    0.66554    0.15982   -0.25068    0.17723
  0.30732    1.0947    -1.0617     0.52048    0.95971    0.89182
  0.024593   0.011336   0.25927   -0.41185    0.33589    0.18891
 -0.25236    0.069099  -0.32641    0.88444   -0.15695    0.28482
 -0.85808    0.30303    0.2284     0.48727    0.0058526  0.23395
 -0.073254   0.18876   -0.20033    0.54904    0.7537     0.22856
 -0.34206   -0.37509   -0.35777   -0.52317    0.082171   1.2199
  0.78948   -0.78633    0.3245    -1.12      -0.13283   -0.59112
 -1.1527    -0.084816   0.30643    0.47218    0.90982   -0.63221
  0.25862   -0.49544   -0.38051    0.26347  ]"
londoners,"[ 0.16162   0.43286   0.35898  -0.80222  -0.47345   0.5605   -0.28628
 -0.081419  0.010513  0.008553 -0.2583   -0.11718  -0.12043  -0.21574
 -0.21158  -0.71571  -0.26685  -0.070862 -0.086628 -0.4479    0.94891
 -0.42246  -0.55201  -0.79989   0.36     -0.52636   0.075427  0.53152
 -0.28854  -0.9659    0.037258  0.19193  -0.37514   0.35737   0.47224
  0.095479 -0.15598   0.55138  -0.086452  0.25879  -0.64812   0.11326
  0.061642  0.17234   0.4086    0.47157   0.80617  -0.25491   0.46036
  0.56221  -0.17299  -0.32405   0.094269  0.30249  -0.61958  -0.36143
  0.009295 -0.45517  -0.50367  -0.73718  -0.38328   0.35666  -0.14215
 -0.2635   -0.1418    0.65922  -0.040475  0.17479  -0.29168  -1.1913
 -0.47874  -0.1837   -0.15911  -0.47712  -0.54194  -0.014574  0.32824
  0.23852   0.18607  -0.65061   0.45485   0.37832  -0.35815   0.5993
 -0.43953  -0.39201  -0.47042   0.53282  -0.68757   0.31731  -0.73645
 -0.13339   0.25741  -0.30863  -0.68535  -0.3734    0.20259   0.50043
 -0.57046   0.032521]"
fazio,"[ 0.052619  -1.0343    -0.34393   -0.56778   -0.09865    0.48324
 -0.40185    0.73047   -0.12854    0.34752   -0.18386    0.69539
 -1.0656     0.048342  -0.55298    0.89004   -0.64473   -0.20188
 -0.40736    0.4221    -1.019      0.38403   -0.53383    0.36198
 -1.0652    -0.95139   -0.040225  -0.40038   -0.24464   -0.45813
  0.14223    0.24374    0.17007    0.12735    0.1322     0.54176
  0.37126   -0.20383    0.64803    0.20766   -0.44346   -0.53395
  0.48854    0.36074   -0.36483    0.441      0.49734   -0.2982
  0.14738   -0.099944  -0.45995    0.051484   0.48658   -0.48297
 -0.51007   -0.79006    0.33196    0.093312  -0.67237    0.63955
  0.33925   -0.61867    0.96284    0.19572   -0.22143    0.36422
  0.53785    0.097978   0.38117    0.068169   0.83797    0.29353
 -0.46279    0.10602   -0.19359   -0.65534   -0.45038    0.96199
 -0.096721   0.27145    0.424     -1.8143    -0.76088   -0.49842
  0.25283    0.092658  -0.092654   0.75185   -0.31355   -0.85518
 -0.41605    0.0045325  0.20284    0.5567     0.6574     0.29716
 -0.21581   -0.52189   -0.36477   -0.066791 ]"
smothered,"[-0.59341   -0.2385     0.23947   -0.43283   -0.23322    0.97931
  0.23171   -0.093569   0.43211    0.18025   -0.11723    0.91372
  0.39386    0.50391    0.32597    0.10712   -0.40537    0.031236
 -0.31819   -0.38669   -0.19643    0.49178    0.23107    0.40785
  0.36532    0.66166   -0.65471   -0.05228   -0.5959     0.0066587
  0.2271     0.19443    0.36584    0.81976   -0.14366   -0.24226
 -0.30109   -0.31361   -0.39222   -0.043757   0.19409   -0.42818
  0.12013    0.11122    0.48384    0.1844    -0.040991   0.41025
 -0.04427   -0.2428    -0.60717    0.50134   -0.35468    0.29076
 -0.32866   -0.12295    0.26181   -0.023466  -0.35979   -0.17718
  0.37311    0.43566    0.058569   0.42304   -0.31051   -0.36484
  0.73547   -0.22456   -0.11822   -0.12348   -0.18858   -0.23545
  0.88812    0.64164   -0.27928    0.24296   -0.43118   -0.042689
  0.36591    0.45864   -0.005954   0.73771   -0.063762   0.42745
 -0.0808    -0.66008    0.35232    0.76382   -0.44366   -0.32514
  0.24808   -0.37774   -0.56283    0.012998  -0.64845   -0.35198
  0.17239    0.038902  -0.2955    -0.45087  ]"
tael,"[ 0.056525  0.36548   0.076755  0.5963    1.5095    1.1268   -1.1008
  1.9691    1.0394    0.87567  -0.53922   0.7091    0.031307 -0.64897
  0.29821   0.5225   -0.27667  -0.1399    0.15682  -0.34267   1.5673
  0.37273  -0.66037   0.92481  -1.1253    0.094201  1.5055    0.18118
  1.5432    0.57554  -1.8338   -0.96292   1.6622   -0.11106   1.2581
 -1.121    -0.23499  -0.4338    1.7778   -0.84944   1.9892    0.18575
 -0.013618  1.0122   -1.2872    0.40801  -2.2843    0.81509  -1.1119
 -2.1145   -0.45765   0.19433   1.9457    1.1424   -1.0372    0.7594
 -1.1301    0.6675    1.0562   -1.6199   -0.96011  -0.69501   0.52496
  1.4717   -1.3469    1.6234   -0.3356    1.3792    0.61073  -1.4285
 -1.2085    0.21931   0.80702   0.32456   0.13224   0.57135  -0.52212
 -0.94456  -0.62256  -1.2614    1.3626    1.5023   -0.10305  -1.4817
  0.15274  -0.51574  -1.3816    0.39174   1.2287    0.10093   0.18025
  0.084557  1.7748   -1.3051    0.014843  0.55855   0.31571  -0.36086
  0.016374 -1.4529  ]"
blackjack,"[-0.19288   0.20095   0.56402  -0.45165  -0.33757   0.55223   0.48021
 -0.30421  -0.10833  -0.3308    0.21822   0.12325   0.01094  -0.35875
 -0.12809   0.65458   0.20872   0.50429  -0.23939  -0.13628  -0.4555
  0.22642  -0.27432  -0.42157   0.59969  -0.48119   0.012084 -0.69247
 -0.5715   -0.44305  -0.27999  -0.21672  -0.59976   0.14503   1.1689
  0.70969  -0.38695  -0.10226   0.82184  -1.4352    0.6529   -0.20234
  0.19383   0.096401 -0.87065  -0.27646  -0.10194  -0.25794  -0.58844
  0.26791  -1.5258   -0.043457 -0.20831  -0.34886   0.19565  -0.46422
  0.097375 -0.19372  -0.42922   0.27746  -0.64781  -0.046953 -0.44377
 -0.051228 -0.97193  -0.56251   0.21182   0.39242  -0.037868  0.19934
 -0.85179  -0.7931    0.73221   0.58609  -1.4794   -0.63144  -0.081055
 -0.033244 -0.14858   0.36479   1.6277   -0.44125   0.18574  -0.49035
 -0.04373   0.13579   0.39417  -0.28495   0.3917   -0.11194  -0.68423
  1.2667    0.52371   0.8617    0.56745  -0.95401  -0.099119  0.59296
  1.3974    0.27568 ]"
nazir,"[ 0.35481   -0.070964  -0.54987   -0.12715    0.14502   -0.14154
 -0.42639   -0.13787   -0.71446    0.64772    0.6524    -0.64513
  0.4795     0.42171    1.4085     0.63776   -1.2942    -0.26493
  0.040775   0.94233    0.4528    -0.022332   0.9477    -0.15746
 -0.22956    0.68205    0.27862    0.17525   -0.3153     0.26895
  0.29493   -0.17363   -0.084664   0.078637   0.31307    0.4837
 -0.39858    0.48896   -0.14883    0.37376    0.28378    0.75081
  0.52475   -0.57681    0.5125     0.32896   -0.23818    0.62937
 -0.0095925  0.45739   -0.52843    0.26206    0.068031   0.68543
 -1.15       0.38756   -1.2035     0.42317   -0.78838    0.4072
  0.010263  -0.30208    0.66146    0.34495    0.51709   -0.037407
  0.26885    0.69808    0.21153   -0.067985   0.40395   -0.28279
  0.82296   -1.0156     0.032098  -0.012764  -0.70513   -0.38769
 -0.010958  -0.30321   -0.11515   -0.34781   -0.39094   -0.64763
 -0.30671    0.22438   -0.2345     0.25079   -0.091211   0.39316
  0.2397     0.16246    0.11374    0.10694    0.034476  -0.17919
  1.5608    -0.046869  -1.0284    -0.082278 ]"
lemonade,"[-1.4581e-01  8.5917e-01 -5.1747e-01 -4.4079e-01 -2.3042e-01  7.1793e-01
  4.6117e-01  3.1857e-02 -5.3923e-02 -2.7535e-01  3.3809e-01  1.1152e-01
  6.8748e-02  8.9585e-01  1.0493e-01  1.8331e-01  1.1523e+00  4.3596e-01
  3.0568e-01  1.2464e-01  4.7664e-01  4.3543e-01 -1.6101e-01  3.7932e-01
 -3.7683e-01  1.5866e+00 -1.8961e-01 -2.1814e-01 -4.2320e-01 -6.0055e-02
  4.2089e-01  5.6787e-01  9.0457e-01 -4.6120e-01  1.8429e-02  1.1319e+00
 -1.0064e-01 -4.5324e-01  4.1030e-01 -1.2728e+00  5.7165e-01 -7.9443e-03
  2.1098e-01 -8.7155e-01  1.3452e-01  4.3875e-01 -6.4015e-01 -3.2617e-01
  3.0834e-01 -1.8454e-03  2.7887e-01 -1.7411e-01 -2.9520e-01  7.7329e-01
 -5.1394e-03 -3.2448e-01 -2.7744e-01  4.1862e-01 -2.3688e-01 -2.8945e-01
  7.1636e-02  2.8167e-01 -6.2372e-01  2.8358e-01 -5.4790e-01 -1.3037e-01
  7.4738e-01 -4.3777e-01  2.5848e-02 -1.0303e+00  1.2190e+00  7.4597e-01
  4.8130e-01  3.3716e-02 -2.7590e-01  6.0688e-01 -3.4531e-01 -1.6948e-01
  3.1234e-01 -1.5774e-03 -1.3710e-01  4.3076e-01  2.7938e-02  8.4130e-01
  3.6350e-01 -4.8683e-01 -4.5769e-01  1.2617e+00  7.4525e-02  2.9745e-01
  2.3508e-01  6.4304e-02 -1.2821e+00 -6.6217e-01  3.4531e-01 -5.4534e-01
  4.8448e-02 -3.9098e-02  4.9423e-02  6.0662e-01]"
ratner,"[ 0.63463   -0.76375   -0.32598   -1.0178     0.35368   -0.032679
  0.06201    0.35815   -0.3632    -0.97849   -0.18996    0.056888
 -0.0077717 -1.3358     0.092949  -0.042644   0.62795    0.50134
 -0.38762    0.24432   -0.46523    0.21668    0.27137   -0.0024228
 -0.0577     0.71587    0.70576    0.11322   -1.2694    -0.66266
 -0.75753    0.20084    0.16962    0.41458   -0.48421   -0.37708
  0.21749   -0.01383    0.20046    0.1969     0.35961   -0.16595
 -0.17498    0.25495   -0.36638    0.10068   -0.023906  -0.031759
  0.16653    0.187      0.40782   -0.70345    0.14059    0.1552
 -0.0061357 -0.030774   0.27498    0.46667   -0.36063   -0.17892
  0.75708    0.30153   -0.0016307 -0.20864    0.36735   -0.10258
  0.76116    1.0745    -0.20758   -0.21491   -0.08271   -0.55197
  0.71306    0.055139   0.11896   -1.5141     0.017353  -0.24281
 -0.43327    0.21196    0.34727   -0.043775   0.12668    0.20812
  0.32251    0.48207    0.46121   -0.061753   0.095478  -0.35997
  0.94343   -0.58532   -0.23877   -0.082841   0.080012   0.5712
 -0.083064   0.8784     0.014682   0.091733 ]"
romanticism,"[-0.032229   0.5716     0.52064    0.92399    0.15791    0.33942
 -0.059367  -1.3689    -0.48786    0.43377   -0.63957   -0.05823
 -0.61325   -0.21644    0.5432     0.34446   -0.23661   -0.15902
 -0.026155   0.022927  -0.10098    0.099707  -0.01668   -0.38396
  0.24746   -0.081753  -0.29395   -0.5699     0.058559  -0.78929
 -0.51978   -0.13537   -0.81281   -0.46633   -0.3592     0.19713
  0.22078   -0.18882   -0.30432   -0.089515  -0.11649   -0.27141
 -0.64339    0.79664   -0.10726   -0.6704     0.93046    0.079735
  0.73595   -0.0021184  0.21059    0.60193   -0.1109     0.2083
 -0.31907    0.031655  -0.42727    0.44334   -0.4731     0.34603
  0.57307    0.87754   -0.12795    0.068067   0.23893   -0.4585
  0.46173   -0.59082    0.22761   -0.98594    0.6346    -0.21021
  0.26296   -0.25038   -0.29965   -0.25048    0.24148   -0.013231
 -0.52959   -0.53035   -1.0305     0.25254    0.24818    0.32856
 -0.24498    0.06988   -0.65224    0.028878  -0.36197   -0.26712
  0.10338   -0.52151   -0.41576    0.98789   -0.069242  -0.7053
 -0.050538  -0.9215    -0.53715    0.21104  ]"
potash,"[ 0.50237   0.42712  -0.15114  -0.18701   0.42694  -1.5432   -0.11098
 -0.19509  -0.26288  -0.34062  -0.081061  0.86151  -0.42673  -0.27095
 -1.0366    0.13028  -0.82458  -0.55623   0.079449  0.15256   0.29063
  0.3818    0.52756   0.68936  -0.17246   0.6086    0.26982   0.57563
  0.28837   0.082002 -0.17671   0.63551  -0.29492  -0.86287   0.2656
 -0.08338   0.43128   0.40678  -0.71722  -0.60432   0.31709   0.76051
 -0.63704  -0.3276    0.50617   1.3359   -0.53489  -0.14179  -0.28178
  0.078056 -0.91394   0.047156  0.51476  -0.10184  -0.89009   0.63932
 -0.42755  -0.48645   0.13795  -0.796     0.54046  -0.79154   0.29025
  0.69979   0.88172  -0.33444   1.6361    0.063059  0.10429  -0.69798
  0.2401   -0.47263   0.085819  0.7069   -0.69491   0.41127   0.76874
 -0.2681   -1.2071    0.81578  -0.13625   0.26196  -0.17261   0.33214
  0.38607   0.21822   0.65813   0.17746   0.56415   0.014614  1.0734
  0.072106 -0.86268   0.48501  -0.31535   0.28401   0.49428  -0.42359
  0.66438   1.2086  ]"
ricin,"[ 0.4579    -0.28459   -0.22828   -1.0765     0.023538  -0.36504
  0.70767   -0.13905    0.42427    0.27711   -0.28108    0.18651
 -0.57401    1.3628    -0.47072    0.1509    -0.16497    0.2469
  0.2391    -0.58078    0.67442   -0.58532   -0.98996   -0.55332
 -0.65916    0.65234    0.64489   -0.27473   -0.6678    -0.15883
  0.10361   -0.31614    0.21004    0.24896    0.17006    0.1841
  0.47077    0.01994    0.43752    0.034956  -0.85817   -0.36858
  0.0076528 -0.65656    1.0581     1.0956    -0.32913   -0.19917
  0.077817  -0.097185  -0.089455   0.22846    0.21529   -0.12481
 -0.95602   -0.30905   -0.62872   -0.24693   -0.5788    -1.1884
 -0.66577    1.1115     0.61883   -0.59666   -0.19453   -0.16236
  0.62482   -0.44637   -0.022841  -0.58337   -1.053     -0.7708
  0.17868    0.69422   -0.72223   -0.54821    0.2784    -1.6875
 -1.3558     0.68876    0.32874    0.027317   0.21636   -0.43039
  0.11557   -0.18854    1.2303     0.37854   -1.0737     0.57882
 -0.39268   -0.24845    0.3022     0.3681     0.71432   -0.30713
 -0.28089   -1.07      -0.38899   -0.3713   ]"
wicker,"[-0.55445    0.41489    0.54307   -0.9454     0.52293    0.31877
  0.15445    0.31943   -0.29627   -0.42735   -0.70149   -0.50963
 -0.76671    0.36849    0.22       0.36595    0.12852    0.45771
  0.086835  -0.77148    0.79967    0.12516    0.50324    0.11239
  1.0273    -0.593     -0.28904   -0.80031   -1.0338     0.19232
  0.10588   -0.15218    0.28831    0.038898  -0.14294    0.44374
 -0.029887   0.27854    0.91075   -0.048854  -0.32799   -0.91276
  0.29558    0.1236     0.098966  -0.10182   -0.4404    -0.17589
 -0.38291    0.22145   -0.43353   -0.37025    0.65216   -0.25236
  0.10176   -0.14484    0.71777    0.92554    0.0047943  0.14246
 -0.23313   -0.23562   -0.16627    0.37       0.20405   -0.55937
  1.2361     0.39274   -0.57262   -0.79475    0.21619    0.11
  0.54682    0.42715   -0.17864   -0.30093   -0.11989    0.44496
 -0.2552     0.442     -0.49163    0.3729     0.41114   -0.55441
  0.93568    0.27682    0.23094   -0.35894   -0.25272   -0.22666
  0.15865   -0.95493    0.94362   -0.21866    0.20764   -0.53777
  0.0055672  0.0084783  0.5861    -0.081172 ]"
typo,"[-0.52204    0.6059     1.4065     0.21932   -0.66364    0.44194
  0.74061    0.12573    0.39904    0.89269    0.16727    0.96035
 -1.1469     1.0422    -0.28372    0.66602    0.0068731 -0.52716
  0.028811  -0.24655    0.0016691 -1.0386    -0.039021   0.69255
  0.94169   -0.24767   -1.4511     0.53633    0.51758   -0.46119
  0.3384    -0.28601    0.33065    0.0049847 -0.66587   -0.3498
 -1.1916     0.1635     0.84781    0.038425   0.65752    1.103
 -0.93364   -0.38388   -0.14879    0.10768   -0.71197   -0.33098
 -1.1827    -1.3656     0.82951    0.087385  -0.52965    0.67388
 -1.0186     0.12267    0.31069    0.78768   -0.55046   -0.36915
 -1.0769    -0.036429  -0.55963    0.36185    1.2199     0.5159
  0.10909   -0.37818    0.17544    0.25206    0.33055    0.44436
 -0.015611  -0.70935    0.64504   -0.75123   -0.17023   -0.39499
  0.39899   -0.13823   -0.63699   -1.3317     0.66893   -0.043256
  0.23674   -0.58417   -0.46012   -0.756     -0.50432    0.24046
 -0.48702    0.16407    0.15947   -0.37002    0.16498    0.0087771
  0.016265  -0.59973    0.64498    0.48961  ]"
numerals,"[-0.26717   0.74791  -0.11579  -0.26065  -0.31115   0.8027   -0.63672
 -0.60683  -0.10102   0.44464  -0.72506  -1.3566    0.46816   1.1396
  0.6125   -0.49995  -0.087979  0.56695   0.22114  -0.31531  -0.081159
 -0.4222   -0.78706   0.57187   0.26322  -1.2709    1.0296    0.59917
  0.69582  -0.065882  0.59445  -0.15286  -0.52155  -0.38109   0.36581
  0.45794  -0.34212  -0.13101  -0.22161   0.06621   0.38348  -0.23975
 -0.48068  -0.18447  -0.33263  -0.7629    0.84295  -0.045776 -0.10959
  0.1458   -0.13661   0.19523   0.37548   0.52099  -1.2078    0.39351
 -0.30696   0.20334   0.49678   0.66426  -0.6344   -0.082523 -0.081207
  0.65885   0.0692    0.11944  -0.44241   0.095993 -0.87799   0.17227
 -0.70506   0.64      0.28222  -0.024597  0.14377   0.39158  -0.10339
  0.79167  -0.25039  -0.14498  -0.20222  -0.73607  -1.2221   -0.576
  0.085956  0.23155  -0.089216 -0.78435   0.74517   0.52154  -0.8453
  0.575    -0.51512  -0.2062   -0.028747 -1.147    -0.68994  -0.54696
 -0.62404   0.3809  ]"
segundo,"[ 0.38269  -0.62305   0.07708  -0.15234   0.2349    0.04069   0.72013
  0.56192   0.25893   0.38825   0.18419  -0.78353   0.091474 -1.1783
 -0.3951   -0.35257  -0.28373   0.19349   0.39802   0.21903  -0.079095
  0.1467   -0.1238    1.4377   -0.12741   0.080783 -0.19484  -0.75377
 -0.80288   0.22747  -0.064828 -0.39439  -0.92896   0.77434  -0.66337
 -0.37267   0.38603   0.4168    0.79348  -0.43797   0.54356   0.80233
 -0.53187  -0.67119   0.061243  0.06266  -0.47059   0.13605  -0.47933
  1.0102   -0.3663    0.29477   0.23021  -0.38739  -0.15957   0.095556
 -0.20226   0.40463   0.26554  -0.056356 -0.031151 -0.05709   0.026444
 -0.98998  -0.80571  -0.63492   0.75601  -0.48357  -1.0943    1.1286
  0.6482   -0.14559  -0.71384  -0.66607  -0.44267   0.072102 -0.052498
  0.07209  -0.41227   0.80036  -0.56343  -0.4532   -0.63267   0.59762
  0.062969  0.62456   0.17648   0.11722   0.57877  -0.15133  -0.30884
 -0.16389   0.50381  -0.019245  0.22691   0.43674  -0.92547  -0.64166
  0.52839  -0.38097 ]"
wilkerson,"[ 4.9309e-01 -6.6408e-01 -5.6905e-02 -1.0188e+00  4.9998e-01 -2.9455e-02
 -1.9785e-01  7.9123e-02 -1.4198e-01 -1.1629e-01 -3.6906e-05 -1.5336e-02
 -1.6795e-01  6.4425e-01  1.2130e-01  2.5224e-01 -2.1629e-01  1.1819e-01
 -4.8035e-02  8.3851e-02 -1.4183e-01  1.5058e-01  1.4999e-01  1.4528e-01
  3.1960e-02 -8.7251e-02  3.2699e-01  2.4432e-02  3.0512e-01 -2.1570e-01
 -3.0725e-02  4.1657e-01  1.0019e+00  5.2643e-01  4.5014e-02  3.3800e-01
 -4.2582e-02  2.8965e-02  3.3306e-01  1.0911e+00 -1.3780e-01 -1.7252e-01
  7.8801e-02  4.4308e-01 -6.2129e-01  4.1375e-01  3.8040e-01 -4.2491e-01
  3.0166e-01  2.5809e-01 -3.8975e-01 -1.8074e-01  4.3087e-01 -2.9533e-01
 -6.0054e-01 -6.6244e-02  2.7901e-01 -4.7455e-01 -6.5441e-01  5.8736e-01
 -4.4717e-01 -2.5598e-01  1.8421e-01  1.8532e-01  4.1161e-01 -9.9351e-02
  1.2282e+00  5.9524e-01 -7.3464e-02 -1.0565e-01  2.7338e-01  1.1701e-01
 -1.7403e-01 -3.3575e-01  4.8410e-02  2.3299e-01 -2.6052e-01 -1.2558e-01
 -1.9778e-01  3.5796e-01  2.2159e-01 -1.4908e-01 -1.2098e-01  4.3069e-02
 -8.8542e-02  2.5289e-01  6.0867e-01  1.8917e-02 -1.3617e-01 -5.9099e-01
  8.0172e-02 -2.5197e-01  1.4782e-01  9.0171e-02  4.5384e-01  5.1320e-01
  2.4001e-01  2.7219e-01 -1.0080e+00 -2.4453e-01]"
bf,"[ 0.17364   0.029917 -0.057949  0.53017  -0.89621   0.3359    1.6015
 -1.2033   -0.27703   0.40026   2.2412   -0.015906 -0.37584   0.071158
  0.51471  -0.45372  -0.59137  -0.79905   0.28777   0.4778    1.1735
 -0.1793    0.026982  0.9458   -0.49592  -0.4462   -0.47563   0.32995
 -0.56361  -0.41865   0.13852  -0.080004 -0.21818   1.2481   -0.61303
  0.76707   0.37306   0.31324   0.82858   0.33618   0.089411  0.55154
  0.36999   0.16643   0.91292   0.10398  -0.33853  -0.51309  -0.19736
  0.21498  -0.88721   0.55452  -0.44406   0.27262   0.28868   0.34127
  0.13177   0.77558   0.28974  -0.26024  -0.01139   0.70156  -0.65667
  0.40297  -0.75178   0.48147  -0.034511  0.071223 -0.47229   0.35687
 -0.2903   -0.17511  -0.071235  0.15561   0.42381  -0.45365  -0.27242
  0.818    -0.293    -0.0561   -0.65322  -0.13701   0.2118    0.68362
 -0.08432   0.96043   0.14217   0.17459  -0.27703   0.86694  -0.24895
 -0.57886   0.26644   0.18992   0.86062  -0.35278  -0.57968  -0.30632
 -0.064848  0.025999]"
straighten,"[-0.068332 -0.3316    0.2132   -0.090952 -0.78081   0.19179  -1.0079
  0.4267    0.47661   0.20093   0.58904   0.75504   0.25012   0.61592
  0.022545  0.23618   0.10923   0.27116   0.071555 -0.19711  -0.12946
  0.38493   0.37033  -0.24992   0.19183   0.25815  -1.0191   -0.32643
  0.20678  -0.63393   0.077999  0.075543 -0.12085  -0.39795  -1.2987
  0.53503  -0.17999  -0.32789   0.064533  0.10722  -0.20439   0.22119
 -0.24287  -1.0464   -1.2609    1.1267    0.12641   0.10275  -0.072165
  0.077807 -0.40159   0.51685  -0.056171  0.44437  -0.15345  -0.32928
  0.4235    0.17602  -0.010384  0.34675  -0.1099    0.3924   -0.75579
  0.30581   0.22138   0.41843   0.093457  0.27232   0.13601  -0.37849
  0.58749  -0.031471 -0.096873 -0.73706   0.3339   -0.52043  -0.79526
  0.21437   0.76758  -0.28375  -0.54382   0.24947  -0.50654   0.88272
 -0.31844   0.028369  0.25641   0.47326  -0.83911   0.30094  -0.44532
  0.25006   0.050641 -1.1379    0.47486  -0.28191   0.14566   0.2929
 -0.34839   0.25107 ]"
kylie,"[ 0.29153  -0.69364   0.52276   0.046055  0.27117  -0.048137 -0.21793
 -0.064451  0.29693  -0.41963   0.14539   0.21879  -0.24961   0.42989
  0.1804   -0.21874   0.44583   0.040298 -0.43977   0.82476   0.27712
 -0.49409   0.076042  0.66156   0.65993   1.1851    1.0424   -0.60676
  0.066697 -0.12387  -0.51942   0.22507   0.57977   0.29562   0.62787
  0.3377   -0.53736   0.62144  -0.32917  -0.64862  -0.15003   0.62948
  0.30961   0.74619  -0.14904   0.49136  -0.69749  -0.22366   0.82164
  0.13579   0.30423  -0.17082   0.18352  -0.11955   0.013993 -0.4764
 -0.2168   -0.17935  -0.84863   0.67874   0.25872   0.58102   0.083881
  1.1414    0.10316  -0.11073   0.2854   -0.1313    0.44059  -0.82161
 -0.099726  0.37061  -0.74974   0.24932   0.33837   0.19712   0.93568
 -0.3726    1.0484   -0.17959   0.071987 -0.41926   0.89953   0.71326
 -0.12268  -0.29504   0.57144   0.38425  -0.96891   0.2658   -0.061236
  0.35358  -0.044971 -0.72134   1.0555   -0.0879   -0.039433 -0.30658
 -0.22821   0.096854]"
krauss,"[ 0.3811     0.67259    0.13972   -0.2633    -0.12282   -1.1561
  0.58877    0.6215    -0.3743     0.20758   -0.11902   -0.13679
 -0.29049    0.47347   -0.1454     0.24461    1.1894    -0.27068
  0.2034     0.098496  -0.17201    0.34406    0.27011    0.6942
  0.79831    0.10526    0.18007   -0.1441     0.48173    0.41814
  0.18258    0.10651    0.44537   -0.10535   -0.17287   -0.070011
  0.697      0.068177   0.26626    0.059118   0.14575    0.81692
 -0.66533    0.30998    0.036424  -0.066581  -0.040599  -0.72741
  0.38527   -0.17583    0.44615   -0.49114   -0.52914    0.56545
 -0.91033    0.21493    0.34064    0.47697   -0.95985   -0.058394
  1.1853     0.048139   0.12891    0.18639    0.15718    0.20912
  0.54497    1.0766     0.14934   -0.66836   -0.61442    0.57445
 -0.43376   -0.32823    0.44081   -0.17451    0.30938   -0.68108
  0.61073   -0.029294   0.11949   -0.009673  -0.23597   -0.32211
 -0.078294   0.12739    0.26982   -0.0054802 -0.73621    0.20436
  0.13837   -0.89033   -0.82877    0.67961    0.32809    0.24962
 -0.68735   -0.08321    0.087225   0.61865  ]"
giscard,"[-0.36027    0.14771    1.2639     0.24215    0.58804    0.4559
  1.2707    -0.13151    0.028389  -0.625     -0.48828    0.063829
 -0.96583   -0.84412    0.087347   0.67722   -0.35993   -0.40482
 -0.84193   -1.1422    -1.392      0.53706    0.33838   -0.17658
  0.19521   -1.4131    -1.0792     0.081994   0.43447   -0.73356
  0.3083     0.31361   -0.75922   -0.16362   -0.44245    0.61414
  1.1612     0.12719   -0.41327   -0.5813    -0.89204   -0.55095
  0.0018318  0.45667   -0.25372    1.1823    -0.73759   -0.50994
 -0.99806    0.71628    0.085066  -0.26884    0.041936   0.26724
 -0.41982   -0.30957    1.1183     0.11359   -0.77482    0.030139
  0.075692  -0.40556   -0.77946   -0.53779    0.18636    0.096638
 -0.096242   0.16146   -0.58694    0.023111   0.42004   -0.29136
  0.34445    0.61479   -1.0228    -0.9058    -0.22704    0.76314
 -0.1817     0.69198    0.21726   -0.69326    0.47228    0.46679
  0.26512   -0.74866    0.52125    0.7258     0.027148  -1.1958
  0.63713   -0.13221    0.44914    0.72997    0.29818   -0.42508
 -0.89388   -0.1894    -0.56443   -0.32124  ]"
prachanda,"[-0.47427   -0.6989    -0.52251    0.66154    0.24137   -0.44453
 -0.30137   -0.0036588 -0.28435    0.34901    0.98851   -0.098717
  0.92495   -0.59289    0.062818  -0.051832   0.22132   -0.34489
  0.01226    0.41888    0.63605    0.1715    -0.073567   0.93225
 -0.23946    0.068318   0.022147   0.64496    0.16125   -0.29738
  0.43814    0.086095  -0.6602    -0.30655    0.32788    0.63317
  0.15008    0.16612    0.30203   -0.41372   -0.40552    1.2821
  1.8662    -0.79809   -0.51423    0.27446   -0.24566    0.44641
 -0.092074   0.98775   -0.45927    0.25376    1.3143     0.84798
  0.10333    0.3878     0.092821   1.4751    -0.39109    0.14474
 -0.18771   -0.090931  -0.53326   -0.68126    0.41177    0.24918
  1.0072     0.022222   0.88778   -0.70495    0.42852   -0.41173
 -0.68214   -1.2583     0.088778  -0.17273   -0.67463   -0.56356
 -0.45537   -0.37582    0.5452    -0.95739   -0.36392   -1.8694
  0.53272    0.39347    0.025323   0.091683   0.55577   -0.14733
  0.22052    0.12226   -0.19811    2.0476    -0.54921    0.027102
  0.40518   -0.38901   -0.051415  -0.17458  ]"
quandary,"[-0.096547   0.53553    0.78556   -0.067406  -0.60985    0.37333
 -0.31973   -0.40875    0.30619   -0.25737   -0.36218    0.47349
 -0.22039   -0.12615   -0.25498    0.06958    0.19466    0.35546
  0.10662   -1.0753    -0.51387   -0.11169   -0.076524   0.1096
 -0.096499   0.11654    0.42234    0.36211   -1.0914    -0.56155
 -0.029745  -0.41194    0.30397   -0.20136   -0.26486    0.74205
 -0.29135    0.31531    0.14694   -0.51695   -0.16265    0.63398
  0.42288   -0.39142   -0.34963    0.14933    1.0375     0.52379
 -0.60778    0.84798    0.081452  -0.34528    0.01251    1.12
 -0.0023934 -0.60507    0.44332   -0.54902   -0.4694    -0.083656
  0.10474    0.069111   0.15323   -0.39954    0.44274   -0.39383
  0.15447    0.012238  -0.59299   -0.15422   -0.17434    0.17934
 -0.85731    0.18416   -0.11417    0.27988    0.15827   -0.12657
  0.31439   -0.051314   0.053929  -0.47448   -0.049919   0.17695
 -0.0065647 -0.46302   -0.23428   -0.037002  -0.53591   -0.72983
  0.03153    0.48254   -0.61921   -0.543      0.43716    0.46385
  0.28457   -0.40928    0.48425    0.4958   ]"
minimise,"[-1.1241   -0.68238  -0.699     0.59297  -0.50259  -0.033234 -1.0791
 -0.46948   0.46238   0.51515  -0.21109   0.51823   0.040543 -0.51479
  0.41515  -0.36981  -0.34922   0.071453 -0.23232  -0.1179   -0.23743
 -0.28925  -0.072703 -0.26662  -0.27118  -0.027273 -0.25033   0.6332
  0.085605 -0.43597  -0.45429  -0.18766  -0.46815   0.41691  -0.52563
 -0.25146   0.074685  0.1801   -0.5464    0.013882  0.028235  0.23737
 -0.57053   0.21097  -0.23098   0.86537   0.37089  -0.22779  -0.69279
 -0.12983  -0.12441   0.19384  -0.59184   0.91952  -0.2023    0.14389
  0.21058  -0.29605   0.21733  -0.88925  -0.65848  -0.19834  -0.70267
  1.0784    0.44128  -0.069817 -0.15317  -0.7373    0.24287  -0.85559
  0.059108 -0.8506    0.059874 -0.25396   0.75271  -0.025046 -0.06923
 -0.41285  -0.056803  0.64606  -0.075865 -0.4786    0.081908  0.69747
 -0.57186  -0.26287  -0.14102   0.63385  -0.2806    0.32631  -0.77189
 -0.062572  0.22542  -0.79412   0.23412  -0.09617   0.68715  -0.2705
 -0.1141   -0.41697 ]"
conventionally,"[-1.0503    0.9243   -0.19595   0.3592   -0.13332   0.012152  0.38239
 -0.28111  -0.07279   0.66433   0.13238   0.092859  0.78702   0.23005
  0.83898  -0.78298  -0.37173   0.37338   0.35516  -0.3074    0.75542
 -0.3926    0.26365   0.023519  0.18582  -0.31123  -1.0675   -0.25648
 -0.16445   0.014699  0.19516   0.13337   0.22465  -0.51887   0.86162
  0.63019  -0.54952  -0.57286  -0.2298   -0.25661   0.46158   0.23718
  0.092817  0.086924  0.16949  -0.39628   0.28983   0.10726  -0.057866
 -0.15772   0.12312  -0.63031   0.94553  -0.09697   0.00216   0.71073
 -0.12768   0.15965  -0.002855 -0.17372  -0.033492  0.81591   0.16172
 -0.064474  0.41885  -0.1875   -0.18674  -0.13395   0.14284  -0.27143
  0.31222  -0.11278   0.42899   0.79931  -0.2715   -0.56664  -0.20146
 -0.28146  -0.89475  -0.43719  -0.55328  -0.66575  -0.66473   0.66457
 -0.22038   0.31266   0.14631  -0.29284  -0.38788  -0.73721  -0.77203
  0.29876  -0.54889  -0.69626  -0.37153  -0.33229  -1.0375   -0.42084
 -0.45585   0.12099 ]"
misconception,"[ 0.12739    0.68566    0.70514    0.22001   -0.47035    0.31126
 -0.0048343 -0.63369    0.61469   -0.40215   -1.0541     0.76418
  0.36711   -0.68258    0.53896    0.32805   -0.25733    0.45459
 -0.11686    0.25534    0.1843     0.14232    0.11937    0.088568
  0.14541   -0.27481    0.90574    0.10565   -0.16684   -0.29954
 -0.29874   -0.0067861  0.89888    0.37311   -0.36072    0.95465
 -0.30651    0.26203    0.57255   -0.52192   -0.1235     1.0508
  0.29275   -0.20868   -0.12015    0.091952   0.81416    0.12893
 -0.94798    0.11177    0.020539   0.33513   -0.12779   -0.22695
 -0.26696   -0.30945    0.52041    0.25197   -0.12578   -0.45109
 -0.046739  -0.27832    0.29725    0.66213    0.37944   -0.20579
  0.12011   -0.79224    0.36716   -0.37144   -0.12497   -0.031633
  0.1848     0.40111   -0.31216    0.57282    0.16055    0.046443
 -0.63818    0.4154     0.075532  -0.77624   -0.20099    0.17187
 -0.35645   -0.17585   -0.27561   -0.16359   -0.57556    0.15029
 -0.50299   -0.3889    -0.40385   -0.14384    0.4008     0.1403
  0.014089  -0.78189   -0.12573    1.1569   ]"
φ,"[-0.53306    0.046823   0.16006    1.2542     0.18959    0.55476
  0.069478   0.36104   -0.18826   -0.76086    0.33205   -0.14424
  0.44845    0.51713   -0.061547  -0.19031   -0.48779    1.0168
  0.42704    0.26672   -0.14728   -0.60403   -0.5771     0.38146
 -0.55783    1.471      0.66295    0.25306   -0.14394   -1.5783
  0.27336    0.91335    0.085321   1.0083    -0.0078601 -0.79024
  0.46375    1.2574    -0.49526   -0.29581    0.1752    -0.081962
 -0.042293  -0.38227   -0.27613    0.16569   -0.95446    0.9594
 -0.91166    0.43093   -0.16719   -0.4041     0.80564    0.2976
  0.085486  -0.16909   -0.047952   0.10406   -0.010558   0.22772
 -0.91219   -0.72083   -0.68095   -0.23539    1.1009     0.73818
  0.51158    0.62796   -0.32065    0.029908  -0.91273   -0.032121
  0.59962    0.29146    1.49      -0.70924    0.22104   -0.30527
 -0.017163  -0.33192   -0.05918   -1.4431    -0.60839   -0.67348
  0.51636    1.3353     0.37136   -0.88482    0.26848   -0.57393
 -1.6829     1.3577    -0.27541    0.32746    0.95148    0.023512
 -0.10114    0.063112  -0.17003   -0.1663   ]"
erick,"[ 0.42802   -0.20983   -0.59901   -1.4057     0.23322   -0.27061
  0.55788    0.10084   -0.415     -0.31496   -0.027474  -0.30681
 -0.11898   -0.61977    0.43116    0.0076703 -0.29295   -0.31181
 -0.64484    0.3283     0.29434   -0.016967   0.72461    0.22971
  0.46153    0.04242    0.11029   -0.039661   0.29961    0.049661
 -0.53549   -0.3462     0.30135    0.85349   -0.5182    -0.57519
 -0.070238   1.057     -0.41285   -0.18903    0.51971    0.53473
  0.51062    0.036714  -0.68472    0.051603  -0.83167   -0.41629
  0.18693    0.17062   -0.2178     0.74492   -0.83283   -0.69191
 -0.0074377 -0.2045     0.50857   -0.21475   -0.45098    0.80988
 -0.096001  -0.010455   0.23928   -0.21736   -0.52967    0.25621
  0.39858    0.16589    0.32573    0.14173   -0.0078599 -0.25061
  0.82519   -0.34636    0.15251    0.36309   -0.044636  -0.14544
 -0.14589    0.24819   -0.69226   -0.24368   -1.0799    -0.20421
  0.45848    0.049178   0.72982    0.42469    0.35153   -1.0586
  0.24881    0.22363   -0.37936   -0.34141    0.2237    -0.053908
 -0.029797  -0.54659   -1.2541     0.032048 ]"
gaal,"[ 0.37761  -0.32348  -0.17717  -0.57099  -0.18833   0.21902   0.30458
 -0.18676  -0.10499  -0.41413  -0.043244  0.33776  -0.55151  -0.68048
  0.81007  -0.30164  -0.20039   0.064993 -0.006594 -0.19493  -0.16084
  0.34596  -1.7815   -0.11164  -0.15713  -0.72162  -0.65713  -0.25404
  0.22257  -0.17096  -0.94801  -0.075012 -0.87178  -0.19535  -0.36395
  0.39065   0.46033   0.44669  -1.063    -0.64322   0.46806  -0.23236
  0.63546  -0.36458   0.41593   1.0406    0.79094  -0.38483   0.2459
  0.27297   0.37061  -0.48198  -0.63174   0.29303  -0.035373  0.013601
 -0.056462  1.0046   -0.79482   0.64385   0.78065   0.089431 -0.01645
 -0.31789   0.044428  0.36604  -0.40237   0.60964  -1.3012   -0.54965
  0.22348  -0.33882   0.34991  -0.872    -0.23852  -0.34218  -0.018799
  0.56216  -0.13989  -0.046504  0.77417  -0.011963 -0.69186  -0.21618
  0.053916 -0.40732  -0.28885   0.21667  -0.72146   0.25335   0.17809
  0.25219   0.20751   0.60084   1.0082    0.42289  -1.0331    0.50152
 -0.17011  -0.23884 ]"
udf,"[-0.18928    0.21862    0.16996   -0.43433    0.10318    0.77804
  0.84927    0.36711    0.64641   -0.11797    0.19836   -0.1525
 -0.55161   -0.14603   -0.38831    0.1079     0.0076614 -0.87676
  0.82891   -0.64446    0.24747    0.53246    0.6136     0.3921
 -0.087787  -0.75074    0.57453   -0.87354    1.1704    -0.5202
  0.66996    1.1314    -0.31208   -0.034157   0.84687    0.25809
  0.85637    0.73945   -0.33324   -0.45765   -0.57256    0.19443
  0.95964   -0.13496   -0.16012   -0.18014    0.11491   -0.024755
 -0.82811    0.65543   -0.13044   -0.33743   -0.63523    0.019017
 -0.36827    0.63985    0.052431   0.85673   -0.044189   0.44791
 -0.13878   -0.42948   -0.13737    1.6565     0.073145   0.28637
 -0.33914   -0.21396    0.14902    0.32382    1.2108     0.7711
 -0.60655   -1.2715    -0.056751  -0.4979    -0.47197    1.0988
 -0.23674    0.50592   -0.33999   -0.2351     0.21763    0.066046
  0.18856    0.32049    0.28603    1.6899    -0.047716  -0.48157
  0.20871   -0.15548   -0.33736    0.30367    0.35075    0.051717
  0.60704   -0.30095    0.13242    0.3195   ]"
24.2,"[ 1.1709     1.0467     0.45501   -1.0715    -0.045803   0.52961
 -0.051172   0.04014   -0.19313    0.65288    0.69829    0.63783
 -0.41193   -0.58834    1.6541    -0.20761   -0.43996   -0.15902
 -0.57247   -0.015876  -0.30382    0.78871    0.40701    0.69924
 -0.38683   -0.41097    0.40522    0.7004    -0.059037  -1.3203
  0.65829   -0.17717    0.37138   -0.5431    -0.37443    0.94502
  1.3997     0.070131  -0.52195    0.5622    -0.13325    0.48099
 -0.20831    0.5683     0.16689    0.015935  -0.33193   -0.86437
 -0.6006    -0.82174   -0.29274   -0.46232   -0.012291   0.087837
 -0.37579    0.2995    -0.54246   -1.049     -0.23463   -0.47064
  0.34365   -0.54186   -0.68731    0.89042   -0.8961     0.39326
 -0.036671  -0.86444   -0.071367   0.42976   -0.32705   -0.24433
  0.20277    0.09118   -0.53964    0.27454   -0.5743     0.10566
 -0.15171   -0.42358   -0.0084775  0.27063    0.10688    1.5033
  0.37403    0.078461   0.17154   -0.43756    0.37215   -0.18601
  0.13746   -0.044786  -0.3056    -0.67286   -0.027214  -0.76136
 -0.22858   -0.64112    0.22761   -0.33372  ]"
kearns,"[-8.8874e-01  1.0843e-01  3.4733e-02 -4.4136e-01 -2.1554e-01  4.4190e-02
 -1.7383e-01 -1.6995e-01 -2.8230e-01 -5.0426e-01  1.0061e-01  2.7795e-02
 -2.1511e-01 -4.2502e-02 -5.9772e-01 -4.2248e-01  4.1191e-01  1.0250e+00
 -9.4429e-01  8.0205e-01  2.8697e-01  4.9147e-01 -3.4151e-01  4.7074e-01
  5.7896e-01  2.9739e-01 -3.5267e-01 -5.0993e-01  7.2897e-02  1.0322e-01
 -2.5693e-01  3.8524e-01 -1.1617e-01  1.5660e-03 -6.6066e-01  7.0593e-02
 -7.0609e-01  5.0966e-01  3.6636e-01  4.5208e-01 -4.2014e-01  1.0612e-04
 -2.1971e-01  6.5277e-01 -3.3453e-01  2.3160e-01  1.5150e-01 -4.0434e-01
  5.7008e-01  3.4023e-01  4.2391e-01 -2.8322e-01  3.3879e-03 -1.4274e-01
 -5.0840e-01  9.5664e-02 -4.6411e-01  3.3189e-01 -5.8240e-01  5.1018e-01
 -1.8290e-01 -2.2374e-01  3.1529e-01  9.9633e-01  1.1817e-01 -5.8511e-01
  6.6665e-01 -4.6928e-01 -2.8841e-01 -2.2365e-01 -2.1463e-01  5.7029e-01
 -2.0156e-01 -4.9174e-01 -2.6077e-01 -2.8171e-01  9.7780e-02 -4.0431e-01
 -1.0546e+00 -2.4887e-01  9.7416e-02  1.2540e-01  4.8416e-01  4.6067e-01
  7.6210e-01  2.9983e-01  4.8848e-01 -2.2463e-01 -2.1212e-01 -4.9476e-01
 -1.9391e-02  1.6732e-01 -6.3357e-01 -6.3800e-02  1.7576e-01  4.0071e-01
  5.9502e-01  1.8834e-01 -8.2833e-01  4.2612e-01]"
reyna,"[ 0.1735    -0.35159    0.059643  -1.1381    -0.27157    0.22411
 -0.21614   -0.054956  -0.50791   -0.35344    0.33403   -0.056729
 -0.28754   -0.26118    0.50765   -0.2585     0.43273    0.85598
  0.36942    0.077573  -0.18287    0.74135   -0.2611     0.60041
  0.48263    0.44806    0.18272   -0.30123    0.23979   -0.32019
 -0.75227    0.43585   -0.50218    0.23989    0.37471    0.044203
  0.19707    0.59135    0.072115   0.28483   -0.21296    0.01275
  0.47788    0.79473    0.28538    0.3763     0.21094   -0.28738
 -0.049615   0.039751  -0.12666    0.47068   -0.44868   -0.40438
  0.30263   -0.08404    0.023953  -0.13203   -0.97754    0.71345
  0.49253    0.3784     0.6349    -0.13491   -0.51531   -0.46541
  0.073724   0.32273   -0.88303    0.12682   -0.089525  -0.55727
  0.2716    -0.3745     1.0451    -0.23439    0.0062679  0.26879
 -0.14586    0.0051038  0.19653   -1.0285     0.054818   0.091951
  0.51409   -0.36174   -0.18804    0.61401   -0.36171   -0.96164
 -0.89471    0.12564   -0.012914   0.061593  -0.31842    0.48839
  0.9443     0.29549   -0.62765    0.24433  ]"
cannavaro,"[ 0.53654   -0.046778   0.43326   -0.60519   -0.26637    0.94162
  0.21414    0.29647   -0.51028    0.42624    1.0426     0.21198
  0.089754   0.0028134  0.51391    0.1374     0.87991    0.036122
  0.19918    0.50146   -0.037575   0.664      0.083757   0.059833
  0.29118    0.66253   -0.5631    -0.073809  -0.37285   -0.47333
 -0.46275   -0.30402   -1.6919     0.73131    0.03293    0.019141
  0.23048    0.62211   -0.3104    -0.21175   -0.11466    0.25713
  1.9254    -0.56738    0.059987   0.26937    0.75541    0.46779
  0.14439    0.61943    1.1216     1.1062    -0.2476    -0.23245
 -0.1605    -1.0066    -0.24636    0.64546   -0.66872    0.34844
  0.0030514  0.60125    0.14008   -0.020663  -0.97665    0.010496
 -0.80232    0.26099    0.32465   -0.3811     0.32313    0.22479
  0.8774    -0.07992   -0.026952  -0.72884   -1.4553     1.0641
  0.97805   -0.86893    0.62457   -1.0452    -0.23035    0.25805
  0.091933  -0.0057895 -1.3349     0.5334    -0.30804   -0.74207
 -0.41591    0.099196  -0.044178  -0.52916    0.69577    0.45373
  0.5949     0.17552   -0.29054   -0.2452   ]"
cotabato,"[-0.032573  -0.31471    0.37255   -0.25363    0.049267   0.7988
 -0.013744   0.99037    0.87398    0.75995    0.01883   -0.0076036
  0.57641    0.79189    0.38379   -0.85276    0.095689  -0.28237
 -0.27165    0.045376   0.99965   -0.77918    0.16711    0.3755
 -0.82687    0.12703    0.18429    0.35036   -0.69984    0.0063892
 -0.32232   -1.1436     0.86418    0.07428   -0.23195   -0.13409
 -0.040175   0.16212    0.34268    0.043798  -0.2294     0.70383
  0.26539   -0.3192    -0.10433    0.79219    0.56477   -0.11571
 -0.090634   0.25964   -1.0874     0.47118    0.1655    -0.29036
 -0.25008    0.41995   -1.256     -0.63883   -0.20561   -0.47858
 -0.39499    0.076941   0.27619   -0.24855   -0.78873   -0.19425
 -0.54922    0.36341   -0.68015    0.76379   -0.10649   -0.26063
  0.21155   -0.60855   -0.11357    0.32961    0.62939    0.52785
 -0.20022    0.58108   -0.46692   -0.13009   -0.30657    0.46987
  0.21292    0.66693   -0.50455    0.42734    0.34693   -0.5956
  1.2546     0.42229   -1.1401     0.34386   -0.76235    1.4143
 -0.55758   -0.10361    0.69123    0.56193  ]"
sexism,"[ 0.65001    1.3211     0.41383    0.10813   -0.95383    1.0436
  0.083185  -0.44081    0.26808    0.53693   -0.13155    0.21094
 -0.10291   -0.1708     0.62567   -0.11219   -0.15512    0.084168
  0.027089  -0.36055    0.11592   -0.073312   0.61934    0.22982
  0.35752    0.15915    0.31544   -0.3343    -0.23763   -0.65625
 -0.30665    0.2397    -0.27801    0.36473   -0.067184   0.070907
 -0.24971   -0.27802    0.35325    0.75757   -0.68256    0.16135
 -0.91567    0.091562  -0.68609   -0.29649    0.71052    0.50331
 -0.53461   -0.70357    0.11211    0.6503    -0.73487    0.48004
 -0.18257    0.17086    0.47683   -0.26176   -0.60501   -0.21575
 -0.2491    -0.18631   -0.27428   -0.020676  -0.10816   -0.062323
  1.2348    -0.39492    0.4967    -0.40682    0.25165   -0.33671
 -0.44475    0.22065    0.21532   -0.24896   -0.15522   -0.0057794
 -0.71767    0.088382  -0.71705   -0.60062    0.88802    0.29804
 -0.47266   -0.78476   -1.3088     0.5036    -0.043163  -0.17994
  0.074732  -0.57291    0.19982    0.512      1.5895    -0.46662
 -0.61182   -0.37041    0.7069     0.8254   ]"
fantasia,"[ 0.35952    0.2543     0.19481    0.59838    0.70063    0.26634
  0.67718    0.11967    0.1324    -0.29285   -0.46963    0.32273
 -0.21435   -0.25757   -0.2022     0.3565     0.45226    0.7322
  0.91494    0.71919   -0.18591   -0.17051    0.37773    0.25782
  1.1004     0.79715    0.2425     0.077311  -0.26178   -0.8351
 -0.01762    0.11387    0.11342    0.6407    -0.28979    0.49705
  0.73797    0.36115   -0.098898  -0.60148    0.33724    0.75828
 -0.42575    0.37016    0.1649     0.20362   -0.20178   -0.65906
 -0.027594   0.65675   -0.91242   -0.080929   0.21647   -0.48668
 -1.047     -0.40455    1.2049     0.75944    0.11644    1.1702
 -0.42687    1.1043    -0.8078    -0.057839  -0.15051   -0.049957
 -0.20206    0.13749    0.13295    0.45155    0.011625   0.43041
 -0.84523    0.02319   -0.30271    0.022599   0.10949    0.33991
  0.3155    -0.20641   -1.0988    -0.6071     0.0152     0.98417
 -0.10388   -0.0205    -0.51372    0.23122    0.15737    0.49427
 -0.47371    0.17395    0.36463    0.44577    0.8975    -0.043323
  0.046864  -0.15513   -0.45172    0.0073811]"
teepen,"[-2.2723    0.46158  -0.18951  -1.2843   -1.0005    0.31965  -0.42921
  0.25225  -0.21766  -1.0177    1.2649   -0.71174   0.30212  -0.63928
 -0.7156   -0.48157   0.43091  -0.1592    0.4099   -0.14861  -1.3763
  0.65868  -0.51861   0.22356   1.1341   -0.13138   0.015781 -1.0181
 -0.73163  -0.75772   0.40376  -0.079858 -0.69229  -0.39255   0.44481
 -0.98526  -0.20183  -0.2321    0.50884   0.73436  -0.25188   1.0203
 -0.38759   0.33642  -0.068021 -0.19449   0.16884  -0.34255   0.62262
  0.018517  0.35924   0.088247  1.1458    0.3881    0.59697   0.22038
  1.3248    0.53892   0.82885  -0.56783   0.248     0.45163   0.99059
 -0.92079  -0.13477  -0.31123   0.50113  -0.15767   0.084182  0.81588
 -0.16585  -0.19689  -1.0944    0.16911   0.46546  -0.21178   1.0634
 -0.23808  -1.2763    0.38336  -1.5348   -1.2912    0.36172  -0.89612
  1.4818    0.089534  0.71328   0.86225   0.54898  -0.80038  -0.38514
  1.0281    0.26943   0.27416  -0.46222   0.36528   2.0057   -0.58935
 -0.28454   0.88016 ]"
ramón,"[ 0.35529   -0.18644   -1.3092    -0.1867     0.10923    0.14703
 -0.31533   -0.03897   -0.2608    -0.30248    0.17228   -0.24646
 -0.47055   -0.98689    0.82817   -0.47462    0.12001    0.27611
  0.25435    0.30669   -0.86822   -0.63675    0.37621    0.99702
 -0.33472   -0.47152    0.15286   -0.38588    1.2072     0.007541
  0.074808   0.090302   0.43441    0.48302   -0.15043    0.3775
  0.042269  -0.2104     0.50808   -0.082979   0.88221    0.2471
  0.57732   -0.75627    0.26299    0.29148   -0.58165   -0.044797
 -0.86743    1.2336    -0.52083    0.49805    0.2492     0.29163
 -0.020377   0.097434  -0.44178    0.52284   -0.78275    0.34487
 -0.2182     0.53102   -0.0018668 -0.45151    0.21288   -0.54149
 -0.059767  -0.86407    0.21722    0.64481    0.022733   0.03021
 -0.41308   -0.49982   -0.19918    0.49745   -0.56927   -0.0035136
 -0.40925   -0.086704  -0.51712   -0.1498    -1.3241     0.44494
  0.32649    0.73732   -0.3576     0.19383    0.18723   -1.0217
 -0.58384   -0.31712   -0.66223    0.685     -0.038071   0.78441
 -0.51506   -0.76357   -0.58118   -0.05845  ]"
bani,"[-0.40631   -0.6975    -0.205     -0.17973   -0.34403   -0.26178
  0.40063    0.77384    0.10293    0.06715   -0.12176    0.24732
 -0.10726   -0.37      -0.13313    0.3709    -0.59941   -0.89447
 -0.65288    1.3961     0.45907    0.17365    0.79779    0.13706
 -0.13251   -0.16505    0.010856   0.53707   -0.21428    0.0076428
  0.025933  -1.2691     0.38868    0.034059  -0.49826    0.34304
  0.90291    1.1444     0.42432    0.23978   -0.47249    0.63354
  0.53657   -0.40496   -0.038491  -0.31886   -0.57771    0.27973
  0.18684    0.71252   -0.94939    0.11486    0.66681    0.050674
 -0.83052    0.71655   -0.54179   -0.097844  -0.46255   -0.44512
  0.56972    0.27249    0.26545    0.52047    0.35164    0.11362
  0.66213   -0.17666   -0.49253    0.49815    0.37729   -0.49426
  0.46088   -0.9601    -0.25909   -0.24014    0.11636   -0.77005
 -0.59326    0.088357  -0.36425    0.049083  -0.56547   -0.72465
  0.10639    0.020147  -0.056568  -0.1882     0.59957    0.14085
  0.16409   -0.11112    0.12669    0.35945    0.098138   0.31998
 -0.066395   0.11507    0.3647     0.079139 ]"
hairdresser,"[ 0.6334    -0.27177   -0.057895  -0.08837   -0.28741    0.31407
  0.18742    0.60379    0.22043    0.8099    -0.61984   -0.15925
  0.67255    0.29302   -0.025979   0.13413    0.26279   -0.12388
 -0.30221    0.43601   -0.27004    0.5649    -0.1485    -0.080899
  0.51001    0.0057007 -0.088942  -1.0193    -0.11425   -0.36625
 -0.27071    0.3691     0.46746    0.059808  -0.11939    0.52749
 -0.41096   -0.42863    0.69446   -0.5732     0.19645    0.47938
  0.2809    -0.25708   -0.54411    0.23953   -0.50636    0.1296
  0.38277    0.32222   -0.40892   -0.51113   -0.19841    0.22915
 -0.39332    0.19167   -0.80503    0.41769   -0.34464   -0.099272
  0.38277    0.079147  -0.2411     0.28736    0.14137   -0.1974
  0.87593   -0.3967     0.21397    0.40427   -0.2652     0.49599
  0.10887   -0.24449    0.11839   -0.11068    0.49435   -0.33867
  0.24749   -0.60597   -0.061383  -0.17256    0.60303    0.10576
 -0.036006  -0.53158    0.25762    0.49038   -0.59985   -0.79645
  0.20041    0.20847    0.82938   -0.31346   -0.13629    0.11091
  0.63377   -0.049826   0.0020845  0.094653 ]"
optimist,"[ 2.5207e-01  9.2453e-01  9.0761e-01 -3.9782e-02 -1.0856e+00  2.0849e-01
  5.6376e-02 -1.8597e-01  2.3491e-01  1.7050e-01  3.4460e-01  3.5253e-01
  3.0101e-01 -1.1688e+00 -5.1635e-01 -9.6069e-02 -2.1880e-01  2.5640e-01
  3.8686e-01 -4.6702e-02 -1.9534e-01  5.2816e-01 -6.7121e-01 -3.3836e-01
  6.0807e-01  1.1033e+00 -7.2358e-02 -4.9656e-01 -1.4641e-02  1.2276e-01
 -6.8264e-01 -2.9107e-01  5.8899e-02  1.7934e-01  2.5265e-01  5.6318e-01
 -4.6816e-01  9.6730e-01  8.9860e-01 -2.0288e-01 -3.8615e-01  5.5263e-01
  1.8595e-01 -7.1187e-01 -3.7916e-01 -7.5846e-02  1.0124e+00  2.6488e-01
 -1.7735e-01 -3.4403e-03 -2.7592e-01 -1.6224e-01  1.1392e+00  2.8166e-02
  2.9491e-01  8.3769e-04  8.4129e-01  2.6841e-01 -5.3149e-01  2.4688e-01
  4.6762e-01 -2.9235e-02 -1.2063e+00 -1.3623e-01 -1.4644e-01 -2.7645e-01
  2.4410e-01  1.4212e-01 -4.9281e-02 -4.0682e-01  2.3696e-01 -4.9623e-01
  1.9848e-01 -3.2998e-01 -1.2075e+00 -4.2806e-03  7.1782e-01 -8.8150e-01
 -6.3223e-01 -1.7425e+00  2.0253e-01 -1.4460e-01  1.4796e-01  6.8819e-01
  7.0959e-01  4.6653e-02 -2.1542e-01  3.0577e-01  1.0852e-01 -4.7193e-01
 -5.1157e-01 -4.5631e-02  3.6222e-01  2.4230e-01  2.8087e-02  5.8248e-01
 -5.3927e-01 -7.4458e-02  6.3637e-02  1.8326e-01]"
377,"[ 6.2140e-01  7.5153e-01  7.5796e-01  2.5839e-01 -3.0160e-02  5.8878e-01
  4.2251e-01  4.6333e-01 -2.5778e-01 -1.2688e-01  7.2714e-01  9.8897e-02
  1.3938e-01 -2.0973e-02 -5.5321e-02  2.2410e-01 -1.8583e-01  3.7824e-02
 -3.0333e-01  3.3502e-01  9.3475e-01 -1.7313e-02  5.6462e-01  2.6789e-01
  3.5357e-03 -2.7775e-01  6.7335e-01 -1.6721e-03 -2.7621e-01 -4.1849e-01
  1.3020e-02 -2.2971e-01 -4.4601e-01 -1.7018e-01 -5.3897e-01  3.9100e-01
  1.4304e-01 -1.3299e-01  9.6764e-02  9.4668e-01  1.6168e-01 -4.8187e-01
  1.0269e-01 -2.9766e-04  3.3927e-01 -1.9096e-01 -4.0539e-02 -2.7079e-01
 -4.7768e-01  6.6047e-01 -4.5240e-01 -7.6433e-02  1.7765e-01  5.3161e-01
 -9.4381e-01  3.9198e-01  5.2943e-01 -5.1860e-01 -1.8981e-01 -3.7086e-01
 -3.9426e-01 -5.3206e-01  1.4795e-01  5.9209e-01 -8.3088e-01 -5.7590e-02
  4.1944e-01 -2.6638e-01  2.1139e-02 -6.6223e-02 -7.3911e-02 -1.9395e-01
  8.9977e-02  3.2297e-01  2.3700e-01  6.7862e-01 -3.3224e-01  6.4328e-01
 -7.2510e-01 -2.3101e-01  1.4771e-01 -1.9034e-01  2.0366e-01  5.3358e-01
  1.2524e-01  9.0557e-02  9.3858e-01 -8.5504e-01 -2.3586e-01  5.0097e-01
 -1.3984e-01  9.9321e-01 -3.9868e-01 -3.1185e-01 -2.4598e-02  2.1332e-01
  4.1629e-02  4.1762e-01 -1.9372e-01  1.8835e-01]"
minutemen,"[ 0.60944  -0.30498  -0.10684  -1.5572   -0.11043   0.57187   1.0257
 -0.48595  -0.8172   -0.12965   0.058454  0.2571   -0.028598 -0.29757
 -0.43956  -0.30012   0.40163  -0.30638  -0.014846 -0.22246   0.41506
  0.031938 -0.054048  0.49896  -0.45462  -0.26805  -0.17825  -0.4651
 -0.019739 -0.87688  -0.48216   0.43281   0.23946   0.53299  -0.16664
 -0.71756  -0.39306   0.12555   0.63976  -0.38662  -0.13595   0.05752
 -0.069518  0.73706  -0.35918   0.14398   0.90387   0.081528  0.38528
  0.21425  -0.29029  -0.013572 -0.19616  -0.4909   -0.7299    0.28996
  0.70931  -0.79466  -0.4056    0.75074  -0.6451    0.19613  -0.05295
  0.49498   0.20104   0.25761  -0.29912   0.40891   0.33089  -0.021051
  0.72904  -0.218     0.30259   0.020301 -0.31019  -0.099157  0.31145
 -0.29216   0.61322  -0.079484  0.42374  -0.3609   -0.24562   0.52765
 -0.60564  -0.1868    0.31404   0.27189   0.31145   0.36616  -0.42902
  0.080736 -0.7963   -0.01537  -0.16394  -1.0389    0.17796   0.35774
 -0.025232  0.38796 ]"
industrie,"[ 0.9268     0.70631    0.1566     0.17858    0.17738   -0.78891
  1.096     -0.66409   -0.093659   0.6907     0.13105   -0.228
  0.19614    0.2735    -0.85933   -0.50756    0.29924    0.19533
  0.97042    0.18267   -0.35127    0.29387    0.13096    0.18545
  1.4016    -0.32249   -0.70352    1.6546    -0.29414    0.17821
 -0.57102   -0.1045    -0.44545   -0.98247    0.53011    1.1444
  1.3516    -0.20917   -0.66381    0.19581   -0.015566   0.027745
 -1.1546     0.049006   0.0043654 -0.17232    0.23713   -0.38853
 -0.59998    0.57018    0.090493   0.51963   -0.69549    0.48125
 -0.68987    0.16144    0.13578    1.0663     0.24307   -0.048392
  0.5757    -0.7888    -0.045884   0.9595    -0.70702   -0.23409
 -1.5262     1.4298    -0.52594   -0.14127   -0.0118    -0.71443
 -0.59408   -0.73344    0.098857  -0.99057   -0.36207   -0.56036
 -1.4602     0.54878    0.36306   -0.57497   -0.71798    0.1339
  0.031431  -1.2571    -0.52006   -0.17608   -0.094328   0.046738
  0.71051    0.31906    0.95838   -0.54478    0.37361    0.25554
 -0.69843    0.32651    0.50885    0.18019  ]"
28.8,"[ 0.80088    1.2279     0.87717   -0.62572   -0.14593    0.68056
  0.0064224  0.52446    0.34016    0.38002    0.73733    0.77848
 -0.94307    0.064405   1.9666    -0.38597   -0.77354    0.19072
 -0.40135    0.011176  -0.38202    0.934      1.0048     0.48611
 -0.18883   -0.67685    0.75121    0.38094    0.16057   -0.80747
  1.2494     0.30866    0.54263   -0.64278   -0.27346    1.1018
  1.2459     0.12136   -0.11394    0.64259    0.37498    0.64667
 -0.14143    0.638     -0.32498    0.40641   -0.049593  -1.075
 -0.12158   -0.81355   -0.17311   -0.26166    0.19907   -0.020812
 -0.4072     0.23345   -0.82578   -0.21363    0.0040125 -0.56378
 -0.05877   -0.9138    -0.61853    0.61729   -0.91805    0.55924
 -0.081091  -0.79574    0.27562    0.52955   -0.25898   -0.38418
  0.68561   -0.32267   -0.044058   0.48287   -0.27305   -0.018896
 -0.025805  -0.43014    0.15464   -0.12234    0.27139    1.1571
 -0.4315     0.37387    0.54998   -0.68093    0.29371   -0.60954
  0.13664    0.71617   -0.15415   -0.73561    0.34109   -0.91581
 -0.013347  -0.62838   -0.13476   -0.035242 ]"
curveball,"[-0.26878    0.039103   0.23298   -0.18238   -1.4318    -0.26307
  0.29323   -1.4277    -1.0912     0.76892    0.68814   -0.15767
  0.41457    0.2677     0.26473    0.85327   -0.19295   -0.17761
  0.53849    0.26713    0.17668    0.86798    0.54898   -0.058379
  0.74955    0.12874   -0.78528    0.052654  -0.37      -0.29129
  0.0073137  0.90389    0.76299    0.063818  -0.51805    0.80101
 -0.11991   -0.19922    0.65531    0.6068    -0.218      0.73324
  0.086798  -0.63637   -0.27394   -0.88434    0.37887   -0.86405
 -0.2019     0.12088   -0.29674    0.24407    0.61362    1.2953
  0.19852    0.21708   -0.316      0.40123    0.27216    0.63296
 -0.24642    0.52626   -0.8761    -0.25696   -0.59069   -0.60766
  0.14215   -0.77194   -0.35095   -0.15308   -0.32845    0.66166
  0.89287   -0.72405    0.2367     0.26097   -0.25206   -0.041281
  0.90923    1.1839     0.12936    0.33532   -0.73536   -0.32512
 -0.34406   -0.054298   1.3769    -0.36656   -0.47505   -0.36879
  0.29447   -0.43619   -0.80359   -0.053649   0.83492   -0.42081
  0.8126     0.013854   0.18643    0.50704  ]"
braxton,"[-0.023751 -0.53689  -0.081141 -0.7609    0.65868   0.38716   0.70323
 -0.42508   0.15166  -0.42309  -0.19069  -0.63764  -0.24591   0.041104
 -0.17514   0.18299   0.46173  -0.53815  -0.41622   0.37896  -0.10461
 -0.41897   0.012658  0.76617   0.17533   0.55817   0.73376  -0.92172
  0.61567  -0.54048   0.60583  -0.3803    0.90229   0.52377   0.59415
  0.13807   0.33084   0.70105  -0.20189  -0.18288   0.29547   0.38788
 -0.16046   0.27052  -0.49649   0.47586  -0.12021  -0.80681   0.73612
 -0.19982   0.48774  -0.25924  -0.35625  -0.38116  -0.36276   0.016495
  0.37505  -0.64997  -0.49876   0.44781   1.0555    0.45448  -0.20652
  0.61209   0.15919  -0.053459  0.73472  -0.17481  -0.373     0.90695
 -0.13042   0.47014  -0.47831  -0.25493   0.55353   0.32494  -0.13014
  0.060023  0.51745   0.11454  -0.51996   0.33313   0.13175   1.1728
 -0.097369  0.23112   0.61295  -0.045887 -0.056277  0.056984 -0.78585
  0.081895 -0.72933   0.16117  -0.30869  -0.095817  0.63935  -0.2369
 -0.85235   0.73255 ]"
gliders,"[-0.68074    0.21594   -0.64108   -0.21509    0.0042859 -0.57444
 -0.13592   -0.25385   -0.27099    0.19763    0.97604   -0.76363
 -0.48091    0.27378    0.25601   -0.55732    0.029022   0.77043
  0.79218   -0.78716    0.88044   -0.867      0.34513   -0.12702
 -0.27833    0.075973  -1.0665    -0.12262   -0.44487   -0.41008
 -0.94504   -0.11695   -0.042082   0.96787    0.63481    0.48144
  0.42171    0.84052   -0.07753   -0.26042    0.24459   -0.12641
 -0.23959    0.13282    0.57988    0.0075447  0.62618    0.078432
  0.0031668 -0.043159  -1.0432     0.34815    0.59788    0.91533
  0.62479    1.3204     0.058462   0.073822   0.74671   -0.012638
  0.039984   1.019      0.27005    0.59739   -0.2722     0.38149
 -0.23265   -0.40262   -0.17857    0.21428   -0.58797   -0.88547
 -0.13426   -0.014993  -0.31883    1.0377     0.83149   -0.080429
 -0.039717  -0.33243   -0.035687  -0.29991   -0.22633    1.2178
 -0.1444    -0.13185    0.89403   -0.26949   -0.43523    0.52655
 -0.94231   -0.12195    0.173      0.31237   -0.19768   -0.40192
 -0.819     -0.005588  -0.010482  -0.35945  ]"
rabid,"[-0.23153   0.37197   0.32196  -0.97446  -0.74219   1.3927   -0.14257
 -0.93652  -0.019995 -0.043564 -0.73648  -0.30821   0.3312   -0.63027
  0.14268   0.23257   0.28978  -0.027401  0.56715   0.37157   0.69598
  0.52579  -0.8351   -0.63881   0.75697   0.32715  -0.099182  0.062467
  0.37774   0.59371   0.3064    0.4473    0.018293  0.738     0.30988
  0.25758   0.15629  -0.046856  0.14167   0.14762   0.19019   0.22807
 -0.23401  -0.19324  -0.14678  -0.20403   0.74086  -0.16333   0.24576
  0.052325  0.26412  -0.25247  -0.10203  -0.1234   -0.35296   0.42934
  0.47014   0.092032  0.074788 -0.46634   0.19609   0.69054  -0.19929
  0.52814   0.4092    0.71553  -0.07301  -0.15224   0.50439   0.049551
  0.18858  -0.51488  -0.31201   0.16605  -0.70793   0.11683  -0.027158
 -0.5693   -0.63496   0.64033   0.36762  -0.15897  -0.20126  -0.034307
 -0.084683 -0.40949  -0.16918   0.88719  -0.36254  -0.013734 -0.12671
  0.19933   0.1344    0.55268   0.029003 -0.60384  -0.83971   0.33478
  0.27289   0.18633 ]"
24.8,"[ 1.2419     1.0614     0.65057   -0.99384    0.17634    0.62825
 -0.23794    0.067279  -0.08982    0.7017     0.62503    0.74494
 -0.35254   -0.56636    1.9538    -0.43446   -0.40964    0.13137
 -0.54315    0.16706   -0.36428    0.90694    0.40965    0.68816
 -0.58966   -0.41948    0.28994    0.37649   -0.11837   -1.4396
  0.33317   -0.34735    0.30784   -0.43746   -0.40058    0.93033
  1.4551    -0.05978   -0.52504    0.52364    0.074706   0.37202
 -0.20258    0.61792   -0.078228   0.07548   -0.36856   -0.81309
 -0.37723   -0.65424   -0.20887   -0.41474    0.096587  -0.090155
 -0.29284    0.36996   -0.30106   -0.86388    0.034749  -0.36509
  0.31546   -0.34304   -0.67031    0.83332   -0.79851    0.4964
  0.012436  -1.1877     0.039214   0.78732   -0.30957   -0.18174
  0.039383  -0.0024743 -0.511      0.33301   -0.54255    0.07685
 -0.19355   -0.4358    -0.18743    0.22759    0.39435    1.3802
  0.34674    0.2438     0.40375   -0.4039     0.57751   -0.12383
  0.037758  -0.054561  -0.62685   -0.90657   -0.084459  -0.41077
 -0.29425   -0.66864    0.044907  -0.42784  ]"
israelites,"[ 0.64245   -0.082832  -0.37232   -0.18335   -0.44536    0.53202
  0.1571     0.36924   -0.1194    -1.253     -0.099867   0.20235
  0.040246   0.46569    0.032408  -0.94771    0.21297    0.045845
 -1.0949     0.20285    0.55362   -0.69771   -0.50148    0.17098
  0.74046   -0.26998   -0.59012    0.044773   0.21441   -1.0147
  0.07635   -0.47453   -0.78574    0.2885    -0.91535   -0.1406
 -0.20818    0.98322    0.54062   -0.27529   -1.3617     0.36384
 -0.39651    0.45671    0.52745    0.0088996  0.36545    0.61692
 -0.37759    0.22161   -0.17522    1.1353     1.3615     0.27141
 -0.39242    0.74916   -0.19864   -0.41742   -0.021422   0.0093217
  0.29751    0.1537     0.45678   -1.1685     0.73411    0.14917
  0.10704   -0.19459   -0.38498   -0.92372   -0.034546  -0.077227
  0.1517    -0.23575   -0.4136     0.46199   -0.37297    0.037683
 -0.098673  -0.06677   -0.12792    0.18893   -1.1813     0.15294
 -0.038068   0.54668   -0.056838  -1.1548     0.11797    0.11758
 -0.51522   -0.62052    0.20472   -0.18427   -0.3765    -1.4451
 -0.46056    0.23357   -0.34919    0.16504  ]"
staking,"[-0.25259   -0.49552   -0.12415    0.51006   -0.17962    0.12856
 -0.81613   -0.098245   0.17026    0.37578   -0.071834   0.53394
  0.16181   -0.392     -0.23441   -0.57655    0.14718    0.17413
  0.79615   -0.42977    0.38863    0.93187    0.035071   0.24927
 -0.12897   -0.28643    0.042651   0.23525   -0.39017   -0.28949
  0.10644   -0.31332   -0.017175   0.19264   -0.19315   -0.16858
 -0.9658    -0.26071   -0.197      0.3418    -0.14231    0.63214
  0.41821   -0.32162   -0.69368   -0.23271   -0.040885   0.31483
  0.16204   -0.035521   0.29784    0.26128    0.0055484  1.1739
 -0.075719  -0.19797    0.76672   -0.20913   -0.5925    -0.010706
 -0.0036567  0.58971    0.14378    0.87001    0.38032   -0.040537
  0.50604    0.07612   -0.41201   -0.18191   -0.31837    0.065911
 -0.78266   -0.55936   -0.52327   -0.20774    0.007124  -0.51683
 -0.35207    0.11885   -0.30666    0.25377   -0.18228    0.29668
  0.43651   -0.58977    0.23439    0.8694     0.008251  -0.53284
 -0.30598   -0.089317  -0.11103   -0.74456   -0.16937   -0.44907
 -0.091328   0.47333    0.65721    0.81703  ]"
regularity,"[-0.1458    -0.10496    0.1802     0.31353   -0.35356    0.27042
 -0.24257    0.054861  -0.26089    0.060531  -0.30437    0.29085
  0.0037301 -0.47192    0.3846     0.58981   -0.4014     0.39367
  0.46363    0.049475   0.058838   0.080677  -0.20636   -0.045405
  0.41975   -0.34172    0.38891    0.09993   -0.14629   -0.8042
  0.25704   -0.88585    0.22366   -0.46994   -0.79156    0.52317
 -0.17416    0.46924   -0.0052938 -0.62246   -0.1386     0.49344
 -0.38812    0.18448   -0.25712   -0.17841    1.1686    -0.32339
 -0.094943  -0.29229    0.35213    0.099874  -0.37414    0.77599
  0.53422    0.31522    0.36966    0.1643    -0.21234    0.12976
 -0.45973   -0.35188   -0.32036   -0.051477   0.39248    0.050249
  0.31215   -0.89681    0.42055    0.14246   -0.51276   -0.42523
  0.42635   -0.082031   0.42011    0.038217   0.27675   -0.73376
  0.32481   -0.34954    0.46252   -0.16454   -0.20648    0.72322
 -0.25302    0.39534    0.43233    0.0032582 -0.88953    0.036826
 -0.13611    0.16453   -0.6485     0.39091   -0.22243   -0.12466
 -0.34102   -0.35409   -0.14579    0.88924  ]"
bodes,"[-0.44614   0.58198   0.37     -0.36911   0.26224  -0.52888  -0.076489
 -0.42949   0.00528  -0.14426  -0.39993   0.57875   0.25243  -1.1938
 -0.48244   0.26017  -0.7852   -0.057551  0.73942   0.7699   -0.078392
 -0.20596   0.3658    0.28555  -0.89113  -0.02597  -0.60394  -0.14399
 -0.56998  -0.15396  -0.3866    0.14513  -0.099221 -0.15382   0.31572
  0.93736   0.23742   0.2722   -0.31295  -0.78433   0.29636   0.099337
  0.074766 -0.023432 -0.26146  -0.20328   0.844     0.010542 -0.31682
 -0.47694  -0.32115  -0.20033  -0.17079  -0.12478  -0.2435   -0.031814
  0.56265  -0.30996  -0.48186  -0.22418  -0.98958   0.25031  -0.18235
  0.044664 -0.78036   0.80461   0.60463  -0.22334  -0.27694  -0.61231
  0.91816  -0.43045   0.031823  0.19832   0.98146   0.097703  0.10566
  0.71349  -0.15946  -0.34182   0.26349   0.59597  -0.30369   1.1933
 -0.82801  -0.67038  -0.11012  -0.27046  -0.20888  -0.55446  -0.022045
  0.30791  -0.24836   0.85553   0.19643   0.14248   0.81189   0.27555
 -0.2696    0.018011]"
revel,"[ 6.1970e-02 -9.4539e-01 -1.3185e-01  3.1674e-01 -2.9243e-01  5.3505e-01
 -1.5196e-01  1.1578e-01  1.1426e-01 -9.1157e-02 -3.8577e-03  5.2946e-01
 -2.3292e-01 -7.3852e-01 -1.8382e-01 -3.0861e-01  3.0742e-01  5.3234e-01
 -3.7378e-01  4.7581e-01  6.7427e-02  3.7114e-01  8.0210e-01 -3.8874e-02
 -1.5834e-01  1.1600e-01  4.3445e-01  2.1266e-01  3.0756e-01 -7.9046e-01
 -4.1537e-02 -1.9362e-01 -6.3658e-01 -3.7176e-01 -1.7495e-01  7.2753e-02
 -2.8025e-02  4.5613e-01 -1.8906e-01 -8.6939e-02  2.1764e-02  2.9821e-01
 -4.3131e-01 -4.6416e-01 -7.0654e-02  4.7050e-01  1.1057e-01 -2.4877e-01
  8.0822e-01 -2.1035e-02  2.7010e-01 -9.7450e-01  3.7577e-01  4.1692e-03
 -4.3028e-01 -3.2990e-01  6.6455e-01 -1.9704e-01 -4.1735e-01 -4.9421e-01
 -5.5172e-02  7.2131e-01  1.8446e-01 -3.2373e-01 -5.2841e-01  4.5421e-01
  4.4752e-01 -6.3101e-03 -5.5272e-01  6.6860e-02  9.5375e-02 -2.5375e-04
 -6.0060e-01 -4.2802e-01 -6.0085e-01  1.5843e-02 -3.0913e-01 -2.7565e-01
  6.7222e-01  9.7329e-02 -3.9562e-01 -8.5004e-01 -1.5629e-01  4.7333e-01
 -3.1045e-01 -1.8900e-01 -1.5082e-01  3.9572e-01 -1.9046e-02 -1.6561e-01
 -1.2293e-01 -4.0547e-01 -9.4798e-02 -4.6162e-01  2.1371e-01 -2.5807e-02
 -2.7408e-01 -5.0231e-01 -3.7567e-01  3.7382e-01]"
xing,"[ 0.80346  -0.61265  -0.098396 -0.39758   0.37322  -0.49179  -0.088951
 -0.31716   0.54315   0.46364   0.2917    0.48052   0.28134  -0.91467
  0.01361  -0.43223   0.76209   0.6239   -0.2625   -0.11158   0.21829
 -0.10939  -0.87774   1.0521   -0.19842   0.16283  -0.27884   0.4942
  0.21173   0.021856 -0.83557  -0.061748  0.55569  -0.091844  0.49256
 -0.27951  -0.20106   0.978    -0.41509   0.021151 -0.79718  -0.35754
 -0.015632 -0.76524   0.18392   0.18185  -0.18264   0.15374   0.56247
  0.30827  -0.18692   0.11699   0.23834   0.38765  -0.08511   0.40055
  0.15883   0.30648  -0.51694   0.022472 -0.37802  -0.25825   0.11765
  0.46408  -0.41617   0.46936   0.27029   0.30206   0.012902  0.87395
 -0.18019   0.70898   0.67682  -0.19086   0.16391   0.27706   0.016297
  0.026572  0.089247 -0.47934   0.82754  -0.75034  -0.66235   0.09495
 -0.22807   0.26916  -0.1216   -0.32107   0.50765  -0.35998   0.93674
  0.3504    0.34353   0.13313   0.48325  -0.6937   -1.0376   -0.75757
 -0.46923  -0.41301 ]"
lumps,"[-2.2911e-01  2.8147e-01 -2.9826e-01 -1.1076e-01 -6.0459e-01  6.4937e-02
 -3.1311e-01  6.3823e-01  3.5758e-01 -1.5019e-01  2.7242e-01  3.2605e-01
  2.6839e-01  1.1196e+00 -9.7957e-02  4.7429e-02 -2.1820e-02  3.9376e-03
  7.7293e-01 -2.9015e-01  1.6261e-01  6.7037e-01 -8.6113e-01  1.0194e-01
 -4.4566e-01  3.7285e-01  3.2425e-01  3.3607e-02  2.1360e-01 -3.4680e-01
  6.9085e-01 -3.0541e-01  5.3281e-01 -6.7057e-01 -8.9303e-01 -2.1087e-01
 -1.2869e-01  2.6588e-01 -3.9787e-01 -2.0575e-01 -6.4549e-01 -3.9947e-01
 -3.4722e-01 -2.1198e-01 -1.0198e+00  2.7336e-01 -8.0014e-02  5.9737e-01
 -1.2894e-01 -2.7473e-01 -3.1297e-01 -3.9282e-01 -3.2882e-01  6.8637e-01
  1.4494e-02 -8.1337e-04  3.0252e-01  2.4251e-02 -1.9287e-01 -1.3326e-01
 -9.1228e-02  1.0064e+00  1.9699e-01  9.9748e-01  4.9795e-01 -1.5534e-01
  5.1582e-01 -3.7558e-01  2.3450e-01 -5.6810e-01  9.8076e-02 -2.5480e-01
  3.9836e-01  2.6873e-01  2.4548e-01  1.9915e-01 -9.4361e-01 -7.3247e-01
  3.3118e-01  3.4243e-01  1.5438e-01 -2.8069e-01 -1.6201e-01  9.4186e-01
  1.0810e-01 -5.4824e-01  5.2647e-01  3.0246e-01 -7.0508e-01  2.0315e-01
 -8.5096e-01  1.6631e-02 -1.0054e-01 -4.4449e-02 -1.9237e-01 -7.4669e-01
  5.4751e-02 -4.3893e-01  4.7298e-03  4.7842e-01]"
acl,"[-0.39281    0.15635    0.13234   -0.74044   -0.54865    0.75666
 -0.061673   0.75489    0.87908    0.79249    0.49873   -0.087773
  0.68519    0.31597   -0.31448    0.22987   -0.2491    -0.23368
  0.7758    -0.098444  -0.24474   -0.4725    -0.68277    1.2019
  0.50096   -0.047448  -0.069047  -0.4904     0.25196   -0.57774
 -0.28681    0.52957    0.13956   -0.011978  -0.48769   -0.87365
 -0.38063    0.65088   -0.79788    1.3542     0.43107    0.50555
  0.27047   -0.036456  -0.40562    0.4084     0.55925   -0.037883
  0.17708   -0.68003   -0.66482    0.65994    0.42793   -0.76687
 -0.0082593 -0.21559    0.49775   -0.98998   -0.017532   1.4531
  0.66361    0.93781   -0.55313    0.7346     0.27759    0.65937
 -0.34506   -0.94727   -0.29284   -0.51646   -0.52198    0.40488
 -0.32012   -0.73241   -0.054196  -0.84303   -0.2852     0.79421
 -0.040562  -0.92922    0.043817  -0.58644   -0.085761   1.0641
  0.099577   0.21052   -0.47321    0.1707    -0.0062508  0.38604
 -0.39071   -0.10108    0.071021   0.78181    0.81879    0.51029
  0.84063    0.56093    0.39415    0.13688  ]"
ipsos,"[-1.3891   -0.57665  -0.639    -0.019874 -1.3975   -0.32286   0.67313
 -0.18964   0.010688  1.118     1.0475   -0.6896    0.26041  -0.87818
 -0.24669   0.87079   0.53458  -1.1141   -0.079268 -0.12753  -0.22339
  0.45637   0.89604  -0.3473   -0.10195  -0.95837   1.4307   -0.2214
 -0.22855  -0.50774   0.62436  -0.59199   0.11803   1.4043   -0.46091
  0.12559   0.26531   0.4804    0.30084  -0.08644  -0.72773  -0.022991
 -1.7015    0.77463  -1.1511   -1.1979   -0.32407  -0.57449   0.39941
 -0.29255   0.44035  -0.31955  -1.0156   -0.39552  -0.57418  -0.9787
 -0.01051   0.45714  -0.11223  -0.47595  -0.48715  -0.2117    0.49407
 -0.032069 -0.6911    1.2329   -0.4572    0.41983  -0.007727  0.65477
 -0.94593   1.2424   -0.38814   0.14731  -0.5239    0.48619  -1.0739
 -1.0376   -1.2405   -0.19214   0.19635   0.41761   0.65076  -0.14436
  0.18459  -1.446     1.1898    0.42831  -0.835    -1.1122    0.33088
  0.35887   0.33082   0.31047   0.58553   0.99898   0.94537  -0.54611
 -0.8559   -0.55511 ]"
leghari,"[-1.4454   -0.94235   0.32092   0.89697   0.36367   0.19821  -0.77366
  1.1874   -0.18758   0.58484  -0.14941   0.023382 -0.18918  -0.053321
  0.42513   0.25985  -0.021746  0.11838  -0.96597   0.14255  -1.1473
 -0.60538   0.91908   0.18741  -0.06216   1.028     0.4036    0.78807
 -0.18885   0.068155  0.9403    0.45367  -0.23469  -0.39089  -1.0384
  0.32416   0.48191   0.5414    0.31508  -0.18387  -0.96481   0.73728
  1.7707   -0.67369  -0.045994 -0.25953  -0.15103   0.2877    0.59568
 -0.13008  -0.9816   -1.0521    0.61063   0.92074  -0.46287   0.64616
 -0.92146   0.17479   0.23955   0.35502  -1.501    -0.4773   -0.81942
  0.17026   0.056053 -0.25582   1.4103    0.18269   0.41982   0.05644
  0.40134   0.42228   0.3041   -0.029486 -0.3142    0.056975 -0.052831
  0.15395  -0.44569  -0.22367   0.40473  -0.089697  0.29968  -1.1997
  0.65842  -0.28831  -0.18645   0.5881   -1.1154   -0.10485   0.031338
  0.1197   -0.64214   0.36651   0.19499  -0.54281   0.20978   0.16129
 -0.47844   0.50945 ]"
vestiges,"[-9.6154e-03  1.4665e-01  3.8051e-01 -1.2731e-01 -4.0053e-01  2.1847e-01
 -4.7870e-01 -8.1133e-04  1.1057e-01 -3.1312e-02  7.4124e-02  8.0043e-01
  3.2682e-01 -1.8348e-01  2.4543e-01 -1.1119e-02  6.5690e-01 -1.5390e-02
 -1.8003e-01 -7.7366e-02  1.6061e-01  5.3731e-01 -1.8101e-01 -5.6759e-03
  2.3096e-01 -1.0773e+00  5.6253e-01 -4.4770e-01 -1.9189e-01 -6.5459e-01
  3.3753e-01 -1.0564e+00 -4.2656e-01 -1.4590e-01 -7.2329e-01 -1.4797e-01
  2.0913e-01 -8.8803e-01 -2.6052e-01 -5.7760e-02 -7.9955e-01 -1.8601e-01
  3.2923e-01  4.4791e-01  1.4852e-01  6.4335e-01  9.2192e-01  4.4678e-01
 -1.3472e-01 -2.7092e-02  2.7870e-02  4.2133e-02 -5.6220e-01  4.5613e-02
  7.0728e-01  5.1472e-02  3.8617e-02 -2.5696e-01  5.4160e-02  5.0498e-03
 -3.2087e-01  3.5887e-01 -1.0828e-01  1.7113e-01  4.3718e-01 -5.0239e-02
  6.2691e-01 -5.4912e-01 -4.8930e-01 -6.9628e-01  3.0825e-01  3.1594e-01
 -1.6990e-01  3.1974e-01  5.1791e-02 -4.9609e-01 -5.1572e-01 -1.7557e-01
 -8.1127e-01  3.0303e-01 -1.8375e-01 -8.0215e-01  3.4462e-02  6.7646e-01
 -2.7979e-01  5.0854e-01 -3.8278e-01  4.4023e-01  1.4043e-01  4.5395e-01
 -1.7430e-01 -1.2442e-01 -1.3207e-01  5.5745e-01 -2.7770e-01 -1.3637e+00
 -1.0173e-01 -7.7753e-01 -3.2301e-01  8.7845e-01]"
adil,"[ 0.31606  -0.73048  -0.10068  -0.87394   0.25677   0.47676   0.14213
  0.1098   -0.35459   0.95046   0.076679 -0.49907   0.4449   -0.61964
  1.2567   -0.261    -0.22549  -0.42505  -0.14015  -0.1822   -0.32126
 -0.16475   0.42935  -0.078228 -0.26089   0.52547   0.78351  -0.7344
 -0.57545   0.03644   0.18028  -0.41548   0.30625  -0.66189  -0.10824
  0.25961   0.38453   0.7819   -0.2818    0.81239   0.058845 -0.028138
  0.72575  -0.64128  -0.37023  -0.17743  -0.36963   0.60945   0.39921
  0.38544  -1.1082    0.57765  -0.01886   0.33326  -0.37041   0.61192
 -0.36184   0.37453  -0.62112   0.04805  -0.10711   0.20812   0.54601
 -0.15983   0.32116  -0.41115   0.30875   0.36454  -1.018     0.6235
 -0.26318  -0.53069   0.77894  -1.0687   -0.80302  -0.9135   -0.32444
  0.27151  -0.22396  -0.15661   0.64476  -0.62943  -0.66097  -0.10361
 -0.057194  0.19378  -0.7415   -0.027059  0.71748  -0.086547  0.43194
  0.3315   -0.17852   0.19827  -0.26206   0.36545   0.89497  -0.42704
 -1.2004   -0.28067 ]"
classically,"[-0.58091    0.67063   -0.046911   0.23485   -0.010064   0.61221
  0.039019  -0.27729   -0.28739    0.89716    0.11285   -0.079334
  0.50177    0.21369    0.30801   -0.039667  -0.37688   -0.33569
  0.35126    0.13259   -0.23096   -0.22266    0.12854   -0.60198
  0.42923   -0.48901   -0.33939   -0.68782   -0.23903   -0.054486
 -0.20586    0.017601  -0.32821   -0.0563     0.65786    0.046336
  0.12986    0.0094788  0.15105   -0.22734    0.62143    0.72569
  0.15801    0.27043    0.22375   -0.47052    0.54774    0.55896
  0.28003   -0.028302  -0.59557   -0.60226    0.67618   -0.45551
 -0.4061    -0.24177    0.18669    0.041565  -0.49806   -0.12965
  0.57066    0.67166   -0.040653  -0.041637   0.040809  -0.34261
  0.25986    0.071944  -0.083275  -0.12348   -0.033326  -0.13857
 -0.38325    0.89132    0.19587   -0.66744    0.50584   -0.26245
  0.58168   -0.82191   -0.037007  -0.24109   -0.21488    0.21598
 -0.60843    0.11092    0.53784    0.071907  -0.91492   -0.66137
 -0.73786   -0.65309   -0.035626  -0.3826     0.31685    0.13008
 -0.94966   -0.83267   -0.56866    0.13122  ]"
apprehensive,"[ 2.6738e-01 -3.1344e-01  5.1141e-01  1.1264e-01 -9.1063e-01  1.3780e-01
 -5.5564e-01 -1.1479e-01  8.6395e-01 -4.7854e-01 -1.7397e-01  5.9016e-01
  3.8465e-01 -1.0709e+00  5.1241e-01 -6.4014e-01 -3.8785e-01  3.3119e-02
  7.8346e-01 -5.8450e-02  2.8076e-01  7.1437e-01  1.8304e-02 -1.5169e-01
 -1.9508e-01  2.5347e-01  7.9019e-01  2.9824e-01  3.1489e-01  4.9343e-01
 -8.5069e-01 -2.8559e-01 -4.4164e-02 -3.4885e-01 -3.4357e-03  4.2918e-01
 -2.2798e-03  3.3343e-01  4.1101e-01 -3.8509e-01 -6.0895e-01  2.7964e-01
  2.8570e-01 -1.0259e-03 -8.6345e-02 -4.4853e-01  9.4422e-01  3.7241e-01
  5.5297e-01 -4.0378e-01  4.7617e-02 -6.2207e-01  3.4600e-01  1.9100e-01
 -3.8739e-01  1.2918e-01  6.3291e-01 -2.8720e-01 -7.2514e-01 -1.0709e-01
  1.0177e-01  7.4924e-01 -4.7582e-01  7.5545e-01 -2.3845e-01 -5.6393e-01
  3.8453e-01  4.5123e-01  2.2277e-01 -8.1324e-02  3.8030e-01 -1.0172e+00
 -4.6451e-02 -3.2771e-01 -6.0386e-01  7.2853e-01 -2.8237e-01 -1.2089e-02
 -2.9080e-01 -5.5393e-01 -8.6463e-02  6.7963e-03 -4.4211e-01  6.3889e-01
 -6.5964e-01 -1.7835e-01 -2.9651e-02  8.4679e-02 -5.2560e-01 -6.0855e-01
  1.5108e-01 -1.3127e-01 -1.2801e-01 -2.5371e-01 -3.5093e-01  4.3648e-02
 -7.4796e-02  2.6635e-02 -5.5310e-01  3.4568e-01]"
meandering,"[ 0.098587  -0.1598     0.15542   -0.212      0.22884    0.56884
 -0.039107   1.0564    -0.037008  -0.45866   -0.2931     1.0534
 -0.063689  -0.7342     0.45182    0.50347   -0.22044   -0.56075
  0.83841    0.33631    0.31042    0.97568    0.25453    0.11753
  0.22985    0.24778   -0.88918    0.29765   -0.3582    -0.052529
 -0.53496   -0.2247     0.0017728 -0.76395   -0.30686    0.17114
  0.14011   -0.57378    0.3841     0.67515    0.10913   -0.21642
 -0.32973    0.54921    0.15653    0.43112    0.28842    0.20995
  0.54276    0.48182    0.26526    0.029087   0.96451    0.26265
  0.22028   -0.38814    0.43177    0.3165     0.20589   -0.16682
 -0.22975    0.69778    0.616     -0.34527    0.2501     0.10128
  0.34621   -0.3465     0.42148   -0.54119   -0.11146    0.10014
  0.56145   -0.76336   -0.4708    -0.17286   -0.083063   0.11524
  0.66425   -0.55847   -0.23362    0.83414   -0.37995    0.10935
 -0.48927    0.48888   -0.13774   -0.26367   -0.22123    0.2999
 -0.28218    0.26131   -0.82415   -0.079148   0.20095   -0.40872
 -0.19767   -0.5443    -0.073474   1.0895   ]"
rais,"[ 0.070977  -0.25921   -0.11942   -0.11718    0.07995   -0.35613
 -0.34435   -0.044531   0.024726   0.78099   -0.215      0.24044
  0.46347   -0.52012   -0.2425     0.19153   -1.0135     0.68016
 -0.20569   -0.099994   0.097307   0.12202    0.58792   -0.151
 -0.039353  -0.57616    0.037673   0.67915   -0.033189  -0.23631
  0.061226  -0.61539   -0.28034    0.51892   -0.33405   -0.017954
  0.88722    0.83978   -0.053139  -0.051587  -0.80291    0.59627
  0.81122   -0.61862   -0.6528    -0.25389    0.033331   0.043537
 -0.85116    0.02437   -0.3529    -0.11687    0.029759  -0.20156
 -1.2999     0.31521   -0.54828    0.97223   -0.35455   -0.099361
 -0.045861  -0.15048   -0.014509  -0.40388    0.29045    0.52995
  0.99565    0.36229    1.1166     0.48       0.87061    0.073554
  0.6966    -0.40634   -1.14      -0.67316   -0.90126    0.1256
 -0.18346   -0.14761   -0.5309    -1.0342    -0.016873  -1.3294
  0.37879    0.074598   0.53601    0.18888    0.43745   -0.48505
  1.0753     0.10665    0.81389    0.90812   -0.21964    0.0037156
 -0.19067   -0.51305   -0.32038   -0.24867  ]"
moises,"[-0.12939  -0.45383  -0.17031  -0.31929   0.59934   0.41068   0.071262
 -0.15872  -0.38272  -0.54486   0.15582   0.31389  -0.13512  -0.2898
 -0.33599  -0.072659 -0.10823   0.61859  -0.17885   0.83032  -0.04246
  0.064484 -0.063202  0.3687    1.0695    0.25782   0.21165  -0.14652
 -0.206    -0.076143 -0.23133   0.087583 -0.081073  0.13198  -0.49922
  0.45731  -0.16648   1.1448    0.11415   0.68879   1.1983    0.28641
  0.064963  0.12583   0.10718   0.17953   0.28408  -0.19611   0.20578
  0.39479   0.41996   0.78173  -0.91476  -0.14672  -0.36071   0.50309
 -0.11656   0.76846  -0.28294   1.1699   -0.14444  -0.17546   0.63547
 -0.1561   -0.1787    0.57595   0.65355  -0.34793  -0.59344   0.24784
  0.53926  -0.37528   0.31358  -1.3433    0.1723    0.3362   -0.11923
 -0.1912   -0.24641  -0.065435 -0.32431  -0.025724 -0.52497   0.42112
  0.79252  -0.098381  0.49931  -0.1717   -0.29624  -1.4948    0.040288
 -0.013796 -0.82732  -0.59888  -0.32056   0.8497    0.33874   0.053666
 -0.69476  -0.64368 ]"
spreadsheet,"[ 1.0175e-01  1.1092e+00 -9.1883e-02 -3.1562e-02  1.7493e-01  2.0520e-01
  5.5886e-01 -7.2592e-01  1.0321e+00  1.0535e+00  6.2721e-01  6.2953e-01
  2.9739e-01 -1.9773e-01 -7.1970e-01  1.3093e+00  2.3304e-01  4.5767e-01
  4.3231e-01 -3.3138e-02 -1.6066e+00  3.2695e-01  4.3171e-01  6.3038e-01
 -2.4303e-01 -8.1122e-01 -7.0786e-01  6.5227e-01 -7.1511e-01 -5.7788e-01
  1.9931e-01  9.9788e-01 -3.9632e-01 -4.7227e-05 -2.7069e-02  3.3292e-01
 -6.9969e-02  9.4515e-02  5.2844e-01 -1.1071e+00  2.5644e-01 -1.0393e-01
 -1.7664e-01  4.2478e-01 -6.8785e-01 -2.0423e-01  3.6835e-01 -5.8754e-01
 -3.2222e-01 -3.8981e-01 -2.5172e-01 -1.6795e-01  2.3470e-01 -2.8555e-01
 -4.4205e-01  2.3306e-01 -2.8618e-01  3.1278e-01  4.8183e-01  2.0622e-01
 -5.7340e-01 -1.3773e-01 -2.1100e-01 -3.8637e-01  3.4703e-02 -1.0987e-01
  9.6252e-01 -1.9507e-01  4.8403e-01  1.1044e-01 -6.5468e-01  9.6226e-01
 -6.7072e-01 -7.5987e-01 -2.5372e-01  1.0639e+00 -7.3240e-01  2.7388e-01
  6.0942e-01 -7.6159e-01  3.9969e-02 -4.7036e-01 -8.7383e-01  1.5442e-01
 -6.8115e-01  9.5982e-01  1.1561e+00 -7.8572e-01 -2.3864e-03  1.9184e-02
  1.3412e-01  1.1778e+00  1.8525e-01  5.4724e-01  1.3681e+00 -1.0637e+00
 -9.8868e-03 -1.1499e-01  1.0589e+00  9.1482e-01]"
petrie,"[-0.72254  -0.70737  -0.45505  -0.7729    0.15022  -0.45215  -0.15375
  0.71254  -0.27192  -0.26802  -0.49805   0.063293  0.5952    0.31277
  0.29346   0.27178  -0.72843   0.060295 -0.6842    0.36081   0.28459
  0.053541  0.029694 -0.34541   1.1278    0.41452   0.57187  -0.10471
  0.23669  -0.059587 -0.34943   0.46642   0.12938  -0.54779  -0.21363
  0.60643  -0.086588  0.74983  -0.017543 -0.85293   0.17138   0.3557
 -0.26292   0.31403  -0.06823   0.26635  -0.18666  -0.83277   0.18422
 -0.085523  0.26384  -0.55554  -0.24761  -0.44394  -0.37297   0.26138
 -0.42437  -0.70831  -0.54921  -0.67384   0.48129  -0.34208   0.76143
  0.46349  -0.15574  -0.12109  -0.2878    0.74808  -0.62158   0.54963
 -0.13244   0.43996   0.28729  -0.71503  -0.34971  -0.84757   0.51665
  0.83924  -0.67804   0.50997  -0.37816   0.55084  -0.10547  -0.22551
  0.38546   0.12622  -0.25414  -0.3066   -0.082275 -0.59055  -0.48373
 -0.061506 -0.065447 -0.42143  -0.55742  -0.26422  -0.18068  -0.093336
 -0.089645  0.3196  ]"
violins,"[ 4.6863e-01  5.4729e-01  1.1114e-01  2.7145e-01  3.1851e-01  7.2971e-01
  4.7287e-01  6.8775e-02  2.0695e-01 -4.4272e-04  3.9370e-01 -3.0694e-01
 -9.1386e-01  1.6785e+00 -6.1814e-01 -3.6746e-02 -4.2621e-01  9.6669e-01
  6.4810e-01  4.5668e-01  2.7165e-02 -1.4749e-01  9.6957e-02  2.4270e-01
  6.4306e-01 -2.6743e-01 -1.1440e+00  9.0936e-01  1.0539e-01  1.9225e-01
 -6.2762e-01 -4.7448e-01 -6.7806e-01  7.5363e-01 -6.9572e-01 -1.0217e-01
  6.9663e-01  1.3393e-01  8.4628e-01 -1.9952e-01  9.7380e-01 -5.3145e-01
 -6.1247e-02  1.5808e-01 -3.1299e-01 -1.8288e-02  6.2073e-01 -1.0033e-01
  8.0202e-02 -4.4997e-01 -8.9066e-01  3.2575e-01 -5.1116e-01 -1.7230e-01
 -1.5265e-01 -2.9186e-03 -2.8341e-02 -2.8805e-02 -6.5049e-01  7.9676e-01
 -7.3167e-01  4.2509e-01 -6.0753e-02  3.5726e-01 -5.2358e-01 -1.8477e-01
  4.1876e-01  7.4805e-01  2.4700e-01 -1.3030e+00 -2.6711e-01 -1.2717e-01
  5.4954e-01  7.6705e-02  6.4138e-01  5.0895e-01 -6.8270e-01 -7.2947e-02
  5.6704e-02 -6.6658e-01  3.3998e-01 -5.8213e-01  1.9338e-01  6.0910e-01
 -5.7713e-01  4.6729e-01 -1.4796e-01 -5.0581e-01 -1.5045e-01 -1.0807e-01
 -1.0883e+00  6.8775e-02 -3.2735e-01 -4.6899e-01  1.3502e-01 -1.6228e-01
 -1.4131e+00 -5.9105e-01  9.6042e-02 -9.1702e-01]"
2.13,"[ 1.0329    0.39112   0.6052    0.3956   -0.42284   0.014817 -0.041977
  0.046497 -0.22072   0.78013   0.34714  -0.52474  -0.77229  -0.75223
  0.27059  -0.23154  -1.1543   -0.19378  -0.084757  0.35272   0.034929
 -0.029631 -0.052875  0.86217   1.2335   -0.53261  -0.27939   0.55162
 -0.36243  -0.67806  -0.15665  -0.014999  0.061631  0.068854 -0.23773
  0.80962   0.10809   0.011996  0.1748    0.85238   0.21128  -0.78185
 -0.29934  -0.13126  -0.57443   0.21094  -0.55801   0.75791  -0.29455
 -0.75694  -0.39234  -0.59826   1.3445    0.14645  -0.75525   0.59743
  0.084842 -0.4056    0.56816   0.48848   0.10361  -0.7563   -0.54291
  0.48239  -0.96206  -0.70853  -0.28884  -0.55806   0.62453   0.27745
 -0.53653   0.22966  -0.35603   0.18371  -0.73058   0.12364  -0.47107
  0.13773  -0.3263    0.264    -0.76171   0.18778   0.25625   0.4067
  0.37196   0.068366  0.45219   0.30588   0.43106   0.17068  -0.19249
  0.69233   0.2236   -0.8279   -0.47485  -0.62225  -0.42771  -0.56252
 -0.068099 -0.34361 ]"
bohn,"[-0.69101    0.25929    0.73276   -0.95857   -0.39371   -0.45291
  0.27458   -0.6422     0.30396   -0.094235  -0.013006  -0.13257
  0.14669   -0.34154   -0.11558   -0.21137   -0.42725    0.77876
 -0.14309   -0.10631   -0.070687   0.65018   -0.38483    0.89529
 -0.12103    0.49025   -0.84525   -0.074635  -0.25926    0.22311
 -0.4013    -0.24081   -0.40588    0.84164   -0.28062   -0.13109
 -0.16479    1.4466    -0.49087    0.053614   0.36062    0.21162
 -0.8238    -0.029036  -0.20022    0.3943    -1.3576    -0.82478
  0.97511   -0.21178   -0.89111   -0.68863   -0.78455   -0.47919
 -1.4113     0.80986    0.36903   -0.1563    -0.60013   -0.59303
  0.030974  -0.56115    0.087918   0.22027   -0.2293     0.70707
  0.18114    0.76408   -1.3763     0.39373   -0.089828   0.078236
  0.50535   -0.41638   -1.0095    -0.72658   -0.29205   -0.49612
 -0.51095    0.21446    0.39335   -0.25087    0.51003   -0.36415
  0.044277   0.83844   -0.10229   -0.051925  -0.31938    0.21348
 -0.29792   -0.4725    -0.094622   1.         0.25609    0.016928
 -0.16483   -1.0643    -0.0067756 -0.1464   ]"
andalusia,"[ 0.32224   -0.36272    0.5799    -0.26695    0.62346    0.75333
 -0.060613   0.42501    0.2052     0.62395   -0.46304   -0.56992
  0.026964  -0.15757    0.01413   -0.063091   0.35028   -0.35434
  0.45484    0.82296   -0.2284     0.054038   0.045935   0.14783
 -0.29395   -0.37422    0.024725  -0.34429    0.06989   -0.26327
 -0.53799   -0.6864     0.25779   -0.086122   0.3632     0.17422
 -0.065904  -0.070855  -0.22208   -0.49891    0.077122   0.094344
  0.31112   -0.59509   -0.25883   -0.14389    1.4717     0.21291
  0.30263    0.13321   -0.96571    0.82976   -0.22065    0.0083353
 -0.4222    -0.13922    0.0087961 -0.87913   -0.69356    0.40412
  1.0094     0.40724   -0.0080805 -0.51558    0.10653    0.2424
 -1.1837    -0.59868    0.39288   -0.12587    0.8169     0.33125
  0.43916   -0.84546    0.10571   -0.24335    0.26818    0.2144
 -0.11498   -0.3815    -0.40713   -0.33966   -0.64648    0.9535
  0.56106    0.41693   -0.47471    0.19146   -0.1223    -0.0966
  0.12055   -0.24649   -0.60622    0.21571   -0.83096    1.1239
 -0.45555   -0.093239   0.45533   -0.51274  ]"
hellenistic,"[ 0.17619   0.63771  -0.080019  1.1063   -0.28069   0.18538   0.065119
 -1.0437   -0.2131    0.56585  -0.63885  -0.7748    0.17322   0.22787
 -0.22268  -0.34332  -0.4323   -0.6405   -0.85626  -0.37772  -0.55227
  0.0843   -0.54533   0.6938    0.51541  -0.9371    0.3771    0.24029
  0.17342   0.0409   -0.034041 -0.3901   -0.69528  -0.61882  -0.17755
 -0.015116 -0.39023  -0.2893   -0.21748  -0.36672  -0.32104  -0.28245
 -0.31421   0.30732  -0.051854 -0.27576   0.93194  -0.047552  0.79184
  0.5637    0.47467   0.8356    0.93333  -0.75211  -0.63073  -0.46178
 -0.68632  -0.13358   0.23003   0.76692  -0.355     0.71741  -0.11347
  0.95826   0.25422   0.27478  -0.43334  -1.1573   -0.79117  -0.47255
  0.17947  -0.025028  0.4423    1.0847   -0.48933  -0.23862  -0.33394
 -0.13972  -0.33669  -0.69728  -0.15959   0.48626  -0.2302    0.39196
  0.50044   0.99942  -0.81721  -0.3588    0.099199 -0.67861   0.14832
 -0.36229   0.11375  -0.27623  -0.5567   -0.99973  -0.88668  -0.73945
 -0.33996   0.45975 ]"
mennonite,"[ 5.9084e-01  8.3242e-01 -2.9589e-01 -9.3952e-02 -1.9820e-01  4.0609e-01
  1.4051e-01  3.5462e-02 -5.8091e-01 -3.4335e-02 -1.3290e+00 -5.0393e-01
  7.1763e-01  7.2770e-01 -2.6256e-01  1.3746e-02  9.9650e-02 -6.7497e-01
 -5.3975e-01  2.2209e-02 -5.1786e-01  8.9362e-01 -3.0261e-01  6.5277e-02
 -1.7582e-01 -9.1887e-01  6.1922e-01 -1.5203e-01 -4.2915e-01  9.8686e-01
 -6.3445e-01 -3.9112e-01 -4.3374e-01 -2.2591e-01 -6.3635e-01 -6.6814e-01
 -3.1382e-01 -7.3273e-03  8.6754e-01 -2.2022e-01 -9.5911e-01  1.7422e-01
 -4.2998e-01 -2.5551e-02 -2.7380e-01 -1.2246e+00  9.6208e-01  8.5327e-01
  4.2436e-01  3.5525e-01 -8.3683e-01  2.8363e-02  1.3105e-01 -8.8856e-01
 -4.7489e-01  7.6101e-03  1.7416e-01 -2.3743e-01  5.1290e-01  3.1388e-01
  3.8410e-01 -7.5407e-01  6.5774e-01 -1.8420e-03  3.8293e-01 -3.7346e-01
 -7.5572e-01  1.1268e+00  3.9515e-01 -5.0794e-01  5.2088e-02 -1.9924e-01
  1.3709e-01 -1.0220e+00 -1.7728e-02  5.2311e-01  3.2021e-01  3.6296e-01
 -4.0529e-01  1.2637e-01 -1.0066e+00  3.7660e-01  3.5995e-01  8.3881e-01
  6.1410e-01 -5.5941e-01 -2.7783e-01 -5.6867e-01  5.5379e-01  1.2674e-01
  3.4763e-01 -1.1769e-01  2.5198e-01 -6.5149e-02 -2.1858e-01 -8.9858e-01
  2.4986e-04  2.5258e-01  2.5208e-01 -1.7339e-01]"
kafka,"[-0.030591   0.62942    0.18287    0.053449  -0.25232    0.2412
  0.41458    0.032528  -0.28116   -0.3161    -0.20544    0.67751
 -1.1986     0.10106    0.30766    0.21399    1.1096     0.01774
  0.24469   -0.054543  -0.41715    0.30122    0.24371    0.75813
  0.47594   -0.43365   -0.95142   -0.18213   -0.0089642  0.2722
 -0.48187   -0.59286    0.27962    0.065305  -0.17944    0.28466
  0.90192   -0.10591   -0.027685   0.0192    -0.44514    0.53985
 -0.22236    0.0519    -0.38196   -0.17465    0.059222  -0.77168
  0.27901    0.88936    0.057764   0.36173    0.045228   0.083107
 -0.31514    0.12394    0.37943   -0.052268  -0.41906   -0.1062
  0.49182    1.2076    -0.42911    0.1348     0.82063   -0.71667
  0.48989    0.62957   -0.12135   -0.43125   -0.50187   -0.016051
  0.29001    0.17876   -0.084866  -0.061819  -0.02513   -0.35975
 -0.31834    0.72797   -0.58951    0.15006   -0.37534   -0.070139
 -0.52111    0.18394   -0.33978   -0.4418    -0.22674   -0.47006
  0.61873    0.23339    0.67653    0.16508    0.57506    0.34857
  0.23496    0.035874  -0.51991    0.80048  ]"
executes,"[ 2.1693e-01  9.8265e-01  3.7059e-01 -4.4691e-01  5.9021e-01  6.1388e-01
 -3.1947e-01  3.8142e-01 -3.2721e-01  2.0481e-01  3.7343e-02  2.7645e-01
  4.0874e-01 -1.3309e-02  6.9324e-02  8.6425e-01 -1.6140e-01 -2.0897e-02
 -2.8457e-01  5.1051e-01  2.3834e-01 -1.2380e+00  1.2826e-01  2.3205e-01
 -6.1689e-01  2.6303e-01 -6.7645e-01  3.3933e-01 -9.8493e-03 -4.1070e-01
 -5.1997e-01  1.2247e+00 -3.0905e-01  2.1816e-01 -4.0088e-01 -1.0928e-01
 -9.5395e-01 -1.1498e+00  8.2269e-02 -4.1417e-01  2.0857e-01  4.8955e-01
  7.7506e-01  4.3856e-01 -3.9860e-01  3.2409e-01  7.9584e-02 -7.0275e-02
  9.1521e-02  6.0305e-01 -4.0667e-01 -3.1446e-01  5.1837e-02  7.2213e-01
 -9.5528e-01  8.8573e-01  3.1167e-01 -8.0381e-02  5.8850e-01  1.9208e-01
 -4.6261e-02 -4.2339e-01  4.9613e-01 -7.9103e-01 -8.7577e-05 -1.1682e-02
 -9.5506e-03  9.2004e-01  4.1314e-02  1.0469e+00 -2.0873e-01 -5.2620e-01
 -9.1137e-02  6.7263e-01  4.4019e-01 -1.4026e-01 -5.1331e-01 -6.4869e-01
  4.9900e-01 -3.4828e-01  6.8978e-01  1.2092e-01 -1.0821e+00  9.1345e-01
  4.1690e-02  1.5441e-01  5.2239e-01 -4.5370e-01  2.9896e-01 -3.7116e-01
  2.2466e-01  5.6312e-01 -2.5560e-01 -5.8001e-01  5.2781e-01 -2.2585e-02
 -8.4619e-02 -3.7164e-01  1.1859e-01 -2.0385e-01]"
367,"[ 0.096654  0.80652   0.47      0.29138  -0.061788  0.71493  -0.082123
 -0.21374  -0.29572  -0.7204    0.93317   0.3351    0.28084  -0.33608
  0.12348  -0.098782 -0.22687   0.42589   0.03675   0.44219   0.56935
 -0.070271  0.41034   0.12481  -0.58176  -0.89862   0.57346   0.72798
 -0.38018  -0.40717  -0.12137  -0.028849 -0.057973 -0.013381 -0.1094
  0.6225    0.251    -0.46351  -0.20724   0.93395   0.42682  -0.26021
  0.2978   -0.4631   -0.24424  -0.048288  0.066925 -0.86888  -0.86674
  0.25097  -0.36237  -0.50999   0.31686  -0.10297  -0.71533   0.58997
  0.65476  -0.46395  -0.10328  -0.21513  -0.17153  -0.040453  0.29999
  0.64197  -0.6244    0.55158   0.57771  -0.27827  -0.21145  -0.50532
 -0.25655   0.074114 -0.29531   0.41072   0.025993  0.82799  -0.49322
  0.58427  -1.0237   -0.36614   0.063508 -0.15575   0.25984   0.35776
  0.31035   0.15953   0.48123  -0.6638   -0.019764  0.62918  -0.59116
  0.47124  -0.34096   0.057856 -0.68664   0.63312   0.37785  -0.5206
 -0.060159 -0.3294  ]"
interpersonal,"[ 3.8533e-01  1.9380e-02 -4.1306e-01  1.1248e+00 -9.6689e-01  4.9067e-02
 -3.3314e-01 -1.0153e+00  4.1128e-01  3.8291e-01 -3.5692e-01 -4.7232e-01
  1.4060e-01  8.6512e-02  8.2616e-01  8.8897e-02 -4.5329e-01  2.8342e-01
  7.1025e-02  5.9448e-01 -2.7875e-01 -5.3228e-01  3.7675e-01 -1.1480e-01
  4.1930e-01 -2.0200e-01 -4.2598e-02  4.8015e-01 -2.6804e-01 -3.7317e-01
 -4.8553e-01  4.9629e-01 -7.1909e-01 -3.6732e-01  1.7770e-01 -4.0529e-01
  1.1741e-01  6.5565e-01 -5.7762e-02  5.8495e-01  4.6731e-01 -3.3130e-02
 -4.0943e-01 -5.3454e-01 -1.3035e+00  2.5629e-01 -3.4692e-02  2.0771e-01
 -2.0233e-01 -2.9481e-01 -1.4660e-01  1.0459e-01 -3.5920e-01  1.9581e-01
  1.1768e+00 -2.2848e-01  1.0691e+00 -8.6746e-01 -4.4197e-01  4.4572e-01
 -3.8133e-01 -3.7487e-02 -2.8065e-01 -6.3570e-01  4.8673e-02  8.9472e-02
  5.3636e-01 -7.8680e-01  1.0417e+00  1.0510e-01 -3.2162e-01 -2.2967e-01
  6.1721e-01 -2.8380e-01  2.4212e-01 -3.4119e-01  2.5123e-01 -3.4445e-02
 -1.9445e-01 -1.9171e-01 -1.3032e-01  6.0909e-01  5.1971e-01  1.4575e-01
 -1.0216e+00  8.5579e-01 -2.9673e-01  2.2685e-01 -7.2644e-01 -1.0184e+00
 -5.3518e-01  6.6291e-01  2.2153e-01  5.6742e-01  1.2206e+00  1.9385e-01
 -1.8564e-04 -8.5130e-01  9.3806e-02  5.6464e-01]"
parnevik,"[-7.3278e-01 -2.6288e-01  8.5944e-01 -8.3568e-01  2.2193e-01  2.9625e-01
  9.4941e-01 -2.1437e-01 -6.7843e-01  7.5124e-02  4.9302e-01  1.2902e+00
 -4.9016e-01  4.3437e-01  7.4324e-01  5.6334e-01 -9.5822e-01 -1.9781e-01
 -3.8564e-01  6.0219e-01 -5.6033e-01  6.1894e-01  2.4595e-01  1.7675e+00
  2.9939e-01 -4.6440e-01  4.1763e-01 -7.3810e-01  3.6443e-01 -1.0841e+00
 -7.9398e-01  7.0766e-01 -5.1449e-01  2.6177e-01  1.0427e+00 -5.1483e-03
 -2.6435e-01  4.2241e-01  6.2821e-01 -2.8520e-01 -2.1474e-01  2.4911e-01
  5.6093e-01  1.1671e+00 -9.8563e-01 -2.3332e-01  7.0766e-01  3.2214e-01
 -4.3524e-01 -3.1773e-01 -1.5651e-01 -3.7062e-01 -1.1439e-02 -6.4295e-02
 -4.0528e-01 -4.9759e-01 -1.8839e-01  4.9323e-01 -1.2172e+00  5.7955e-01
  4.7440e-01 -4.4612e-02  1.1545e-01  8.2765e-01 -2.5943e-01  9.3658e-02
  3.9566e-01  6.0738e-01  7.5689e-02 -3.7168e-01  7.1021e-02 -1.7824e-01
  9.0761e-01 -1.2878e-01 -6.1370e-01  1.5256e-01  7.2664e-03 -3.0293e-01
  3.5486e-01  5.9188e-01  7.3394e-01 -3.7478e-01  2.2884e-01  6.4725e-01
  1.3394e-01 -1.8063e-02 -5.5611e-01  3.0653e-02 -3.5758e-01 -3.9503e-02
 -3.9159e-01  2.4831e-01  6.3993e-02 -3.6693e-01 -5.9237e-01 -1.1852e-02
  4.5803e-01  1.9101e-01 -1.9017e-01 -5.1250e-05]"
looping,"[ 0.39696   -0.32654    0.0075367 -0.30982    0.30301    0.78352
  0.13262    0.29218   -0.38701    0.23977    0.27254   -0.053471
  0.5387    -0.020901   0.82559    0.62708   -0.23746    0.47713
  0.71788   -0.7233     0.47045    0.98783    0.13812    0.40665
  0.60512    0.34751   -1.0064     0.78768    0.22654   -0.19378
 -0.74829    0.14856   -0.035022   0.38804    0.19078   -0.13624
 -0.15589   -0.34275   -0.099288  -0.25884   -0.21063    0.48061
 -0.26957   -0.0054471  0.15268    0.38776    0.093621  -0.46012
  0.30422    0.61549    0.14123    0.67415   -0.092143   0.055969
  0.43509   -0.52393    0.019289   0.67945    0.76635   -0.32232
  0.64486    0.43243    0.6961     0.38902   -0.61494   -0.32207
  0.12125    0.15859   -0.24889   -0.75479   -0.52616    0.47696
  1.1486    -0.27168    0.1314    -0.11106   -0.17133   -0.10023
  0.7217     0.24853   -0.10315    0.47438   -0.1858    -0.27553
 -0.20828    0.29731    0.79172    0.062391   0.037585  -0.54813
 -0.80604    0.32189   -1.1168    -0.038836   0.60684   -0.84987
  0.16995   -0.40198   -0.12855    0.12624  ]"
niels,"[-0.13153   -0.15819   -0.32431   -0.1542    -0.25237   -0.77174
 -0.25605   -0.47277   -0.18806    0.27359    0.071739   0.27016
 -0.18276    0.62405    0.43971   -0.62592   -0.18342    0.48435
 -0.46048   -0.96094   -0.79205   -0.26547    0.98951   -0.1176
  0.17163   -0.46387   -0.061757   0.17727    0.54652   -0.29313
 -0.92643    0.2856    -0.11241    0.19864   -0.52508   -0.46784
  0.15683    1.0723    -0.06844   -0.56256    0.29705    0.81769
 -0.071524   0.29521   -0.22688   -0.37609    0.15075   -0.005286
 -1.0005     1.585      0.7187    -0.30149   -0.32397   -0.041219
 -0.46119   -0.30284   -1.1078     1.0349    -0.94522   -0.60634
  1.1013     0.35698    0.44643   -0.47061   -0.67553    0.17211
 -0.15319    1.0834     0.31255   -0.59858   -0.24372   -0.16844
  0.69716   -0.57037   -0.85467    0.22074    0.031074  -0.26401
 -0.79617    0.30506   -0.0056609 -0.50335    0.14826    0.50201
  0.18086   -0.38688   -0.1478    -0.27036   -0.41485   -0.89074
  0.12033    0.25353    0.061178  -0.14317    0.34675   -0.23261
 -0.10107   -0.41425   -0.25521   -0.73344  ]"
adr,"[ 0.011127   0.90276    0.066097   0.15212   -0.027366  -0.72047
  0.068182   0.4465     0.33631    0.49411    0.2791    -0.38433
  0.30869    0.8776     0.0064513  0.42755   -0.018987  -0.063336
  0.85918   -0.75091    0.53787   -0.52147   -0.025952   0.061261
  0.62087   -0.23264    0.32073    0.36514   -0.21544   -0.0070414
  0.0807     0.11078    0.093988  -0.1132     0.097784  -0.83028
  0.0029849 -0.14337    1.0595    -0.3606     0.52665   -0.067214
 -0.82378   -0.13747    0.97039   -0.34049   -1.2319    -0.86863
 -0.43742   -1.4744    -1.0851     1.2277     0.37753    0.68178
 -1.4403     0.62367   -0.017863  -0.39561    0.15246   -0.47156
  0.63073   -0.79665    0.50737   -0.42894   -0.54914   -0.82596
  0.35638    1.0088     0.24938   -0.56694    0.42139    0.3003
 -0.72502    0.59474    0.32872   -0.85359    0.28767   -1.1234
 -1.1353    -1.0537    -0.96097   -0.29769    0.53122   -0.35167
 -0.4821     0.30891   -0.25158    0.36317    1.4194    -0.17025
 -0.051023   0.39711   -0.44985   -0.44343   -0.055175   0.79451
  1.0258    -0.50996   -0.4027     0.57387  ]"
pharmacology,"[ 0.71858   -0.43449   -0.3635     0.0096549  0.38543   -0.26331
  0.6652    -0.12544   -0.59247    0.29398   -0.4872     0.030087
  0.31517    1.1472    -0.098032   0.7174     0.2755     0.24511
  0.15504   -0.50261   -0.07113   -0.6115     0.24982   -0.28589
  0.19292    0.49726    0.42836   -0.64379   -0.1577    -0.30858
 -1.2485    -0.29951   -0.84416    0.24131   -1.1337     0.36103
 -0.78472    0.3604    -0.21037    0.069844   0.23121   -0.032808
 -0.88332   -1.1649    -0.055261   0.59493    0.33001    0.92324
 -0.92753    0.45834    1.0366    -0.21893   -0.29662   -0.20109
  0.14764    0.71674    0.11044   -0.56536   -0.10438   -0.061642
  0.28443   -0.055563   0.62819   -0.13191    0.35773    0.02205
  0.21511    0.084365   0.79599    0.68554    0.14161    0.18469
  0.3664     0.22942   -0.36642    0.065357  -0.07119   -0.0086446
 -0.28248   -1.2193    -0.23708   -0.15619   -0.70668    0.32967
 -0.6089     0.37741    0.4488    -0.46868   -0.92145   -0.15685
  0.79515   -0.20944   -0.135      1.1092     0.27562    0.75514
 -0.22984   -0.53364    0.65052    0.35739  ]"
levers,"[-0.43463   -0.44669    0.67416   -0.30303    0.11374   -0.19758
 -0.94485   -0.099731   0.40095   -0.42561    0.67278    0.44512
  0.013852   0.64265   -0.17989    0.44173   -0.39794    0.16271
 -0.047341  -1.5709     0.37099    0.27354   -0.21114   -0.56211
  0.13657   -0.83781   -0.18153    0.63674    0.064616  -0.31319
  0.44505   -0.30117   -0.43132    0.26261   -0.60689   -0.24671
  0.39028   -0.36783    0.094179  -0.25471    0.0081716  0.025211
  0.30672   -0.55322   -1.38       0.018372   0.10566   -0.096787
 -0.27672    0.058259  -1.0659     0.55014   -0.36535    0.41022
  0.84007   -0.15588    0.031093  -0.30043    0.0091645  0.24632
  0.087556  -0.19844   -0.085203   1.3128     0.14543    0.3798
 -0.36404   -0.60039   -0.021408   0.2893    -0.48272   -0.65402
  0.60546    0.23306    0.071771  -0.52984   -0.33877    0.20426
  0.3783     0.050201  -0.043368  -0.54697   -0.65701    0.36481
 -0.48102    0.62178    0.76917    0.6305    -0.18509   -1.4389
 -0.77385    0.41343    0.15222   -0.11078   -0.52081   -0.42692
 -0.15457   -0.63238    0.68614    0.7654   ]"
precedes,"[-0.4723    -0.062574   0.75426    0.72491   -0.4322     0.47922
 -0.098167   0.26618    0.25967   -0.174     -0.10545    0.30904
  0.43325    0.28975    0.26348    0.40051    0.015242  -0.4128
  0.23271   -0.065618  -0.31305   -1.2386    -0.73322   -0.02467
  0.38155    0.18641   -0.34159    0.46147    0.16487   -0.19095
 -0.44116    0.036989  -0.23853   -0.091944  -0.26835    0.13603
  0.12434   -0.5946    -0.80737   -0.016701   0.12097    0.13164
  0.27553    0.30817   -0.38432    0.0078603  0.56733   -0.12934
 -0.035381  -0.13897    0.085829  -0.087878   0.27869   -0.11377
 -0.68598   -0.07478   -0.17306    0.066299  -0.17765    0.092112
 -0.27301    0.30128    0.37692   -0.66117   -0.083426   0.078511
  0.062101  -0.73788    0.10933   -0.48351   -0.25638   -0.53923
 -0.23362   -0.0023039  0.049959  -0.27142   -0.040089  -1.0969
 -0.66204   -0.27458   -0.61284   -0.19974   -0.89432   -0.14793
 -0.45145    0.11852   -0.037782  -0.1374     0.64929   -0.24834
 -0.13226    0.17029    0.12954    0.44162    0.6352    -0.40875
  0.23366    0.0069048 -0.088515   0.49637  ]"
lamenting,"[ 0.059872  -0.050762   0.51483   -0.006026  -0.3481     0.91617
 -0.50081    0.013642   0.32677   -0.34306   -0.34828    0.34028
  0.19612   -0.63546   -0.031149  -0.22313   -0.027093  -0.47152
  0.37789   -0.080188  -0.13578    0.34302   -0.4904     0.14177
  0.32214    0.10197    0.053981   0.463      0.08348    0.021848
  0.039117  -0.51705   -0.1406     0.10658   -0.9925     0.092947
  0.10395    0.34836   -0.0058388 -0.21307   -0.37126    0.63847
  0.23843    0.39187   -0.26435    0.28082    0.68275    0.21361
 -0.28068   -0.095853   0.66048    0.13879    0.25508    0.40536
 -0.16661   -0.051037   0.65226   -0.32547   -0.59772    0.383
 -0.29364   -0.26106   -0.18176   -0.14359   -0.29786    0.091463
  0.76146    0.26022   -0.24343   -0.26385    0.077748   0.39505
 -0.12826   -0.085132  -0.34883    0.52706    0.078958   0.17107
 -0.50642    0.1126    -0.3398    -0.11873   -0.29387    0.14869
 -0.76514   -0.95038   -0.32548   -0.39778   -1.151     -0.22233
 -0.030785   0.042248  -0.052812   0.13484   -0.24744   -0.36192
 -0.23902   -0.17515    0.01834    0.24228  ]"
parched,"[-8.1350e-01  8.4941e-02  9.5303e-01  2.5130e-01  1.1970e-03  2.7954e-01
 -9.6859e-02  5.8195e-01 -1.9097e-01  2.4692e-01 -7.0195e-01 -4.1815e-02
  4.9104e-01 -6.0745e-01  9.1456e-02 -5.1674e-01  8.7808e-02 -3.9645e-01
  2.2444e-01 -5.4477e-01 -3.4925e-01  1.0187e+00  6.6383e-01  4.6399e-01
  6.5670e-01  5.7049e-01 -6.3810e-02  1.3494e-02 -3.5692e-01 -3.2785e-01
  2.8493e-01 -6.5834e-01  9.5699e-01 -2.4233e-01 -9.9627e-01  1.5261e-01
 -4.3656e-01  2.1030e-01 -4.8334e-01  2.5068e-01 -2.3800e-01 -4.0552e-01
 -2.4292e-01  2.2867e-02  3.2947e-01  2.9714e-01  5.3051e-01  7.5839e-01
  3.2628e-01 -7.5413e-02 -5.7671e-01  5.2796e-02  2.7980e-01  1.7003e-02
  4.6141e-01  2.4498e-01  3.3099e-01  6.7109e-02  2.7065e-01 -5.8329e-01
  9.5215e-01  8.0293e-01  8.3226e-02 -7.1210e-01  2.1600e-01  2.0714e-01
  2.5767e-01 -5.2853e-01 -4.0273e-02 -1.1741e+00  1.0856e-01  4.4850e-02
  1.4073e-01  1.3389e-01  1.2552e-01 -5.6023e-02  4.8299e-01  3.2063e-01
  1.4060e-01  1.0747e+00  7.2350e-01  7.3854e-01 -1.4177e+00  3.1651e-01
  2.0639e-01  3.7498e-01 -4.7714e-02  2.0456e-01 -3.4282e-01  5.9203e-01
  4.5198e-01  2.6641e-01 -2.2061e-01  6.3664e-02 -5.6490e-01  2.8740e-01
 -5.3465e-01  7.1378e-01 -2.5250e-01  2.1020e-01]"
merciless,"[-0.2794    -0.19446   -0.071554  -0.41655   -0.55892    0.66987
 -0.62314   -0.28292   -0.63931    0.59224   -0.17476   -0.054086
  0.12301   -0.42054    0.18008    0.061948  -0.21059   -0.53213
 -0.80654   -0.015727   0.78781   -0.20363   -0.59139    0.25454
  0.71806    1.1198    -0.3796     0.81594   -0.14049   -0.73689
 -0.14218   -0.023175  -0.039775  -0.54262   -0.35838   -0.35377
 -0.26527   -1.2583    -0.30035   -0.48257   -0.42629    0.8909
 -0.23469    0.08271    0.18131    0.23446    0.53522    0.17132
  0.27195    0.15174   -0.076011  -0.43064    0.16581    0.44239
  0.061581   0.27365    0.97503   -0.023738   0.008784  -0.57216
  0.15591    0.3348    -1.213     -0.010668   0.2904    -0.30856
  0.14499   -0.011113  -0.65509   -0.18801    0.13031   -0.64422
  0.0051599  0.26385   -0.20695   -0.03593   -0.53079   -0.36982
 -0.12365    0.34168    1.2391    -0.12154   -0.40522    0.62763
 -0.1882    -0.18261    0.13234    0.21614    0.2421    -0.79601
  0.26141    0.15509    0.088562   0.45741    0.6313    -0.40015
  0.012903  -0.16868    0.43336    0.47608  ]"
21.2,"[ 1.0594    0.99657   0.69859  -0.65645  -0.098187  0.37121   0.084141
 -0.07327   0.056487  0.68704   0.73283   0.54236  -0.33161  -0.51972
  1.7613   -0.35077  -0.35529  -0.014307 -0.46609  -0.024662 -0.18892
  0.88397   0.34335   0.62842  -0.33287  -0.55805   0.43191   0.63607
  0.027634 -1.4873    0.70462  -0.21534   0.26816  -0.6999   -0.22132
  0.82765   1.1361    0.35088  -0.40971   0.35209   0.2775    0.45624
 -0.16353   0.65121   0.1042    0.31172  -0.46712  -0.72455  -0.32427
 -0.80494  -0.19574  -0.26642   0.11217   0.069761 -0.68712   0.40227
 -0.35146  -0.88011  -0.10682  -0.085808  0.17228  -0.6822   -0.71902
  0.5537   -0.87995   0.47745   0.086492 -0.84604   0.17798   0.65096
 -0.49189  -0.11106   0.028345  0.13198  -0.29343   0.28114  -0.69516
  0.14519   0.052781 -0.64001  -0.13399   0.21551   0.24808   1.3892
  0.11629   0.10325   0.26503  -0.2334    0.48305  -0.18068   0.084646
  0.03897  -0.57913  -0.86898  -0.046646 -0.38488  -0.30689  -0.38872
  0.16058  -0.47877 ]"
metall,"[ 0.52135    0.46628    0.16829   -0.15337   -0.80797   -1.5723
 -0.13554    0.30288   -0.25573   -0.2592    -1.1603    -1.2722
 -0.48005    1.1858    -0.091536   0.56422    0.13418   -0.38912
 -0.0023152 -0.16019    0.96367    0.21545    0.23852   -0.84297
  0.78907   -0.89963   -0.1067     0.98746    0.29577   -0.46139
 -0.062633   0.10224   -0.32767   -1.0615    -0.25524   -0.18221
  1.3023    -0.55003    0.17488   -0.085676  -0.68096    1.2983
  0.4102     0.62083   -0.35221   -0.020127   0.48451   -0.069957
  0.18066    0.96907   -0.070333  -0.83006   -0.52416    0.24935
 -0.96126    0.88568   -0.27902    0.95091    0.40213    0.27388
  1.0109    -1.1724    -0.75402    0.86866    0.41088    0.059433
  0.2064     1.1012     1.0778    -0.52044    0.31621   -0.75535
 -0.582     -0.64186    0.23309   -0.1836    -0.23433   -1.2491
 -0.66509    0.77721    0.19191    0.26848   -0.97892   -0.95951
 -0.21071   -0.67325    0.799      0.58206    0.24119    0.16698
  1.0122    -0.14524   -0.33858    0.33417    0.90736    0.18185
  0.46842    0.69708    0.92508    0.077192 ]"
strenuously,"[-0.44893   0.61597  -0.92149   0.94205  -0.45308   0.067678 -1.2836
  0.364     0.80444   0.55205   0.020734  0.011744 -0.49186  -0.6446
 -0.66531  -0.24172  -0.32092   0.47748  -0.30502  -0.27772   0.87628
  0.6012   -0.48012  -0.035523  0.31102  -0.1405   -0.39258  -0.23683
 -0.45648  -0.037234  0.20005   0.61136  -0.48974   0.053603  0.6971
  0.69661   0.32282   0.058713 -0.29081   0.18738  -0.35987   0.56122
  0.067934 -0.020424 -0.6949   -0.21435   0.45009   0.015964  0.34782
 -0.2772    0.56454   0.16567   0.55741   0.99604  -0.52095   0.47104
  0.64388  -0.44794  -0.45242  -0.022326 -0.15874  -0.77395   0.59781
  0.28555  -0.20595  -0.911     0.85308   0.94354  -0.67876   0.22871
  0.19344  -0.34417   0.42208   0.13887  -0.68544  -0.5529   -0.050778
 -0.45909  -0.65398   0.76021  -0.74921   0.056234  0.10921   0.3826
 -0.36002  -0.07877   0.40889   0.96176  -0.72721   0.041121 -0.26474
 -0.69282  -0.69389  -0.17195   0.52208  -0.17755  -1.4964    0.35971
 -0.12448  -0.22155 ]"
brant,"[-0.14287    0.16166   -0.47206   -0.56081    0.19617    0.21821
  0.89264    0.2034    -0.41219   -0.65106   -0.4587     0.30847
 -0.05406   -0.30639    0.10515   -0.70833    0.31845   -0.67219
  0.16266    0.83446   -0.19051    0.040263   0.85908   -0.10507
  0.14257    0.59713    0.10511   -0.16905    0.20128    0.28673
  0.40753   -0.22808    0.20984    0.14605   -0.34378   -0.3213
  0.287      0.37207    0.51324    0.093462  -0.55095   -0.16706
 -0.55106    0.14639   -0.89277    0.58692   -0.027281  -0.75188
  0.51069    0.70465    0.051949   0.29816    0.04268   -0.12524
 -0.38123   -0.024558   0.013654   0.056069  -0.22952   -0.075118
  0.014145  -0.33125    0.032639   1.3004     0.27099   -0.57112
  0.43231    0.056391  -0.0055468  0.39054   -0.34016   -0.21723
 -0.63999   -0.50898    0.043897  -0.29387    0.47303    0.064677
 -0.019185   0.031773  -0.17648    0.4853     0.38248   -0.36544
  0.92329   -0.56112   -0.01538   -0.79486    0.43593    0.031173
 -0.51467   -0.31126   -0.21191   -0.15943    0.20921    0.045269
 -0.7006     0.20202   -0.7635     0.33157  ]"
malayan,"[ 0.18601   0.28559  -0.6398    0.56909  -0.32989  -0.32772  -0.25002
 -0.19379  -0.68643  -0.54199   0.90686   0.16734  -0.56212   0.29146
 -0.39249  -0.29071   0.85237  -1.0207    0.6984   -1.2759    0.60139
  0.48085   0.16854  -0.58414   0.53431   0.14663   0.040564  0.1606
 -0.67412  -0.32153  -0.017745  0.52384   0.11623  -0.59926  -0.223
  0.046944  0.34792   0.38718   0.87475  -0.50583  -0.82348   0.35444
  0.42659   0.48285  -0.1872    1.3668    1.0802    1.2575   -0.18858
 -1.174    -1.3321    0.29646   1.341     0.28931  -0.074159  0.81815
 -0.037031 -0.10192   0.52257   0.52414  -0.050387 -0.26026  -0.16213
 -0.083191  0.17572   0.66373  -0.2924    0.34004   1.5594    0.29427
 -0.4123   -0.15487   0.098736  0.30606  -0.60562   0.61615  -0.9478
  1.0016    0.1004   -0.21621   0.65971  -0.93395   0.82327   0.52258
 -0.054127  0.54717  -0.24516   0.55793   0.7387    0.62318   0.30591
  0.33234  -0.31834   0.97675  -0.13733  -0.60026  -0.027416 -0.035542
 -0.12836  -0.18172 ]"
powering,"[-0.19804   0.09734   0.58347  -0.071044  0.81674   0.083411  0.12879
 -0.22707  -0.16059  -0.138     0.63645  -0.22549  -0.63435  -0.19382
 -0.049622 -0.7605   -0.44906   0.78956   0.62244  -0.56216   0.22279
 -0.15095   0.041652  0.413     0.47927  -0.20265  -0.85641   0.58354
 -0.48697   0.27272  -0.63327  -0.24073  -0.18128   0.13889  -0.14853
 -0.1034    0.087752 -0.55791  -0.334     0.34541  -0.083333 -0.052841
 -0.18586   0.12159  -0.12448   0.46181   0.53492  -0.23304   0.17632
 -0.20153  -0.24054   0.67264   0.012435  0.43698   0.25501  -0.044347
 -0.13297   0.72152   0.25643  -0.073856  0.084216 -0.16323   0.099682
  1.0462   -0.23315   0.78048   0.12691  -0.55035  -0.26214   0.083915
  0.27533   0.31852  -0.033215 -0.75877   0.22898   0.33843   0.4329
 -0.18457   0.18909   0.10962   0.41814   0.54323  -0.98485   0.90536
 -0.25298   0.29205   0.53858   0.19868  -0.47629  -0.63532  -0.48078
  0.31138   0.19124  -0.057374 -0.43091  -0.72505   0.20903   0.024732
  0.68291   0.16279 ]"
uml,"[-6.8140e-01  5.2218e-01  6.3137e-01  1.0486e-01 -5.9610e-01 -3.2349e-01
  7.9503e-02  8.1090e-01  6.2424e-01  1.8560e-01  8.9919e-01 -1.5996e+00
  1.0496e-01  1.7120e-01  8.0667e-01  7.7452e-01  4.1939e-01 -2.3214e-01
  1.2881e+00 -6.8990e-01  4.3068e-01  4.3909e-01  5.6647e-01  6.2656e-01
 -5.1840e-01 -1.3012e+00  1.9570e-01 -1.5803e-01 -5.2470e-02 -3.6108e-01
  1.4939e-01  1.2745e+00 -6.6537e-01 -2.4646e-01  4.9799e-01  1.8396e-01
  1.0715e+00 -9.7186e-02  3.4650e-01 -1.8175e-01 -1.3176e+00  6.8189e-01
  1.5249e-01 -1.3974e-01  7.2797e-02  5.1478e-04  2.6418e-01  2.1810e-01
 -9.7488e-02  8.5037e-01 -6.7428e-01 -2.7862e-01  5.3069e-01  9.0740e-01
  2.1929e-01  1.0297e+00 -3.9494e-02  1.1745e+00  4.8149e-01 -4.4418e-01
 -6.6388e-02 -9.2345e-01 -4.2710e-01  6.0338e-01  1.9402e-01  1.1569e+00
  4.4765e-01  2.5551e-01  1.1720e-01  7.4874e-02  6.1434e-01  9.8714e-02
 -5.7582e-01 -1.0410e+00 -3.1937e-01  8.6624e-01 -7.9736e-01 -2.9367e-01
 -5.0148e-01 -5.0752e-02 -1.2147e+00 -4.3764e-01  3.6323e-01 -1.2079e+00
  1.9295e-01  9.8974e-01  3.9871e-01  8.1909e-01  2.5870e-01  1.3536e-01
  2.0228e-01  2.7258e-01 -8.0000e-02  9.6928e-01  8.5809e-01 -3.0032e-01
 -4.6655e-01 -9.9334e-01  6.3046e-01 -4.8496e-02]"
pancake,"[-0.31973    0.54699   -0.087471   0.26805   -0.78712    0.40842
  1.1356     0.54971    0.021111  -0.017153   0.0075021 -0.3825
 -0.37281    0.12605   -0.075314   0.3273    -0.30159   -0.48508
  0.49194   -0.53498    0.17264    0.38672    0.3005    -0.82147
  0.18373    0.32254    0.23917    0.32285   -0.80333   -0.018415
  0.30312    0.19005    0.67216   -0.20907   -0.030286   0.725
 -0.21849    0.46714    0.28221    0.018222  -0.32915   -0.50376
 -0.49618   -0.18839   -0.22217    0.76509   -0.92219   -0.18217
  0.23189   -0.096745  -0.88237   -0.44005    1.0422     0.21191
 -0.4147    -0.219      0.24654    0.80816   -0.14559    0.63303
  0.11142    0.20718    0.11647   -0.17794    0.21314   -0.10864
  0.57199   -0.052979  -0.32368   -1.0952    -0.90257   -0.32241
  0.23873    0.30514    0.14698    0.16369   -0.94503   -0.18113
  0.98577    0.46028   -0.81207   -0.9299     0.25183    0.51676
  0.44328   -0.78208    0.0096356 -0.59781    0.58222   -0.24992
  0.32921   -0.02592   -0.43757   -0.04733    0.1308    -0.99067
  0.8424    -0.26313    1.1089     0.0063837]"
unp,"[-1.6434e-01  3.6397e-01  3.4420e-01 -7.0304e-01  1.2348e-01  4.9395e-01
  5.4322e-01  3.0751e-01  2.2600e-01  1.5550e-04  7.1459e-01 -6.5490e-01
 -1.3859e-01  1.6795e-01  1.5251e-01 -8.9536e-03 -4.0757e-01 -9.9282e-02
  9.5155e-01  1.3491e-01  3.7529e-01 -4.8634e-01  1.0687e+00  3.1206e-01
 -6.1270e-01 -2.1073e-01  2.1125e-01 -2.7695e-01  3.2235e-02 -2.5541e-01
  8.7647e-02  1.0268e+00 -9.7609e-02  8.5084e-01 -3.2161e-01  1.3683e-01
  8.3869e-01  3.3199e-01  6.8123e-02 -6.2306e-03 -6.6941e-01 -1.5238e-02
  7.1708e-01 -3.2995e-01  8.4954e-01 -2.9745e-01 -8.7598e-02 -1.0014e-01
 -3.8288e-01  6.7994e-01  3.5994e-01 -4.0907e-01  1.0012e+00  5.6605e-01
  4.3326e-01  9.4334e-01 -2.2784e-02  5.2509e-01 -8.5311e-01 -2.8762e-01
 -6.6745e-01 -9.9009e-01 -5.4191e-01  1.2780e+00  4.7479e-01  1.2791e+00
 -4.5551e-01  1.3889e-01  1.0179e-01 -4.4625e-02  3.6355e-01  5.8942e-02
  2.0396e-02 -1.2587e+00 -1.1451e-01 -2.3939e-01 -8.3981e-01 -1.9806e-01
 -1.2999e+00  4.9107e-01 -9.8305e-01 -4.8104e-01  7.8646e-01 -1.4909e-01
  3.8901e-01  2.9798e-01 -1.7711e-01  1.5336e+00  3.2518e-01 -1.8057e-01
  2.1349e-01 -3.5178e-01 -3.2783e-01  7.0186e-01 -4.1125e-01 -1.6507e-02
  6.1010e-01 -4.4079e-01  5.5638e-01  2.3703e-01]"
leem,"[-1.1254    -0.32644   -0.38391    0.41812   -0.65742   -0.69736
 -0.37676   -0.29498   -0.5061    -0.058093   0.18368    0.081735
 -0.57799   -0.62187    0.22919    0.46495   -0.007499   0.75937
  0.90855    0.32889    0.90812    1.0367    -0.116      0.92195
 -0.049575   0.95127   -1.7405    -0.49099    0.017804  -0.35401
  1.8033    -0.822     -0.22947    1.0703    -0.57326   -1.291
 -0.30274    0.84828    0.58342    0.071679   0.78674   -0.40922
  0.069529  -0.891      0.24948   -0.46587   -0.6276    -0.057444
  1.5596     0.82021   -1.8702     0.36125   -0.74046   -0.85419
 -0.44727    1.3473     0.57821    0.12775    0.1835    -1.2539
 -0.53688    0.18882    0.46088   -1.6215    -0.40826    0.31924
  0.50194   -0.62517   -1.8819     0.30688    0.92191    0.41241
 -0.78975   -1.1066    -0.63589   -0.83555    0.29061   -0.64504
  0.36756   -0.16599    0.24776   -0.40694    0.86769   -1.1779
 -0.30848    0.5193    -0.32881    0.34536    0.6696     0.89977
 -0.30258   -0.28098    0.0045244 -0.45406    1.3882    -0.45169
  0.90143   -1.5522     0.82365   -0.067468 ]"
prophetic,"[ 0.58298   -0.11457    0.014431  -0.23       0.097119   0.25004
  0.27422   -0.6301     0.25499   -0.03881   -0.58764    0.14387
  0.10382   -0.04992    0.056376   0.12767   -0.15796    0.23535
 -0.38074    0.128      0.38767   -0.61792   -0.17264   -0.13288
  0.32555   -0.064842  -0.059137   0.48225   -0.32996   -0.12544
  0.070127  -0.83812   -0.68244   -0.67406   -1.0272    -0.11812
 -0.96597    0.39291   -0.035616  -0.15704    0.13607    1.041
  0.83481   -0.16358   -0.23507   -0.83004    0.90684    0.0017048
 -0.18802   -0.16987    0.69728    0.32746    1.1745    -0.019953
  0.48983   -0.42006    0.97474    0.45383   -0.39151   -0.095538
  0.63365    0.567     -0.075438  -0.31911   -0.36042   -0.52893
  0.29532   -0.11909    0.055229  -0.70337    0.19291    0.18905
  0.57588   -0.74613    0.0086327 -0.39319   -0.048606  -0.3207
 -0.35866   -0.37189   -0.99752   -0.18138   -0.15895    0.010271
 -0.73334    0.30955    0.39738   -0.29448   -0.25545    0.17211
  0.10462    0.8058     0.38353    0.094078  -0.32844   -0.50098
 -0.56315   -0.49809   -0.43088    0.76197  ]"
glancing,"[-5.1509e-02 -2.5025e-01  6.2544e-04  1.1725e-01  2.1953e-01  9.6588e-01
 -2.8644e-01 -4.2763e-01  1.3977e-01 -1.6615e-01  2.2261e-01 -2.2303e-01
  1.0602e-01  1.1198e-01  7.7022e-01  3.2910e-01 -7.4647e-01 -1.4589e-01
  3.6066e-01 -5.6070e-01  4.9368e-01  7.6592e-01 -1.7149e-01  1.6576e-01
  7.0567e-01 -1.8707e-02 -1.1297e+00  4.8401e-01  1.7543e-01 -5.9454e-01
 -3.4564e-01 -2.1075e-01  1.4887e-01  7.4475e-01 -5.8869e-01  1.7234e-02
 -6.1656e-01 -6.3760e-01 -1.4931e-01  3.5106e-01 -4.2463e-01  3.4066e-01
  1.7264e-01 -2.1292e-01 -2.4570e-02  5.1362e-01  8.1543e-01  9.4864e-02
 -2.7780e-01  7.2794e-02  9.9948e-01  4.0645e-01  1.0180e-01  3.9636e-01
  1.2916e-01 -2.8068e-01 -2.9326e-01  2.5746e-01 -8.0090e-02 -2.6392e-01
  5.2055e-01  1.1453e+00  1.1660e-02 -2.9137e-02 -8.7852e-01 -6.1637e-01
  3.9697e-01  2.7380e-01 -2.9201e-01 -1.3301e-01 -6.1862e-01  2.4022e-01
  1.4230e+00 -1.0552e+00  1.5850e-01 -4.1530e-02 -5.0981e-01 -8.6159e-01
  8.0591e-01  1.7186e-01  2.8679e-02 -2.8524e-01 -1.5946e-01 -7.2584e-01
 -1.7379e-01 -8.2841e-01  4.7230e-01  1.7340e-01 -5.7129e-02 -5.2155e-01
  2.1138e-01  3.8644e-01  1.6381e-01 -6.6861e-01  3.9047e-02  1.1872e-01
  5.2691e-01  1.0190e-02 -3.0025e-01  4.4348e-01]"
lozada,"[ 0.50152  -0.50268  -0.15872   0.027038  0.60851   0.4796    0.30778
  0.60984   0.14999   0.11055   0.161     0.94992  -0.42435  -0.66612
 -0.071182  0.43804   0.37642   0.55446   0.17352  -0.41119   0.11735
 -0.32441  -0.017275  1.2292   -0.7938   -0.094824 -0.53861   0.30488
  0.64871   0.4851   -0.1721    0.16247  -0.15246  -0.60299  -0.49587
  0.62828   0.43712  -0.25145   0.063539  0.51634  -0.14873  -0.14061
  0.57571  -0.48673   0.30376   0.26042  -0.83538  -0.035788  0.24118
 -0.19062  -0.84921  -0.14108  -0.56863   0.11327   0.27072  -0.016321
  0.26189   0.21997  -0.58265   0.2527    0.34059  -1.1035    0.039596
 -0.72381   0.39386  -0.47111   1.1708   -0.97337  -0.19453   0.037267
  0.79867   0.5651   -1.1976   -0.3291    0.18782  -0.31685   0.34859
  0.28137  -0.63416   0.04925   0.76133  -0.6587   -0.38863  -0.63832
  0.37583  -0.2432    0.31689   0.60258  -0.63355  -1.1451    0.45474
 -0.75096  -0.62896   1.0827   -0.88624  -0.094988  0.13625  -0.23629
 -1.1136   -0.17501 ]"
dostam,"[-3.1806e-01  1.7120e-01  3.6598e-01  3.4735e-01  6.8970e-01 -3.8112e-01
  2.0532e-01 -3.5422e-01 -7.2159e-02  2.0847e-01 -1.8774e-01 -2.9336e-01
  7.5697e-01 -3.7877e-02  7.2415e-01  9.8983e-02 -7.2485e-01 -1.6231e+00
  4.6661e-04 -7.4841e-01  7.9997e-01 -4.2437e-01  3.4920e-01 -4.5323e-01
 -2.4502e-01 -4.0965e-01  8.1889e-01 -1.4164e-01  1.7810e-01 -6.6117e-01
 -4.5348e-01 -1.6679e-01  5.1639e-01 -1.0745e+00  2.8527e-01  7.8962e-01
  1.2569e+00  3.7468e-01 -7.7782e-01  6.3772e-02 -5.9389e-01  1.2339e+00
  9.3626e-01 -6.7705e-01  1.2613e-02  5.6613e-01 -5.0693e-01  1.0980e-01
  5.6515e-01  3.9898e-02 -3.7353e-01  2.5185e-01  3.5387e-02  5.9066e-01
  4.4383e-01  1.1296e+00  9.1628e-02  3.8381e-01  1.3565e-01 -6.4631e-02
  8.8362e-01 -2.5435e-01 -2.2046e-01  6.6491e-01  4.0974e-01  7.9751e-01
  2.6265e-01  6.9147e-01 -9.9047e-01  1.2299e+00 -1.7077e-01 -1.3281e+00
  4.5724e-01 -1.1933e+00 -5.4240e-01 -6.7527e-01  5.9350e-01  4.5155e-01
 -5.9122e-01  5.5938e-01  4.5403e-01 -1.7560e-01 -4.0363e-01  1.5310e-01
  9.5471e-02  1.0731e-01 -2.9006e-02  6.9445e-01 -2.0126e-01  1.4648e-01
  1.2251e+00 -9.2109e-02 -3.1065e-01  6.4106e-01 -3.3069e-01 -1.9321e-02
 -6.5726e-02  1.2090e-01 -5.2112e-01  4.4409e-01]"
17th-century,"[-0.22063    0.49875    0.20984    0.93595    0.052963   0.54971
  0.042991  -0.93293    0.014739   0.51318    0.058049   0.062331
  0.23753    0.022281  -0.035812   0.38791    0.21761   -0.93161
  0.25818   -0.12922   -0.30678    0.34241   -0.18146   -0.54102
  0.43792   -1.5932    -0.34031   -0.1171    -0.72245    0.16852
 -0.646     -0.84334   -0.17124   -0.20383    0.33026    0.53095
 -0.38063   -0.23745    0.80117   -0.11845   -0.22542    0.14173
  0.41289    0.51136    0.83668    0.18703    0.44626   -0.14302
 -0.032879   0.011473  -0.023636   0.34532    0.039579  -0.8986
 -0.49071   -0.56452   -0.80244   -0.49211   -0.32501   -0.094079
  0.0061583  0.5834     0.66921    0.37085    0.54356   -0.84483
 -0.077835  -0.04347   -0.18892   -1.0961     0.083138   0.8797
  0.60196   -0.28557   -0.48848   -0.61699    0.23257    0.16159
  0.043881   0.059961  -0.16984   -0.76632    0.71694    0.19694
  0.23697    0.11816   -0.27615   -0.68802    0.034314  -0.27776
 -0.0021311 -0.3818     0.38904    0.38928   -0.29618   -0.59282
  0.042143  -0.76968   -0.031631  -0.49677  ]"
ayub,"[-0.30417   -0.79933    0.0068408  0.13882   -0.51814   -0.5701
 -0.37584   -0.16549    0.0020619  1.2252     0.29409   -0.28325
  0.17977    0.069687   1.1083     0.36652    0.29294    0.47856
 -0.76377   -0.44689    0.077864   0.12875    0.98661   -0.64127
 -0.6021     0.1983     0.29681   -0.30852    0.052636   0.64352
  0.057988  -0.56076   -0.81259    0.47927   -0.59705    0.15345
 -0.04321    0.32101   -0.85057    0.31407    0.40527    0.80696
  0.49388   -0.11845    0.2048    -0.10044    0.54187    0.40859
 -0.12822    0.058407  -0.96887   -0.14008    0.39973    0.38316
  0.049637   0.62009   -0.97391    0.10461   -0.74017    0.62976
  0.025043   0.082637   0.3871    -0.15199    0.12686    0.19036
  0.4634     0.13187   -0.17234    1.0354     0.032679  -0.56382
  0.37303   -0.52655   -0.14686    0.73474   -0.51371    0.2163
 -0.7832     0.29986    0.52202   -1.1676     0.55163   -0.91108
  0.39376    0.14283   -0.70706    0.072209   0.25183   -0.38107
  1.1796     0.25808   -0.19204   -0.22487   -0.042969  -0.19848
  0.51033   -0.22826   -0.4531     0.036591 ]"
1min,"[ 0.30075  -0.47096   1.0061    0.70472   0.61398   1.0959    0.31625
 -0.22906  -1.2103   -0.20308   1.6565    0.43448  -0.5026   -0.50937
  0.29401   0.66997  -0.13903   0.23828  -0.18255  -0.35304   0.74017
  0.13147  -0.3307    1.2296   -0.60363   0.047835 -0.30375   0.71398
 -0.01981  -0.77237  -1.4875   -0.45862   0.74399  -0.37145  -0.1088
  0.35973  -0.65325   0.19221   0.69129   1.0507    0.28764  -0.51782
  0.015986 -0.41905  -1.8099    0.011435 -0.23635   0.053513  0.46082
 -1.1122    0.21473  -0.48153  -0.3724    1.0944    0.67696  -0.62627
 -1.139     0.34774  -0.30694  -0.88514   0.26158  -1.28      0.2344
  0.1847    0.18543  -0.39605  -0.50299  -0.21224   0.353     0.36702
  0.43819   0.88096   0.16111   0.40891   0.071873  0.11428  -0.090351
 -1.4415    0.16689  -0.53476   0.1986    0.077913 -0.17336   0.015674
  0.57964   0.082595 -0.38094   0.66132   0.37038   0.058467 -0.95409
  0.67901  -0.30063   0.016244  1.08     -0.53414   0.29662  -0.46144
  0.050339 -0.082644]"
bakri,"[-0.48887  -0.75869  -0.35307  -0.55758   0.3245   -0.063501  0.66328
 -0.37383   0.75655   0.93552   0.28348  -0.083309  0.32004  -0.27289
  0.82144   0.11747  -0.35008  -0.23862  -0.07512   0.62769  -0.1377
  0.014159  0.43042  -0.57268  -0.29978   0.51356   0.12487  -1.1261
 -0.094218  0.89884   0.54456  -1.0955   -0.16262   0.10967  -0.30844
 -0.10646   0.40584   1.2461   -0.55226  -0.31114  -0.1685    0.48469
  0.22209   0.014298  0.4204   -0.021569  0.50096  -0.54638   0.89378
  0.12226  -0.44159  -0.066409  0.27423   0.15387  -0.98351   1.1573
 -0.46289   0.6317   -0.006413 -0.42877   0.56835   0.29803   0.36242
 -1.2186   -0.12437  -0.19995   0.033273 -0.16511  -0.39888   0.96565
  0.54648   0.25177  -0.52918  -1.9415   -0.23497   0.098626 -0.12601
 -0.86892  -0.2204   -0.089253  0.22841  -0.66658   0.17605  -0.35858
 -0.094037 -0.39735  -0.24648   0.37765  -0.11344   0.42923   0.46327
 -0.14488  -0.28845  -0.4184    0.50363   0.4301    0.79623  -0.74623
  0.4021    0.090639]"
truckloads,"[-0.22096    0.22946   -0.20499   -0.10322   -0.16548    0.52918
  0.37575    0.64068    0.34738    0.014963   0.35943    0.2662
 -0.34151    0.15085    0.087799  -0.31914    0.36403   -0.22036
 -0.28514   -0.42983    0.71894    0.21234    0.16766   -0.44528
  0.1565     0.075327  -0.30325   -0.0094535 -0.028714   0.18032
  0.25779   -1.3947    -0.97975    0.48024   -0.080144  -0.41673
  0.51187   -0.19256   -0.38935    0.66413   -0.20965   -0.18968
  0.29901    0.037924  -0.22875    0.26548   -0.95344   -0.1318
  0.34024    0.82385    0.34514    0.1667     0.2985    -0.082567
 -0.017168   0.935     -0.20967   -0.13841    0.83795   -0.063645
 -0.23012    0.58787    0.10812    0.50631   -0.35575    0.24695
  0.13156   -0.60557    0.45178   -0.055578   0.46316   -0.67196
 -0.073361   0.15712    0.46227    1.7436    -0.048758   0.10318
 -0.35883    0.040153   1.1412     0.24871   -0.58685    0.079233
 -0.24243   -0.023537   0.70554   -0.26704   -0.22434    0.062589
  0.39948   -0.20481   -0.71471   -0.63626   -0.62035   -1.18
 -0.10238    0.81695    0.14589    1.003    ]"
screenwriters,"[ 0.62512   0.2268    0.14659  -0.52546   0.024925 -0.34827  -0.50121
 -0.16629  -0.73101  -0.20819  -0.14718  -0.45092   0.19459  -0.41943
 -0.69979  -0.11768   0.037438 -0.019679 -0.02819   0.48408  -0.26092
  0.34958  -0.13236  -0.49224   0.59168  -0.28463   0.064108  0.089986
 -0.04878  -0.43833   0.10616   0.23776  -0.56193  -0.89936  -0.35206
  0.15089   0.21592   0.030128  0.25922   0.039284 -0.090128  1.2781
 -0.74224   0.65337   0.22383  -0.25145  -0.74076  -0.73682  -0.20329
  0.47166  -0.83169  -0.49374  -0.75637   0.39823  -0.069157  0.31318
 -0.34799   0.21012  -0.57519  -0.2863   -0.31968   1.3158    0.2482
  0.15275   0.056052 -0.68968   0.59599   0.84133  -0.073481 -0.37073
 -0.20675   0.79753  -0.48761  -0.24828  -0.51024  -0.66026   0.20303
 -0.44987   0.088368 -0.12418  -0.75672  -0.066026 -0.16767  -0.13019
 -1.1419    0.13729   0.12537   0.35219  -0.32505  -0.33165   0.10557
  0.049296 -0.50097  -0.61631  -0.16142   0.29091   0.435     0.0461
 -0.20768   0.18631 ]"
grays,"[ 0.14787   0.29669  -0.16086  -1.0636   -0.078427  0.12663   0.44224
  0.43029  -0.48811  -0.53122  -0.062122 -1.1129   -0.13313  -0.15284
  1.0963   -0.347     0.78277  -0.58574   0.31243  -0.088715  0.010789
  0.39239  -0.55286  -1.2921    0.064228  0.14391  -0.33334  -0.80774
 -0.31072  -0.59905   0.22377  -0.019332 -0.046085 -0.027647 -0.76273
  0.07575   0.076405  0.62812   0.21473  -0.63068  -0.26381  -0.70799
 -0.23128   0.45426   0.14119   0.67982   1.1222    0.29649   0.46383
 -0.33649  -0.52557  -0.43114   0.25795  -0.054164 -0.38538   0.19136
  0.9234   -0.90708  -0.16978  -0.21932  -1.3529   -0.12842  -0.49169
 -0.51502  -0.28178  -0.62104  -0.11448  -0.3878   -0.72912  -0.34746
 -0.33481  -0.30643  -0.027816 -0.35247   0.41786  -0.39261   0.13872
 -0.30561   0.53164  -0.38056  -0.59491   0.24788  -0.050282  0.63082
  0.57313  -0.65832   0.23098   0.29212   0.3819    0.71458  -1.0258
 -0.46076  -0.42509   0.18322  -0.54818  -0.19909  -1.0436    0.42496
  0.70995  -0.22113 ]"
clippings,"[-0.75318    0.19988    0.015992  -0.69951    0.12493    1.1088
 -0.27035    0.015225  -0.11756    0.0087707  1.189      0.40607
  0.0032929  0.12806    0.03255    0.94439    0.49548   -0.78792
  0.56106   -0.12085   -1.175      0.85924   -0.28641    0.49061
  0.35449   -0.13867    0.23166   -0.16504    0.15417    0.30984
  0.27922   -0.42683   -0.082886   0.065958  -0.52192    0.55809
 -0.45743   -0.72264   -0.59981    0.10332   -0.052669  -0.16192
 -0.77365   -0.68907   -0.88171   -0.55856    0.15084   -0.22246
  0.32741   -0.22655    0.41786   -0.11538    0.3208     0.44321
  0.18212    0.86039   -0.28373    0.040191   0.4666    -0.14239
 -0.02842    1.23      -0.10865    0.27506    0.19339   -0.33913
  0.70897   -0.18815    0.15049   -0.2852     0.12174    0.65997
  0.54906   -0.31402   -0.028983   1.1375     1.0187     0.4806
 -0.85651    0.30336    0.018979   0.15341    0.36574   -0.25481
  0.23459   -0.75494    0.32912    0.37576   -0.4958     0.3724
  0.046642  -0.72785    0.37355   -0.31662   -0.26576   -0.78639
  0.22878   -0.39128    0.37177    1.1712   ]"
fainted,"[ 0.89278    0.17396   -0.64258    0.31573   -0.39369    0.5653
  0.5353     0.68162    0.81981   -0.17068    0.26578    0.50944
  0.0038855 -0.40815    0.30505   -0.61244   -1.0604     0.22819
 -0.41942   -0.99132    0.11071    0.48087   -0.17385    0.084061
  0.551      0.26817   -0.34279   -0.077539   0.84887    0.41575
  0.6037     0.20151   -0.42053    0.7258    -0.41617    0.0070453
 -0.2644     0.46134    0.30623    0.3673    -0.86566    0.25086
 -0.0092389  0.020084  -0.067476   0.58694    0.13496    0.52655
  0.16328   -0.46062   -0.14605   -0.44368    0.52321    0.58606
  0.014204   0.23494   -0.083932   0.28489   -0.7614     0.80136
  0.13592    0.49659   -0.056186   0.011275  -0.64012    0.051841
  0.33394   -0.83421   -0.11254    0.087215  -0.43928   -0.3357
  0.87381    0.213      0.070811   1.0357    -0.19193   -0.36706
  0.49684   -0.16122    0.26072   -0.13718    0.46046    0.059819
 -0.67321   -0.75469   -0.14123    0.11677   -0.41945    0.0038883
  0.65364   -0.49759    0.19524    0.57461   -0.52942    0.28558
  0.6504     0.37756   -0.3754     0.02402  ]"
cognition,"[ 0.29802   0.06649   0.71321   0.61739   0.27291   0.45318   0.29923
 -0.27934   0.25597  -0.027198 -0.61222  -0.16302   0.073692 -0.60609
  0.82424   1.1032   -0.25195   1.3127   -0.073234  0.65996  -0.070335
 -0.46873   0.54372  -0.077403 -0.12544  -0.42283   0.25365   0.092933
  0.23246   0.62838  -0.29051   0.78687  -0.84622   0.33999  -0.32972
 -0.55083   0.041877  0.87096  -0.078336 -0.243     0.40445  -0.29777
 -1.0019    0.26109  -0.79515   0.29481   0.77146   0.29863  -0.64167
  0.14338   0.43942  -0.22112  -0.45644   0.4149    0.23097   0.29572
  0.90094  -0.15383  -0.25623  -0.11691   0.82297   0.52947   0.14352
 -0.38259   0.22836   1.3113    0.24412  -0.66561   1.0982   -0.14365
 -0.2243    0.37313   0.88712  -0.72943  -0.19997  -0.12538   0.2612
 -0.49638  -0.50276  -0.039342 -1.0414    0.51298  -0.44886   0.03976
 -0.80359   0.78968   0.081783 -0.08324  -0.45887  -0.23893   0.19956
 -0.5324    0.077419  1.2954    1.1557    0.59324  -0.033666 -1.0219
  0.89301   0.27104 ]"
agnew,"[-0.52151   0.077719 -0.11013  -0.43752  -0.042346  0.025542  0.24673
  0.19962  -0.019713 -0.17092   0.17172   0.099285 -0.23255   0.64385
  0.39562  -0.52832   0.87964   0.61535  -0.026579 -0.37264  -0.21873
 -0.28717   0.92448   0.34468  -0.22175   0.43782   0.059349  0.60514
  0.41877  -0.018047  0.97336   0.63702   0.049023  0.15034  -0.8547
  0.50297  -0.24182   0.17149   0.11261  -0.0653   -0.018859  0.072739
  0.36357  -0.3729   -0.69119   0.84854   0.34916  -0.076139  0.20213
 -0.43818   0.031052 -0.47393   0.15757  -0.31575   0.21635  -0.060726
  0.3441    0.21955  -0.55012   0.089581 -0.27957  -0.23075   0.23212
  0.55921   0.10446  -0.75102   1.0759   -0.62349  -0.19904   0.53676
  0.2047    0.37035  -0.42108   0.093139 -0.67948  -0.20834  -0.074325
  0.61723  -0.13694  -0.29687   0.36526   0.2123    0.65908  -0.62625
  0.53404   0.16963   0.057808 -0.13919  -0.19525  -1.2234    0.42802
  0.14607  -0.19152   0.31502   0.47632  -0.28248  -0.34384   0.32134
 -0.76379  -0.085358]"
flirted,"[ 0.8202    0.53733   0.072922  0.90643   0.25927   0.053637  0.17824
 -0.35767   0.26999  -0.083276 -0.11187   0.061312  0.4765   -0.6419
  0.6514   -0.59802  -0.13157   0.14357   0.19977  -0.79005   0.17466
  0.65551   0.10047   0.30177   0.10213  -0.30085  -0.53464  -0.30488
 -0.36534  -0.30843   0.2335    0.46201  -0.15931   0.59812   0.24082
  0.33151  -0.47798  -0.68089   0.17455   0.32733  -0.4134    0.10586
  0.077341 -0.093004 -0.05155   0.67923   0.22363   0.09783   0.31965
 -0.5436   -0.12099   0.090211  0.50898   0.75508  -0.28509  -0.15843
  0.45992   0.55559  -1.0858    1.1537   -0.013164 -0.32686  -0.55185
  0.030592 -0.39502  -0.31785   0.81829  -0.3605   -0.16695   0.1562
 -0.16301   0.31737  -0.63172   0.48589  -0.9773   -0.19769  -0.16407
 -0.49644   0.04062  -0.013098 -0.20449   0.14404   0.40421   0.022669
 -0.031864 -0.14213  -0.033545  0.23786  -0.39638  -0.22137  -0.12404
  0.56612  -0.94385   0.112    -0.43415  -0.038302 -0.17187   0.75801
 -0.16326   0.37542 ]"
1.93,"[ 1.0999    0.6966    0.32638   0.32251  -0.24817  -0.17844  -0.055821
  0.078322  0.27292   0.7432    0.31502  -0.32639  -0.9258   -0.51968
  0.22793  -0.19143  -1.0978   -0.16595  -0.17529   0.55138   0.13395
  0.12265   0.13328   1.0526    1.4634   -0.44798   0.39268   0.74591
  0.33825  -0.48652  -0.53616   0.034768 -0.070581 -0.27577   0.081363
  0.47922  -0.10775   0.34444   0.17875   0.96079   0.34613  -0.76
 -0.14382   0.18238  -0.44434  -0.092762 -0.21818   0.49672   0.108
 -0.83805  -0.23051  -0.31715   1.1604    0.17853  -0.87889   0.58874
  0.10028  -0.11014   0.46653   0.23594   0.43326  -0.79313  -0.3868
  0.79725  -0.89743  -0.41551  -0.10278  -0.25211   0.6868   -0.05447
 -0.51579   0.26068  -0.4111    0.15979  -0.32529   0.2261   -0.36229
  0.32396  -0.17457   0.22267  -0.52938   0.38225  -0.10009   0.40545
  0.71779   0.090452  0.20798   0.54709   0.38399   0.24666  -0.40474
  0.73134   0.031551 -0.64379  -0.31937  -0.35125  -0.81184  -0.7895
 -0.59924  -0.44083 ]"
u.s.-mexico,"[ 0.94404  -0.052032  0.62759   0.11225   0.18103  -0.29564  -0.59606
  0.61396   0.23565   0.232    -0.90481   0.058156  0.291    -0.27847
  0.23123   0.37331   0.77449  -0.6578   -0.14066  -1.0878    0.85303
  0.58586   0.25261   0.46172   0.15381   0.16198   0.16631  -0.99741
 -0.16118  -0.97967  -0.15939  -0.073859  1.0948    0.35342   0.38733
 -0.71362  -0.21192  -0.58408   1.1751    1.3729    0.42711  -0.80403
 -0.034252  0.38421  -0.21423  -0.11017  -0.22441   0.083812 -0.60274
  0.11586   0.42961   0.53851  -0.22274   0.18604  -0.45225  -0.046567
 -0.023968 -0.81703   0.21346   0.53408  -1.2438    0.57718   1.2255
 -1.3468   -0.14305   0.15418   0.14691   0.20614   0.48962  -0.38321
  0.99299   0.1956    0.78468   0.14238  -0.31787  -0.1941   -0.032441
  0.41647   0.20358   0.1972    0.34657   0.71975   0.011529  0.23737
 -0.35363   0.82421   0.57973   0.12851  -0.158    -0.64234  -0.35191
  0.75797  -0.88087  -0.19451   0.28191   0.48493  -0.10148   0.51228
  0.017217  0.32523 ]"
detects,"[-0.43246    0.34448    0.59146    0.27032   -0.2034    -0.33311
 -0.61236    0.3292     0.87962    0.29189   -0.071342  -0.0025051
 -0.16483   -0.25841    1.1732     0.68286   -0.30667    0.17136
  0.89442    0.096181  -0.55016   -1.0958     0.12622   -0.27349
  0.23328    0.26789   -0.2894    -0.087062  -0.089983  -0.42253
 -0.106      1.0863    -0.19947    0.92602    0.36199   -0.57915
  0.13725   -0.75068    0.36525   -0.01525   -0.25318    0.44227
 -0.12619   -0.36783   -0.36932    0.17224    0.24307   -0.20401
 -0.11137    0.1317     0.90031    0.075392  -0.16787    0.1601
 -0.16921   -0.094046  -0.060006   0.29889    0.24519   -0.25106
  0.010616   0.092125   0.73919    0.96706   -0.37444    0.42939
  0.053474  -0.67373    0.40634    0.60396    0.5858    -0.26253
  0.26269    0.34103    0.82981   -0.15056    0.17482   -0.90641
 -0.071088   0.26007    0.2974    -0.3771    -0.85061    0.070078
 -0.14847   -0.71663    0.86954    0.27606   -0.12111    0.17898
 -0.43182    0.86365   -0.1918     0.11543    0.32065    0.41354
  0.086132  -0.6119    -0.19656   -0.32614  ]"
shakedown,"[-1.6476e-01 -1.4897e-01 -6.6048e-01 -2.0377e-01 -3.3323e-01 -5.1997e-01
  7.7410e-01  8.9034e-01 -1.3858e+00  7.4941e-01  8.8892e-01  4.6831e-01
 -5.8908e-02  1.5416e-01  8.1958e-01  2.9778e-01 -2.3168e-01  1.1804e-01
  5.4117e-01  3.3502e-01  2.9472e-01 -1.3585e-04  4.9234e-01 -4.1767e-02
 -6.1062e-01  1.2418e+00 -5.4527e-01 -1.3251e-01  1.6256e-01 -8.3480e-01
 -6.4309e-01 -3.1564e-01  7.5270e-01  1.1516e-01 -2.3538e-01 -3.9586e-02
 -3.8002e-01 -1.1396e+00  3.0453e-01 -3.6542e-01  4.9083e-02  5.1492e-01
  5.1235e-02  1.8037e-01  3.4772e-01 -5.3248e-01 -3.9707e-01 -3.0473e-01
  8.6663e-01  1.1083e+00 -3.1686e-01  6.1362e-01  2.7383e-01 -3.2016e-01
 -4.5982e-01 -3.5168e-01  2.6407e-01 -8.6132e-01  1.1823e+00  1.5130e-01
 -8.8704e-01  9.2010e-01  1.5117e-01 -7.2887e-01 -3.2701e-01  3.3850e-02
 -8.2590e-01 -7.4904e-01  2.6723e-01  5.6832e-01 -1.1826e+00  1.0385e-01
 -2.3615e-01 -1.8936e-01 -7.8870e-01  1.1705e-01 -5.4649e-01  5.0312e-01
  1.1373e-01 -7.2672e-01  1.6930e-01  6.7304e-02  2.0029e-01  1.4378e+00
 -4.5562e-01 -5.6630e-01  1.9104e-01 -1.6186e-01 -9.3035e-01 -9.9237e-01
 -8.2886e-01 -2.7011e-01  3.0595e-02 -4.4083e-01  1.4415e+00  6.1594e-01
  4.2791e-01  4.1308e-01 -8.7314e-01  6.7966e-01]"
banharn,"[-1.6623    -0.74273    0.87943    0.721     -0.24086    0.75003
 -0.054503  -0.17653    0.38651    0.58092    0.64694    0.42424
 -0.34499    0.41548    0.35646    0.15798   -0.23588   -0.90337
  0.60254    0.28851   -0.27228    0.021163   0.12074   -0.33364
 -0.76446   -0.36654    0.70559    0.0092199  0.066003  -0.73527
  0.29515    0.80526    0.32596    0.63174    0.12741    1.4033
  0.070705  -0.20514   -0.67774   -1.1309    -0.87919    0.72711
  0.9404    -0.38326    0.14056    0.44928    0.11298   -0.13611
  0.45511   -0.34255   -0.36075   -0.039832   0.64663    0.21287
 -0.009382   0.49024    0.21578    0.78075    0.2425     1.6199
  0.030955  -0.36088    0.068657   0.12213   -0.34941    1.4745
  0.23127   -0.40782   -0.0057022 -0.76029    0.538      0.27146
 -0.80782   -0.05128   -1.3983     0.53483   -1.0656    -0.015169
  0.01257   -0.14888    0.32715   -0.17097    0.30956   -0.31992
  0.32813   -0.49995    0.31155    0.8565    -0.26302   -0.38574
  0.55056    0.17079   -0.19433    0.64583    0.30826   -0.14127
  0.064151  -0.59841   -0.041908  -0.29499  ]"
mandir,"[-6.4802e-01 -2.7243e-01 -1.5533e+00  7.5571e-02 -4.1644e-01  1.2018e-01
 -7.3103e-01  1.2640e-02  4.4357e-01  4.0478e-02 -1.3648e-01  3.4986e-01
  5.6783e-01  9.0900e-01 -3.5337e-01  2.9263e-01  1.6412e-01  2.2961e-01
 -5.5353e-01  1.7824e+00  4.4897e-01  2.5926e-01 -2.7498e-01  5.4148e-01
  4.6146e-01 -3.7512e-01 -2.2259e-01  3.0672e-01 -1.0086e+00 -1.1686e-01
 -9.6643e-01  4.1754e-01  5.8355e-01  8.9617e-01 -3.8726e-02  7.3628e-02
 -2.8566e-01  3.0195e-01  6.1319e-01 -7.6202e-01  2.7640e-01  5.7430e-01
  3.1796e-01 -1.9643e-01  6.6539e-01  2.0272e-01  9.6252e-01  9.6576e-01
  1.4473e-01  9.1254e-01 -7.3285e-01 -1.0111e+00  5.4221e-01  1.8769e-01
 -1.6929e+00 -2.2199e-01  3.0790e-01  5.0414e-01 -5.2843e-01 -4.0793e-01
 -1.0002e+00 -1.8135e-01  3.5858e-03  1.2965e+00 -7.6021e-01  9.4134e-01
  3.4355e-01 -4.6748e-01  8.6667e-01  3.1829e-01  4.7562e-01  4.3828e-01
  4.6443e-01 -2.9107e-01 -5.9089e-01  4.6194e-03  1.9853e-01 -1.2963e-01
  8.3891e-03 -6.4975e-01 -3.9438e-01  2.6109e-01 -7.6494e-01 -3.6539e-01
  3.1168e-01  1.3129e+00 -9.1834e-01 -2.1046e-01  5.7159e-01  4.1302e-01
 -9.1494e-01 -1.0152e-03  1.7291e-01  5.3509e-01  1.1653e-01 -6.7802e-01
 -4.4391e-02 -9.6963e-01  3.0014e-01  3.9354e-01]"
chronicler,"[-0.61704   -0.41883    0.49547    0.40819   -0.35973    0.92979
 -0.41507   -0.95459   -0.06758    0.0063637 -0.26847   -0.44618
 -0.055313  -0.58733   -0.073915   0.098042   0.37993   -0.94756
  0.1448     0.52638   -0.038285   0.27383   -0.32909    0.21579
  0.17899   -0.7157    -0.12572   -0.34572    0.32993    0.12334
 -0.39776   -0.8589    -0.15152    0.23012   -0.45727    0.22583
 -0.87228    0.24402    0.36778   -0.28314   -0.64395    0.78126
 -0.33404   -0.014863  -0.015319  -0.72297    0.22392   -0.78331
  0.18471    0.19323    0.71194    0.44431   -0.29084   -0.073008
  0.40875    0.20432   -1.0469     0.357     -0.40906    0.23953
  0.53617    0.021656  -0.11599   -0.24895    0.15899   -1.124
 -0.18988   -0.26125    0.20477   -0.17336   -0.24537    0.22515
  0.086632  -0.25532   -0.0020934 -0.91999    0.39249   -0.40307
 -0.26983    0.10587   -0.15853    0.53412    0.077697   0.49207
 -0.16722   -0.12878   -0.70645   -0.60727    0.49011   -0.43302
  0.38614   -0.17282    0.41738   -0.13535    0.073157  -0.25217
 -0.030397  -0.96437   -1.1726    -0.21492  ]"
shouldered,"[-0.76125    0.8068     0.16137    0.21343   -0.55165    0.035864
 -0.42156   -0.030489  -0.49298    0.56609   -0.4663    -0.21155
  0.93364   -0.37863    0.52205   -0.25065   -0.63368    0.33488
 -0.31608   -1.1644     0.19618    0.30992   -0.62852    0.22563
  0.47469    0.51994   -0.63236    0.09412   -0.7982    -0.73909
  0.84373   -0.17931    0.49848   -0.1421    -0.60991    0.24091
  0.2125     0.048445   0.071221   0.49087    0.27018    0.006978
  0.67619    0.25205    0.12818    0.34036    0.38971    0.53795
 -0.06257    0.27904   -0.50535   -0.28114   -0.11777    0.75004
 -0.29499    0.0089919  0.58252    0.55259    0.046788  -0.36775
  1.1407    -0.20509   -0.56896    0.58142   -0.10077   -0.64662
  0.21682    0.57197   -0.29808    0.011238   0.2525    -0.88115
 -0.5387     0.4287    -0.35813    0.061208  -0.44642    0.0039202
  0.31806   -0.16314    0.16072    0.77973    0.086901  -0.024275
 -0.37789   -0.70077   -0.70483    0.0073743 -0.20928    0.23465
 -0.68783   -0.82644   -0.033184  -1.1815     0.23355    0.35663
 -0.070444  -0.11812   -0.054129   0.52747  ]"
soes,"[ 0.31852    0.083375   0.10841   -0.025958  -0.20938    0.066658
 -0.60247    0.38554   -0.071214  -0.82994    0.35578    0.92788
  0.79896   -0.05196   -1.6306     0.26801    0.43743    0.45212
  0.027501  -0.079604   0.58761    0.19077   -1.0793     0.90571
 -0.80537   -1.0694     0.033067   1.0494    -1.0535     0.36827
 -0.20742    0.69408    0.67637   -0.9046    -0.95921   -0.94161
  0.64948   -0.14419   -0.47102   -0.52328   -0.27287   -0.18356
 -0.099462  -0.18874   -0.061397  -0.49849    0.38502   -0.24073
 -0.24456   -0.14849   -1.8365     0.20707   -0.37368   -0.16289
 -0.2713     1.5769     0.41549   -0.10804    0.60839   -0.51508
 -0.27058   -0.076927  -0.70427    1.2199    -0.0060618 -0.041109
  0.04639   -0.071831   0.99833    0.52422    0.73634   -0.53536
 -0.2904     0.28954   -0.21302   -0.58556   -0.64007    0.90512
  0.42483   -0.42833    1.1522     0.28707   -0.6633     0.16652
 -1.0695     0.39307    0.096223  -0.57195    0.36206    0.5024
 -0.19844    0.30426   -0.79678   -0.23308   -0.39055   -0.32585
  0.64715   -1.0019     0.18896   -0.65358  ]"
lautenberg,"[-0.13799    0.13036   -0.18162   -1.0882    -0.027818   0.049584
  0.10266    0.28143   -0.39781   -0.011949   0.17417    0.073374
 -1.7259    -0.40175    1.002     -0.59467    0.63777   -0.249
  0.4749    -0.97652    0.18996    0.86987    0.047123   0.38544
 -0.78845   -0.27663    0.27393   -0.11502    0.092116  -0.18127
  0.60037    1.0131     0.037515   0.68066    0.39858    0.25097
  0.38032   -1.0708     0.7649     0.44202   -0.30184   -1.0358
  0.12589   -0.35689   -1.14       0.41399    0.44009   -0.50473
 -0.52444    0.36687    0.28814   -0.45834   -0.34803    0.21664
  0.31349   -0.23463    0.26916    0.046523  -0.37452   -0.042347
 -0.45296   -0.36298    0.79839    0.34571    0.41003   -0.10772
  0.58593    0.95555   -0.26211   -0.49287    0.48331   -0.069628
 -0.19619    0.23659   -0.14088    0.27367   -0.083606  -0.20163
 -1.2337    -0.24757   -0.55654   -0.46285    0.96947   -0.063445
  0.35176   -0.0049418  0.12661    0.52676   -0.73468   -0.67988
 -0.31193   -0.26867    0.8364     0.86174    0.47884   -0.23741
 -0.093424   0.19096   -0.82855   -0.17709  ]"
coolest,"[ 0.13731  -0.14758   0.9998   -0.20114  -0.57251  -0.46678   0.26853
 -0.025983 -0.20421   0.29874   0.4317   -0.79036   0.25995  -0.56682
  0.16056   0.19347   0.088593 -0.030244  0.3749    0.22776   0.30082
  0.29021   0.12719  -0.19676   0.43155  -0.32521   0.49062   0.13601
 -0.15411   0.028232  0.4046   -0.44745   0.89424   0.25074  -0.27403
  0.64427  -0.80605  -0.57572   0.57013  -0.7933    0.28897   1.2811
  0.74036  -0.29954  -0.55901   0.77664   0.1419   -0.38102   0.22427
  0.11741  -0.41633  -0.64157  -0.067413 -0.063102 -0.9373   -0.17325
  0.22743   0.72818   0.44353   0.014605 -0.15228   1.2041   -0.81816
  0.49489   0.66478   0.3219    0.11511  -0.60258   0.55286  -0.66831
  0.69331  -0.40869  -0.14183   0.875    -0.3098    0.25908   0.43242
 -0.84599   0.78779   0.045557 -0.33678  -0.17865  -0.37948  -0.20518
 -0.38224  -0.17076   0.26975  -0.55911   0.46015  -0.065565 -0.2421
  1.024     0.67462  -0.61279  -0.4174    0.22659  -0.84803   0.10857
 -0.063606  0.73542 ]"
vehement,"[-0.42182    0.33451   -0.13398   -0.23836   -0.18094    0.64375
 -0.43991   -0.83982   -0.060192   0.33825   -0.80342   -0.45007
 -0.43753   -0.43331   -0.2425     0.43203   -1.1292    -0.10242
  0.19322   -0.12164    0.10451    0.47196    0.0080804  0.3172
  0.73105   -0.19552   -0.3125     0.82992    0.4938    -0.3695
 -0.2988     0.029423   0.72508    0.31568   -0.58212    0.73471
  0.28086   -0.81402   -0.46       0.23403   -0.14721    0.55326
  0.79884    0.1859     0.63251   -0.74962    0.77416    0.12775
  0.51022    0.19957    0.52586   -0.012636   0.44902    0.029253
  0.16794    0.51532    0.93258   -0.98165   -0.16672   -0.62064
  0.53279   -0.16884    0.12114    0.33846    0.36431   -0.40377
  0.24013    0.27092   -0.2961    -0.27088   -0.21588    0.2187
 -0.50009   -0.21801   -0.21251   -0.048738   0.3211    -0.32035
 -0.93869   -0.10446    0.43673   -0.60139   -0.16602    0.51577
 -0.76861   -0.57224   -0.29934    1.0034    -0.374     -0.50239
  0.314      0.49184   -0.7502     0.65439    0.29689    0.11314
 -0.8672    -0.046027  -0.17594    0.33715  ]"
kamen,"[ 0.60135   -0.50447   -0.50422    0.097136   0.3001     0.17206
  0.2865    -0.28989   -0.18594   -0.26186   -0.41549    0.31361
 -0.094014  -0.27688   -0.71547    0.064347   0.72034    0.32459
  0.54317    0.3809     0.61265   -0.53907   -0.3388     0.24094
  0.1798     0.43642    0.28637    0.31953    0.074378  -0.53668
 -0.16359   -0.3422    -1.392      0.28647    0.37037    0.44888
 -0.28414   -0.4771     0.40513    1.2556    -0.016651   0.81421
 -0.30626    0.49053   -0.8766     0.084345   0.85388   -0.57642
  0.70792    1.0712    -0.31884   -0.0031149 -0.41778   -0.19503
 -0.45575   -0.59306   -0.80963    1.125     -0.6155     0.1181
  0.42442    0.16707    0.35132    0.57422    0.59147    0.65049
  0.75039    0.24884    0.29999    0.41853    0.10382    0.0039977
 -0.9613     0.44588    1.007     -0.55609    0.18266   -0.37287
 -0.30821   -0.56539   -0.051927  -0.40728   -0.53906    0.031033
  0.040497   1.0558    -0.36795    0.084415   0.32706    0.23719
 -0.40092    0.39419    0.44274    0.65175    0.71501   -0.56617
  0.041145   0.26691   -0.3365    -0.54969  ]"
cepd,"[-0.32638   -0.3623     0.21047   -0.41332    0.24283   -1.1453
 -0.49577    1.4155     0.68823    0.2887     0.22371   -0.14335
  0.88844   -0.15233    0.91966    0.43153    0.01287   -0.096642
  0.043068  -0.20183   -0.57835   -0.54325   -1.133      0.33874
 -0.90147   -0.59667   -0.20021    0.060157  -1.7702    -0.11561
 -1.2737     0.4617    -0.62679   -0.11567   -0.7065     0.32949
  0.22816    0.41568    0.15616    0.1001    -1.2533    -0.68735
 -0.28502   -0.0020699  0.34836   -0.36318    0.14452   -0.39873
 -1.3587    -0.87415   -0.2014    -1.1294    -0.57986    0.32056
  0.18896    0.43691    0.57622    1.1336     0.004185  -0.40307
 -0.78599    0.06593   -0.079383   0.26657   -0.49369   -0.07116
 -0.70269    0.57242    0.3525     0.068572   0.54774    0.48841
 -0.18147   -0.70799   -0.26737   -0.33695   -0.68667    0.98453
 -0.079837  -0.42015   -0.0099223  0.17401   -0.42557   -0.45916
  0.27465    0.23884    0.19346    0.5219     1.2367     0.09994
  1.3854     0.98369   -0.35693   -0.14867    0.44898   -0.14651
 -0.4638    -0.9941    -0.31305   -1.3729   ]"
rizzo,"[-1.7822e-01 -4.1520e-01 -2.2484e-01 -1.3941e+00 -3.6957e-01 -5.8765e-02
 -3.3430e-01 -4.7623e-02  4.6350e-02 -1.0326e-01  3.2747e-01 -1.1225e-01
 -6.1569e-01  7.8218e-02 -1.4852e-01  1.3523e-01  3.8659e-02  6.3289e-02
 -1.3397e-02 -4.0731e-01 -4.6856e-01  2.6553e-01 -2.0249e-01  5.8329e-01
  8.6270e-02 -4.3895e-01  4.1447e-01 -9.0001e-01  4.7160e-01  5.2060e-01
 -1.6170e-01 -2.5857e-01 -4.4025e-01  5.1072e-01 -2.0126e-02  8.0278e-01
  2.8077e-01  2.1631e-01  2.1854e-01  2.2892e-01 -3.9076e-01 -5.1209e-02
  1.7899e-02 -7.3853e-02 -1.6935e-01  1.2288e-01 -5.8097e-01 -1.0654e+00
  4.0992e-01  2.6532e-01 -1.9483e-02  1.0261e-01  7.5109e-04  1.0567e-01
 -4.0126e-01 -9.1517e-02 -4.5067e-01  3.5773e-01 -1.0404e+00 -6.3207e-01
 -2.2991e-01  4.0819e-01 -2.3668e-01 -1.2692e-01  1.0305e-01 -6.3986e-01
  9.7265e-02 -3.8358e-02  1.8864e-01  3.7721e-01 -1.6880e-01 -2.7097e-01
 -4.9700e-01  1.3107e-02  6.4684e-01 -1.4215e-01 -7.7438e-01 -1.8660e-01
 -3.8043e-01  3.5902e-01 -6.9321e-02 -5.6017e-02 -1.2128e-01 -3.4604e-01
  2.7424e-01  8.7514e-03  2.2679e-01  3.1479e-02 -7.9212e-01 -7.0290e-01
  6.0095e-01 -7.5927e-01  4.4238e-01  7.4764e-02  7.0033e-01  1.1204e-01
 -1.1206e-01 -1.7955e-01  8.2655e-02  4.2199e-01]"
hillman,"[-0.26979   -0.097591  -0.30123   -1.1099     0.15746   -0.095846
  0.5104    -0.50878    0.41647   -0.21535    0.021894  -0.43603
 -0.12012   -0.10195    0.35944   -0.11757    0.63529   -0.14462
  0.2806     0.35948    0.64672   -0.45582   -0.19609    0.0033371
  0.82663    0.84215    0.10053   -0.08622   -0.33113    0.18882
  0.11397    0.51123   -0.068322   0.50158   -0.62545    0.44808
 -0.26867    0.64031   -0.041636   0.046287   0.017205   0.32642
 -0.53992    0.99948   -0.042409   0.76113    0.38037    0.24801
  0.29132    0.31849    0.22155   -0.60919    0.02859   -0.49656
 -0.19468    0.39251    0.19708   -0.73948   -0.77558    0.63027
  0.54112   -0.22696    0.21377    1.0371     0.55493   -0.2088
 -0.087482   0.93241   -0.19833    0.20622   -0.29979   -0.39138
 -0.31918   -0.39213   -0.34949    0.25862   -0.30959   -0.080591
 -0.1653    -0.40265   -0.023919   0.26322   -0.34391    0.28449
  0.28035    0.73049    0.37837   -0.6159    -0.045571  -0.085552
  0.20204   -0.31497    0.28762    0.24104    0.25718   -0.1129
 -0.1692     0.29802    0.15431    0.27664  ]"
shiraz,"[ 0.28508   0.46532   0.66623  -1.2148   -0.1561    0.40835  -0.16129
  0.50442  -0.31996   1.5612   -0.53356   0.073529  0.25627   0.77046
  0.05054  -0.10369   0.92373  -0.17217  -0.25347   0.67326   0.14398
 -0.51846   0.065473  0.056787 -0.38881   0.49722   0.77106  -0.035271
 -0.20099  -0.39368  -0.74681  -0.50586  -0.21999  -0.27684   0.15036
  0.72476   0.33561  -0.25994  -0.46598  -0.076832 -0.25427   0.24906
  0.13551  -0.25846   0.21019  -0.35802   1.0172   -0.36914   0.37703
 -0.22681  -0.19138   0.13645   0.52062  -0.21798  -1.5102    0.065412
 -0.95375  -0.049887 -0.57234  -0.86125   0.48596   0.29174  -0.27588
  0.11755  -0.63533  -0.056586  0.34537  -0.47665  -0.16215   0.22553
  0.25445   0.46406   0.30834  -0.33218  -0.83897   0.088465  1.2779
 -0.085124 -0.17951   0.027288  0.60622   0.42285  -0.50501  -0.23181
  0.9948    0.54203  -0.10993   0.44179   0.010706  0.078468  0.20574
 -0.35025  -0.75995  -0.42367  -0.82186   0.81069  -0.53846  -0.31709
  0.16705  -0.092877]"
wearer,"[ 3.0515e-01 -1.6598e-01  6.1498e-01 -3.8547e-01 -9.3897e-04  7.0268e-01
 -1.6391e-01  1.6399e-01 -1.9575e-01 -1.2468e-01 -7.0111e-01 -2.3727e-01
  4.5086e-01 -6.2857e-01  4.8493e-01 -2.0993e-01  3.0013e-01  7.0763e-02
  2.4496e-01 -5.3806e-01 -6.2571e-01 -7.1503e-01 -2.9241e-01 -1.0556e-01
  3.9079e-01  3.3460e-01 -3.7395e-01 -7.2174e-01  5.4692e-01 -1.3723e+00
  9.8600e-02  7.9171e-02 -3.2490e-01  1.2573e-01  7.0366e-02  4.2391e-02
  1.6369e-01 -2.6418e-01  2.0530e-02  1.0751e-02  5.7173e-01  5.9980e-02
  5.2597e-01 -7.6887e-02 -4.4639e-01  3.8283e-01  2.8033e-01  7.2135e-01
  3.4625e-01  1.5966e-01  3.1063e-01  3.4941e-01  1.3862e-01  3.4825e-01
  9.7902e-02  1.0236e-02  6.1580e-01 -8.7040e-02  5.7118e-01 -2.9349e-01
  3.3707e-01  4.4877e-01  3.4524e-01  9.5473e-01  3.2746e-01  1.6465e-01
  3.5468e-01 -4.1145e-01 -1.9315e-01 -2.5776e-01  3.9414e-01 -4.3781e-01
  4.5918e-01  1.9016e-01  1.1557e+00 -4.9155e-01  1.2527e-01 -6.8926e-01
  3.0654e-01 -1.0930e-01 -1.8434e-01 -2.3209e-01 -6.5417e-01  4.8914e-01
 -3.2800e-01 -7.4420e-01  6.0134e-02  6.4523e-01  3.2188e-01  5.4741e-01
 -2.0262e-01  2.5099e-01  6.0045e-01 -6.5719e-01  2.7213e-01 -2.0259e-01
 -2.0249e-01 -2.9472e-01 -1.2102e-01 -3.9813e-01]"
soundscan,"[ 0.27605   -0.27804    0.17613    0.0034377  1.0444    -0.17553
  1.1415    -0.96382    0.53343   -0.037948   1.4908    -1.3969
  0.78606   -0.42073    0.74328   -0.28223    1.3128     0.10712
  0.087766  -0.24455   -0.45693   -0.28067    1.0522     1.1369
 -0.33388   -0.39027    0.95031    1.4259    -0.48171   -0.752
  0.31783   -0.66632   -0.31312    1.7842     0.029368  -0.3703
  0.2024    -0.049445  -0.20416   -1.157      0.5445     0.47455
 -2.3358     0.88682   -0.45346   -0.62051   -0.14886   -1.2561
  0.69887   -1.5953     0.060265   0.50259   -0.21296   -0.35877
  0.78153   -0.35966    0.84362    0.15614    0.57031    0.57794
  1.0283    -0.40836    1.0657    -0.12711    0.86235   -0.012487
 -0.7537     0.66264    1.124      0.76878   -0.71814    1.7599
 -0.69851    0.75637    0.10579    0.46843    0.030234   0.010456
 -1.1272     0.0088991  0.58809    0.44555   -0.70253    0.7928
  0.57471   -0.5222     0.55472   -0.13738    0.30044    0.55653
  0.75352    1.2073     0.26095   -1.08      -0.20809   -0.59798
 -0.13143    0.48156   -1.5915     0.5262   ]"
maharaj,"[-2.4298e-01 -5.9821e-01 -2.1233e-01  9.2852e-02 -2.2443e-01  4.2758e-04
  2.0662e-01 -2.8457e-02 -2.7728e-01 -4.7817e-01 -1.7684e-03  1.0980e+00
 -1.0178e-01  4.0760e-01  9.0552e-01 -3.7470e-01  1.5343e-01  2.4260e-01
 -1.0140e+00  3.9982e-01 -5.2166e-01 -3.5080e-01  1.8675e-01  6.1454e-01
 -1.0176e+00  1.9752e-01  1.3469e-01  2.0837e-01 -2.0505e-01 -2.2536e-01
 -3.6860e-01  8.6455e-01 -5.5474e-01  9.4366e-01 -6.3702e-01  3.7897e-01
 -3.4910e-02  3.9003e-01  6.4291e-01 -1.8807e-01 -6.5404e-01  9.3304e-01
  1.1467e+00 -3.0744e-01  6.8090e-01 -6.0731e-01  8.8918e-01 -5.8436e-02
  5.4577e-01  8.6599e-01 -5.1080e-01 -7.8064e-01  8.5277e-01 -1.1396e-01
 -7.7229e-01  4.0071e-01 -9.3284e-01  6.8355e-01 -2.8886e-01 -3.6091e-01
 -5.4511e-01 -2.9453e-01  4.5069e-01  6.0664e-01 -9.0838e-01  3.6560e-01
  8.2187e-02  4.9776e-02  8.0858e-01  5.0639e-01 -1.6322e-01 -1.9863e-01
  3.3543e-01 -1.0114e+00 -2.3419e-01  5.9240e-02 -5.6806e-01  2.1467e-01
  4.8410e-01  9.5753e-02 -5.2499e-01  2.6103e-01 -5.2535e-01 -1.0929e-01
 -4.9262e-01  8.8456e-01 -8.9584e-01 -2.1237e-01 -2.9719e-01  9.8100e-02
  1.6068e-01  1.8796e-01  2.8185e-01  2.2037e-01  1.2353e+00 -1.1741e+00
 -5.6172e-01 -4.0307e-01  4.4161e-01 -2.9910e-01]"
aspires,"[ 0.17092    0.77255    0.56396   -0.093931   0.46748    0.19939
 -0.38729   -0.052135   0.95552    0.655     -0.66812   -0.085776
  0.35177   -0.2122    -0.25137    0.055436   0.89399    0.082571
  0.0035072  0.61806   -0.51861   -0.016658  -0.0331    -0.1893
  0.62277   -0.11795   -0.18186   -0.65565    0.72147   -0.53948
 -0.90347    0.95636   -0.29672    0.14687    0.33333    0.48896
  0.56339   -0.30254   -0.24253   -0.25253   -0.27314    0.78753
  0.023245  -0.34957   -0.35816    0.3508     0.70189   -0.2113
 -0.11028    0.31503   -0.37571   -0.53615   -0.051534   0.41561
  0.044544  -0.1254     0.34208   -0.12301   -0.43805   -0.051703
  0.36562   -0.16134   -0.099444  -0.19702   -0.21426    0.083512
 -0.041986   0.38618   -0.11632   -0.4192     0.82071   -0.79786
 -0.070106   0.21266   -0.036532  -0.89863   -0.41527   -0.44037
 -0.062609  -0.19375   -0.39267    0.13966    0.090377  -0.036606
  0.092054  -0.32592    0.1153     0.04064    0.40531   -0.066511
  0.18392    0.39648   -0.041487  -0.32095    0.16629   -0.10446
  0.23458   -0.27312   -0.16076    0.90804  ]"
attachments,"[-0.43195    0.87153   -0.21886   -0.56879   -0.052999   0.61063
 -0.19908   -0.4197     0.36314   -0.2549     0.36649   -0.43746
  0.28383    0.18586    0.80873    0.14496    0.0051277 -0.022444
  0.064329  -0.1814    -0.24276   -0.084104   0.073393   0.43287
  0.33518   -0.059856  -0.15538    0.49201    0.082884  -0.60475
  0.52887   -0.025798  -0.15769   -0.45566    0.69731    0.16107
  0.24138   -0.68624   -0.14185    0.029374   0.1238    -0.10467
 -0.40741   -0.6217    -0.549      0.049999   0.061421  -0.16613
  0.56926    0.30292    0.33288    0.56418    0.045561  -0.34468
  0.50731    0.33905    0.43599   -0.30335    0.42981    0.47341
 -0.092218   0.54729    0.060975   0.34251   -0.074271  -0.064919
  0.61807   -0.052006   0.30982   -1.0623    -0.055537  -0.11137
  0.53777   -0.98198    0.22471    0.99488    0.15752   -0.37034
  0.038373   0.016732  -0.32288   -0.54887    0.10882    0.50409
 -0.81115    0.3181     0.53209    0.40711   -0.58914   -0.34447
 -1.0758     0.85559    1.0601     0.3762     0.94404   -0.20499
  0.30311   -0.55344    0.35018    0.26834  ]"
multiplying,"[-5.9079e-01  1.7606e-01 -2.0609e-01  7.2163e-01 -1.5259e-01  6.6845e-01
 -7.8256e-02 -1.2081e-01  4.5182e-01 -1.5833e-02  1.1263e-01  4.1937e-02
  2.8858e-01 -4.4942e-01  3.2124e-01 -2.5067e-01 -1.0769e+00  5.3975e-01
  4.0202e-01 -6.4033e-01  1.2592e-01  2.6677e-01  4.1148e-02  4.2785e-01
  8.1711e-02  1.7888e-01  6.7001e-01  1.3793e-01 -3.4183e-01 -3.5723e-01
  5.0716e-01 -1.9956e-02 -1.1381e-01 -2.8201e-01 -3.2926e-01 -3.5378e-01
 -2.9172e-01 -4.4695e-01 -4.9970e-01 -1.8190e-01  2.2484e-01  9.4410e-02
 -9.8544e-01  2.4468e-01  1.4488e-01  1.5900e-01  1.6346e-01 -1.5268e-01
 -3.7915e-01  1.1354e-01  3.0694e-01 -8.9706e-03  1.9633e-01  1.0071e+00
 -5.2300e-01 -2.0653e-02  1.3993e-01  5.7536e-02 -3.9908e-01 -1.6138e-01
 -3.7796e-01  1.1514e-01 -1.3978e-01  1.9784e-01  3.9639e-01  6.4439e-01
  7.8974e-02  9.4957e-02  1.0905e+00  1.6044e-01 -3.0782e-01 -1.3707e-01
 -1.5236e-01 -3.8166e-01  3.1641e-01 -1.6160e-01 -1.3870e-01 -1.1381e+00
  6.8870e-05  1.6326e-01  4.6463e-01  1.2101e-01 -5.6046e-01  3.4462e-01
 -1.5412e-01 -6.0784e-02  3.9447e-01 -4.8868e-01 -6.7539e-01 -3.1585e-01
 -1.3188e+00  4.9372e-01 -2.6505e-01 -5.7293e-01 -1.4648e-01 -1.2103e+00
  2.0519e-01 -3.1263e-01  2.4948e-01  2.8981e-01]"
unreported,"[ 0.03731   0.65502   0.20095  -0.22402   0.12307   0.37756  -0.26152
  0.26774   1.1721   -0.28939   0.10455   1.1517    0.9725    0.61946
  0.1458   -0.027866 -0.43399   0.48522   0.1683    0.74053   1.2276
  0.80512   0.10719   0.60228  -0.73218   0.11425   0.59194   0.13493
 -0.71282  -0.57702  -0.085686 -1.3736   -0.69234  -0.27187  -1.1346
  0.48569  -0.10164   0.28404  -0.027454 -0.39305  -0.3796    0.67521
 -0.43502  -0.1609   -0.10944  -0.091064  0.34759  -0.21106  -0.29776
 -0.51824   0.80547  -0.23934   0.45944  -0.84886  -0.091499  0.30844
  0.332    -0.6189    0.65837  -0.18598  -0.74994  -0.30192   0.62843
 -0.10858   0.51115  -0.42771   0.3295   -1.1371    0.44725   0.83138
 -0.17661  -0.77939   0.29165   0.67274   0.051208 -0.40445  -0.41295
 -0.57468  -0.06764   0.35299   0.80328   0.34459   0.88856  -0.43029
 -0.70511  -0.32984   0.35649   0.40346  -0.9446   -0.088056 -0.78687
  0.041179  0.29503  -0.20152   0.20622  -0.18918  -0.60167   0.78212
  0.57324  -0.89312 ]"
transcends,"[ 1.6998e-01  4.9010e-01  1.1343e+00  4.6055e-01  2.6832e-01  2.6552e-01
 -2.1324e-01 -2.3541e-01  9.6700e-01  4.4387e-01 -2.2362e-01  5.3148e-02
  1.2744e-01 -7.7736e-01  3.5978e-02 -3.8926e-01  2.8955e-01  6.7985e-01
  1.5269e-01  1.2170e-02  1.5771e-02  1.6002e-02  1.4341e-01 -1.0015e+00
  3.8552e-01  2.9584e-01 -3.0226e-01 -8.4945e-01  1.0808e-01 -7.7123e-01
 -1.3796e-01  4.4767e-01 -2.3709e-01 -2.6611e-01  7.9553e-02  1.4407e-01
  1.0636e-01  6.3971e-02 -1.1723e+00 -1.7445e-01  1.6560e-01  4.4125e-01
 -6.0809e-02  4.4345e-01 -1.1281e+00 -3.2735e-02  5.7810e-01  1.7907e-01
 -4.2875e-01 -1.1296e-01  2.4334e-01 -4.9027e-02  5.1624e-02 -6.5426e-04
  2.4143e-01  1.8397e-02  4.3143e-01  2.9100e-01  4.2557e-02  2.5575e-01
  3.8449e-01  3.3957e-01  5.2092e-01 -5.1617e-01  3.2091e-01  4.6889e-01
  6.1739e-01 -7.0907e-01  1.2223e-01  1.5786e-01  2.8082e-01  3.3550e-03
  5.9012e-01  3.6712e-01  7.0004e-01 -2.2647e-01 -5.3128e-01 -8.4460e-01
 -4.5917e-01  1.8263e-01 -5.0783e-01  2.7622e-01  5.9830e-01 -1.1318e-01
 -9.8438e-02  3.2241e-01 -1.3079e+00  1.2802e-01  4.3185e-01 -2.7453e-02
 -2.8758e-01  3.0380e-01 -5.7661e-01 -2.4341e-01  3.9131e-01 -3.4917e-01
 -1.2449e-01 -5.9388e-01 -1.9813e-01  1.0125e+00]"
aquinas,"[ 0.19089   0.56527  -0.30404   0.82912  -0.5586    0.45118  -0.080236
 -0.79651  -0.47764  -0.56185  -0.59555   0.13901  -0.23433   1.0296
 -0.59329  -0.86389   0.10079   0.88781  -0.75248   0.18351  -0.7194
  0.11115  -0.23554   0.2514   -0.13938  -0.48674  -0.52754  -0.59344
 -0.61609   0.86632  -0.3769   -0.1316   -0.4103    0.17894  -0.63766
  0.016055 -0.43933   0.7664   -0.37655  -0.15044  -0.84906   0.6602
 -0.6963    0.071688 -0.65197  -0.35155   0.83621  -0.17861   0.47729
  1.2759    0.20317   0.18313  -0.27267  -0.86782  -0.77717  -0.77577
  0.9693   -0.34938  -0.89887  -0.06377  -0.24883  -0.16747   0.053327
 -0.076243 -1.0963   -1.0841   -0.4467   -0.48933  -0.2526   -0.10035
 -0.2827    0.34897   0.65026   0.23987  -0.1673   -0.59563   0.90915
 -0.11545  -0.61506  -0.38097  -0.20921   0.33231  -0.85507  -0.72641
 -0.26242  -0.36804   0.16542  -0.68152   0.81601  -0.68103  -0.24663
 -0.27478  -0.4141    0.37685  -0.0392   -0.69863  -0.025529 -0.58791
  0.032475 -0.45466 ]"
epitaph,"[ 1.7380e-01  2.2663e-02  4.2223e-01 -2.4563e-01  1.6962e-01  1.0581e+00
 -3.9658e-01 -7.8646e-01 -2.9224e-01  1.3715e-01  6.6734e-01  5.1991e-01
  9.2164e-01  5.6253e-02  1.0180e-01  4.8365e-01  2.1667e+00 -2.3375e-01
  4.7262e-01 -1.1934e-01 -3.3918e-02 -1.1576e-01 -7.2249e-01  6.9179e-01
  7.6257e-02  2.8006e-01 -2.7395e-01  3.3116e-01  2.9810e-01 -3.4268e-01
  5.1833e-01 -2.1178e-01  6.9299e-01  2.3128e-01 -3.6680e-01  3.3236e-01
 -8.1463e-02 -2.9645e-01  4.2109e-04 -9.3654e-01  6.0831e-01  1.1235e+00
  2.5324e-01 -2.7403e-01 -7.1796e-01 -9.4962e-01  1.8844e-01 -3.7124e-01
 -4.7849e-01  2.4629e-01  4.0338e-01  1.5614e-01  1.8321e-01 -7.6049e-02
 -2.5859e-01 -7.2082e-01 -3.4411e-02 -2.7833e-01 -3.4241e-01  2.9706e-01
  2.1873e-01  4.3978e-01 -6.3550e-02 -4.3434e-01  1.2473e-01 -7.9373e-01
  3.1428e-01 -2.7916e-03 -3.1138e-01 -1.1202e+00 -3.6795e-01  4.3426e-01
  5.3004e-01 -1.9670e-01  7.3562e-02  7.2963e-02  8.4756e-02  3.6834e-01
  1.1382e-01 -8.5609e-01  1.9848e-01  1.6399e-02  1.1319e-01  1.7288e-01
  3.1874e-01 -2.1377e-02  2.2620e-01 -1.1495e+00 -6.8376e-01  1.1513e-01
 -2.4670e-01  4.4067e-01 -1.2526e-01  3.4678e-01  6.0691e-01 -4.7376e-01
 -1.3604e-01  1.6783e-01 -6.4661e-01  2.9430e-01]"
inflorescence,"[ 1.8799e-01  8.7124e-01 -9.2206e-01  6.5198e-01  6.8716e-01  3.9557e-01
 -7.9066e-01  3.2657e-01  4.8008e-01 -6.0313e-01  7.6169e-03  3.6906e-02
  1.0659e+00  4.5815e-01  1.4462e+00  8.2451e-01 -4.4008e-01  7.8437e-01
  1.9068e+00 -1.5208e+00 -8.1071e-01 -8.8508e-01 -7.6653e-01 -3.6111e-05
  1.2325e+00  1.1875e+00  6.3724e-01  7.8788e-02  1.1248e-01  6.1493e-02
 -2.9406e-01  1.0224e-01  1.5414e+00  2.9474e-02 -3.1234e-01  5.4963e-01
  1.2090e+00 -2.9353e-02  2.9346e-01  5.2975e-01  1.2341e+00  8.5067e-02
 -9.4133e-02  7.6494e-01  7.1009e-01 -4.8762e-01  6.4708e-01  1.1938e+00
 -8.5371e-01  1.8329e+00 -3.5069e-01 -1.7983e+00  1.0291e+00  8.4956e-01
 -1.2289e-01 -1.6148e-01 -1.5739e-01 -3.3049e-01  2.1563e-01  3.5264e-01
  5.3052e-01  4.3027e-01  1.1764e+00 -3.6240e-01  6.5901e-01 -1.2336e-01
  5.3302e-01  3.5794e-01 -3.6659e-01  3.6109e-01 -1.1172e+00  7.1977e-02
  2.3313e-01  1.6008e-01 -1.1120e+00  2.0779e-01 -9.5515e-01 -5.1165e-01
  4.0893e-01  2.2868e-01  5.2332e-01 -2.8020e-01 -2.4214e+00 -7.5345e-01
 -6.4827e-01 -4.4265e-01  7.5811e-01  7.9671e-02  1.0282e+00  4.5381e-01
  3.7003e-01  1.0134e+00 -6.1640e-01 -1.1733e+00  6.1828e-01  5.9431e-02
 -1.2117e+00  5.0537e-01  5.7818e-01  4.8663e-01]"
patched,"[-5.4265e-01  4.5036e-02  1.7936e-01 -3.1403e-01 -1.9980e-01  2.9650e-02
  3.1347e-01  2.1394e-01  6.5598e-01  1.7774e-01  1.3109e-01  1.8847e-01
  1.1367e+00  3.3459e-01  4.1824e-01  1.4039e-01 -1.5524e-01  1.4616e-01
  2.1531e-01 -9.0020e-01 -1.6641e-01 -7.7031e-02  2.4900e-01  3.7199e-01
  1.5908e-01 -6.8211e-01 -4.3913e-01 -2.2850e-01 -3.5375e-01 -3.2419e-01
  5.3324e-01 -1.1500e-01 -2.8198e-01  2.1958e-02  3.2625e-03  1.3230e-01
 -2.9907e-01 -4.0338e-01  2.8269e-01  5.6830e-01 -1.2513e-01 -2.0269e-01
  3.2567e-01 -1.0823e-03 -7.8287e-01  7.9727e-01 -3.6333e-01  8.6653e-01
  2.9931e-01 -1.6370e-01 -4.1953e-01 -6.4399e-02  3.6199e-01  4.5514e-01
 -4.0299e-01 -2.2048e-01  1.0776e-01  4.8898e-01 -3.1004e-01  5.9277e-01
  4.1231e-03  4.8350e-01 -6.5322e-01  2.2202e-01 -1.5550e-01 -3.0708e-01
  4.3163e-02  3.2680e-01 -2.0753e-01 -3.3791e-01  6.4312e-01  4.0368e-01
  4.0713e-01 -5.2460e-01 -1.5317e-01 -3.5399e-03  1.6079e-02 -1.0613e-01
  5.5851e-01  7.0206e-01 -3.4949e-01 -2.7405e-01  2.4390e-01  9.3772e-01
 -5.7071e-01  6.3819e-01  2.6510e-01  2.9457e-01 -1.5355e+00  3.4389e-01
 -4.1827e-01  9.7092e-02 -6.2199e-01 -4.5083e-01  3.7420e-01 -6.0847e-01
  2.1237e-01  7.7198e-02 -4.2309e-02  8.8250e-02]"
suny,"[ 0.12829   -0.71836    0.93843   -0.1934    -0.64587    0.72568
  0.044154   0.10411   -0.64555    0.51309   -1.0859     0.54237
 -0.037112   0.72933   -0.032446  -0.72473    0.36304   -0.48235
 -0.49904   -0.3721    -1.4184     0.73018   -0.96007   -0.53023
  0.021883  -0.59461   -0.058234  -0.0093948 -0.27512    0.26231
 -0.39308    1.5047    -0.14907   -0.0067248 -0.45131    0.047636
 -0.56882   -0.36219   -0.13116   -0.784      0.47073   -0.52407
 -1.6493    -0.15934   -0.29946    0.73795    0.59715   -0.22498
 -0.014643   1.322      0.44791   -0.88754    0.47269   -0.81398
 -0.75745   -0.31807    1.4388    -0.51087   -0.16534   -0.49063
 -0.55101   -0.32094    0.23093    0.8501    -0.34872    0.071672
 -0.23683    0.2794     0.58796    0.81857   -0.055082  -0.90282
 -0.5567     0.26304   -1.0681    -0.62637   -0.41304    0.37419
 -0.8081    -0.2896     0.15321    0.63703    0.44296   -0.4531
 -0.34924    0.21309    0.35957   -0.29224   -0.24143    0.58515
  0.67998   -0.13528   -0.27219    0.018098  -0.99544    0.06651
  0.39603    0.32306    0.36294   -0.20815  ]"
ilham,"[-0.48086  -0.12523   0.86532   0.39     -0.1276   -0.29957  -0.16531
 -0.097365 -0.42604  -0.014649 -0.85235   1.0541    1.2974   -0.31926
  0.65281  -0.84006   0.30556  -0.60524   0.75462   0.40308  -1.1401
  0.36263   0.53271   0.64962  -0.41633   0.088749 -0.74193   0.35116
  0.85634   0.90403   0.65402   0.17764   0.87788   1.0731   -0.16331
  0.14243  -0.10593   0.29628  -1.2268   -0.38918   0.74166   0.6477
  0.10641  -0.91907  -1.072    -0.22705  -0.17754  -0.86593  -0.56607
  0.95069  -1.144    -0.36553   0.189     0.43625   0.13637   0.45678
 -0.46188   0.013615 -0.40129  -0.011268 -0.61028  -0.64805   0.93411
  0.11237   0.050689  0.71835   0.20754  -0.45405  -1.304     0.18987
  0.30193   0.5433    0.029862 -0.64014  -0.26292   0.36416  -0.15929
  0.56915  -0.56423   0.090624  0.87425  -0.15863   0.29157  -0.45935
  0.27687  -0.46949   0.52698   0.64973   0.089876 -0.87601   0.87874
 -0.31081  -1.231     0.31805  -0.41509   0.21433  -0.403    -0.63206
 -1.2389   -0.62505 ]"
surrenders,"[ 0.048914   0.064083   0.45025    0.020306   0.10237    0.37874
 -0.26241   -0.2112     0.47234    0.52679    0.20072    1.2643
  0.070205   0.52014    0.028164   0.6249     0.28274   -0.15394
 -0.60581    0.077645   0.61674   -1.2355    -0.53416   -0.1283
 -0.61388    0.46111    0.05372   -0.3704     0.27484   -0.88777
 -0.056738  -0.28202   -0.97249   -0.17834   -0.42416    0.015544
  0.41383   -0.73798   -0.10752    0.077518  -0.17563    0.21469
  0.72345   -0.43755   -0.18436    0.28903    0.33459    0.051599
  0.59593   -0.27644    0.15245    0.019863   0.15261    0.63065
  0.30988    0.73523   -0.17656   -0.017855  -0.096025   0.33079
  0.094873   0.036375  -0.10343   -0.41297   -0.4244    -0.21516
  0.25892   -0.19586   -0.29904    1.0845    -0.11795   -0.98696
 -0.41709   -0.19875    0.38593   -0.1922    -0.074267  -0.57861
 -0.23926    0.13695    0.42665   -0.022854   0.38693    0.64754
  0.25191   -0.72572    0.09296    0.43172    0.13154   -0.040853
 -0.065591  -0.18599    0.0076675  0.49953   -0.089922   0.22531
  0.62263    0.23689   -0.015896  -0.084175 ]"
buttocks,"[ 0.73348    0.052983   0.33608   -0.097286  -0.37363    0.96181
 -0.60016    0.62113    0.13816    0.56901    0.014855   0.38363
  0.78008    0.62233    0.57139    0.52882   -1.2211     0.012991
 -0.081729  -0.96767   -0.085586   0.063176  -0.2987     0.507
  0.72323    1.0138    -0.41551   -0.56507    0.20093    0.70379
  1.037     -0.13846    0.29108   -0.08555    0.029486   0.21953
  0.038851   0.50359   -0.49409    0.42794    0.55961    0.049795
 -0.27755    0.28951   -0.75323    0.52988   -0.25955    0.15504
 -0.090752   0.20776   -0.50067    0.56767   -0.15198    0.62032
 -0.25092    0.25757   -0.049135  -0.80028   -0.44209   -0.12147
  0.45704    0.88965   -0.46575    0.7611     0.27275   -0.41008
  0.62388   -0.31882   -0.072212  -0.075231   0.27626    0.076344
  0.67573    0.37355    0.28316   -0.29649   -0.73343    0.38975
  0.35709   -0.039952  -0.043322   0.30526    0.21553   -0.23167
 -0.2747    -0.83786   -0.0013491  1.1028     0.1962     0.10962
 -0.13522    0.13848    0.62082    0.20146   -0.20144    0.24727
 -0.15657   -0.53499    0.29131    0.07851  ]"
5-11,"[ 0.33259   -0.19077    0.61967   -0.35675   -0.64311    0.17311
  0.10797    0.55133   -0.19496   -0.42543    1.1627    -0.37482
  0.086917   0.0091618 -0.1653     0.59353   -0.4962     0.26373
 -0.32987    0.93294    0.39516    0.28319    0.95693    0.89555
  0.26955   -0.098134  -0.99408    0.12649   -0.39138   -0.67155
 -0.77179   -0.60039    1.1877    -0.93935   -1.0255     0.39829
 -0.087085   1.0987    -0.14849    0.57728    1.1729    -0.30075
  0.49731   -0.50374   -0.24799   -0.44472    0.40793    0.56843
  0.049619  -0.57312   -0.074736  -0.88028    0.46754   -0.3369
 -0.22619    0.069016   0.49168    0.25862   -0.19605    0.69779
 -1.0685    -0.0018872  0.24575    0.15331   -0.11094    0.16027
 -1.0562     0.022053  -0.45358    0.99598    0.19066    0.16852
 -0.44641    0.17603   -0.99232   -0.40143   -0.41926   -0.23159
  0.17412   -0.98188    0.98816   -0.0051229 -0.10412    0.25199
  0.40985   -0.16385    0.79187    0.6186    -0.23267    0.58169
 -0.41394    0.65521    0.19769   -0.34012    0.030549   0.11292
 -0.48248   -0.28709   -0.18294   -0.19329  ]"
dems,"[-1.2568e+00  8.2412e-01  7.2838e-01 -1.0516e+00 -9.2833e-01  9.0363e-02
  4.9027e-01 -4.4883e-01  4.9783e-02 -1.8409e-01  3.8299e-01 -2.0209e-01
 -4.3396e-01  6.8237e-01 -4.1532e-01 -1.9194e-01 -3.0138e-01 -1.0888e+00
  3.9567e-01 -3.7625e-01  3.3001e-01 -4.0384e-01 -3.0179e-01 -4.3477e-01
 -3.2822e-02 -9.9695e-01 -4.7413e-01  2.2417e-01 -2.0347e-01 -1.0230e+00
  1.0071e-02  7.4714e-02 -2.5314e-01  2.6107e-01 -9.0344e-02  2.3134e-01
 -2.4776e-01  2.0216e-02  2.0450e-01  8.4484e-01 -2.8142e-01 -9.8237e-01
 -7.0151e-01 -2.6895e-01 -5.8561e-01 -4.3928e-01 -4.4969e-01  4.7511e-01
  5.2828e-01  5.4629e-01 -2.3380e-01  1.6091e-01 -4.8487e-04  3.7558e-01
 -3.9497e-01  2.6361e-01  1.1731e+00 -4.8886e-02 -4.9439e-01 -2.1034e-01
 -4.7196e-01 -4.1766e-01 -3.6803e-01 -4.8382e-02  4.2497e-01  1.2888e+00
 -1.0578e-01  3.2742e-01 -6.5718e-01  1.7276e-01  1.1714e-01 -2.4393e-01
 -8.5446e-01 -2.7131e-01 -6.3791e-01 -9.5223e-01 -1.6034e-01 -2.3501e-01
 -1.2547e-01 -6.4053e-01 -6.5661e-01 -3.1966e-01  6.1879e-01  1.9124e-01
 -4.2829e-01 -4.3196e-01  7.7225e-01  9.7590e-01 -6.7234e-01 -1.4381e-02
  1.3162e-01  1.8524e-01  5.2251e-01  3.2554e-01 -6.9027e-01 -2.3407e-01
  8.7934e-01  1.5110e-01  7.7318e-01 -3.5988e-02]"
greig,"[-1.2523    0.34568   0.45059  -0.61333  -0.95767  -0.022395 -0.34707
 -0.79866   0.55741  -0.60403   0.86614  -1.0546   -0.63125  -0.47254
 -0.30261  -0.12685   0.74944  -0.37233  -0.77198   0.4314    0.033769
 -0.47144   0.077765 -0.49273   1.5771    0.5887   -0.060344  0.050881
 -0.42499   0.49204   0.010158 -0.012931  0.48834   0.42979   0.45229
  0.61975   0.74533   1.1566    0.22944  -0.092971  0.40952  -1.2651
 -0.77169  -0.66877  -0.066909 -0.32348   0.38807  -0.2665    1.0499
 -0.10837   1.6852   -0.41423   0.35464  -0.99859  -0.08313   0.64563
 -0.56246  -0.33921  -0.34024   0.33191   0.18692  -0.098913  0.1319
 -1.2555   -0.74221   0.095394  0.51046   0.23158   0.53166   0.81081
 -0.59147   0.81269  -1.158    -0.92798   0.46526   0.37112  -0.53464
 -0.033315 -0.68406  -0.55121  -0.52399   0.73128   0.92187   0.30997
  0.74766   0.37126   0.75824  -0.37662  -0.25089  -1.1729   -0.16286
  1.3923    1.142    -0.10596   0.1991    0.28179   0.15884   0.050453
 -0.14043  -0.013378]"
biopic,"[ 0.29039    0.41682    0.39673   -0.38892    0.72657    0.24376
  0.005276  -0.1905    -0.3065     0.20904   -0.386      0.18426
 -0.36563   -0.57636    0.41963   -0.036399   1.1764    -0.0079593
  1.1381     0.49472    0.77731    0.14026   -0.19437   -0.088104
  0.36447    0.96158   -0.61386    0.27457    0.036375   0.24328
 -0.53136   -0.45302    0.23847    0.21909    0.083462   0.37553
  0.76669    0.08315   -0.48401   -0.64465    0.41918    0.75634
 -0.45357    0.64665   -0.0037052  0.082148  -0.42427   -0.72565
 -0.1219     0.34349   -0.022473  -0.19587    0.85108    0.38087
 -0.057392  -0.59903    0.23273    0.69522   -0.166     -0.34012
  0.50736    0.37156   -0.14118   -0.37175    0.31672   -0.50142
  0.32183    0.016095  -1.0966     0.34484    0.056594   0.1357
 -0.21885    1.086     -0.44103    0.073883   0.72999    0.49578
 -0.086972   0.023132  -0.20783    0.33896    0.60827   -0.057477
 -0.76504    0.38219   -0.28978   -0.4895    -0.038447  -0.4806
  0.32544    0.22572   -0.16356   -0.48566    0.32665   -0.29008
  0.61997   -0.36513   -0.19236    0.329    ]"
piloting,"[-0.18977   -0.2082     0.25871    0.3758    -0.027276  -0.38708
  0.12587    0.17956   -0.17303    0.30396    0.43756    0.097555
  0.1343    -0.25557    0.18365   -0.43662    0.39469    0.30768
  0.71325    0.45657   -0.15523    0.16316    0.57525   -0.35128
  0.53017   -0.063344  -0.7005     0.46098   -0.057667   0.0028064
 -0.7295     0.22973   -0.40236   -0.053366   0.10394    0.058599
 -0.34627    0.24714    0.40082    0.4024    -0.54038    0.27598
  0.65631    0.10123   -0.13404    0.64032    0.15694    0.0978
 -0.0397     0.081636  -0.72174    0.76361   -0.32561    1.1563
  0.38231    0.11358    0.74332    0.23382    0.24548    0.26437
  0.054679   0.61933    0.63795    0.24222   -0.97627    0.063622
 -0.010815  -0.53061   -0.28472    0.60771   -0.55713   -0.509
  0.22313    0.01433   -0.061812   0.26373    0.070125  -0.2703
 -0.36381   -0.050161  -0.065985   0.21197    0.0068523 -0.044471
 -0.084689  -0.33081    0.70189   -0.42591   -0.97301   -0.15288
 -0.46299   -0.31461    0.73657    0.39716    0.65012   -0.074854
 -0.30328   -0.37926   -0.090118  -0.46588  ]"
budd,"[ 0.41487   -0.0046745 -0.61203   -0.58633   -0.82894   -1.2003
  0.05789    0.086939  -0.52939   -0.076473   0.23707    0.1209
 -0.3837     0.56664   -0.32371   -0.24073    0.50174    0.09278
 -0.24467    0.24051    0.46101   -0.1421     0.94886   -0.25618
  0.52054    0.38766   -0.71099    0.1607    -0.53977    0.071652
  0.36926    0.30983   -0.29023   -0.24664   -0.31343    0.39883
  0.52889    0.08611    0.50172    0.42835   -0.024571   0.89845
 -1.1003     0.27594    0.27289    0.87875    0.14675   -0.7791
 -0.01578    0.55949    0.26594    0.18655    0.14994   -0.24463
 -0.37521   -0.37598   -0.44152    0.46463   -0.81619   -0.34537
  0.62285   -0.17114    0.31839   -0.32459   -0.11897   -0.3933
  0.38659    0.64816   -0.29429   -0.042326   0.10723    0.12745
  0.2249    -0.16595    0.50486    0.29298    0.29984   -0.099617
 -0.28227   -0.28485   -0.20052   -0.069865  -0.24844    0.18371
  0.65043    0.68938   -0.29482   -0.386     -0.86843   -0.35035
 -0.19118    0.096358  -0.68837    0.27794    0.05955    0.38012
  0.075078   0.16811   -0.12201    0.16447  ]"
swarming,"[-0.30421   -0.47025    0.44879   -0.34503   -0.63243    1.6198
 -0.33981   -0.13067   -0.072399  -0.16985   -0.1749    -0.15903
  0.18113   -0.22452   -0.052603   0.040846  -0.050169   0.28705
  0.27473   -0.64633    0.145      0.39878    0.18635   -0.19242
 -0.027953  -0.18655    0.17261    0.56951   -0.33455   -0.49237
 -0.6491    -0.38596    0.24715    0.074213   0.38863   -0.4089
 -0.25589   -0.14153    0.39748    0.21303   -0.092908  -0.35112
 -0.91529    0.78392    0.42132    0.032401   0.10077    0.71368
  0.15196    0.4064     0.09993   -0.086115  -0.22167    0.75193
 -0.31556    0.46636    0.071294  -0.066223   0.034582  -0.20375
 -0.46438    0.77333    0.37926    0.014427  -0.22701    0.61426
  0.18244   -0.36504   -0.027533   0.16794    0.21012   -1.1421
 -0.0097711 -0.84522   -0.080861  -0.11713    0.11241   -0.12906
  0.1139     0.54964    0.85642    0.26478   -0.43563    0.43091
 -0.24818   -0.72908    0.43601   -0.098056  -0.50449   -0.47694
  0.14654   -0.57851   -0.13844   -0.57125    0.42299   -0.63572
 -0.31714    0.10493    0.68904    0.49365  ]"
jaded,"[-0.19971    0.24887    1.0855    -0.48819   -0.75599    0.82496
 -0.12179   -0.049565   0.6806    -0.038309  -0.24189   -0.28966
  0.024258  -1.001      0.24725    0.0075699 -0.25461   -0.25035
  0.49604    0.28034    0.18497    0.40932   -0.20427   -0.42741
  0.78589   -0.17368    0.60504   -0.26542    0.45004   -0.25355
  0.37147    0.11362   -0.24026   -0.29195    0.10424    0.34764
 -0.67247    0.24313    0.44948   -0.0053292 -0.10096   -0.077995
 -0.36353    0.053315   0.089481  -0.16682    0.8388     0.44163
  0.60347    0.025306  -0.21765   -0.56054   -0.086336  -0.1979
 -0.45606    0.022334   0.33357    0.12073   -0.19577   -0.7311
  0.30631    0.80217   -0.27685    0.10212   -0.20386   -0.17396
  0.19558    0.019307  -0.027236  -0.48502    0.20663    0.0016828
 -0.17114   -0.056733  -0.31065   -0.20751   -0.056691  -0.041337
  0.070251  -0.95602    0.32218    0.3911     0.29296    0.73047
 -0.74581   -0.45811   -0.31585    0.56239   -0.92682   -0.39741
  0.27405    0.34872   -0.12279   -0.28875    0.2885    -0.12392
 -0.2587     0.21613   -0.57193    0.71083  ]"
zeevi,"[-0.61265   -1.9655    -0.34975   -0.47585    1.0095    -0.40369
  0.83836   -0.1005     0.41337    0.57473    0.50012   -0.13823
  0.58403    0.068207   1.2879     1.4896    -0.74972    0.2355
 -0.97391    1.1732     0.48436   -0.22242   -0.12844   -0.58745
 -0.18968   -0.31501    0.012796  -0.10699    0.35851   -1.1877
  0.88882   -0.54523   -0.091886   0.58783   -0.50518    0.34871
 -0.12774    0.99202   -0.50879   -1.1326     0.36628    0.23201
  1.0098     0.69374   -0.10591    0.53259    0.31264    0.089159
 -0.57164    0.36172   -0.25445   -0.68986   -0.41494    0.78064
 -1.1172     1.1033     0.70806    0.8635     0.72133   -0.2301
  0.2229     0.92228    0.57284   -0.53544    0.071309   0.71875
  0.3996     0.016145  -0.64161   -0.3306    -0.42141   -1.0592
 -0.43654    0.77646   -1.4057    -0.70217   -0.38059    0.42637
  0.20774    0.26292    0.31179    0.94607    0.46582   -0.0053381
  1.0415    -1.4251     0.37394    0.10295    0.11444    0.30531
  0.55039   -0.17883   -0.43894    0.13217   -0.35594    0.29091
  0.46651   -0.48811    0.028862  -0.26739  ]"
chakvetadze,"[-0.40505  -0.36395   1.133     1.5885   -0.2536   -0.25448   0.10048
  0.29509   0.49947  -0.23856   0.020672  0.42696  -0.32212   0.86682
 -0.36252   0.12655  -0.36587   1.3837   -1.142    -0.11147  -0.28739
 -0.041399 -0.14613   1.7082    1.5781    0.049219  0.64365  -0.34522
  0.75501   0.52077  -0.79847  -0.072669  1.1125   -0.95078  -0.55011
 -1.0945   -0.4662   -0.18382  -0.067348  0.46363   0.1537   -0.75282
  0.055689 -0.16918   0.36675  -1.1788   -0.56809   0.27873   1.2414
  1.0998    0.19108   0.50217  -0.2798    0.40461  -0.28793   0.38879
  0.54686   0.37588  -0.33841   0.59315  -0.080959 -0.31611  -0.36051
  1.0693   -0.44427  -0.066952  0.07809   0.6171    0.090662 -0.47658
  0.33209  -0.10014   0.099655  0.94758  -0.34282  -0.050838 -0.47457
 -0.35014   0.38313  -0.44089   0.54276  -0.54061  -0.62461   0.65063
 -0.84352  -1.1053   -0.55533   0.80045   0.18171  -0.042963  0.095855
  0.53397   0.414    -0.018125 -0.19227   0.25672   0.43997  -0.57892
 -0.64571   0.52618 ]"
annul,"[ 0.26648   -0.52424   -0.35085    0.62949   -0.35237    0.41218
 -0.69492    1.0596     0.43827    0.41049   -0.63539    0.6462
 -0.0086751 -0.57896   -0.1768     0.31616    0.33765    0.14992
  0.33312    0.46281   -0.076849  -0.81452    0.56581    0.6257
  0.1316    -0.45082   -0.10807   -0.13535    0.61247    0.071286
  0.78625   -0.24925   -0.069713  -0.04813   -1.1837    -0.1999
  0.66231   -0.42096   -0.96311   -0.20447   -0.11091    0.3992
  0.52715   -1.0375    -0.7193    -0.34929    0.0076859 -0.41299
 -0.27542   -0.30945    0.22492    0.53263    0.25589    0.49537
 -0.49606    0.15093    1.2917     0.92173    0.2164     0.18628
 -0.8785    -0.74631   -0.11079    0.43736    0.27531   -0.1171
 -0.3686     0.34247   -0.79541   -0.74541   -0.063808  -0.1347
  0.11932   -0.29023    0.16367   -0.2627    -0.51616   -0.53599
 -0.23492   -0.073873   0.052551  -0.49813    0.073451   0.35008
  0.20297   -0.14395    0.7826     0.29004    0.56718    0.1405
 -0.17086   -0.3151    -0.59265    0.063416   0.16674    0.15498
 -0.065744   0.37126   -0.1854    -0.29224  ]"
unbelievably,"[-5.7999e-01 -4.5871e-03  1.7958e-01 -1.3078e-01 -4.9658e-01 -1.1655e-01
 -8.5398e-02  5.8437e-01 -1.8784e-01 -1.5709e-01  6.4021e-01 -2.1996e-01
  3.4255e-02 -4.6192e-01 -3.1941e-01 -1.0940e-01 -7.7435e-01  2.0583e-01
 -4.8686e-02  6.8614e-01  5.5629e-01  1.1953e+00  3.5289e-01 -2.1505e-01
  6.4772e-01  1.4476e-01 -2.3736e-01  2.0520e-02 -5.0055e-01  7.8835e-02
 -3.5402e-01  3.4565e-01  4.3498e-01 -1.7008e-01  1.9135e-01  1.8317e-01
 -9.4476e-02 -3.3196e-01  1.3293e-01 -6.6663e-01  5.5748e-01  7.9042e-01
  2.6191e-02 -4.0578e-01 -1.4981e-01 -8.1799e-02  1.0281e+00  4.2378e-01
  7.6790e-02 -2.4136e-01 -4.4775e-01 -5.1404e-01  5.0207e-01  2.6366e-01
 -6.4501e-01  4.3124e-02  9.0715e-01  2.7918e-01 -9.0895e-02 -1.5726e-01
 -7.6032e-04  5.0818e-01 -8.0991e-01 -8.0605e-02 -3.2115e-01 -9.8185e-01
  5.9079e-01 -2.2394e-01  9.0193e-02 -2.5962e-01  4.9549e-01 -4.9646e-01
  5.6857e-01  3.3284e-01  6.3583e-01  2.8988e-01 -3.3731e-01  1.0637e-01
  4.4926e-02 -8.3658e-02  5.1970e-01  5.1955e-01 -1.5642e-01  1.9292e-01
 -7.0019e-01 -4.5889e-01  2.0223e-01  1.5326e-02 -1.1358e+00 -8.7329e-01
 -9.6003e-02  5.6307e-01 -2.8490e-01  3.4712e-01  3.0088e-01 -6.3612e-01
 -6.5399e-01 -3.5315e-01 -7.9714e-01  6.4530e-01]"
tierra,"[ 0.16954  -0.97243   0.61767   0.85165  -0.57379   0.16239   0.85071
  0.93653   0.92575   0.20724   0.20126  -0.22837  -0.10676  -0.049714
  0.53648  -0.97244   1.3629    0.2326    0.4744    0.63651   0.89065
  0.36559  -0.23221   0.22502  -0.26555   0.56041   0.13355  -0.066233
  0.063827 -0.48605  -0.080375 -0.65937   0.46141   0.86616   0.59318
  0.068307  0.6446    0.052019 -0.10857  -0.84703  -0.25875   0.37961
 -0.25615  -0.48508   0.16289   0.42302  -0.41764   0.060515 -0.15139
  0.47954  -0.46161   1.1274   -0.37611  -0.071838 -0.64852  -0.29585
  0.19838  -0.33869  -0.023088 -0.064427 -0.37984   0.23161   0.14238
 -0.7655    0.5903    0.32572   0.48118  -0.62499   0.71369   0.026892
  0.73275   1.8571   -0.12272  -0.44965  -0.49686  -0.092163 -0.4154
  0.29021   0.30321  -0.18183  -0.33191  -0.041143 -0.30979  -0.18922
  0.93912   0.099894 -0.074814  0.57381   0.61031  -0.69013  -0.73766
  0.53859  -0.17731   0.14923  -0.13688   0.4204   -1.0432   -0.24683
 -0.30235   0.3455  ]"
transistors,"[-0.38487    0.21179   -0.25506   -0.1812     0.49004   -0.81558
 -0.488     -0.16188    0.064181   0.0062775  0.41835   -0.4684
 -0.54771    0.3788     0.59257   -0.14037    0.0069278  0.85511
  0.50183   -0.42792    0.80541   -1.0839     0.27271   -0.012018
  0.88343   -0.76142    1.4584    -0.010284   0.0094817  0.16701
  0.55383    0.91545    0.27592   -0.76476    0.2396    -0.2085
  0.53167    0.47302    0.38826   -0.17253    0.1057     0.0052326
 -0.58201    0.44465   -1.1713    -0.72477    1.0726     0.35019
  0.33756    0.20387   -0.33571   -0.91786    1.079      0.44022
 -0.13584    0.82013    0.17145    0.56983    0.32431   -0.23373
  0.075842   0.75012    0.53824    1.5173    -0.16408   -0.036387
  0.56727   -0.18283   -0.25487   -0.45149    0.15742   -0.049748
  0.47547    0.52694   -0.42602   -0.17464    0.62427   -0.1857
  0.76369    0.4927     0.57964   -0.28805   -1.2348     0.75139
 -0.72754    0.62995    1.3334    -0.74479   -0.55401    0.44721
 -0.014415   0.80521   -0.83808   -0.14779   -0.30791   -0.75013
  1.4341    -0.68773    0.59254   -0.33952  ]"
furs,"[ 0.53492   -0.25738    0.54475   -0.6569     0.57727   -0.56583
  0.3936     0.17113   -0.40018   -0.42115   -0.20576    0.20454
  0.38654    0.66629    0.60691    0.20896    0.25498   -0.028645
  0.62947   -0.4092     0.72893    0.18703   -0.34454   -0.0048458
 -0.027067   0.52181    0.14175   -0.583      0.066247  -0.71345
 -0.51012   -0.38147   -0.93422    0.017787   0.53315    0.26041
 -0.16701   -0.12647    0.23048   -0.46244    0.58858   -0.67669
 -0.4189     0.28492   -0.44701   -0.27599   -0.28284    0.50467
  0.31701    0.12934   -0.16546    1.1278     0.34003   -0.095478
 -0.40852    0.37364   -0.22623    0.089843  -0.4227    -0.20875
 -0.13935    0.79621   -0.20937    0.46806   -0.07177   -0.57243
  0.78119   -0.70745    0.43181   -0.69046   -0.29586   -0.67993
 -0.28308    0.062118   0.1159    -0.027161  -0.68001    0.18345
 -0.47877    0.37388    0.0025639  0.79386    0.53132    0.62547
  0.027863  -0.3171     0.18484    0.042648  -0.40859    0.15398
  0.20178   -0.99728    0.96101   -1.159     -0.59698   -0.38788
 -1.1094     0.33402    0.27547    0.040241 ]"
raju,"[ 0.1842   -0.17551  -0.13284  -0.13764   0.077095 -0.13211   0.032963
  0.23696   0.19261  -0.12762   0.83863   0.89847   0.46575   0.32818
 -0.063501 -0.32344   0.2929    0.71365   0.80335   1.19      0.10966
 -0.84872   0.72743   0.62642  -0.3859    1.1203    0.45629   0.91967
  0.12249   0.91495   0.26628   0.2908   -0.56816  -0.19684  -0.54459
 -0.051052  0.14359   0.12304  -0.039723 -0.63031   0.014989  0.45731
  0.64955  -0.6298    0.06299   0.081192 -0.010356  0.14643   0.36056
  0.70583  -0.38282   0.11076   0.13491  -0.16746  -0.21973   0.028055
 -1.0094   -0.47733   0.25724  -0.41328   0.24101  -0.26689   0.19125
  0.81554  -0.58039   0.60629   1.0961    0.96368  -0.046663  0.43099
  0.21694   0.38985   0.67947  -0.058385 -0.58608   0.012423 -0.96209
 -0.0439   -0.093549 -0.23532  -0.10016  -0.032053 -0.092094 -0.40308
 -0.20249   0.082123 -0.88626  -0.22066  -1.0892   -0.27621   0.35109
 -0.10328  -0.021637  0.41554   0.49271   0.13304   0.47447  -0.75329
 -1.0673    0.033031]"
unmovic,"[ 0.2385     0.50401    0.57006   -1.6818    -0.22384   -0.75258
  0.045776   1.3584     0.5549    -0.49846    0.6734    -0.70465
  1.3787    -0.24648    0.13114    0.086908   1.3284    -0.28922
 -0.86522    0.75911   -0.90327   -0.11627   -0.46054   -0.46459
  0.0038302 -0.55077   -0.82993    1.1777    -0.10925   -0.045515
 -0.07488   -0.75786   -0.66502   -0.010645  -0.74469   -0.22209
  0.55972    0.023527  -0.016954  -0.29922   -0.5166     0.74478
  0.55768   -0.5127    -0.33257    0.12014   -0.90437   -0.23149
 -0.60352   -0.96143    0.34835    0.73949   -0.38634   -0.048626
 -0.44104    0.36808   -0.26513   -0.44875   -0.72245   -0.10584
  0.20255    0.30281    0.078614   0.54459   -0.18242   -0.063367
 -1.378     -0.091558   0.43872    0.78531    0.52418   -0.03859
 -0.18066   -0.52369    0.81439   -0.88093   -0.69679   -0.38168
 -0.70049   -0.32323    1.1468    -0.15729    0.27777    0.68211
 -0.43793    0.8488     1.2511     0.96646    0.49646   -0.61207
 -0.33721    0.80976   -0.012469   0.21049    0.55234    0.60041
 -0.79979    0.17971   -0.064227  -0.58551  ]"
middlemen,"[ 0.71633   -0.62453   -0.45972   -0.069526   0.46017   -0.37653
 -0.59019   -0.41362    0.36063   -0.31975   -0.18516    0.14589
  0.61423    0.30023    0.54266   -0.05199   -0.016821   0.24897
 -0.0086386 -0.2487     0.25664    0.43432    0.36422   -0.72258
 -0.39813   -0.17169   -0.20547    0.15409   -0.40049   -0.70635
  0.35101    0.33213   -0.42704   -1.4769     0.016628   0.22378
 -0.031178  -0.14154    0.1906    -0.38247    0.49046    0.75593
 -0.68506   -0.20317    0.22408   -0.25942   -0.58155   -0.059422
 -0.25774    0.19528   -0.87895    0.60087   -0.24479    0.40841
 -0.72253    0.73369   -0.64486   -0.44565    0.15758    0.11549
 -0.30437    0.21802    0.34651    0.65762   -0.20502   -0.4636
  0.62996    0.21794    0.64977   -0.28567   -0.22498   -0.62729
  0.32609   -0.38567   -0.5278    -0.19746   -0.085505  -0.21002
 -0.24464    0.018785   1.2587     0.39137   -0.18206   -0.11031
 -1.1562    -0.17314   -0.64278    0.86517   -0.42129   -0.35928
 -0.59111    0.17143   -0.50773   -0.83247   -0.094627  -0.3707
  0.34947    0.016509   0.2099     0.039139 ]"
zenawi,"[-1.5021    -0.74112    0.028857   1.3531    -0.13945    0.054007
 -0.5582     0.3503    -0.44885   -0.28661   -0.044393   0.12222
  0.34352    0.19225    0.16485   -0.42817   -1.2428    -0.78674
 -0.79564   -1.1336    -0.52107    0.026316   1.1458     0.65139
  0.17782    0.27807    0.44219    0.76884    0.16431   -0.6962
  1.0457     0.29335   -0.014978   0.53233   -0.04619   -0.041623
  0.030024   1.6246    -0.35509   -0.53397   -0.92643    1.6901
  1.0065    -0.15137   -0.8526    -0.32994   -0.32451   -0.62289
  0.0083174  0.43682   -0.71598   -0.25258    1.3128     0.21299
  0.19699   -0.13446   -0.33109    0.60412    0.24797    0.48447
 -0.73065   -0.63087    0.1437     0.065675  -0.6131     0.26452
 -0.11762   -0.49726    0.50058   -0.47854    0.49856    0.23707
 -0.68088   -0.21532   -0.23766    0.49039   -1.1728     1.0177
 -0.012561   0.70131    0.085042  -0.4707     0.34364   -0.38505
  1.0295     0.19093    0.6424     0.86509   -0.22609   -0.63915
  0.20695   -0.15186    0.039372  -0.57403    0.12907   -1.111
 -0.68454   -0.58617    0.19078    1.072    ]"
speight,"[-3.1534e-01 -2.9990e-01 -3.1732e-01 -8.4739e-01  3.1408e-02  1.0135e+00
  2.8298e-02 -5.0634e-01 -2.2966e-01  4.1694e-02 -1.1390e-01  9.6538e-01
 -5.5927e-01 -1.0281e-01 -4.1455e-01  2.0631e-01 -7.7402e-01  1.9977e-01
 -1.3932e-01 -3.2586e-01  2.2956e-02 -1.3350e+00  1.2684e+00 -3.0956e-01
  1.7125e-02  1.1175e-01  4.6843e-02 -2.6457e-03  3.3925e-02 -1.8766e-01
  1.1779e-01  4.9113e-01 -2.9285e-02  1.7288e-01  4.7201e-01  1.1754e-01
  1.1791e+00  3.4584e-01 -2.3766e-01 -8.0275e-01 -6.9480e-01  6.3083e-01
  1.4990e+00 -1.0176e-02 -5.2605e-02  3.5193e-01 -2.6420e-01 -9.4433e-01
  1.2781e-01  7.2829e-01 -6.5023e-01 -5.5900e-01  9.1632e-01  1.4648e-03
  7.9791e-02  6.2707e-01 -7.2262e-01 -5.4997e-01 -1.0739e-02  9.5431e-02
 -1.1895e-01 -1.8694e-01 -8.9693e-01 -1.2486e-01 -1.9769e-01  4.9150e-01
  7.5223e-01  3.1047e-01 -2.5292e-01  9.7934e-01 -5.6893e-01 -2.8705e-01
 -7.6486e-01 -4.4298e-01 -5.4152e-01 -2.9173e-01 -1.0687e-01  4.7318e-01
 -1.4891e-01  6.1623e-01  3.8852e-01 -4.1557e-01  5.4115e-01 -5.1123e-01
  4.0809e-01 -1.1647e-01  2.5366e-01 -1.5857e-01 -3.6660e-01 -3.9934e-01
  1.6238e-01 -5.2345e-01 -1.6571e-01  2.1893e-01 -3.0413e-01 -2.7722e-01
  3.0423e-01 -2.2656e-01 -3.9508e-01  8.2578e-02]"
admonished,"[-1.3177e-01 -4.6857e-01  7.1631e-03 -4.5708e-02 -2.7337e-01  1.0022e+00
 -3.9586e-01  6.1044e-01 -3.5495e-02 -2.7861e-02 -2.8894e-01  3.3232e-02
 -5.1862e-02 -5.4050e-01 -4.5158e-01 -6.5805e-02 -4.9722e-01 -2.5169e-01
 -8.2458e-01 -5.4409e-02 -3.7097e-01 -4.8704e-01  1.2423e-02 -1.7688e-02
  1.6108e-01  1.9821e-01 -8.8222e-01  2.6968e-01  2.8761e-01  8.2813e-01
  7.5911e-01 -2.6543e-01 -2.7918e-01  3.8440e-01 -5.2329e-01  7.0009e-01
 -2.2814e-01  1.1892e-01  3.1927e-01  3.8129e-01 -1.0666e+00  5.9609e-02
 -1.9890e-01  1.2449e-01 -4.5728e-01 -4.1097e-03  2.0516e-01 -3.3261e-01
 -7.2238e-02 -1.6955e-01  2.0191e-01 -4.0782e-01  1.4670e-01  1.5862e-01
 -6.1728e-01  4.9289e-01  4.5499e-01  2.4399e-01 -7.4685e-02  3.7900e-01
 -1.1155e-01 -3.9998e-01  1.3029e-01  3.3954e-01 -1.2856e-01 -4.0151e-01
  8.3744e-01  1.3517e+00 -1.6184e-01  9.9456e-04  1.2042e-01  1.1826e-01
 -2.0997e-02  4.3980e-02 -5.3948e-01  3.9787e-01 -4.6802e-02 -2.6220e-02
 -1.3745e-01 -8.3358e-02 -5.9813e-01 -7.9481e-01 -1.8652e-01  1.6201e-01
 -5.3591e-01  1.9749e-02 -1.0162e-01  3.7711e-01 -4.8067e-01 -6.2604e-01
 -3.6957e-01 -2.6220e-01  7.9329e-02 -2.0090e-01  3.7966e-01  8.3168e-02
  2.4846e-01  2.5492e-01 -4.2517e-01  3.2906e-01]"
attractiveness,"[ 0.64665   -0.10737    0.66741    0.41472   -0.46719   -0.43966
 -0.87632   -0.38881   -0.20685    0.48954   -0.84647    0.12743
 -0.069765  -0.65902    0.69048   -0.30337    0.058015   0.46694
  0.5234     0.18279   -0.31042   -0.68847   -0.44658    0.44405
  0.046615   0.34928    0.72266   -0.76882   -0.38031   -0.57612
  0.16737   -0.052322  -0.62162    0.24211    0.4869     0.05117
  0.40207    0.3737    -0.61087   -0.36292    0.3623    -0.709
 -0.15304    0.64557   -0.030602   0.64405    0.90706    0.34542
 -0.1522    -0.41669   -0.43893   -0.16601   -0.084502   0.86399
  0.23518    0.21841    0.12231   -0.85214   -0.17996   -0.67205
 -0.084439  -0.20194    0.19067   -0.038773  -0.048058   0.16968
  0.375     -0.31512    0.78227   -0.090569   0.05838   -0.64074
  0.67311    0.0098419  0.42333    0.061875  -0.2419    -0.28751
  0.043228  -0.25338   -0.077822   0.44765    0.33803   -0.17812
 -0.073832  -0.58887   -0.32774    0.27958    0.1043    -0.53496
 -0.50395    0.72107    0.82435   -0.43101    0.25424    0.17225
 -0.19326   -0.94927    0.05664    0.55924  ]"
bubbly,"[-0.22616   -0.42849    0.51093   -0.068848  -0.40513    1.2542
  0.772      0.31314    0.30164    0.45552   -0.08198   -0.096424
 -0.12037    0.12391    0.46619   -0.089719   0.12021   -0.11271
  0.60985    0.27884   -0.39505    0.12928   -0.32429   -0.455
  0.46335    0.46128   -0.029292  -0.3239    -0.20354   -0.14921
  0.034215   0.4396     0.17262   -0.58807   -0.43349    0.30157
  0.18701   -0.17755    0.070077  -0.59998    0.45447   -0.68386
 -0.27265    0.2011     0.11808    0.16999   -0.12085    0.082638
  0.4284    -0.35739    0.062816  -0.51267    0.064494   0.19952
 -0.50505   -0.23354   -0.10501    0.86971   -0.38443   -0.40218
  0.58855    0.47917   -0.45659    0.60937    0.12981   -0.042165
  0.86089   -0.45339   -0.02514   -1.0269     0.88114   -0.1164
  0.23542    0.50131   -0.18524    0.34483   -0.23161   -0.64186
  0.65324   -0.70368    0.41754   -0.19736    0.33655    0.42258
  0.44159   -0.78733    0.45838    0.88796   -0.28783   -0.24807
  0.0056326  0.862     -0.45222   -0.091472  -0.51369    0.24288
 -0.78038   -0.48721   -0.70538    0.54681  ]"
constants,"[-0.081028   0.25978   -0.62064    0.34346   -0.9522     0.39795
 -0.21886   -0.12822   -0.90471   -0.06296    0.66444   -0.98051
 -0.004296   0.43423    0.58327   -0.019686   0.11897    0.9002
  0.28971   -0.24162    0.39683   -0.31769    0.2954     0.4827
 -0.0025718 -0.091704   0.45436   -0.10928   -0.22059   -0.078238
  0.14218   -0.36788   -0.95757    0.16982    0.51747   -0.12165
  1.0812    -0.029102  -0.32595   -1.2527    -0.019802   0.44785
  0.095318  -0.10922   -0.13479    0.1227     0.22732    0.50388
 -0.53109    0.39922    0.5952    -0.40115    0.30603    0.33954
  0.89909    0.43509    0.20785   -0.6808    -0.051938   1.0543
 -0.28417   -0.41098   -0.59955   -0.015035   0.96123    0.48234
  0.052367  -0.11638    0.61816   -0.73315   -0.38746    0.20659
  0.7019     0.27926    1.0493    -0.27174    0.88667   -0.8929
 -0.2151    -0.60568   -0.59197   -0.26389   -0.43163   -0.48156
 -0.025997   0.77657    0.069825   0.11003   -0.49847   -0.72114
 -1.6585     0.77264   -0.44872    0.34911    0.050218  -0.45473
  0.2457    -0.64829   -0.052523   0.65916  ]"
cobain,"[-2.1401e-01 -1.6238e-01 -6.6911e-02 -5.6003e-02 -8.4714e-04  7.4299e-01
  6.8387e-01 -1.1416e+00 -6.4292e-02  1.9628e-01  4.8679e-01  1.2454e+00
 -1.1860e-01  6.7009e-01  9.8732e-01  1.0605e-01  2.8163e-01 -8.6432e-01
 -4.3355e-01  9.2470e-01  1.2261e-01 -5.7268e-01  1.8255e-01  6.3173e-01
 -5.0410e-02 -7.3801e-02 -4.9600e-01 -7.4869e-01  6.4100e-01 -6.6161e-01
  1.9082e-01  3.8251e-01  9.7376e-02  6.1002e-01 -3.7194e-01 -2.0099e-02
  8.6524e-01  8.7050e-01  7.5729e-02 -1.3450e-01  1.6452e-01  1.2135e+00
  4.9742e-01  4.2153e-01 -4.9782e-01  2.5462e-02 -1.5777e-01  4.9575e-02
  1.4303e-01 -6.3761e-01  2.6457e-01 -1.9289e-01  5.5717e-01 -1.5859e-01
 -3.3302e-01 -1.3348e-01  1.9149e-01 -2.1654e-01 -4.5837e-01  7.2645e-01
  9.6541e-02  7.8063e-01  3.0984e-01  6.9942e-02  4.0362e-01 -4.6101e-01
  9.9153e-01 -9.0284e-02 -1.1317e-01 -3.7755e-01 -2.4540e-01 -2.0622e-01
 -2.8400e-01  3.8909e-01 -1.3851e+00  2.6406e-01  4.0202e-01 -3.6382e-01
  6.4137e-01 -5.7405e-02 -4.0756e-01  7.3059e-01  5.7381e-02  4.4403e-01
  1.5045e-01 -2.5272e-01  3.4378e-01 -1.0307e+00 -8.8066e-01  3.9653e-01
  8.0200e-01  3.8041e-01  1.1458e-01  4.8857e-01  6.2067e-01 -6.6179e-02
 -3.3209e-02  1.9487e-01  2.6856e-01  3.6891e-01]"
salter,"[-0.67986   -0.85618   -0.88063   -0.55937    0.25637   -0.34983
  0.67701   -0.7114     0.53063   -0.53601   -0.0025465 -0.39103
 -0.18519    0.085857   0.023682  -0.35303    0.85251    0.057681
  0.051598  -0.84253   -0.014257  -0.24099    0.1364     0.68238
  0.070968   0.14116    0.022757  -0.2251    -0.19646    0.064738
  0.1281     0.5075     0.55987    0.27424   -0.082259   0.050236
 -0.14875    0.077444   0.70399    0.13074   -0.61037   -0.37336
 -0.48619    0.089517  -0.76693   -0.4989     0.11721   -0.75598
 -0.52019    0.6357     0.81642   -0.38163    0.029166  -0.19279
 -0.21485   -0.37286    0.14644    0.40116   -1.0943    -0.2915
 -0.10103   -0.037857  -0.075437   0.17088   -0.51241   -0.60086
  0.5854    -0.26331    0.33955    0.34149   -0.46693    0.16797
 -0.21482   -0.30332    0.6238    -0.31463   -0.0027743 -0.22696
 -0.58408   -0.040918  -0.16281    0.19429    0.31425   -0.54471
 -0.25034   -0.47179    0.018191  -0.028929  -0.265     -0.60825
 -0.28499    0.79911    0.63929    0.038889  -0.59001   -0.5663
  0.43843   -0.11665   -0.28455    0.37245  ]"
spadea,"[ 5.6103e-01  4.2386e-01  7.5034e-01  1.2223e-01  4.6191e-01  5.0703e-01
  1.0024e+00  1.2520e-01  1.0569e-01 -8.7069e-02 -6.2330e-01 -5.5362e-01
 -6.0019e-01  4.4657e-01  4.5796e-01  1.8906e-02  2.6807e-01  6.6424e-01
  1.3001e-01 -2.8847e-01  5.7769e-01  6.0321e-01  7.0176e-01  9.2390e-01
  1.8130e+00  5.3821e-01  1.6951e+00 -9.4960e-01  6.1428e-01  3.0093e-01
 -9.2489e-01 -1.5164e-01  7.0957e-01  1.2559e-01 -1.2232e-01 -4.0668e-01
 -5.3101e-01  8.0647e-02  1.8233e-01  1.8662e-01 -1.0435e+00 -5.4733e-01
  2.0029e-01  7.9547e-02 -3.6142e-01 -6.5631e-01  1.4776e-01  1.3307e-01
  7.2160e-01 -3.0994e-01 -2.9833e-01  6.6890e-01 -6.3495e-01 -3.4822e-01
  3.1137e-01  4.8265e-01  6.9829e-01 -3.4865e-01 -1.7623e-01  9.8475e-01
 -1.4136e-01 -1.7388e-01  8.5324e-01  9.4414e-02 -9.6892e-01 -7.9692e-01
 -4.8592e-01  1.3785e+00  1.6912e-03 -4.6143e-01  1.0721e-01  1.4599e-01
  5.3287e-01  6.3744e-01 -1.4590e-01 -4.6305e-01  1.3181e-01 -2.9456e-01
  2.0597e-01  6.1460e-01  3.0419e-01 -6.6887e-01 -6.5351e-01  7.3302e-01
 -3.6239e-01 -7.2228e-01 -2.5263e-01  8.6644e-01 -8.4818e-02 -5.6030e-01
 -3.1089e-01  5.4796e-01  5.7205e-01 -1.2182e-01  2.9617e-02 -4.5082e-01
  3.0128e-01 -2.4861e-01 -1.4193e+00  3.9191e-01]"
bouncer,"[ 0.26551   -0.74632    0.022046  -0.069562  -0.52481    0.79065
 -0.1999    -0.24085   -0.19246    0.92256   -0.020697  -0.49197
 -0.061566   0.46665    0.72485    0.25473   -0.35882    0.16299
  0.036895  -0.29098    0.90206    0.21916   -0.076309  -0.74021
  0.75847    0.32223   -0.99431   -0.11279   -0.47817    0.071353
 -0.37275    0.4671     0.69482    0.69424    0.081212   0.4035
 -0.27096    0.075835   0.42837   -0.030142  -0.0034395  0.68011
  0.33792   -0.35071    0.30053    0.52273   -0.10574   -0.048832
  0.65777    0.42033   -0.51509   -0.027151  -0.26812    0.60621
 -0.27433   -0.25539   -0.87312    0.20672    0.34243    0.5103
  0.19063   -0.50991   -0.129      0.47946   -0.010653  -0.36433
  0.829      0.0032316 -0.078243  -0.055777  -0.54363    0.20175
 -0.17464    0.03639   -0.21172   -0.65788   -0.10962   -0.14455
  0.97866   -0.56772    0.14592    0.24849    0.24235   -0.80008
  0.04387   -0.58212   -0.0062188  0.54943   -0.41606   -0.49352
  0.036987   0.49971   -0.27238   -0.091828   1.1033     0.014147
  0.31057    1.2103    -0.097444  -0.4032   ]"
parlors,"[ 0.53407   0.31306  -0.82863  -0.50275   0.61492   1.1406   -0.49363
  1.0036    0.69098   0.10066  -0.35443   0.15885   0.80179  -0.15038
  0.15714   0.066046  0.075529  0.030897 -0.64379   0.18281   0.62645
  0.83151  -0.24059  -0.092556  0.28768   0.22667   0.75641  -0.12441
 -0.55506  -0.50519   0.68313  -0.50475  -0.11739  -0.23795   0.23242
  0.55241  -0.84028  -0.54698  -0.37523  -1.4801    1.298    -0.48703
 -1.0118   -0.38883  -0.46733   0.14013   0.12172   0.045726  1.0893
  0.1417   -0.88347   0.22905  -0.12235   0.45127  -0.0603   -0.19826
  0.089827 -0.21611   0.13274   1.087    -0.81274  -0.50816   1.2758
  0.38251  -0.98034   0.32196   0.67343  -0.15084  -0.043641 -0.663
  0.041383 -0.63447   0.58883   0.67089   0.13857  -0.20591   0.65754
 -0.095836  0.39408  -0.26564   0.53336  -0.70811   0.54933   0.14541
 -0.81623  -0.45023   0.20064   0.33683   0.17568  -0.44305   0.27375
  0.60188   0.14956   0.51646  -0.055161 -0.71119  -0.50192   0.4574
  0.8935    0.35723 ]"
electronica,"[-0.22844  -0.44921   1.1971    0.044581  0.80872  -0.063602  0.1405
 -0.41099   0.30578   0.98709   0.12455  -0.49916  -0.48416  -0.34187
 -0.27684   0.3311   -0.27866  -0.77511   0.83401   0.53106   0.22144
 -0.35669   0.69418  -0.4036   -0.2089    0.44529   0.32103  -0.44833
  1.027    -0.50086  -1.1985   -0.3605   -0.85724   0.70897   0.23735
  0.24064   0.065558 -0.086528 -0.13823  -0.51458   0.32697   0.42237
 -1.2889    0.31692  -0.13899  -0.51456  -0.6165    0.64776   0.40755
  0.095261 -0.55046   0.36589  -0.51169  -0.95067  -0.62386  -0.69835
  0.1794    0.33214  -0.045405  1.0613    0.61808   0.52173  -0.11366
  0.34313   0.15426  -0.29702   0.44359  -0.22325   0.1183   -1.1865
 -0.47783   0.10915  -0.41127   0.4841   -0.82455  -0.40183   0.23627
 -0.59132   0.29658  -0.76755  -0.4033    0.21771   0.27526   0.17123
  0.029513  0.65924   0.19159  -0.14974  -0.51701  -0.43527  -0.068013
 -0.40427  -0.71365   0.40747   0.74186   0.14246  -1.1035   -0.55149
  0.67609  -0.37348 ]"
reis,"[-0.017797  -0.5818    -0.23234   -1.0759    -0.12582   -0.15562
 -0.027744  -0.37023    0.38728    0.33552    1.1926    -0.40525
 -0.021152  -0.4958     0.66968    0.13029    0.33157    0.422
 -0.68645   -0.27732   -0.34078   -0.22125    0.76108    0.8089
 -0.46792   -0.23052   -0.72638    0.22607    0.69772   -0.11244
 -0.5954    -0.35163    0.0058678  0.51947    0.64031   -0.033691
 -0.026203   0.36677    0.23716   -0.89623    0.073011   0.55198
 -0.071182   0.29655    0.032113   0.20933   -0.36065    0.13234
 -0.10351    1.2428    -0.28595    0.092954  -0.46297   -0.14106
 -0.36448   -0.3905     0.12413   -0.53618   -0.65718    0.3784
  0.62227   -0.46349   -0.12054   -0.5565    -0.46487    0.10714
  0.43016   -0.1824    -0.27746    0.18815    0.30641    0.84659
  0.64495   -0.11671   -0.46439   -0.2164    -0.65187    0.16379
 -0.23483    0.4394     0.59276   -0.41903   -0.59384   -0.20288
  0.08194    0.086225   0.12555   -0.93476    0.071343  -0.7813
  0.44257    0.045636  -0.098618   0.06262   -0.29289   -0.24704
 -0.56676   -0.11425   -1.0331    -0.082224 ]"
1990-91,"[ 0.48445    0.5106     0.31762   -1.0081    -0.76663   -0.70993
 -0.20086   -0.027045   0.16408    0.3683     0.81077   -1.3065
  0.15869    0.047705  -0.15079    0.0063253 -0.706     -1.0736
  0.068175  -0.79789    0.026291   0.53394    0.023604   0.31026
  0.33438   -0.25892   -0.47542   -0.41704    0.42402   -0.6157
  0.33191   -0.34535    0.031195  -0.21719   -0.97014    0.10687
 -0.36122    0.44601   -0.56288   -0.1014    -0.41475    0.26711
 -0.38604    0.63929    0.44531    0.98193    1.3409    -0.5024
 -0.21697   -0.58663   -0.4408     0.30551    0.50124    0.46983
 -0.098828  -0.17083    0.15292   -0.52419   -0.82397    0.52987
 -0.46143    0.41614    0.44406   -0.88952    0.25819    0.24648
 -0.63197   -1.211     -0.69318    0.32929    0.49171    0.59264
 -0.73147    0.62125   -0.66023   -0.053154  -0.82481    0.82192
 -0.75732    0.14176    0.39006    0.17977   -0.024735   0.77018
  0.33773    0.33078   -0.058218  -0.2308     0.0064121 -0.72897
 -0.87334    1.1246    -0.25194    0.27232   -0.19698   -0.01555
  0.57583    0.67048   -0.55525   -0.12962  ]"
transitioned,"[ 3.6177e-01 -3.1893e-01 -3.3045e-01 -3.3671e-01  3.0350e-01  1.4668e-01
  4.8116e-01  1.3814e-01  3.8461e-01  2.4135e-01  5.1470e-01 -7.1242e-01
  4.7773e-01 -1.0956e-03  5.3167e-01 -7.3655e-01  8.4675e-01  5.8976e-01
  8.1545e-01 -2.6011e-01 -3.0272e-01  4.9871e-01  9.7464e-01  1.6149e-01
  2.5063e-01  2.5404e-01  6.4584e-01 -1.3240e-01  3.1272e-01  3.9612e-01
  1.9846e-01  7.0300e-01 -7.2126e-01  3.6590e-01  8.2028e-02  1.4763e-02
 -1.6689e-01 -8.5064e-01 -1.2073e-01 -2.7315e-01 -1.0490e+00  1.0713e-01
 -6.1488e-01  1.1062e+00  5.2974e-01  4.5335e-01  2.7647e-01  1.1514e-01
  7.3900e-01 -4.4248e-01 -8.4183e-01  1.5401e-01  1.7637e-01  2.3703e-01
  6.9649e-01 -1.4780e-01  1.5535e-01 -8.2573e-01  1.2124e-02 -2.8930e-01
  5.7488e-01  2.7387e-01  1.3285e-01  2.6638e-02  1.7456e-01  3.4745e-02
 -1.2843e+00 -4.2595e-01 -4.2071e-01  7.2045e-01  6.5987e-01 -3.3318e-01
  3.5018e-01  7.5822e-02 -1.0998e-01 -2.2543e-01 -6.7391e-01  1.3090e-01
 -3.0521e-02 -7.3193e-01 -5.1562e-01 -7.1776e-01 -6.9999e-01  1.0389e+00
  1.0579e-01 -2.1989e-01  4.4003e-01 -1.7625e-01 -4.7481e-01  9.6658e-03
 -4.3919e-01  1.4215e-01 -5.3732e-01 -8.7026e-03  5.1998e-02 -7.1813e-01
  4.0299e-01  2.0996e-01 -3.6948e-01  4.0291e-01]"
oily,"[-0.14155   -0.17596    0.60265   -0.87938   -0.59067    0.13473
  0.12934    0.53611    0.27261    0.34565    0.26231   -0.26973
  0.32874   -0.24876    0.75245   -0.1555     0.41481   -0.51396
  1.3192     0.39058    0.12373    0.43867   -0.19067   -0.4946
  0.28339    0.64298    0.0066111  0.38337   -0.077744  -0.13603
  0.12597   -0.33927   -0.32286   -0.18734   -0.72458    0.42609
 -0.034351   0.74577    0.24261    0.63451   -0.091247  -0.98226
 -0.76134   -0.66216    0.55083    0.61809   -0.39461    0.42553
 -0.61474    0.1744     0.41891    0.15515    0.13008    0.53533
 -0.45019    0.20409    0.13533    0.060528   0.18236   -0.17212
 -0.10832    0.68407    0.069058   0.25112    0.17725   -0.29041
  1.3636    -0.86738   -0.079584  -1.2762    -0.14248   -0.48587
  0.34384    0.54732   -0.025217  -0.09698   -1.0282    -0.1537
  0.26034    0.36356    0.26354    0.11633   -0.22634    0.63518
  0.33453   -0.66547    0.52652    0.31931   -0.59775   -0.19406
  0.14746   -0.84658   -0.50525   -0.13344    0.72919   -0.09649
 -1.0007    -0.45513   -0.43132    0.091696 ]"
avraham,"[-0.42244   -0.73574   -0.34965   -0.93538   -0.53615   -0.10263
 -0.70688    0.37466    0.54431    0.55507    0.14833   -0.29198
 -0.50511    0.42428    0.29664   -0.43866   -0.10862   -0.2928
 -1.0177     1.142     -0.34766    0.14487   -0.59458    0.2098
  0.0082429 -0.9597    -0.069238  -0.095374   0.28166    0.63418
  0.14205   -0.43474   -0.45159    0.82653   -0.37799   -0.23746
  0.089104  -0.16598    0.44869   -0.044266   0.4419    -0.16676
  0.58575    0.75175   -0.29132   -0.099189   0.55965    0.78058
 -0.45154    0.72605    0.12481   -0.22699    0.81558   -0.75671
 -0.40404    0.22102   -0.52962    0.018365  -0.050625   0.99777
  1.2831    -0.062874   0.21134    0.48209    0.20115   -0.14074
  1.5687     0.4832     0.21674   -0.9846     0.76078   -0.51986
  0.055603  -0.53582   -1.2201     0.50744   -1.0056    -0.36441
  0.15082    0.059134  -0.13155   -0.59342   -0.034128  -0.035928
  0.6332     0.67414    0.51091    0.36223    0.77364   -0.53969
  1.2447     0.1348    -0.073971   0.94226    0.098309   0.3408
  0.64472   -0.30922   -0.45032   -0.60823  ]"
447,"[ 0.98277    0.30587    0.75809   -0.19704    0.016723   0.55962
  0.99346    0.097957  -0.1564    -0.18325    1.0148     0.19992
 -0.16529    0.047721   0.13059   -0.86528    0.22976    0.18025
  0.49817    0.54379    0.11532    0.10522    0.78934    0.005502
  0.32376   -0.9503     0.72501    0.92792   -0.18843   -0.77867
 -0.18501   -0.3321    -0.83614    0.71567   -0.85869    0.6701
  0.32523   -0.0086558  0.26114    1.1225    -0.36144   -0.73846
 -0.8326    -0.046045   0.10748    0.66233   -0.079589  -0.074266
 -0.56318    0.11116   -0.44694    0.61665   -0.27181    0.59853
 -0.98031    0.009435   1.1301    -0.20515   -0.10866   -0.26531
 -0.13854   -0.1342     0.8021     0.3892    -0.73658    0.47608
 -0.4142    -0.50622   -0.15207   -0.041417   0.064779  -0.3915
 -0.099304   0.17772    0.088748   0.43776    0.71444    0.093126
 -0.57076    0.63948   -0.26991   -0.49601    0.11025   -0.43431
 -0.048599  -0.37196    0.59325   -0.45169   -0.75393    0.12034
  0.054388   1.0978    -0.31322    0.42394   -0.1108     0.52595
  0.071235  -0.040675  -0.75047   -0.65638  ]"
casings,"[-0.41623   0.84855  -0.12696  -0.50835  -0.040143  0.39499   0.78081
  0.22479   0.40971   0.76748   0.26934   0.20164   0.30221   0.32298
  0.51828   0.5676    0.064358  0.046559  0.30354   0.11272  -0.17699
  0.2491   -0.25778  -0.4402    0.5333    0.57168   0.52467   0.35636
 -0.17911   0.16275   0.41374  -1.0608   -0.79664   0.46784   0.78287
 -0.23773  -0.15779  -0.6529    0.67806   0.20973   0.51766  -0.74381
 -0.52204  -0.34935   0.014907  0.22674   0.14212   0.031724 -0.60884
 -0.65217   0.54153   0.40015  -0.35266   0.64642  -0.51484   0.60109
 -1.1423   -0.58475  -0.089347  1.2809   -0.25818   1.0022    0.70015
  2.1291   -0.50862  -0.29333   0.49606  -0.095253 -1.2249   -0.1409
  0.21516  -0.26439   1.5193   -0.1764   -0.20891  -0.36258  -0.18488
  0.18991  -0.58405   0.42683   0.23475   0.59107   0.075862 -0.057976
 -0.2056    0.18951   0.25653   0.25767  -0.86062   0.49573   0.51477
  0.19853   0.01421  -0.19593  -0.25554  -0.41455  -0.30087   0.32184
  0.98364   0.1142  ]"
spitz,"[ 7.3759e-01  1.1026e-01 -2.8845e-01 -8.4422e-02 -4.0028e-01 -9.3039e-01
 -3.3203e-01 -3.7855e-01 -1.0292e+00  1.5323e-01  4.2431e-02  6.6033e-01
  5.3788e-01  4.3144e-01 -4.5725e-01  7.6261e-01  1.1008e+00  9.6862e-01
 -8.7415e-01 -3.7713e-01  7.5977e-01  7.0419e-01  1.2198e-01  1.5271e-01
  5.6214e-01 -1.4874e-01 -7.6025e-01 -2.8682e-01  4.3689e-01 -3.5832e-01
 -3.7900e-01  3.5494e-01 -3.0160e-01  8.4848e-02  2.2533e-01 -1.7533e-01
 -2.0414e-01  2.5815e-01 -3.9882e-01 -6.4494e-02  7.5103e-02  1.0968e-01
 -3.5343e-02  4.2508e-01 -2.7727e-01  5.2168e-02  7.9850e-01 -1.1254e+00
 -4.4070e-02  8.5835e-02  5.3319e-01 -4.6886e-01  2.5808e-01  2.8960e-01
 -1.2247e-01  3.0939e-02 -1.8403e-02  1.2613e+00 -4.9266e-01  7.7588e-01
  2.1950e-01 -5.6178e-02  6.2623e-01  6.3039e-01 -5.6804e-01  3.3784e-01
  6.1662e-01  1.1981e+00  1.2455e-01 -1.0647e-01 -7.3108e-01  1.9766e-01
 -4.6619e-01  8.3469e-01  7.8426e-01  6.4652e-01 -3.0429e-01 -1.5092e+00
 -1.9750e-01 -5.8904e-02  9.8705e-02  1.4010e-02 -6.6607e-04 -3.2665e-01
  4.1534e-01  4.8945e-01 -2.0113e-01  2.8753e-01  9.4452e-02  9.9992e-01
 -2.1702e-01  6.9865e-01  6.7169e-01  1.2114e-01  6.8762e-01 -9.0836e-01
 -6.4106e-01  2.1961e-02 -6.1280e-01  1.9936e-01]"
purchaser,"[ 0.67386   0.31657   0.57745   0.53567   0.079067 -0.23952   0.19203
 -0.60127   0.91252   0.19789   0.18005   0.23805   0.50496  -0.091678
 -0.15262   0.088818  0.35745   0.79319   0.49338  -0.27456  -0.52455
 -0.72292  -0.45619  -0.33935   0.15872   0.23293   0.041292  0.19522
 -0.43749  -0.50494  -0.031277  0.12249   0.54274  -0.14428   0.67535
  0.72227   0.10246  -0.07765   0.36162  -0.69737   0.31259   0.73815
  0.28266  -0.11913   0.44813  -0.39895  -0.46902  -0.1991   -0.33107
 -0.061673  0.022601  0.60721   0.26502  -0.3527    0.24708   0.64033
 -0.39772  -0.54244   0.86137  -0.28623   0.56292  -0.43968   0.012099
  0.70907   0.69595  -0.45299   0.31925   0.33283  -0.29799  -0.44401
 -0.42649  -0.31252   0.16728   0.26857   0.17467  -0.17386  -0.35746
 -0.62243  -0.81265  -0.22489   0.51907  -0.055541 -0.19166   0.095437
  0.15771  -0.67351  -0.16492  -0.075066  0.06247  -0.53477  -0.48799
 -0.00128   0.55915  -0.34249  -0.49236   0.15226   0.94918  -0.10546
  0.12983  -0.27562 ]"
nen,"[-0.24115  -0.20107  -0.088552 -1.119     0.14462  -0.95034  -0.7859
 -0.99512  -0.6643   -0.30333   0.56811   0.72291  -0.052995 -0.38946
  0.84436  -0.6632    0.25767   0.081656  0.019525  0.65438   0.48725
  0.3617   -0.16453   1.0884    0.31373   0.55023  -1.394     0.44616
 -0.70686  -1.1396    0.19356   0.31779   0.30343  -0.26611  -0.067913
 -0.91406  -0.87657  -0.05894   0.30839   0.7974    0.96556  -0.46595
 -0.58345  -0.22654  -0.14705   0.27178  -0.25569  -0.36048   0.96722
  1.0735   -0.59989   0.34071  -0.070464 -0.44037  -1.582     0.40334
  0.56157   0.12067  -0.3104    0.70022  -1.3135   -0.2142   -0.28967
 -1.1574   -0.67408  -0.12983   0.24295  -0.538    -0.54419  -0.10366
  0.33608   1.2257   -0.16242  -0.85928   0.28568  -0.022934 -0.60238
 -1.0285    0.30889   0.37143  -0.53864   0.18471  -0.64076   0.12524
 -0.95776   0.54339   0.95947   0.49818   0.029828  0.66136   0.70568
 -0.95228   0.22847   0.4264    0.52547   0.99304  -0.21833   0.16965
 -0.53263  -0.56978 ]"
poplar,"[-0.52546   0.36299   0.07421   0.022311  0.15928  -0.52592  -0.38492
  0.098309  0.19994  -0.57005  -0.58885   0.37737   0.21325   0.13734
  0.032812  0.44886   0.44416  -0.47978   0.54842  -0.23143  -0.74317
  0.3063    0.66377  -0.23019   0.62818  -0.28619  -0.31097   0.2245
 -0.088773  0.40418   0.04542   0.12286   0.86192   0.022582 -0.34253
  1.0888   -0.11176   0.13456   1.1377    0.23445  -0.73154  -0.17934
 -0.3091   -0.26425   0.058021  0.18281   0.73211   0.42923  -0.49458
  1.0295   -0.56214  -0.66445  -0.78316   0.15636  -0.73898  -0.099662
 -0.027297 -0.18428  -0.062522 -0.60259  -0.023603  0.40807  -0.41651
  0.34852  -0.46722  -0.62433   0.27525  -0.72845   0.19772  -0.41777
 -0.3717   -0.16561  -0.093654 -1.2429   -0.37125   0.11702   0.82415
  0.56088  -0.21499   0.46972  -0.88567   0.26259  -0.43002   0.47039
  0.34472  -0.095424  0.36363  -0.35024   0.86323   1.1909   -0.83546
 -0.82908  -0.56667   0.52272  -0.75206  -0.2098   -0.053467 -0.60551
  0.37269  -0.39813 ]"
doctrinal,"[ 0.35405   -0.03229   -0.13537   -0.16936   -0.069137   0.58327
 -0.13783   -1.0863     0.38666    0.58281   -0.19811   -0.27895
  0.49553    0.53726    0.29911    0.15805   -0.040081  -0.02724
 -0.47007   -0.43851   -0.42617   -0.20352   -0.73994   -0.086252
 -0.084307  -0.69163   -0.16163    0.61081   -0.38677    0.79091
  0.20164   -1.11      -0.72796    0.45685   -0.62115    0.94219
 -0.35481    0.048743  -0.024921  -0.014143  -0.38256    0.067085
  1.0714    -0.30581   -1.0832    -0.10558    0.28808   -0.2256
 -0.43934    0.46169    1.5106    -0.37143   -1.02       0.30022
  0.39247   -0.62625    0.80024   -0.29302    0.76847    0.083501
  0.238     -0.9175    -0.34538    0.25511    0.20154   -0.96907
 -0.3703    -0.21458    0.79605   -0.31565   -0.43867    0.41039
  0.88771   -0.51906   -0.23225   -1.3157    -0.91757   -0.25264
  0.014855   0.11784   -0.62843   -0.096669   0.64183    1.0814
 -0.36552   -0.5036    -0.40306    0.053116   0.17227    0.0047084
 -0.066592   0.025955  -1.0751     0.2715     0.06882   -0.50347
 -0.14005   -0.79722   -0.12245    1.3816   ]"
waddell,"[-0.13212  -0.31512  -0.49979  -0.55388  -0.68788  -0.31894  -0.31354
 -0.20965  -0.25188  -0.84323   0.35674   0.28382  -0.093775 -0.28189
 -0.20022  -0.49971   0.28388  -0.039526 -0.17013  -0.18404   0.009938
 -0.2519   -0.34248   0.32304   0.022985  0.3863    0.43376  -0.42016
  0.030376 -0.30005  -0.034888  0.98435  -0.015336 -0.54224  -0.38913
 -0.12893  -0.76899   0.84519   0.54281  -0.40435   0.66646  -0.2207
 -0.015596  0.40771  -0.9325    1.0197   -0.024196 -0.11586   0.49242
  0.17882   0.018437 -0.57397   0.40398  -0.58222  -0.25856  -0.23803
 -0.030366 -0.023076 -0.58862   0.43766  -0.4832   -0.58939   0.11475
  0.63316  -0.20814  -0.42449   0.59987   0.33044   0.25578   0.045807
 -0.35045  -0.4999   -1.1872   -0.2219    0.39811   0.053282 -0.37205
  0.34554  -0.71389  -0.22549   0.52937  -0.276    -0.2056   -0.2073
  0.47882   0.72575   0.35009  -0.52352  -0.57773   0.079396 -0.035428
  0.031894 -0.079636  0.025675  0.396     0.28357  -0.30602   0.16865
 -0.55429   0.76623 ]"
thad,"[-0.46223   -0.29072    0.54791   -1.1483    -0.36026   -0.60258
 -0.018044  -0.256     -0.29228    0.30941   -0.077819  -0.046747
 -0.53189   -0.52277   -0.64213   -0.59324   -0.5484    -1.2054
  0.036683   0.37653    0.51091   -0.47095   -0.47868   -1.2121
 -0.2231     0.094853  -1.4967     0.60424    0.92516   -0.94209
  0.14786   -0.89423    0.35231    0.36508   -0.51524   -0.52285
  0.0043332  0.5869     0.63186    0.15271   -0.17453   -0.35782
 -0.48123    0.85116   -0.075706   1.1125    -0.096258  -1.0823
  0.30609   -0.64251    0.45217   -0.26861    0.69285   -0.68572
  0.2189     0.38005   -0.070716  -0.78562   -0.13368    0.83586
 -0.59887    0.24428    0.44505    0.41823    0.16737    0.82806
  0.72158    1.6763    -0.072838   1.071      0.42875   -0.19895
  0.22577    0.16189    0.4754     0.43624   -0.11846    1.1723
  0.59487   -0.57152    0.089361  -0.87359   -0.49455    0.10499
  0.77088    0.82265   -0.36272   -0.20059    0.79904   -1.4912
  0.3978     0.23028   -1.0335     0.41009    1.2187     0.52765
 -0.44008   -0.52696   -0.6353    -0.21012  ]"
bayt,"[-0.3261   -0.28148  -0.17792   0.77699  -0.39451  -0.23069  -0.040473
 -0.64966   0.77304   0.41479  -0.33031   0.33984   0.18645   0.26468
  0.70652  -1.3732    0.20237   0.7482    0.19174  -0.44087   0.4065
  1.1017   -0.38304  -0.33122   0.97053   0.071626 -0.42781  -0.42323
 -0.89625  -0.25624   0.056105 -0.45997   0.0776   -0.23624  -0.17943
 -0.56999   0.93842   0.46869  -1.3074   -0.63715   0.23376   0.67005
 -0.82071   0.088651  0.85359  -0.61019  -0.79387   0.27663   0.33573
 -0.19     -1.4159    0.23287  -0.066466  0.21539  -2.237     0.93036
  0.46774   0.33515  -0.6955   -1.3742    0.13463   1.1367    1.0433
 -0.66721  -0.23122   0.36575  -0.63244   0.054146 -0.4162    0.18204
  0.35944  -0.089402  0.022659 -0.50928  -0.79409  -0.36052   0.21262
  0.01037  -0.099118 -0.22226   0.39943  -0.87057   1.0857   -2.6891
 -0.33989   0.79794   0.51059   1.0273    0.64335   1.6778    1.0306
  0.37356  -0.51333   0.89906  -0.29888  -0.44727   1.1452   -0.52805
 -0.008097  0.18751 ]"
steelworkers,"[ 0.74554    1.2536    -0.16668   -0.21957   -0.18396   -0.54295
 -0.10455    0.51514   -0.33817   -0.42947   -0.59687   -1.185
  0.42857   -0.12994   -0.15495   -0.49762    0.91656    0.060131
  0.19256   -0.44651    0.67662    0.63394    0.22005    0.083803
  0.4152    -0.26774    0.067482   0.47263    0.6061    -0.17434
  0.42888    0.48199    0.206     -0.58499   -0.91954   -0.42007
  0.35035    0.15557    0.82417   -0.22092   -0.40083    0.24001
 -0.29141    0.27629   -0.29643    0.0034499  0.20448    0.098834
 -0.48942    0.24119   -0.44485   -0.0052941 -1.0657     0.49371
 -0.093083   0.87683    0.087322  -0.11078    0.03236   -0.23671
  0.91447   -0.23844    0.24734   -0.25787   -0.30923   -0.81247
 -0.44863    1.1373    -0.13054   -1.1078    -0.070835   0.52522
 -0.9129    -0.43562    0.80518   -0.047976   0.72325   -0.38035
 -0.92421   -0.01859    0.30633   -0.2389    -0.18915    0.18743
 -0.15916   -0.90811   -0.23194    0.65081   -0.033969  -0.64057
  0.19562   -0.14449   -0.63503    0.34687   -0.20078    0.056972
  0.17606    0.70169    0.12081    0.40554  ]"
cheddar,"[-0.17245   0.33338   0.15689   0.096875 -0.60577  -0.26298   1.1564
 -0.10984  -0.42358  -0.25589   0.07134   0.59399  -0.24152   1.7093
  0.78288   1.4469    0.66667  -0.70953  -0.62221   0.90161  -0.20746
  0.43737  -0.36083  -0.28833  -0.61174   0.56001  -0.22943   0.08992
 -0.93553  -0.15317   0.4147    0.30344  -0.66206  -0.75158   0.046266
  0.34369  -0.59057   0.12677   0.68719  -0.52915   0.7981   -0.94977
 -1.0619   -0.28406  -0.12725   0.28176   1.2539   -0.34541  -0.1161
 -0.031997 -0.11731  -0.8195   -0.27629   0.3789   -1.2122   -0.097159
 -0.44409   0.017384 -0.4004   -0.39458   0.67283   0.21915   0.78527
 -0.081076  0.45742  -0.57703   0.50447   0.47033  -0.06427  -0.37341
  0.040598  0.49756   0.74176   0.53684   0.080471  0.11696   0.43565
  0.51406   0.97186  -0.2242    0.46791   0.12326   0.35942   0.2903
  0.77837  -0.63189  -0.66834   0.87802   0.26818   0.22072  -0.14084
  0.45709  -1.5538    0.26008  -1.0001   -0.92575   0.24787  -0.69184
 -0.071121 -0.27573 ]"
loy,"[ 0.12755   -1.0295     0.33719   -0.64568   -0.18359   -1.1045
 -0.16523   -0.35021    0.53626    0.38065    0.17111   -0.013978
 -0.56587   -0.16501    0.56164   -0.67726   -0.30388    0.1529
 -0.72911    0.015556  -0.24656   -0.23166    0.21945    0.074854
  0.037759   0.26572   -0.44475   -0.27665   -0.33897    0.0060792
 -0.024696  -0.30171    0.49504    0.089906   0.36095   -0.36671
  0.27779    1.2506    -0.3468    -0.35503    0.40951   -0.45363
  0.21374    0.94725    0.48939    0.44595   -0.82454   -0.8594
  1.154     -0.063665  -0.6201    -0.6505     0.18165   -0.17866
 -0.29218    0.49706    0.79695   -0.063803  -0.19475    0.33167
 -0.44634    0.42242    0.54058   -0.17431   -0.90937    0.06412
  0.49877    0.4759    -0.64038    0.6537     0.26326    0.11004
  0.30018   -0.66617   -0.23622   -0.24979   -0.66571   -0.14715
  0.16633   -0.56347   -0.058773  -0.59593   -0.096043  -0.91138
  0.61843    0.70546    0.31774   -0.091551  -0.49436   -0.21415
  0.15529    0.075478  -0.4506     0.13139    0.1868    -0.7608
  0.26822   -1.6458    -0.74157   -0.30052  ]"
sulaiman,"[-9.1439e-02 -2.6814e-01 -4.2574e-01 -2.1981e-01 -9.0904e-04 -5.6465e-01
 -1.8979e-01  2.0508e-01 -6.8497e-01  3.4313e-01  5.1744e-01  5.8429e-01
  3.2083e-01 -4.5458e-01  1.2497e+00  4.5997e-02 -7.2925e-01 -5.0079e-01
 -2.4742e-01  2.6282e-01 -7.2250e-01  6.2025e-02  1.4276e-01  4.6759e-01
 -1.1513e+00  6.3461e-01  3.3527e-01 -5.0268e-01 -3.1116e-02  5.3293e-01
 -2.1903e-02 -5.1796e-01  6.7609e-02  5.8375e-01  1.9128e-01  4.5640e-01
 -3.9821e-01  4.6178e-01  4.1564e-01  2.7929e-01  2.5989e-01  2.9201e-01
  5.4583e-01 -3.5687e-01 -3.1807e-01 -1.1188e-01  7.8937e-01  7.8038e-01
 -2.6815e-01  5.9905e-01 -5.8847e-01  4.7763e-01  5.9450e-01  9.9880e-02
 -1.6756e-01  6.2370e-01 -4.5185e-01  5.8457e-01 -4.4108e-02 -9.9641e-02
  4.9769e-01 -2.6425e-01  3.8169e-01 -3.0542e-01 -2.9313e-02 -6.9201e-01
  3.6031e-01  2.5550e-01 -2.7832e-01  5.1757e-01  6.6524e-01 -7.2045e-01
  3.3508e-01 -1.1538e+00 -3.2916e-01 -4.7752e-01 -8.8003e-01 -9.5544e-02
 -9.8474e-01  5.6018e-01  2.7191e-01 -9.7773e-01 -9.0286e-03 -6.0208e-01
  7.2430e-02 -9.8360e-02 -1.5480e-01 -3.2606e-01  2.4334e-01  2.8502e-01
  4.5773e-01 -1.4858e-01  4.9255e-01  5.5715e-01 -3.7032e-01  4.9079e-01
 -5.6561e-01 -3.0688e-01 -3.3414e-02 -7.3026e-01]"
ningbo,"[ 0.15881    0.043864   0.47753   -0.38914    0.18604   -0.052547
 -0.78533    0.35007    0.37335    0.81106   -0.68513   -0.22566
  0.61322    0.18967   -0.13994   -0.36039    0.2038    -0.90478
  0.56362   -0.12698    0.17788   -0.0083379 -0.095123   0.53944
  0.33564   -0.29103    0.0175     0.04764   -0.33807    0.019025
 -1.0024     0.4312     1.5006     0.0072138 -0.33558   -0.25138
 -0.25396    0.10186   -0.65591    0.25886    0.26598   -0.52388
 -0.36867   -0.76099   -0.12614    0.5921     0.81302    0.25724
  0.62942    0.25978   -0.51905    0.12691    0.61928   -0.28102
 -1.0131     0.8734    -0.57675    0.24245    0.027009  -0.2271
 -0.79064    0.14435   -0.59907    0.43548   -0.57904    0.15986
 -1.2412     0.57436   -0.15788   -0.14029   -0.39706   -0.79784
  0.51429   -0.098633  -0.33594    0.24666    0.14585    0.26756
 -0.44084   -0.26906    0.85454    0.63541   -0.97592    1.5778
  0.26402    0.69718   -0.47362   -0.69823    0.52546    0.0017341
  0.78316   -0.018003   0.091448  -0.4229     0.26567    1.023
 -0.66939   -0.15654    0.67439   -0.092332 ]"
narita,"[ 0.18959   -0.57202    0.55731    0.45269   -0.38647   -0.047091
 -0.36777    0.25226    0.23338    0.62696    0.23667    0.43475
  0.47777    0.60634    0.82775   -0.77518    0.46253    0.36401
 -0.48107   -0.65854    0.97904    0.19624   -0.39231   -0.16845
  0.67255    0.75261   -0.0054192 -0.1715     0.66909    0.61596
 -0.78954    0.15573   -0.35681    1.6422    -0.097421   0.68341
  0.972      0.34553   -0.13123   -0.84908    0.41012    0.012641
  0.11995    0.71761    0.080882   0.40546    1.2133     0.16819
  0.025101   1.0185     0.39971    0.12966   -0.43391    0.4906
 -0.5409     0.22504   -0.17582    0.56812    0.40125   -0.23902
 -0.36331    0.32097    0.0071197  0.50662   -0.99529   -0.52859
 -0.79308    0.023493   0.071966   0.40684   -2.0373    -0.61202
  0.0077147 -0.10624   -0.29615   -0.23458    0.36886   -0.35065
 -0.39533    0.15369    0.19024    0.30985    0.37974    0.1875
 -0.11689   -0.01357   -0.54842    0.79791    0.093391   0.43876
  0.88334    0.61287    0.12751   -0.60936    0.43132    0.83843
  0.51492    0.59126    0.78861    0.22339  ]"
guesthouse,"[-0.11318   -0.095333   0.71953    0.72665   -0.11825    1.0964
  0.52355    1.0349     0.41346    0.26316    0.16923   -0.12193
  0.83964    0.59795   -0.48539    0.3061    -0.23776   -0.45116
 -0.38759   -0.51715    0.38605    0.28922    0.10988   -0.25967
 -0.51004   -0.32734   -0.13626    0.27272   -0.72883   -0.14292
 -0.1985    -0.4514     0.36537    0.83929    0.044892   0.86314
 -0.39309    0.075552   0.15498   -0.50608   -0.15283    0.18558
 -0.0064889  0.85516    0.4746    -0.47221   -0.74356    0.3205
  0.023034  -0.2152    -0.9413    -0.66402    0.10783    0.17937
 -0.16609   -0.37317   -0.32168   -0.4153    -0.18431   -0.16548
 -0.98007   -0.51354    0.30085    0.62524   -0.56162   -0.18949
  0.19762    0.028368  -0.50589    0.41144   -0.59067   -0.87823
  0.27315   -0.49167   -0.093672   0.10568    0.45143   -0.20159
 -0.15884    0.55979   -0.32497   -0.0068429  0.30293   -0.091798
  0.69017    0.54537    0.42353    0.025832  -0.25633   -0.38472
  0.7121    -0.010602   0.58814    0.29655    0.0093113  0.19457
  0.062739  -0.20625    0.90633   -0.015526 ]"
headingley,"[-2.6728e-01  7.2960e-01  9.6653e-01 -8.8042e-02 -1.3243e+00  1.6310e-01
 -2.2509e-02  6.6168e-01 -1.3152e+00  6.4741e-01 -3.0995e-02 -8.5133e-01
  3.4955e-04  4.2963e-01  3.4942e-01 -1.9240e-01  2.6093e-01  3.7296e-01
 -2.1053e-01 -1.1885e-01  9.2130e-01 -5.6215e-01  4.3462e-01 -5.3088e-01
  1.1516e+00 -1.1396e-01  2.8654e-01  9.2143e-01 -3.5291e-01  7.2955e-01
 -5.4152e-01 -4.8397e-01  2.8882e-01 -1.8650e-02 -4.4911e-01  1.5870e-01
 -9.1850e-01  1.6126e-01 -9.3074e-01 -2.2600e-01 -2.0529e-01  2.2058e-01
  2.8922e-01 -3.5273e-01 -9.4901e-03  4.2224e-02  1.4923e+00  1.3255e-01
  2.5436e-01  8.7768e-02  7.5793e-04 -6.4521e-01  3.7500e-01  6.7689e-01
 -9.4580e-01 -6.3458e-01 -1.2041e+00  8.9251e-02 -9.2172e-01 -7.0831e-01
 -1.0334e+00  1.9953e-02 -8.4634e-02  1.5551e-01 -6.1142e-01  6.1692e-01
 -3.8250e-01 -2.0376e-01 -5.3836e-01 -8.0932e-01 -3.2472e-01  3.9902e-01
  3.0124e-02 -9.3864e-01 -7.6205e-02  8.5557e-02  3.6580e-01 -1.8807e-01
 -1.3559e-01  1.7265e-01  4.0910e-01  6.2983e-01 -3.9191e-01  3.5168e-02
 -2.1065e-01  3.1482e-01  1.3735e-02  2.0903e-01 -2.6727e-01  1.2567e+00
 -5.9325e-01 -3.4489e-01  2.5287e-01  6.0178e-01  6.3045e-01  6.7178e-01
  1.0746e+00  6.3226e-01  1.9476e-01  4.0186e-01]"
buren,"[ 0.16359  -0.79904   0.014312  0.22675   0.58307   0.18718   0.45744
  0.50432   0.81872  -0.71604  -0.44258  -0.24359  -0.61836  -0.13719
  0.44385  -0.031611  1.1582   -0.18428   0.07749  -0.38673   0.82075
  0.13296   0.20179   0.35524  -0.55632  -0.34269  -0.23622  -0.20318
  0.21098   0.059932  0.30547   0.30263   0.62277   0.34687  -0.35926
  0.00793   0.79104   0.24177   0.15112   0.10262  -0.081462 -0.42194
  0.090047  0.06046  -0.72839  -0.29741   0.13081  -0.46006  -0.22836
  0.29514  -0.22373  -0.78646  -0.80638  -0.39994  -0.28602  -0.10097
  0.45092  -0.29184  -0.59941  -0.62654   0.43328   0.11782   0.61221
  1.1186    0.019026 -0.51021   0.13759   0.28295  -0.60627  -0.042944
 -0.38337   0.56128   0.043281 -0.46938   0.21439  -0.3522    0.64772
  0.74805   0.094291 -0.40378  -0.19786   0.70582  -0.3469   -0.42475
  0.091837 -0.070703 -0.68748  -0.22746   0.33875  -0.65803  -0.31964
 -0.19689   0.1314    0.646    -0.49949  -0.32691   0.1435    0.1637
 -0.78856  -0.21813 ]"
(817),"[-0.75163   0.75245   0.37753   0.50743  -0.29735   0.25795  -0.57686
 -0.23728   1.2089    0.42123  -0.048126  0.39426  -0.26315   0.56797
 -0.076076 -1.6102    1.1139   -0.21263   0.050456  1.2735   -0.39771
  0.4555   -1.8426    0.50576   0.93906   0.89157   0.77831   0.27533
  1.5707   -0.39571  -0.29483  -0.26295   0.1523    0.090924  0.099513
  0.32955  -0.57917  -0.82486  -0.44242   0.017391  0.79449   0.22803
 -0.040121 -2.287    -0.23007   1.5918   -1.4878   -0.061595  0.52649
 -0.060505  0.44069  -0.062401  1.8261   -1.1252   -0.25046   0.3207
 -0.29493   0.93637   0.073848  1.04     -0.48621   0.10663   0.54832
 -1.3094   -0.87095  -0.84785   1.346    -0.74031   0.057308  1.336
 -2.0723    0.5059    0.42083  -1.2605   -0.1096   -1.1704    0.22078
  0.053498 -0.83673  -0.63729   0.30499   0.55699   0.078339 -0.72843
  0.28008   0.069405  0.63476  -0.25342   0.50795  -0.84307  -0.86031
  2.2386    2.1598   -0.093877  0.57683  -0.53596   1.5931   -1.0136
 -0.35169  -1.6937  ]"
heerenveen,"[-0.18119   -0.0078406 -0.35039    0.27024   -0.26801    1.0843
  0.54587   -0.3698    -0.049846  -1.2968     0.86171    0.0078552
 -1.2059    -0.21172   -0.075361   0.71524    0.43488    0.05733
  0.75409   -0.10236    0.41646   -0.55241    0.19393    1.3084
  0.033248   0.0032446 -0.73869    0.34531   -0.2546    -0.2725
 -1.4539    -0.26821   -0.51614    0.67832   -0.17191   -0.026031
  0.18873    1.1959    -0.81193   -0.89033    0.49018   -1.2467
  0.085245  -0.28716   -0.32207    0.31231    0.8268    -0.27193
 -0.11893    0.30948    0.76099   -0.65709   -1.0772     0.70641
 -0.26376    0.58049   -0.61224   -0.038067  -0.68767   -0.25121
  1.0555     0.059128  -0.57652    0.17635   -0.51236    0.82743
 -0.76311    0.59275   -0.60596   -0.010458  -0.27425   -0.86846
  0.64609   -0.2564    -0.18747   -0.19622   -0.64368   -0.29405
 -0.046491  -0.32739   -0.093462  -0.25075   -0.25727    0.62845
  0.5447    -0.04931   -0.18597    0.50453    0.60159    0.37059
 -0.55273   -0.34791    0.33669    0.88092    0.10068   -0.27024
 -0.64091    0.49543    1.057     -0.82546  ]"
aj,"[ 3.6777e-02 -5.0640e-01 -8.9342e-02  2.3488e-01 -9.4578e-01 -2.2150e-02
  4.5647e-01 -1.2596e-02  1.5759e-01  5.8358e-01  5.9322e-01 -1.3505e-01
  3.9424e-01  3.6952e-01  1.3231e-01  2.3009e-01  9.2973e-02 -2.7595e-01
 -3.2991e-01  8.0793e-01  6.7368e-01 -6.8312e-01 -1.1684e-02  2.4805e-01
  9.9163e-01  6.4278e-01  5.8242e-01 -3.7443e-01 -3.9411e-02 -1.0402e-01
 -5.2012e-01  4.1345e-01 -7.6077e-01  5.7799e-01 -1.6639e-01  1.3263e-01
 -3.0114e-02  7.3657e-01 -8.7856e-01  2.1575e-01  7.2352e-01 -3.7418e-01
 -2.6891e-01  2.0103e-01 -6.3377e-01  2.4359e-01 -4.5797e-01  2.3728e-02
  4.8818e-01  3.6465e-01 -9.8029e-03  6.4734e-01 -4.1684e-01 -2.1897e-01
 -6.2093e-01 -2.3190e-01 -2.5302e-01  4.0056e-01 -1.2124e+00 -6.7107e-02
  4.7204e-01 -5.8437e-01 -1.3060e-01  6.9087e-01 -2.0131e-01  6.8905e-01
  4.8134e-02  4.7040e-01 -2.9447e-01 -1.9116e-01 -6.0860e-01  7.0567e-02
 -7.1460e-01 -3.7804e-01  1.4398e-01 -4.3651e-01  5.0129e-04  9.4775e-02
  1.3104e-01 -1.2256e+00 -5.0768e-01  2.4816e-01 -2.0555e-01  3.9758e-03
  2.9613e-01 -1.2678e-01 -5.9436e-01  2.9634e-01 -1.9944e-01 -5.9988e-02
 -1.3555e-01  1.6910e-01 -2.4312e-01  3.3542e-01  2.4804e-01 -3.6302e-02
 -2.8341e-01 -6.4074e-02  2.4973e-01 -3.7716e-01]"
wiretap,"[ 0.57659   -0.99123    0.77249    0.13597    0.04234    0.43842
 -0.054139  -0.26113    0.62208    0.074892   0.065669   0.36988
 -1.2649    -0.036329   0.24103    0.40004    0.54847    0.67645
  0.73074   -0.0063995 -1.2009    -0.079023   0.82073   -0.59091
  0.27238   -0.36918    0.11944   -0.20565   -0.77565    0.12306
  0.66896   -0.43914    0.30771    0.65816   -0.32249    0.13748
 -0.4847    -1.0164     0.89658    0.30291   -0.11661   -0.17299
  0.099395   0.39136    0.51164   -1.0349    -0.074411  -0.99601
  0.3541    -0.04614    0.25389    0.78037    0.85233    0.20896
  0.10237    0.64724   -0.032743  -0.16074    0.64103    0.30607
 -0.42136    0.095037   0.35767   -0.5195     0.19545    0.33088
  0.08483    0.46806    0.28432    0.57129   -0.024255  -0.62788
  0.26525   -0.27083   -0.76019    0.16035   -0.80293   -0.27906
 -0.29768    0.088528   1.1769    -0.6526     0.72969    0.088011
 -0.85371    0.6035     0.9699     0.51057    0.048664   0.23542
 -0.26442   -0.064966  -0.13131   -1.1936     0.99303   -0.10611
 -0.15118   -0.12321   -0.53956   -0.067044 ]"
spacing,"[ 0.18373   0.40839  -0.25075   0.26718  -0.35796   0.07688  -0.46898
 -0.037469 -0.63195   0.55009  -0.18304   0.2125    0.18058   0.076912
  0.92234  -0.16923  -0.81248  -0.51635  -0.12428  -0.06324  -1.0026
 -0.28269  -0.21239   0.030921  1.2838   -0.76666   0.23004   0.016084
 -0.49716  -0.23525   0.44242   0.16446   0.68281  -0.32304  -0.11686
 -0.50371   0.17011  -0.34773   0.3137    0.18147   0.56779  -0.28614
 -0.42245   0.088555 -0.88263  -0.57835  -0.28825  -0.44005  -0.023329
  0.75991   0.24444   0.31794  -0.80525   1.3367   -0.43513   0.11213
  0.060406 -0.35071  -0.17296   0.27065   0.24983   0.13187  -0.50942
  0.31747   1.0193   -0.30607  -0.36177  -0.17022   0.035192 -0.37018
 -0.50501  -0.56868   1.1901   -0.060833  1.0065    0.01014   0.62318
 -0.97362   0.30037  -0.22467  -0.83326  -0.72342  -0.88514   0.24244
 -0.74603   0.083852  0.69315  -0.56805  -0.041201  0.27714  -0.66457
  0.86787  -0.24914  -0.46662   0.31247  -0.024523  0.12065   0.3501
  0.42862   0.31218 ]"
brodie,"[-0.82617   -0.95458    0.23062   -0.10687   -0.52564   -0.075528
 -0.088755  -0.012384   0.14837   -0.65982   -0.15515    0.42644
 -0.45816    0.30519    0.088143   0.047904   0.49018    0.38268
 -0.42342    0.20281   -0.79457   -0.43587    0.32333    0.48977
  0.70861   -0.17264   -0.031171  -0.048087  -0.27625    0.34794
 -0.10574   -0.098352   0.088421  -0.27817   -0.13473    0.018023
 -0.21363    1.2733    -0.019081  -0.20716   -0.3815     0.65861
  0.19889    0.16375   -0.777      0.62072    0.13654   -0.018303
  0.50109    0.0019155 -0.12464    0.013241  -0.018423  -0.20975
  0.079146  -0.5551     0.59869    0.35763   -0.15951   -0.15699
  0.31186    0.033341  -0.0022164  0.60798   -0.20913   -0.39541
  1.0297    -0.56252   -0.36482    0.20625   -0.37328   -0.10048
 -0.65876    0.41001   -0.59966   -0.29756    0.22058    0.57052
 -0.10509   -0.098014   0.50211    0.077238   0.32407   -0.80105
  0.68232   -0.33358    0.41026   -0.15311    0.37641    0.54019
 -0.18677   -0.41083   -0.013016   0.15679   -0.37459    0.33106
 -0.033869  -0.25022   -1.1208    -0.19412  ]"
reiter,"[-0.085847  -0.45365   -0.2586    -0.3182    -0.10951   -0.3531
  0.57873   -0.56563    0.38308   -0.30654   -0.27797    0.26478
 -0.28198    0.26354    0.10232   -0.73345   -0.26713    0.76636
 -0.3722    -0.67551   -0.13044    0.77854   -0.58183    0.9118
 -0.19227    0.079124  -0.53917    0.56632    0.24258   -0.55768
 -0.66748    0.26506   -0.4914     0.12883    0.24067    0.40882
  0.57024    0.79289    0.19495    0.2472    -0.24869   -0.24364
 -0.46069    0.80857   -0.28353    0.5396    -0.20763   -0.59319
  0.47607    1.1082    -0.16861   -0.47002   -0.35261    0.063022
 -1.0932    -0.29065    0.85091    0.86854   -0.45921    0.66418
  0.73333    0.49268    0.82979    0.75149   -0.0054987  0.60593
 -0.41904    0.55496   -0.49786   -0.43826   -0.18338    0.24253
  0.058918   0.23906    0.43325    0.0011972  0.38939   -0.60705
 -0.44638   -0.71817    0.25034    0.24873   -0.36811   -0.23215
 -0.13343    0.31975    0.13698    0.89292   -0.26594   -0.49774
  1.0657     0.0059928  0.82972    0.2192     1.0111    -0.10068
  0.12857   -0.14439   -0.92679   -0.11166  ]"
anja,"[-1.1166e-01  3.9228e-01  1.1119e-01  1.5743e-02 -1.2675e-02 -6.7205e-01
  3.8639e-01  1.0764e-01 -2.7555e-01  1.1063e-01  4.1991e-01  6.1869e-01
 -2.5642e-01 -1.6682e-02 -6.4200e-01 -1.0769e-01 -2.2623e-01 -2.4580e-01
 -1.1898e+00  6.6267e-01 -5.2590e-01  2.2532e-01  5.9410e-01  1.8124e+00
  1.1146e+00  1.6682e-02  6.9453e-01  2.8358e-01  3.4996e-01 -1.1470e+00
 -1.6934e-01 -4.1269e-01 -1.3531e-01 -3.2678e-01  1.1575e-01 -9.0795e-01
  4.4345e-01  1.4363e+00  4.6233e-01 -2.7668e-01  3.0135e-01  5.5812e-01
  8.5306e-01  3.9761e-01 -1.2511e+00  4.7447e-01  3.9427e-01  3.8064e-01
  3.3321e-01  5.5527e-01 -2.5578e-01 -2.4752e-01 -3.8562e-02  3.9022e-01
  4.3947e-02 -1.0506e-01 -3.7411e-01  9.6830e-01 -6.8793e-01 -3.3815e-01
  2.4896e-01 -9.6247e-01 -7.5049e-02  7.9801e-01 -5.9148e-01  7.9969e-01
  1.2129e-02  4.9394e-01  5.9324e-01  7.9238e-02  8.4614e-02 -4.2559e-02
  1.3658e-01  8.4323e-01  3.8640e-01  5.2353e-01 -1.8348e-01 -1.0996e+00
  6.2028e-01 -5.6032e-01 -3.8123e-01 -6.4198e-01 -7.6430e-01  1.5947e+00
  4.3142e-02 -1.0288e+00 -3.0763e-01  1.2614e-03 -3.4551e-01 -1.8391e-01
 -1.8419e-01  7.2746e-01  6.7070e-01  3.5643e-01  2.2689e-01 -9.0012e-01
  1.3261e-01 -1.4297e-01  2.1423e-01  3.7544e-01]"
sewell,"[-0.60087   -0.53046   -0.36388   -0.39197   -0.44862   -0.42742
 -0.89604   -0.16152    0.18541   -0.3833    -0.1011     0.090379
 -0.22923    0.13787    0.032028   0.22653    0.074608   0.079583
 -0.069989   0.25152    0.27914   -0.61444    0.45761    0.44971
  0.69779    0.15476   -0.0057865 -0.15492    0.082648   0.55087
 -0.12845    0.397      0.71288    0.49544   -0.45222   -0.32815
 -0.17854    0.34141    0.1448    -0.48304   -0.019068  -0.22121
 -0.42876    0.051753  -0.058805   0.003149   0.13759   -0.49331
  0.77802    0.26718    0.25059   -0.27922    0.33688   -0.42676
 -0.11388    0.1598     0.15499   -0.040868  -0.46771   -0.07363
 -0.14108    0.19952    0.088338   1.0201    -0.51387   -0.22078
  0.67814    0.41277   -0.56088    0.6343    -0.4552     0.24124
 -0.36998   -0.059369   0.20114   -0.22171   -0.47432    0.27491
 -0.38756   -0.075655  -0.30326   -0.17039    0.051887  -0.47407
  0.30876    0.12309   -0.13046   -0.38359   -0.014347  -0.35132
 -0.041074  -0.35882   -0.0084766 -0.059972   0.1054     0.26816
  0.19283   -0.31236   -0.45197    0.11984  ]"
piccadilly,"[ 1.2161    -0.15558   -0.15977   -0.19813    0.69165    0.80016
  0.19743    0.3068    -0.22051    0.05985   -0.081765   0.31748
  0.40059    0.31699   -0.15934   -0.30491    0.29139    0.05337
  0.1552    -0.69699    0.78631   -0.080945   0.36525   -1.4393
 -0.0078272  0.69326    0.064081   0.62582   -0.27336    0.6675
 -0.45725    0.27138    0.44082   -0.20962   -0.09335    1.1929
 -0.086884  -0.4218    -0.29511   -0.25669    0.88639   -0.030406
 -0.46952   -0.073063   0.48901    0.504      0.18236   -0.397
  1.386      0.94208    0.58175    0.13492    0.26456    0.14155
 -0.64697   -1.2168     0.11865   -0.16563   -0.70126   -0.58725
 -0.42151   -0.18346   -0.34219    0.2547    -0.26124    0.091555
 -0.23414   -0.11082    0.23189   -0.069747  -1.1198    -0.57772
  0.88191   -0.75656   -0.0085893 -0.85611    2.0081     0.37398
  0.38761   -0.025193  -0.28333    0.15397    0.41436    0.74607
 -0.48905    0.3184    -0.24716    0.25565    0.37835    0.79099
  0.3632     0.57397   -0.15148    0.25372   -0.64958   -0.65524
  0.65597    0.24473    0.20606   -0.1774   ]"
zionists,"[ 0.27837    0.18857   -0.12033   -0.60275   -0.18029    0.35238
  0.050476  -0.57478    0.19511    0.044996   0.06761   -0.95245
  0.17944    0.07436    0.57042    0.013059  -0.30137    0.478
 -1.1413    -0.049766   0.63235    0.11508   -0.094605  -0.72149
  0.14593   -0.33135    0.57831   -0.049738   0.57506   -0.46997
  0.61869    0.092195  -0.25733    0.3008    -0.28662   -0.080786
 -0.058179   0.21444    0.34039   -0.38068   -0.52091    0.28537
 -0.087403   0.24238    0.023392  -1.1135     0.74222    0.49526
 -0.48465   -0.11579   -0.057751   0.87914   -0.065527   0.53304
 -0.469      0.84205    0.76182    0.45736    0.13691   -0.13503
  0.64319   -0.15629   -0.099391  -0.025879   0.8756     0.28218
 -0.1853     0.52899   -0.13169   -0.79087    0.246     -0.66766
 -0.43543   -0.55186   -0.52158   -0.21797   -0.30009    0.24861
 -0.3553    -0.14592    0.25941    0.5787    -0.58793    1.1513
 -0.1868     0.0096286 -0.74381    0.21693   -0.21647   -0.17922
 -0.57867   -0.29421    0.252      0.021585  -0.43428   -0.63338
  0.54917   -0.10509   -0.1168     0.48013  ]"
361,"[ 0.65721    0.74503    0.53394    0.10341   -0.1107     0.35372
  0.16945    0.0051482 -0.31204    0.01881    0.88483    0.23788
  0.25259    0.15934    0.51542   -0.2897     0.15558   -0.086229
 -0.13336    0.83914    1.0005     0.14793    0.25611    0.33916
 -0.024964  -0.33277    0.73756    0.40698    0.02766   -0.17104
 -0.051708   0.2343     0.19898    0.17596   -0.60507    0.55303
 -0.39023   -0.35608   -0.11643    0.59851    0.11515   -0.57943
  0.067815   0.1189     0.42349    0.11724    0.16016   -0.39403
 -0.18579    0.72854   -0.45113   -0.22657    0.35366    0.25289
 -1.0293     0.47711    0.76051   -0.50536   -0.1549     0.20364
 -0.4891    -0.415      0.20567    0.61678   -0.89468    0.18392
  0.077755  -0.27879    0.25964   -0.42202   -0.13403   -0.026884
  0.035969  -0.0091179 -0.028406   0.45216   -0.25349    0.51869
 -0.16102   -0.27799    0.30624    0.12297    0.17036    0.63256
  0.046023   0.12154    0.58078   -0.80981   -0.25926    0.069086
  0.053822   1.0499    -0.30806   -0.29766   -0.19683    0.23113
  0.0023231 -0.23125   -0.14582   -0.48181  ]"
etc,"[-0.057466   0.16208    0.31234   -0.61483    0.088095   0.22547
 -0.1363     0.42356    0.65398    0.32172    0.66881   -0.063152
 -0.098344   0.4699    -0.24879   -0.12819    0.14023    0.33056
 -0.10392    0.20402   -0.48041   -0.19281    0.48405    0.12153
  0.052436   0.050738   0.14426    0.65984   -0.21844    0.064445
 -0.37044    0.39439    0.21037    0.04186   -0.11572    0.2044
 -0.060139   0.35607    0.37753   -0.74074    0.62902    0.36961
 -0.62203   -0.26502   -0.028048  -0.6447    -0.043584   0.31414
 -0.034362  -0.01164    0.075027   0.63302   -0.33237    0.46456
 -0.42657    0.58019    0.48289    0.51595   -0.064035   0.2704
 -0.36988   -0.26291   -0.38188    0.30193    0.18132    0.052543
 -0.34267   -0.41355    0.71246   -0.13615   -0.060108  -0.091906
  0.16818   -0.13457    0.037577  -0.63841    0.23671    0.0055293
 -0.48336   -0.60322    0.3498    -0.37568    0.4754     0.23081
 -0.4344     0.35885   -0.22258   -0.27207   -0.024574   0.69847
  0.011706  -0.062367  -0.063643  -0.14946    0.10392   -0.08943
  0.38257   -0.46755    0.038745   0.096675 ]"
hues,"[-0.18238    0.68753   -0.62394   -0.69691    0.78621    0.28338
  0.028484  -0.44511   -0.93335    0.043823  -0.43111   -0.29229
  0.080563  -0.0323     0.81208    0.014223  -0.19047   -0.27775
  0.75143   -0.1269    -0.62385   -0.44924    0.56996   -0.28719
 -0.10002    0.78707    0.75811    0.36089   -0.30355   -1.1384
  0.58281   -0.28769   -0.65117   -0.55809   -0.17472    0.17696
 -0.045835   0.28142    0.11078   -0.78584    0.42052   -0.72451
 -0.98003    0.25388   -0.82485    0.83032    0.18594    0.70408
  0.42084    0.011977  -0.11946   -0.45506    0.16809    0.57084
  0.15497   -0.24193    0.65606    0.43758   -0.26123   -0.27347
 -0.36505    0.77221   -0.72753    0.23582    0.021257  -0.23741
  0.26133   -0.58838   -0.39577   -0.63665   -0.052454   0.016523
 -0.46695   -0.5334    -0.0048513 -0.019531  -0.050912  -0.44146
  0.32426    0.10611   -0.075426  -0.47277   -0.022661   0.29964
  0.043343   0.24757   -0.28042   -0.12524    0.063798   0.2472
 -0.073633  -0.61254   -0.60897    0.25459   -0.76979    0.34437
 -1.439     -0.10672   -0.61374    0.083953 ]"
tac,"[-0.56554   0.020514  0.17659  -0.88917  -0.84854   0.039878  0.47212
 -0.11155  -0.45487  -0.19489   1.0979   -0.29877   0.042597 -0.051226
  0.11567  -0.088568  0.28355  -0.59873   0.50439  -1.741     0.29327
  0.20511  -0.23722   0.33963  -0.17348   0.51771   0.21088   0.072896
  0.52251  -0.70132  -0.32834   0.65423   0.59052  -0.14317   0.43319
  0.69148  -0.11902   0.87248  -0.10502  -0.11712  -0.30883   0.25215
 -0.079693 -0.10213   0.24482   0.93326   0.033086 -0.31297  -0.1036
  0.54443  -0.70259   0.58664  -0.16154   0.14724  -0.7351   -0.077737
  0.56087  -0.62891  -0.10741  -0.28178   0.01769   0.053726 -0.14414
  0.27628  -0.7624   -0.30209  -0.3984    0.32225   0.93521   0.38289
  0.32502  -1.0035   -0.25187  -0.37192  -0.27479  -0.074288 -0.49856
  0.48565  -0.019403  1.1271   -0.091611 -0.74188   0.69832   0.54657
 -0.76347   0.68383   0.2755   -0.060262  0.445     0.96107  -0.49017
 -0.059698 -0.45932   0.065792  1.3889    0.26954   0.006897 -0.088773
  0.21054   0.02858 ]"
divorces,"[ 0.50651  -0.25196   0.20287   0.45381  -0.018424  0.58962  -0.62589
  0.41505   0.42177   0.17564   0.29175   0.5504    0.51763   1.1943
  0.25038  -0.73206  -0.68747   0.17692   0.048742  1.0051    0.57814
 -0.10223   0.35963   0.77924   0.55646  -0.44646   0.1346   -0.78155
  0.087343 -0.89158   0.46073  -0.0351    0.69817  -0.026436  0.12709
  0.15902  -0.35947   0.081418 -0.63738   0.010065 -0.21458   0.34415
 -0.58574  -0.89088  -1.0552   -0.26367   0.10884  -0.3905    0.44547
 -0.29813   0.073348 -0.69383   0.1166    0.14371   0.3267    0.73366
  0.44727   0.09226   0.13454   0.27241  -0.27204  -0.035097  0.64267
 -0.11527   0.40378   0.21236   0.18772  -0.45739   0.47427  -0.4934
 -0.63228   0.3866    0.32127   0.32793   0.012231 -0.29574  -0.27152
 -0.69406  -0.12656   0.12126   0.39239   0.23642   1.4672    0.72865
 -0.56608  -0.54087  -0.024676 -0.6641   -0.4768   -1.3567   -0.14648
  0.19595  -0.41921  -0.67057  -0.26222   0.2652    0.080046  0.43958
 -0.7049   -0.50037 ]"
nuance,"[ 0.087441   0.31949    0.49714    0.21994    0.081665   0.29033
 -0.060546  -0.9001     0.44796    0.34263    0.22157    0.18387
 -0.29094   -0.3524     0.3257     0.027056  -0.3243     0.16976
  0.64728    0.069115  -0.58432   -0.47304    0.10292   -0.61306
  0.060089   0.24603    0.3374     0.26162   -0.25254   -1.154
 -0.081912  -0.0032386 -0.19098   -0.19644   -0.39038    0.089163
 -0.13429    0.88207    0.046161  -0.19281    0.27772   -0.39373
 -0.18447    0.22796   -1.2796     0.61514    0.54956   -0.023339
  0.38439   -0.19646    0.18371    0.23215    0.14916    0.62545
  0.16886   -0.15224    0.39321   -0.41357   -0.03944   -0.34155
  0.27276    0.46938   -0.56365   -0.2152    -0.18038   -0.36275
  0.5343    -0.10877    0.28932    0.35191   -0.42124   -0.22239
  0.37469   -0.20104    0.3922     0.27533   -0.18635   -0.59975
  0.074372   0.17861   -0.52648   -0.91553    0.23191    0.71215
 -0.70052    0.37622    0.42078    0.46372    0.22606   -0.57742
  0.060048   0.15616   -0.47126   -0.12629    0.16122    0.30125
  0.0051129 -0.86367   -0.14799    1.0456   ]"
detonators,"[ 0.2148    -0.34084   -0.038894  -0.63864    0.59415    0.23805
  0.76988    0.47945    0.21608    1.4925     0.63716    0.72812
 -0.71331    1.6167     0.13425    0.33532   -0.10263    0.029103
 -0.15456   -0.49957    0.76047   -0.31448    0.25463   -0.15516
 -0.25297   -0.84625    0.0098661  0.68183   -0.49244    0.42152
 -0.22382   -0.55904   -0.93074    0.075076   0.32443   -0.98729
  0.61597   -0.052474   0.52531   -0.1515     0.29722   -0.21699
  0.72356   -0.61757   -0.73204   -0.31245    0.67866   -0.091763
 -0.43853   -0.26722   -0.40674    0.92116    0.14126   -0.027847
  0.0088042  0.47015   -0.7995    -0.4015     0.073226   0.51511
  0.51558    0.70672    0.55105    1.178     -0.68326    0.0060341
  0.70566    0.02299    0.26903   -0.77844   -0.5497     0.31772
  1.9152     0.048232  -0.42991    0.31435    0.95562    0.21336
 -0.0085419  0.19833    1.2112    -0.47414   -0.44637   -0.6327
 -0.87579    0.38627    1.1509     0.56961   -0.67165    0.45415
 -0.035668   0.41075    0.31249   -0.31386   -0.31549   -0.26411
 -0.21626   -0.51672    0.23872   -0.23766  ]"
woosnam,"[-0.26766   -0.12771    0.67605   -0.52222   -0.31731   -0.035429
  0.37633    0.45919   -1.1623    -0.14733    0.61735    0.7414
 -0.2084     0.70809    0.80264    0.37635   -0.55034    0.61886
 -0.80888    0.24748   -0.27164    0.71715    0.39223    0.29258
  0.59963   -0.33231   -0.031438  -1.0761    -0.033598  -0.28766
 -0.31427    0.24756   -1.0823    -0.4291     1.0078     0.17512
 -0.15697    0.67344   -0.38641    0.44341   -0.52128    0.15588
  0.75234    0.43611   -0.32796    0.88206    0.16367    0.25835
 -0.85266   -0.29712    0.29623    0.33893   -0.070729   0.014126
 -0.19169   -0.73176   -0.095701   0.73339   -1.2915     0.17302
  0.70562   -0.80171    0.26632    0.68798    0.2307    -0.39615
  0.54538   -0.20804    0.40165   -0.69458    0.0064986  0.22014
 -0.13785   -0.11916   -0.67221   -0.43951    0.46969   -0.78698
  0.3356     0.078689   0.64179   -0.86706    0.6345     0.62736
  0.4944    -0.47907   -0.61554    0.81299   -0.31663    0.71803
 -0.60708   -0.049253   0.14505    0.11594   -0.36498    0.41806
  0.8779    -0.067245  -0.88899    0.42016  ]"
alkaline,"[-1.546      0.13877    0.9595     0.55118   -1.0001    -0.0144
  0.56503    0.040665  -0.45321    0.64717    0.21753   -0.51738
 -0.74043    0.002395   0.84828   -0.12072   -0.65544   -1.0367
  0.69375   -0.0048612 -0.109     -0.50702    0.030742   1.2352
 -0.52681    0.68111   -0.61872   -0.073123   0.24426    0.81
  0.8942     0.088716  -0.27468   -0.16003    0.95253    0.062626
  0.57334    0.2602    -0.0040859 -0.40344    0.67441    0.2318
 -0.45409   -0.67013    0.065799   0.37508   -0.76633    0.18462
 -0.052721  -0.24548    0.27226   -0.36985    0.68069   -0.66445
 -0.080604  -0.028691  -0.16825   -0.28867    0.030301  -0.15143
  0.13201   -0.16459   -0.75311    0.85464    1.1436    -0.19186
  0.98774   -0.60742    0.52394   -1.5355     0.19845   -0.50666
  0.21536    0.12847   -0.46952   -0.19974    0.50648   -0.22977
  0.58198   -0.17646    0.18479    0.86299   -0.82499    1.3371
  0.6822     0.78576    1.0208     0.38392   -0.06949    0.1132
 -0.47174   -0.11712   -0.3255     0.53296    0.76569    0.38306
 -1.4248    -0.076498   0.39339    0.41534  ]"
fiddler,"[-0.12687   0.55472   0.22286  -0.4286   -0.10899  -0.045896 -0.14138
  0.004327 -0.96856   0.048035 -0.50225   0.11285   0.58615   0.070024
 -0.1914    0.015116 -0.10005  -0.2184    0.30933   0.98507  -0.38195
  0.061518  0.51743  -0.24798   1.1468    0.37252  -0.46212  -0.7313
 -0.085658  0.23159  -0.082935  0.32694   0.73234   0.76933  -0.32776
 -0.36099   0.15415   0.11478   0.70344  -1.2121   -0.016399  0.96912
  0.018865  1.0151   -0.25539  -0.31438  -0.80375  -0.39341   0.013174
 -0.36827  -0.91408  -0.088246  0.40328  -0.17338  -0.68395   0.035753
  0.47692   0.26175  -0.49483   0.26099   0.18534   0.19104  -0.49901
  0.57594   0.5464   -0.32958  -0.012297 -0.20263   0.11827  -0.71576
 -0.41642  -0.047191  0.26227   0.23282  -0.17385  -0.72637   0.25087
  0.12457   0.93745   0.013309 -0.12871   0.089851  0.49461   0.15375
  1.0905   -0.50011   0.10482  -0.15681  -0.083198 -0.013889 -0.47699
 -0.51983  -0.34666   0.42134  -0.21853  -0.43785  -0.45494  -0.076342
  0.51381  -0.27755 ]"
recitals,"[ 0.1222     0.98493   -0.51429    0.60427    0.84827    0.94862
 -0.17998    0.93701   -0.36788   -0.74811   -0.19561   -0.51541
 -0.18603    1.0634    -0.46432    0.35178   -0.44488    0.10906
  0.19208   -0.13238   -0.27597   -0.29007    0.19996   -0.25458
  0.45793   -0.59349   -0.010504   0.52313    0.93153    0.5234
 -0.74479   -0.60517    0.18343    0.97535   -0.6084     0.85712
 -0.047875  -0.20685   -1.6028    -0.60397    0.5104     0.39547
 -0.47344    0.15378    0.024442  -0.92268    0.62001   -0.97305
  0.5672     0.11767   -0.90572    0.33005    0.31219   -0.90304
  0.20493   -0.59074    0.10143   -0.95174   -0.65225    0.47606
  0.14575    0.62027    0.43206    0.1224    -0.63792   -0.01314
  0.52027   -0.33347    0.66326   -0.65215   -0.53249   -0.046409
  0.53499    0.29385   -0.0050999  0.55441   -0.15576   -0.75818
  0.43764   -1.0868     0.24465   -0.42416    0.52984   -0.079213
 -1.3756     0.46639   -0.21401    0.082049  -0.57264   -0.19043
 -0.29951   -0.46903    0.54612    0.031422  -0.0066137  0.051373
 -0.48467    0.094464   0.46116    0.5157   ]"
salerno,"[-0.49638   -0.6117    -0.25343   -0.21529   -1.0604     0.021797
 -0.040987  -0.71187   -0.24698    0.37655    0.29167    0.045668
 -0.46058    0.64014    0.55615   -0.54291    0.23854   -1.2727
 -0.16875    1.032      0.02806   -0.065347   0.20763    0.5739
 -0.64976    0.085231  -0.0047383  0.27924    0.17411    0.026363
 -0.13821   -0.70454    0.96033    0.32591    0.45653    0.44778
  0.52078    0.29641    0.068338  -0.46426    0.21036    0.30256
  0.12464   -0.1761    -0.10714    0.24274    0.65976   -0.89305
  0.82899    0.86525   -0.095067   0.34576   -0.68476    0.16705
 -1.0374    -0.20842   -0.1152    -0.66771    0.0097693  0.12178
  0.36284    0.27746    0.30326    0.60178   -0.25674   -0.46191
 -0.7364    -0.2842    -0.76389    0.72387    0.22524   -0.54757
  0.30109    0.40316   -0.32874   -0.16096   -0.024023   0.40452
  0.73139    0.87493    0.081352   0.38434   -0.48265    0.32737
  0.20474    0.21498    0.28424    0.26955   -0.65604   -0.43786
 -0.074533  -0.23261    0.22854    0.40284    0.35841    1.1736
 -0.026019   0.29561    0.22517    0.59609  ]"
"54,000","[ 1.0316     1.0006     0.25432    0.31356   -0.24148    0.20438
  0.40156    0.93746    0.80559    0.63127    0.46469    0.1319
  0.4411    -0.55201    0.20601   -0.090595   0.061243   0.30795
  0.44123    0.32017    0.95676   -0.15008    0.31051    0.35067
  0.22493   -0.57163   -0.06572    0.56494    0.11858   -0.28504
  0.083595   0.029815  -0.1793    -0.42432   -0.69741   -0.10083
  0.031767   0.46473   -0.62913    0.46373    0.0833     0.2
 -0.20397   -0.12297   -0.0497     0.081579   0.20834   -0.58349
 -0.20073    0.21217    0.051438  -0.91836   -0.40874    0.32254
 -0.35573    0.58817    0.31467   -0.75701   -0.17693   -0.53922
  0.89278    0.42176    0.69459    0.13045   -0.081767   0.018077
  0.19519    0.031657   0.65034   -0.41413    0.29227    0.24093
 -0.483      0.16261   -0.0016064  0.40957    0.58505    0.34974
 -0.1203     0.18668    0.57966    0.081578   0.15016    0.092214
  0.040199   0.23126    0.68854    0.51797   -0.39769   -0.049645
  0.24918    0.50525   -0.068706  -0.65732   -0.57489   -0.47332
 -0.040692   0.48269    0.36293   -0.099601 ]"
girard,"[ 0.16228   -0.45223   -0.025202   0.0076296  0.21092    0.059595
  0.62872    0.39384    0.15201   -0.092099  -0.42405    0.732
 -0.64182    0.012084   0.31272    0.02644    0.074191   0.32931
 -0.19079   -0.79318   -0.24664    0.48997    0.48639   -0.19902
  0.32724   -0.3601     0.20924   -0.53786   -0.0017257  0.25231
 -0.7274     0.29559   -0.5963    -0.023267  -0.55829    0.21966
 -0.095641  -0.013341   0.21253   -0.11899    0.39201   -0.17862
 -0.38989    0.10619   -0.16228    0.19242    0.18501   -0.52561
 -0.06276    0.61555   -0.13742   -0.038552  -0.51188   -0.30195
 -0.77249   -0.5089     0.13276   -0.21358   -0.94138   -0.22457
  0.64606   -0.6188     0.31019    0.32033   -0.44594   -0.080705
 -0.12534    0.48894    0.010468   0.12509   -0.37204   -0.29513
 -0.29822   -0.51552    0.51458    0.27773   -0.042044   0.19162
 -0.48729    0.41029   -0.25064   -0.11826   -0.014339  -0.39084
  0.14454    0.15662   -0.76071   -0.023227   0.038146  -0.45304
 -0.13673   -0.38118    0.43009   -0.18089   -0.52639    0.14423
 -0.089035  -0.37811   -0.31678    0.29231  ]"
1.86,"[ 0.91114    0.65137    0.70598    0.26796   -0.031325  -0.082913
  0.082693   0.32983    0.0023633  0.52263    0.16194    0.091931
 -0.73674   -0.39686    0.51935   -0.44168   -0.63928   -0.30829
  0.20383    0.68057    0.68741   -0.12741    0.13555    1.007
  0.97808   -0.53496    0.070782   0.58848    0.069616  -0.87143
 -0.42294   -0.40325   -0.051105  -0.2117     0.073548   0.57891
  0.35053   -0.11087   -0.071348   0.86127    0.025113  -0.70517
 -0.2149     0.18857   -0.79336    0.16222   -0.18744    0.2047
 -0.29045   -0.78957   -0.21149   -0.453      1.3879    -0.27674
 -0.77819    0.70985    0.093238  -0.29572    0.6973     0.35573
  0.27669   -0.69925   -0.30464    0.54311   -1.3074    -0.46027
 -0.065815  -0.30802    0.93199   -0.090342  -0.59543    0.26826
 -0.40363    0.32888   -0.42433   -0.21506   -0.4164     0.17471
  0.054772   0.28509   -0.56596    0.35985    0.099172   0.72029
  0.50765    0.44628    0.15796    0.65692    0.20683    0.38898
 -0.42611    0.4913    -0.31392   -0.67421   -0.49029   -0.108
 -0.37449   -0.4035    -0.12982    0.0066173]"
microchip,"[ 4.9522e-01  3.5976e-01  4.7629e-01 -5.0054e-02 -3.6205e-04 -8.9061e-01
 -2.2708e-01 -1.1487e+00  7.3973e-01  1.3611e-01 -3.9350e-01 -2.4450e-01
  7.0785e-01 -3.7007e-01 -6.3504e-02  1.0338e+00  3.9651e-01  9.3406e-02
  5.7276e-01 -5.8400e-01 -6.5460e-01 -9.8410e-01  1.7419e-01  8.0835e-01
  1.0301e+00  2.7454e-01  4.5914e-01  1.7021e-03 -2.8073e-01  1.0412e-01
 -5.1874e-01 -2.1481e-01  9.6052e-02  2.2691e-01  4.6456e-01  2.1678e-01
 -2.5734e-01  1.1494e-01  2.1578e-01 -6.6492e-01  7.1518e-01  7.9910e-02
  1.0281e-01  8.2765e-02 -7.5015e-01  6.4161e-02  1.1515e-01  1.1354e+00
 -4.6972e-01 -2.0692e-01 -6.1947e-01  1.5578e-01 -3.3282e-02  1.0954e-01
 -1.0207e-01  6.9471e-01 -6.5831e-01 -4.5820e-01  6.5876e-01  3.4494e-01
  5.9346e-01  3.2900e-01 -6.0785e-02  5.1512e-01 -9.1431e-01 -1.5538e-01
  4.4434e-01  6.2442e-01 -4.0836e-01 -2.5276e-01  3.5855e-01  4.3440e-01
 -1.5369e-02  2.1285e-01 -1.8102e-01  1.6262e-01  5.1014e-01 -3.4637e-01
 -5.4356e-01  2.9097e-01  7.1033e-01 -1.3556e-01 -5.4457e-01  6.7712e-01
 -7.9235e-01 -2.6060e-01  1.3300e+00 -3.0665e-01  9.3157e-02  4.4792e-02
  2.9315e-01  8.8264e-01 -2.0000e-01 -1.3909e-01  8.0305e-02 -1.2930e-01
  7.0342e-01 -3.8028e-01  9.5589e-01 -5.9224e-01]"
obelisk,"[-0.25385   0.52198  -0.48871   0.55689  -0.67937   0.33749  -0.74917
  0.34432   0.1607    0.36677   0.33192   0.44618   0.67292  -0.18733
 -0.18329   0.49931   1.3611   -0.095201  0.43783  -1.0897   -0.072
 -0.027285 -0.78312   0.4156    1.5903   -0.4529   -0.30705   0.15758
  0.035347 -0.69506   0.22244  -0.6197    0.34108   0.9954   -0.077304
 -0.19648   0.28387   0.40927   0.040333 -0.26577  -0.11689   0.37477
  0.5977   -0.53663   0.3486   -0.25969   0.35072   0.20158  -0.072422
  0.6329    0.42019   0.046231  0.8176    0.28146  -0.75897  -0.49156
 -0.91883  -0.26506   0.23475  -0.19723  -0.40573  -0.062921  0.017006
  0.14884  -0.51864  -0.29649  -0.1369   -0.066643 -0.23822  -0.65569
  0.70772  -0.21129  -0.088788  0.46965   0.77237  -0.33539   0.63274
  1.2895    0.34004  -0.10205   0.28544   0.27583   0.012456 -0.32755
  1.5045    0.31022   0.26178  -0.43657  -0.094396 -0.45273  -0.56197
 -0.67196   0.016634  0.03539  -0.21366  -0.71359  -0.30699  -0.43009
  0.1832    0.48922 ]"
bhutanese,"[-0.82888    0.33433    0.56998    0.48992   -0.54098    0.76051
 -0.4701     0.0093105  0.59571   -0.098079  -0.61075    0.14954
  0.72549    0.38022   -0.4545    -0.0028723  0.40901   -0.99008
  0.031572  -0.060474  -0.011128  -0.13251    0.93723    0.34631
  0.36167   -1.0952     0.92153   -0.26951   -0.39195   -0.9536
 -0.60122   -0.19575    0.017357  -0.021853  -0.097899  -0.66799
 -0.10808    1.2535     0.24173   -0.8152    -0.95327    1.032
  0.26002    0.32393    0.23139   -0.18457    0.043249   0.083924
 -0.2289     0.004109  -0.06757   -0.81153    0.28036   -0.23921
  0.30116    1.3166    -0.34313   -0.05729    0.91585   -0.43764
  0.027636   0.060496  -0.67318    0.05885    0.4245     0.51637
 -0.5395     0.058989  -0.30322   -0.37447    0.072679  -0.97651
 -0.59845    0.27731   -0.20254    1.1198    -0.54233    0.68289
 -0.22861   -0.14865    0.1989     0.13335    0.9282     0.25657
  0.60062    0.91162   -0.10371   -0.26607   -0.73322   -0.22839
  0.13649   -0.20514   -0.4276    -0.51221   -0.36169   -0.76294
 -0.64696    0.59486    0.1831     0.43278  ]"
olimpia,"[ 0.1888    -0.44329    0.018039   0.58719    0.36973    1.0512
  0.98776    0.90728   -0.4544    -0.19461    1.4704     0.29257
 -0.41866    0.34627   -0.71479   -0.13211    0.94497   -0.47215
  1.5548    -0.15479   -0.47004    0.47032    0.71287    1.2744
 -0.62849    0.35716   -0.23311    0.021856   0.17846   -1.359
 -0.316      0.35475    0.42196   -0.29813   -0.19612   -0.45457
  0.38081    0.58459   -0.60731   -0.66089    1.1675    -0.50307
 -0.070126  -0.33807   -0.60421    0.4287     0.33697    0.063847
 -0.057181   0.99203   -0.28052    0.47974   -0.72392    0.95675
  0.10742    0.25623    0.01813   -0.77331   -0.48914   -0.40792
 -0.7899    -0.90572   -0.991     -0.54111   -0.53657    0.0066547
  0.40654    0.21157   -0.5454     0.41364    0.50143    0.26966
  0.29351   -0.27348   -0.17566   -0.29307    0.12406   -0.5665
 -0.15506    0.0093399 -0.29474   -0.5765     0.019724   0.73296
 -0.079365  -0.94233   -0.52118    0.90391    0.69419   -0.69153
 -0.47329    0.5669    -0.29699   -0.17258   -0.0082768  0.20479
 -0.55442   -0.17972    0.32172   -0.078601 ]"
uncut,"[-0.35511    0.19295    0.69375    0.032445  -0.47247    0.077613
 -0.46465    1.0959     0.24539    0.078245   0.83199    0.72604
  0.1934     0.30977   -0.17973    0.91524    1.0684     0.16778
  0.78837   -0.22107    0.57979   -0.27317   -0.050471   0.0089436
  1.3266     0.83089    0.65834    0.27453   -0.013955   0.70809
  1.0652    -0.57396   -0.67977   -0.34281    0.78225    0.29528
 -0.091563   0.032307  -0.89172    0.16661    0.41903    0.48262
 -0.76583    0.74786   -0.047553  -0.33773   -0.43775   -0.39578
  0.10097    0.13894   -0.23778    0.31198    0.43029   -0.071808
  0.12371   -0.6816    -0.72852   -0.34317   -0.062513  -0.59033
  0.28584    0.042783  -0.91251   -0.23157    0.57186   -0.71756
  0.89303    0.011596   0.64541   -0.45904    0.20523    0.092737
  0.43621    0.72311    0.15844    0.51322   -0.88289    0.63661
  0.050327  -0.71894    0.31994   -0.18902    0.4241     0.52627
  0.41325   -0.27429    0.1676    -0.53108   -0.19308    0.72292
 -0.10638   -0.4322    -0.23552   -0.43118   -0.21622   -0.31668
 -0.14149    0.16273    0.43036    0.52191  ]"
troublemakers,"[ 0.62747   -0.51223    0.22013   -0.89328   -0.45677    0.70016
 -0.36319   -0.69351    0.24561    0.65553   -0.5865     0.16096
  0.10066   -0.070011   0.21648    0.21266    0.07326    0.36947
 -0.28596   -0.10875    0.1991    -0.01631    0.18378   -0.63415
  0.24651   -0.27411    0.0055118  0.080976   0.069865   0.0099907
 -0.027629  -0.21473   -0.023727   0.29808    1.0768    -0.2457
 -0.078551  -0.51989   -0.36863   -0.1649    -1.0329     0.26237
 -0.091373  -0.045123   0.46229    0.19406   -0.13491    0.14077
 -0.52524    0.50992    0.13675   -0.44078   -0.44556    0.52821
 -0.70764    0.5529     0.080486   0.41294   -0.18247    0.0072354
 -0.66696    0.54226   -0.97622    0.30626    0.4558     0.33005
  0.68871   -0.52099    0.55168   -0.45759   -0.37892   -1.1125
 -0.35556   -0.70693   -0.33728    0.073162   0.34051    0.085791
  0.2813    -0.040401   0.81155   -0.4636    -0.40114   -0.062358
 -0.44178   -0.23741   -0.099167   0.55605   -0.49367    0.014896
 -0.71383    0.082369   0.32778   -0.53089   -0.12452   -0.20386
  0.13515    0.43269    0.029746   0.17347  ]"
asiatic,"[-0.11172    0.4987     0.91579    0.083618   0.14318    0.0058697
  0.21538   -0.0095453 -0.90522   -0.38685   -0.84545    0.51976
  0.16455    0.21555   -0.17532    0.32413    0.46859   -0.74576
  0.38749   -0.73025    0.10354   -0.48956    0.22658   -0.90118
  0.72607    0.82197    0.18729    0.32036    0.27093   -0.18793
 -0.43497   -0.0303    -0.42194   -0.36738   -0.65358    0.21265
 -0.68486    0.26454    0.24677   -0.41666   -0.1874    -0.57158
 -0.70405    0.2057     0.68117    0.63999    0.75263    0.39998
 -0.53076    0.92577   -0.55922    0.58244    0.16105   -0.47468
 -0.3992     0.2915    -0.020611  -0.61141    0.53905    0.045067
  0.44312   -0.16278   -0.40811    0.87938    0.5007     0.53777
 -0.95994    0.12442    0.61263    0.81155   -0.36775   -1.0585
  0.14572   -0.33984   -0.43579    0.1394    -0.56697    0.64398
 -1.1823    -0.82501   -0.23868    0.016555   0.29445    1.3599
  0.13052   -0.67431   -0.76924   -0.29251    0.51974    0.59051
 -0.24718   -0.76234    0.79649   -0.63624   -0.5435    -0.11075
 -1.1178    -0.31096   -0.70801    0.079741 ]"
menachem,"[ 0.41124   -0.53901   -0.68231    0.21632   -0.022611  -0.44389
  0.89476    0.28632    0.037361   0.11261   -0.51686   -0.78199
 -0.1276     0.15996    0.77104   -0.77246   -0.039188  -0.020861
 -0.47737    0.46257   -0.28652   -0.65541    0.29058    0.1434
  0.33059   -0.29433    1.2506    -0.97064    0.93042    0.033782
 -0.14897    0.13789   -0.29056    0.85083   -0.90416    0.063301
  0.46037   -0.19011    0.25232   -0.11599    0.28614    0.11327
  1.1091    -0.41295   -0.70685   -0.16014   -0.044957   0.71627
 -0.014704   0.22641    1.0177    -0.45591    0.69195   -0.038194
 -0.53653    0.88421   -1.1197     1.3455     0.0060342  0.3382
 -0.12101    0.39007    1.3117    -0.10624    1.5076    -0.06139
  0.41732    0.047974  -0.58152   -0.59385    0.58221   -0.44163
 -0.94016   -1.0316    -1.76       0.4194    -0.44736    0.16452
  0.013131  -0.24093    0.071348   0.6647    -0.38469    0.15537
  1.1848     1.0766     0.2245     0.52792   -0.46891   -0.38637
 -0.21003    0.6242    -0.79963    0.11304    0.35414    0.13344
  0.37967    0.01564   -0.41294    0.65146  ]"
rickety,"[-0.056594   0.89381   -0.14405   -0.48175   -0.26085    0.40034
 -0.58193    0.5378     0.44761    0.35876   -0.16806    0.78289
  0.0048501  0.17033    0.31767   -0.35972    0.42135   -0.50112
  0.64017   -0.40402    0.80272    1.0687     1.2097    -0.30273
  0.86683   -0.81418   -1.5463    -0.50265   -0.30557    0.086367
 -0.066408  -0.11295   -0.22722   -0.24398    0.055382   0.44108
 -0.054661   0.043286   0.90316   -0.12129   -0.44606   -0.11714
  0.15736    0.24107   -0.084871   0.55464    0.041626   0.75376
 -0.068245   0.51406   -0.14243   -0.049092  -0.040667   0.31826
  0.45967   -0.65881    0.48076    0.35616    0.36901   -0.17512
 -1.0629     0.0021841  0.46486   -0.025357  -1.1851     0.35191
 -0.78615   -0.059327  -0.39274   -0.95968    0.040162  -0.27735
  0.71176   -0.032868  -0.21746    0.44034   -0.11454    0.17421
 -0.067107   0.081621   0.46389    0.35025   -0.098451   0.51974
  0.37631   -0.16009   -0.16777   -0.45249   -0.97852   -0.16526
  0.34823    0.49253    0.24445   -0.20649    0.17949   -0.84421
 -0.23464   -0.042012   0.33559    0.18903  ]"
tba,"[-1.0293   -0.28092   1.3266   -0.25432  -0.4318   -0.12803   0.060013
  0.80372  -0.4995   -0.49897   0.4931    0.47266  -0.72055  -0.52693
 -0.29536  -0.1535   -0.71359   0.36028   0.10223  -0.10432   0.056072
 -0.4946   -0.6612    0.14528   0.43341   0.83998   0.37461  -1.0548
 -0.3681   -0.49278  -1.1532   -0.035019 -0.44544  -1.0684   -0.37241
 -0.23499   0.30685  -0.73147  -1.1185   -1.0605    0.63355  -1.0178
  0.036701 -0.31761  -0.69118  -0.67811   0.33705  -0.32126  -0.39648
 -0.089414 -0.084596 -0.32287   0.15154  -1.1877   -0.76802   0.012773
 -0.25923   0.056318 -0.022021 -0.27551  -1.4198    0.44568  -0.037635
 -0.46983   0.31827  -0.33934  -0.49922   0.71361  -0.73909   1.1197
 -0.24161  -0.48977  -0.035959  1.4824    0.14358  -0.20065   0.071017
 -0.36512  -0.25142  -0.6395   -0.2766   -1.3519   -0.31678  -0.11345
  0.013335  1.2545    0.20303   1.1179    0.59071   0.40676  -0.33036
  0.2852    1.2125    0.1505    0.10579   0.63197   1.2272   -1.245
  1.1312    0.17859 ]"
shakespearean,"[ 0.48678   0.78754   0.10579   0.39089  -0.12394   0.25613   0.044766
 -0.72001  -0.66106   0.12161  -1.0892   -0.12595  -0.21543  -0.05235
 -0.70092   0.35403  -0.27667   0.46413   0.36316   0.98872  -0.24948
 -0.2498    0.17115  -0.7343    1.0074   -0.31996  -0.32702   0.69221
 -0.048653 -0.40683  -0.5863   -0.725    -0.23983  -0.83047  -0.78469
 -0.13686  -0.39648   0.14337  -0.085172  0.38076   0.13926   0.72341
 -0.51257   0.20825   0.64521   0.19921   0.33875  -0.65168  -0.52005
  0.097506 -0.52445   0.026866  0.82806  -0.2146   -0.28861  -0.17395
 -0.46162  -0.02905  -0.51268   0.050204  0.28611   0.91167   0.22603
  0.21372   0.18307  -0.33894   0.66706   0.22506  -0.93383   0.087739
 -0.25202  -0.43542   1.0533    0.3239   -0.060324 -1.0018    0.17939
 -0.29078   0.45787  -0.50074  -0.38498  -0.47052   0.78503   0.56911
 -1.5367    0.13905  -0.11616  -0.49734   0.025166 -0.51166  -0.034148
  0.61221  -0.47029  -0.010691 -0.13782   0.47841  -0.23453  -0.36696
  0.11031   0.71416 ]"
defrauded,"[ 0.86931  -0.19475   0.29559   0.29854   0.62205   0.59808  -0.020708
  0.025373  0.12995  -0.10367   0.066291  1.2428    0.25053  -0.091612
 -0.21341  -0.31368  -0.27929   0.22029  -0.30739   0.42822  -0.31211
  0.039832  0.45701   0.030794 -0.13721  -0.047955  0.23002   0.25018
 -1.0325   -0.55599   1.1868    0.96587   0.0162   -0.59839  -0.40381
 -0.1577   -0.38557   0.36554   0.11241   0.18139  -0.090015  0.10126
 -0.24612   0.031673 -0.08717   0.06936   0.33998   0.18671   0.20623
  0.32677  -1.1402    0.51694   0.52388  -0.33847  -0.67676   0.58833
  0.51981  -0.47064   0.42137   0.17209   0.36848  -0.1134   -0.095834
  0.36347  -0.28269  -0.6809    0.34302   0.96194   0.47543  -0.068059
 -0.13379   0.29576  -0.36302   0.062207 -0.21436  -0.14247   0.274
  0.16387  -0.83746   0.51503   1.0343    0.44792  -0.57777  -0.092164
 -0.43455  -0.44544  -0.18645   0.45882  -0.89667  -0.045714 -0.59857
 -0.70466   0.075739 -1.1997    0.71844   0.20267   0.23081   0.82371
 -0.61442  -0.12407 ]"
prosthetic,"[ 0.68515    0.44845   -0.20964   -0.35543    0.049508  -0.59875
 -0.43012    0.48281    0.12759    0.91117    0.19115   -0.63554
  1.2026    -0.05209    0.49692    0.59757    0.31663    0.1296
  1.3227    -0.50245   -0.15432   -0.2767     0.31326    0.25457
  1.0631     0.99351   -0.40901   -0.091273  -0.24921   -0.11985
  0.25272   -0.094688  -0.20288   -0.068844  -0.018499  -0.1039
 -0.3333     1.0206    -0.10698    0.65642    0.051128   0.90587
  0.37381   -0.69295   -1.2261    -0.41482   -0.080082   0.48126
 -0.10591    0.59747   -0.60402    0.51363    0.15825    0.22871
  0.94965   -0.28254   -0.13147    0.16832    0.18654   -0.16361
  0.78786    1.0483     0.030197   1.2194    -0.37501   -0.14996
 -0.58184   -0.0034498 -0.42626   -0.40241   -0.4928     0.23667
  0.4762     0.02323    0.57291   -0.40195   -0.3663    -0.082379
  0.2353    -0.46621    0.29906   -0.14868    0.32384    0.24121
 -1.1848     0.25481    0.86138    0.57147   -0.47738    0.48532
 -0.34766   -0.62536    0.88043   -0.30193    0.73073   -0.099244
  0.12202    0.12703    0.9185    -0.5025   ]"
fermented,"[-9.8548e-01  5.6416e-01  4.0418e-01 -2.4516e-01 -3.2639e-01  2.6035e-01
  8.9723e-01  3.8360e-02  4.5596e-01  4.0145e-02 -7.5826e-01 -9.6174e-02
  1.0094e+00  5.4527e-01  4.3895e-01 -8.9819e-02  6.4184e-01 -1.0603e-01
  5.4152e-01 -1.7159e-02 -7.1513e-02 -3.6966e-02  1.0604e-01  4.2592e-01
 -5.3248e-01  7.0350e-01 -9.5334e-01  3.5084e-01 -2.8113e-01  3.5205e-01
 -3.2789e-01  2.0753e-01 -1.7510e-01 -1.1153e+00  4.5648e-01  1.4309e+00
  1.6229e-01 -1.0106e-01 -2.8651e-02  2.6119e-02 -3.5028e-01 -7.1068e-01
 -1.0318e+00 -2.0918e-01  4.8221e-01  4.2961e-02 -5.8139e-01 -3.5294e-01
 -4.8820e-01 -6.2834e-01 -3.6599e-01  1.5267e-01 -7.6471e-02 -4.5273e-01
 -6.4144e-01  2.0994e-01 -1.1657e+00  2.6575e-01  9.1452e-02 -7.3972e-01
  2.7778e-01  2.1705e-01 -1.1809e-01  3.9614e-01 -5.1803e-01 -4.0536e-01
  5.7245e-01 -6.8982e-01  4.6152e-04 -5.7232e-01  9.1645e-02  4.2255e-01
  6.2057e-01  1.0115e+00 -7.6134e-01  4.6029e-01 -8.4835e-01 -4.6710e-01
 -1.9919e-01  2.1551e-01  4.1099e-02 -4.4366e-01 -1.3777e+00  1.6608e+00
  3.1608e-01 -1.9710e-01 -3.1927e-01  2.8882e-01 -1.4792e-01 -2.9709e-01
 -7.0949e-01 -1.9087e-01 -1.0614e+00 -4.2130e-02  2.8141e-01 -6.9957e-01
 -1.0340e+00 -9.4440e-01 -4.9179e-02  4.7304e-01]"
diagnostics,"[ 0.37283   -0.17307    0.66891    0.22076   -0.26229   -0.52938
  0.88598   -0.15239   -0.27141    0.17626   -0.22835   -0.29062
 -0.30657    0.20751    0.55052    0.0869     1.1402     0.53213
  0.75892    0.24213   -0.26367   -0.3572     0.091843   0.80137
 -0.5994     0.58604    0.83166    0.093606  -1.1708    -0.40457
 -0.2685    -0.59077   -0.76756   -0.0012327  0.88503    0.5288
  0.20236    0.076313   0.11738   -0.040561   0.73133    0.46703
 -1.0534    -0.82325   -0.89903    0.71112    0.014341   0.45174
 -0.42559    0.19114   -0.25086    0.28973   -0.53607    0.13361
  0.47045    0.013379  -0.19169   -0.13993    0.042883  -0.20656
  0.59939   -0.26245    0.86098    0.73477   -0.35973    0.40147
 -0.3676     0.14772    0.66101    0.35496    0.17825    0.10452
  0.021619  -0.36358   -0.10012   -0.49069   -0.18667    0.11945
 -0.61629    0.0058233 -0.12048    0.80926   -0.41967    1.0206
 -1.1981     0.33142    1.1127    -0.12972   -0.77498    0.19566
  0.19749    0.134      0.64529    0.62979    0.52434    0.74863
  0.97411    0.26376    0.5859     0.33112  ]"
wyndham,"[ 0.25488   -0.84453    0.13449    0.38956    0.059561   0.0093933
  0.33636   -0.21493   -0.32141   -0.57832    0.46551    0.21483
 -0.41241   -0.52579   -0.40387    0.15779   -0.35166    0.25494
 -0.809      0.47274    0.19037   -0.42368    1.1149    -0.26792
  0.064693   0.48421    0.11419   -0.62686   -0.42066    0.1488
  0.16334    0.033616   0.50975   -0.39107   -0.21969    1.2296
 -0.24381    0.87416   -0.64183    0.43512    0.80122    0.24273
  0.41139   -0.13754    0.66643    1.1531    -0.20501    0.32012
  0.44205    0.3083    -0.39174    0.13587    0.67131   -0.84832
  0.37202   -0.38772    0.24941   -0.1863    -0.97293   -0.80524
  0.16693    0.35126    0.49944   -0.58709   -0.73577   -0.43337
 -0.27294   -0.25952    0.11608   -0.045241  -0.70359   -0.45526
 -0.94899   -0.42089   -0.81906   -0.20934    0.62544   -0.31744
 -0.42691    0.10931    0.41916   -0.58953    0.0078886  0.8211
  0.52599   -0.05737    0.0623    -1.2357     0.79678    0.047233
 -0.39995   -0.37848    0.48254   -0.43644   -0.012629   0.59673
  0.63882   -0.38096    0.77827    0.34096  ]"
russel,"[-1.1312   -0.35522  -0.90854   0.19272  -0.16762  -0.55292   0.47092
 -0.79619  -0.81268  -0.26338   0.3036   -0.89878   0.014229 -0.31322
  1.0273   -0.13268   0.2403    0.61007   0.18685   0.45635   0.31084
  0.15664   1.4773    0.39152   0.23651   0.16496  -0.52787  -0.3502
 -0.22559  -0.69877   0.33798  -0.27919  -0.31591  -0.20961  -0.25856
  0.097251  0.013544  0.46376   0.39594   0.71112  -0.44812   1.0468
  0.63924   0.091593 -0.12475   0.58104  -0.59775   0.041541 -0.58304
  0.56116  -0.34367   0.15969   0.032504 -0.27291  -0.78054  -0.089105
 -0.73898   0.67079  -0.74539   0.30666  -0.25883   0.36584   0.58303
  0.53594  -0.46249   0.14997  -0.040499  0.58308  -0.13027   0.22045
 -0.35639   0.30915  -0.20952  -1.258    -0.16841   0.19406  -0.27515
  0.33957   0.034188  0.76383   0.086976 -0.43588  -0.32197  -0.61996
  0.31651   0.44296  -0.70492  -0.25016  -0.15742  -0.25911  -0.095662
 -0.074837  0.87818  -0.22395   0.47998   0.37556   1.3405   -0.90051
 -0.64533   0.4055  ]"
readying,"[-0.50883   -0.0029782 -0.17242    0.2017    -0.27238    0.17094
 -0.38483    0.28174    0.065483   0.13755   -0.065619   0.2001
 -0.47134   -0.52374    0.077886  -0.31061    0.36495    0.28318
  0.57224   -0.31071   -0.20074   -0.33515    0.27359    0.10978
 -0.56793    0.09466   -0.65472    0.73413   -0.34737   -0.14953
 -0.28161   -0.28362   -0.44472   -0.095378   0.59468   -0.088391
 -0.30239   -0.81806   -0.35254    0.27251   -0.23352    0.68082
  0.29214    0.024543   0.3351     0.42339   -0.046137   0.19231
 -0.082313  -0.17251    0.11897   -0.028751   0.27187    0.40665
 -0.6808    -0.074789   0.34223   -0.58658    0.046829  -0.031946
 -0.096731   0.41769    0.3557     0.37469   -0.27974   -0.0016193
 -0.177      0.72374   -0.57274    0.0060861  0.2544    -0.48496
 -0.85409   -0.30941   -0.1398     0.22026    0.16583    0.46244
 -0.002995  -0.075536  -0.13626   -0.26069   -0.28235    0.83588
  0.031344  -0.035742   0.51228    0.49818   -0.66937   -0.050365
  0.22151    0.38023    0.19917   -0.69285   -0.075337  -0.68729
  0.36282    0.32398    0.79917    0.31022  ]"
bigelow,"[ 0.34735   0.29167   0.13764  -0.057034 -0.52408  -0.54005   0.31551
  0.27651   0.12099   0.41412   0.090896 -0.15426  -0.37077   0.47681
  0.21958  -0.5533    0.99437   1.1824   -0.19562   0.43201   0.35984
 -0.58017  -0.046295 -0.048687  0.56566   0.52324   0.28438   0.57592
 -0.11909  -0.069764 -0.17024   0.23737   0.37443  -0.19396   0.067711
  0.33629   0.15661   0.27386  -0.14562   0.23145  -0.17092   0.41394
 -0.44727   0.83397  -0.024374  0.64429   0.10451   0.32059   0.40953
  0.60162  -0.75286  -0.6188   -0.043447  0.18017  -0.41273  -0.12148
 -0.11164  -0.22759  -0.88312  -0.88889  -0.049866  0.21905   0.38097
  0.7457   -0.30208  -0.11987   0.63307   0.53009  -0.22933   0.16068
  0.15315   0.59619  -0.20539  -0.29134   0.079107  0.034171 -0.030111
 -0.10698  -0.28152   0.86899  -0.2722   -0.18167   0.33475  -0.25666
 -0.19971  -0.41008   0.24437  -0.03498   0.036519 -0.72117   0.79411
 -0.27243  -0.13588   0.31262   0.41097   0.27398   0.44557   0.32179
 -0.021565  0.54058 ]"
rosberg,"[ 0.032524 -0.38783   0.29705  -0.17989  -0.84509  -0.20296  -0.1907
 -0.74846   0.431    -0.57112   0.93151   0.8228   -0.65562   0.52656
  0.079298 -0.037024  0.37579   0.88315  -0.28031  -0.20392   0.12683
 -0.41864   0.22543   1.3889    0.42338  -0.69492   0.39395   0.068469
  0.746     0.46324  -1.5014   -0.041466  0.30165  -0.34231   0.7303
  0.154     0.048776  0.71229  -0.29733   1.2916    0.1915   -0.94992
  1.5113    0.9168   -0.75288  -0.14784   0.78718   0.13359   0.53662
  0.001692 -0.40015  -0.25695  -1.3495    0.58907  -0.68482   0.068108
 -0.68338   0.92551  -0.73557  -0.31653   0.73731  -0.10602   0.56927
  0.68579   0.91968  -0.45711   0.59047  -0.51035  -0.3673   -0.27727
 -0.73593   0.20241  -1.5184   -0.45387   0.54694   1.5502    1.0197
 -0.60682   0.84827  -1.0514    0.019063  0.40777  -0.75644   0.25138
 -0.045087  0.20929   0.19469   0.093692  0.10346   0.45797  -0.31521
  0.15283   0.4067    0.69296   0.87466   0.21426  -0.30517  -0.14167
 -0.5541   -0.24648 ]"
allegory,"[ 0.07126   1.1523    0.21037   0.27457   0.56647   0.79082  -0.11116
 -0.70496   0.1287   -0.16146  -0.3802   -0.15836   0.17606  -0.1451
  0.60811   0.21214   0.56882  -0.058818  0.24873  -0.091371  0.46135
 -0.032963 -0.081449  0.044173  0.080457  0.18772  -0.24408   0.71439
 -0.5849   -0.32134  -0.50634  -0.77567  -0.16652  -0.16458  -0.52974
  0.34999   0.049902  0.24752  -0.042757 -0.08039  -0.1756    0.56128
 -0.47176   0.14467  -0.50357  -0.58828   0.61132  -0.292    -0.18903
  0.36633   0.17418   0.36715   0.6613    0.63651  -0.50777  -0.72224
  0.62542  -0.1002   -0.28834  -0.088491  0.54597   0.24694  -0.033601
 -0.11768   0.27945  -0.47868   0.21448  -0.47432  -0.64809  -0.39082
 -0.042703 -0.38102   0.40035   0.39747  -0.19904  -0.15339   0.12972
  0.11762  -0.15297  -0.011708 -0.89633   0.59976  -0.001624  0.15071
 -0.019627  0.42471  -0.61434   0.099737  0.024203 -0.92741   0.2106
  0.25075   0.14111   0.14019   0.83173  -1.0841   -0.14339  -1.1029
 -0.42135   0.40465 ]"
itu,"[ 0.21702   -0.15441   -0.0056367  0.27285    0.075574  -1.1199
 -0.89782    1.2816    -0.31017   -0.30059    0.4854    -1.0558
  0.32782   -0.70586   -0.32278    0.47502    0.86077   -0.37296
  0.1494    -1.0383    -0.36022    0.85437    0.40205    0.32314
 -0.2244    -0.24645    0.941     -0.21155    0.74742    0.29277
 -0.10476   -0.47939    0.15238   -0.18831    0.50433    0.43165
 -0.0061778  1.0141    -0.81083    0.097856  -0.4599     0.33581
  0.076025   0.0094416 -0.66059    0.69995    0.30241   -0.24808
 -0.81589    0.2788    -0.64903    0.87387    0.16676    0.30105
 -0.35687   -0.044694  -0.033869   0.73758   -0.019352   0.075971
  0.12307   -0.5429     0.058021   0.16016   -0.50755   -0.61334
 -1.4395    -0.034601   1.0631     0.70317    0.045636  -0.22604
  0.2163    -0.22925    0.28562   -0.25219    0.12927   -0.55015
 -0.68833   -1.0402     0.033304  -1.3909     0.22199    0.080565
 -0.5422     0.2911    -0.20786   -0.38921    0.69399    0.53026
  0.36496    1.3305    -0.86669   -0.38942    0.8965     0.32113
 -0.2758    -0.35419   -0.41807    0.44825  ]"
402,"[ 7.1570e-01  2.9735e-01  2.7387e-01  3.2719e-02 -9.2784e-03  8.3687e-01
  4.8240e-01  6.6527e-04 -5.0986e-01 -1.3997e-01  9.9007e-01  3.9363e-01
  4.5267e-01 -6.9643e-02  2.7230e-01 -1.8753e-01 -2.1655e-01 -2.0810e-02
  1.2976e-01  3.9536e-01  1.0836e+00 -1.5108e-01  4.9745e-01  5.4076e-01
 -2.1014e-02 -3.5577e-01  7.1143e-01  8.5818e-01 -4.5333e-01 -5.1226e-01
 -4.2713e-01  1.6243e-01 -3.7145e-02  4.0583e-01 -5.0656e-01  5.8903e-01
  8.8487e-02  6.0731e-02  1.1091e-01  6.1731e-01  2.3922e-01 -5.3436e-01
 -1.4511e-01  9.8201e-02  8.1401e-02 -3.5621e-02  2.5749e-01 -2.2656e-01
 -4.2854e-01  7.7338e-01 -3.0316e-01  8.8189e-02  4.7262e-01  6.0014e-01
 -9.6249e-01  1.5617e-01  5.2317e-01 -4.0735e-01 -7.5209e-02 -3.7353e-01
 -1.2258e-01 -5.8418e-01  4.6357e-01  5.2915e-01 -5.8877e-01  3.3428e-01
 -7.6770e-02 -4.5274e-01  1.0751e-01  1.3754e-01 -1.3811e-01 -2.7348e-01
 -1.4342e-01  2.8366e-02 -1.3716e-02  5.4085e-01  4.0351e-01  5.7288e-01
 -1.7605e-01 -2.7967e-01 -9.6673e-02  1.2790e-01  2.1896e-01 -7.9206e-02
  2.1720e-02  2.0966e-01  5.6519e-01 -1.0272e+00 -3.4900e-01  3.0155e-01
 -1.0006e-01  5.3772e-01 -3.2580e-01 -4.0702e-01 -2.1714e-01  3.7090e-01
 -2.3844e-01  7.7551e-02 -1.4868e-01 -3.7801e-01]"
toughened,"[ 0.44336  -0.34385   0.088176 -0.21068  -0.64388   0.11953  -1.0811
  0.12981  -0.17028   0.77813  -0.66162  -0.31986  -0.25208   0.23518
  0.20835   0.65495  -0.033571 -0.65653  -0.72331  -0.81531  -0.15165
  0.049445  0.3563    0.5977    0.37613   0.1501   -0.41283  -0.83323
 -1.0244   -0.20329   0.58809   0.20329  -0.1288    0.33209   0.11881
  0.52033  -0.26414  -1.1303   -0.66269   0.21464  -0.44647  -0.39087
  0.87168   0.58357  -0.19509   0.50399   0.62529   0.02286   0.78171
 -0.43274   0.15213  -0.22572  -0.48471   0.5104   -0.15971   0.042025
  0.34496  -0.1059   -0.074746 -0.64958   0.55147   0.019129 -0.57247
  0.34681  -0.48306   0.13713  -0.50764   0.76749  -0.098196 -0.30695
  0.65918  -0.15508   0.11262   0.32171  -0.50428  -0.040799 -0.43644
  0.18006   0.091926  0.15547   0.27606  -0.85836  -0.15184   0.28948
 -0.054259  0.26175   0.41946   0.38199  -1.1238    0.074175 -0.61457
 -0.056287 -0.82837  -0.18444   0.64438   0.27562  -0.53483   0.21597
  0.33643   0.32188 ]"
naia,"[ 0.60979    0.026717   0.038422  -0.47194    0.0038688  0.029436
  0.44314    1.0549    -0.11277   -0.0080619  0.76424   -0.72684
  0.19989   -0.45364   -0.39347    0.25312    0.89072    0.51829
  0.011102   0.12158   -0.81286    0.23931   -0.29609    0.27882
  0.25023   -0.63096    0.065008  -0.951      1.3082     0.53821
 -0.12344   -0.51398    0.13685    0.29773    0.29292    0.57121
 -0.1613     1.5609    -0.12815    1.0914     0.020216   0.1202
 -0.38034   -0.10022    0.43248    0.45025    1.124      0.55304
 -0.48492   -0.13295   -0.93125   -0.19366    0.98698   -0.14364
  0.117      0.1328     0.7213    -0.033167   0.49718    0.14377
 -0.85785   -0.24988    0.52308    0.082029  -0.45031   -0.62355
 -0.62174    0.35565    0.16889    1.5907     1.1321    -0.53678
  0.63039    0.49443   -0.36354    0.30832   -0.30569   -0.41602
 -0.17365   -0.59769   -0.508     -0.12331   -0.14844    0.043522
 -0.079563   0.28396   -0.80058   -0.72969    0.69964    0.54376
 -0.088236   0.94066   -1.0831     0.68839    0.2101    -0.89729
 -0.41781    0.39431    0.54569    0.29308  ]"
salient,"[-0.94727    0.063781   0.071213   0.28631   -0.33656   -0.56484
  0.2499    -0.64818    0.92146   -0.40305    0.2754     0.31053
 -0.58923   -0.2618     0.66368    0.77569   -0.061067  -0.66066
 -0.17612   -0.76958    0.51581   -0.72013   -0.29573    0.25319
  0.1744    -0.79398   -0.30897    0.3613    -0.2519    -0.33075
 -0.14036   -0.51872    0.16208   -0.1181    -0.061565  -0.44147
 -0.15219    0.30353   -0.1222    -0.33356    0.39421    0.31308
  0.31325   -0.051573  -0.63395    0.48918    1.3546     0.53596
 -0.45692    0.79886    0.26463   -0.27252   -0.077831   0.24222
 -0.25886    0.29145    0.90166   -0.73253    0.44046   -0.46368
  0.0039577  1.121     -0.19671    0.72723    0.99306   -0.37237
 -0.15982    0.14486    0.33407    0.52386   -0.38458   -0.20744
  0.057068   0.45123    0.31127    0.048537  -0.25972    0.13924
  0.37994   -0.070714  -0.89406    0.1388    -0.20902    0.45543
 -0.5054    -0.45175   -0.43113   -0.066119   0.30823   -0.073571
 -0.62771    0.51615   -0.36977    0.17667   -0.090693   0.41108
 -0.98743   -0.3301     0.42684    1.0815   ]"
criticise,"[-0.53591    0.13315   -0.033557   0.043571  -1.0139     0.82447
 -1.1799    -0.19126    0.33999   -0.21252   -0.012415   0.28794
  0.20129   -0.34335   -0.05564    0.72446    0.087811  -0.13057
 -0.41905    0.040474   0.05298   -0.097101  -0.18069   -0.12438
  0.0073206 -0.1955    -0.070432   0.2989     1.2595     0.24565
  0.041115   0.32733   -0.0060831  0.088707  -0.33262    0.8582
 -0.17941    0.11942   -0.58261   -0.40884   -0.53134    0.60755
 -0.046744   0.31333   -0.78527    0.17663    0.66546   -0.0077472
 -0.61999   -0.73248    0.36654    0.79087   -0.15019    0.3581
 -0.42086    0.45602    0.16334    0.14983   -0.23034   -0.91055
 -0.10608   -0.85005   -0.15861    0.38178    0.22511    0.25934
  0.24967    0.5135    -0.0079055 -0.1456    -0.22953   -0.087298
 -0.014465  -0.67876   -0.50075   -0.79368   -0.20385    0.206
 -0.062883   0.061501  -0.022072  -0.24176    0.10671    0.1311
 -0.54246   -0.088449  -0.28704    0.74553   -0.12871   -0.48797
 -0.0042567 -0.33226   -0.30259   -0.55747    0.18553    0.13703
 -0.89124    0.35986    0.13407    0.24752  ]"
412,"[ 0.91053    0.52197    0.48517    0.65117   -0.27087    0.16463
  0.49376    0.034308  -0.22944   -0.21906    0.46883    0.46713
 -0.048203   0.026889   0.55431   -0.10743    0.0044537  0.13089
  0.023813   0.53729    0.85313    0.088087   0.54641    0.21402
 -0.078535  -0.079175   0.82296    0.65756   -0.36667   -0.30103
  0.10161    0.20339   -0.25281   -0.031737  -0.35983    0.61346
 -0.49884   -0.078051   0.4015     0.73664    0.15992   -0.2233
 -0.1205     0.10553    0.17663    0.0086239 -0.17159   -0.36658
 -0.51654    0.59191   -0.48214   -0.01086    0.292      0.61027
 -0.98525   -0.065904   0.33036   -0.47049   -0.35065   -0.072915
 -0.252     -0.55884    0.782      0.6573    -0.96127    0.27227
 -0.035336  -0.24239    0.18976    0.055811  -0.13667   -0.18988
 -0.22691    0.014652   0.24388    0.48044   -0.012254   0.78191
 -0.31537   -0.26419   -0.087571  -0.13955    0.23163    0.019375
  0.040921  -0.13036    0.57649   -0.6532    -0.34823    0.47926
 -0.032159   0.65495   -0.58991   -0.37393   -0.41401   -0.25438
  0.096516  -0.008486  -0.0040841 -0.54083  ]"
reappear,"[-0.13993   -0.12448   -0.045295   0.075997   0.25767    0.78544
 -0.020541   0.26106    0.63209   -0.19349   -0.095318   0.92815
  0.15613   -0.23649    0.18897   -0.3742     0.19299    0.96321
  0.10941   -0.33083    0.21451   -0.70057    0.10502    0.31291
  0.14495    0.0040446  0.53837   -0.47593    0.42803    0.48719
  0.025112  -0.7463    -0.51837   -0.73189   -0.28647    1.0106
 -0.33601   -1.0248    -0.14477   -0.75304   -0.12324    0.46461
 -0.80973    0.035226   0.067511   0.29957    0.52914   -0.16936
  0.52661   -0.62244    0.050915  -0.18296    0.2256     0.84195
  0.14465    0.49918   -0.5007    -0.35991   -0.3085     0.43059
 -0.66449    1.5389    -0.35803    0.20391    0.47919    0.4539
  0.016677   0.11244   -0.59946   -0.045796  -0.29634   -0.43662
  0.17883   -0.47239   -0.050345  -0.17923   -0.59949   -0.51243
  0.47696   -0.20582   -0.22595   -0.43898    0.20731    0.2537
  0.15722   -0.37579    0.25892    0.20779    0.051174   0.18674
  0.070296   0.12552   -0.17134   -0.10936    0.14328    0.17498
  0.5436     0.14156   -0.195     -0.099463 ]"
conciliation,"[ 1.0545    -0.17358   -0.31951   -0.22816   -0.09699   -0.18409
  0.056355   0.55455   -0.26246   -0.32605   -0.44964   -0.11335
 -0.19284    0.010506   0.40602   -0.12026    0.41971   -0.59054
 -0.26581   -0.43053   -0.38654   -0.10087   -0.041477  -0.98559
  0.38625    0.17844   -0.32667    0.39556   -0.17728   -0.49399
 -0.36091   -0.0095706 -0.8335    -0.18997    0.15291    0.19423
  0.039934  -0.12594    0.10514    0.014677  -0.58077   -0.050514
 -0.64798   -0.90782   -0.83408   -0.61612    0.12016    0.33878
  0.27396   -0.17572    0.23721    0.13477   -0.18442    0.86343
 -0.18887   -0.014905   0.77835   -0.20173    0.14886    0.27293
 -0.50785   -1.0988     0.38617   -0.0053323 -0.42643   -0.18172
 -0.2403    -0.014811   0.28107   -0.84659    0.033064  -0.53006
  0.23974   -0.7467     0.35742    0.27023   -0.23902   -0.32215
 -0.60044   -0.63592   -0.87837    0.70857    1.3699     0.35204
 -0.2816     0.6447     0.13868    0.95207    0.56242   -1.0067
 -0.045347  -0.39137   -2.1861     0.69384    0.60011   -0.11011
  0.58515    0.68561   -0.41452    0.73936  ]"
fibrosis,"[ 0.083194   0.043271  -0.60815    0.28084    0.32804   -0.0097273
  0.55735    0.16945   -0.17063   -0.32612   -0.70145    0.74743
 -0.57978    0.36694    0.47665    0.092125  -0.025336  -0.89845
  0.60784    0.46344   -1.103     -0.17757   -0.68826    0.3545
  0.73735    0.33549    0.84182   -0.18899    0.02651   -0.1651
  0.65471    0.90864    0.98645    0.18485    0.030963   0.29289
  0.501      0.68414   -0.11495    0.70899    0.47869    0.1689
 -0.21948   -0.78162   -0.022748   0.42234    0.95673    0.186
 -0.97668   -0.22678   -0.36127   -0.4934     0.41703   -0.053398
  0.52995    0.50981    0.2947     0.17706   -0.59871    0.82631
  0.44856    1.0202     0.5927     0.33021    0.18557    0.75659
 -0.24903    0.20002    1.0698    -1.5408    -0.58084   -0.12726
 -0.034081  -0.046511   0.073344  -1.0283     0.525     -0.32317
 -0.54622   -0.54625    0.46691    0.47125   -0.016251   0.1219
 -0.4227     0.57386    0.051705   0.4672    -1.7932     0.45137
  0.11166   -0.91041    0.39869    0.50303    0.30472    0.47597
  0.61926   -0.57816    0.28399   -0.70818  ]"
moulin,"[ 0.51702   -1.1375    -0.19076    0.0074877  0.45923    0.16494
  0.8304     0.77217    0.57752    0.16881    0.11378    0.48587
 -0.824      0.44889   -0.0024795  0.5263    -0.40656   -0.34774
  0.2997     0.59244    0.23822   -0.011912   0.10449   -0.65521
  1.0402     0.0029645 -0.13799   -0.89074    0.16099   -1.4853
 -0.025559  -1.0607    -0.08007    0.47885    0.22837    0.31506
  0.85858    0.68853   -0.15273   -0.6081    -0.37117    0.43087
 -0.84964    0.44528    0.037402   0.43623   -0.59987   -0.27417
 -0.2706     0.082527  -0.79026   -0.50799   -0.1773    -0.014297
 -0.96445   -0.092146  -0.092282   0.68504   -0.41041   -0.63606
 -0.58008    0.2711    -0.52114   -0.064526   0.11144   -0.51425
  0.072794   0.29123   -0.19986    0.39045    0.38671    0.055683
 -0.68984    0.45287   -0.36778   -0.96857    0.30026    0.25245
  0.44443    0.35113   -0.10582    0.08706    0.34307   -0.22428
 -0.69609    0.70169    0.15028    0.042685  -0.34562   -0.18016
 -0.15324    0.13919    0.29915    0.91059    0.099181  -0.72348
  0.16807   -0.68699   -0.28868    0.64665  ]"
hardworking,"[-0.13952    0.19539    0.067496  -0.4851    -0.3121     0.79798
  0.062707  -0.47424   -0.06684    0.27902    0.060347  -0.42989
  0.56116   -0.87107   -0.59213   -0.18858   -0.13889   -0.17366
  0.045078   0.86999    0.14707    0.22065   -0.2904    -0.58387
  0.48685    0.060722  -0.59582    0.0065898 -0.43114    0.081242
 -0.41586    0.41215    0.36263   -0.40115    0.25224   -0.26562
 -0.44052    0.31197    0.97679   -0.045304   0.11799    0.049177
  0.45972    0.57866   -0.18139   -0.33474    0.44307    0.37497
  0.066356   0.32819   -0.54359   -0.75361   -0.0064546  0.387
 -0.2234     0.75542    0.71166   -0.30559    0.21713   -0.64378
 -0.017198  -0.23766   -0.57334   -0.30059    0.48412   -0.1201
  0.32043    0.53361    0.55182   -0.73088    0.71617    0.18758
  0.24768   -0.23191    0.86717    0.43123    0.12742    0.085071
  0.40537   -0.60967    0.53922    0.95143   -0.11534    0.11895
 -0.49257   -0.27106   -0.56562    0.38742   -1.0748    -1.2427
 -0.26969   -0.091121   0.73905   -0.13627   -0.50946   -0.22836
 -0.37122   -0.3125    -0.7132     0.26641  ]"
malinga,"[-0.16099   0.21805  -0.40621   0.39789   0.19835   1.0078    0.14334
  0.39582  -0.69699   0.089515  0.8894    0.49327   0.05725  -0.25796
  0.86003   0.18475  -0.67147   0.74113   1.2108    0.098407  0.34821
 -0.66333   1.4488    0.73639  -0.10977   2.1539   -0.6597   -0.49088
 -1.0999    0.20879  -0.26815  -0.18156  -0.15296   0.19458   0.21271
  0.30124  -0.41427   0.43714  -0.45573   0.31128  -0.97472   0.55743
  0.7845   -1.4188    0.70388   0.49021  -0.015533  0.21427   0.13504
  0.57276   0.045676  0.63617  -0.58446   0.35919   0.39838  -0.07744
 -1.2892    0.94056  -0.09721   0.65078  -0.3243   -0.73617  -0.14578
  0.074235 -0.5606    0.25541  -0.27351  -0.096372 -0.10796  -0.48387
 -0.047036  0.56732  -0.57459  -0.31373   0.40005  -0.27011  -0.63991
  0.44552   0.60501  -0.50944  -0.73118  -0.58064  -0.53693  -0.30929
  0.60553   0.45171  -0.46168   0.18942  -0.79517  -0.27608  -0.30386
 -0.1392    0.15477  -0.60607  -0.08609  -0.069582 -0.57691  -0.63641
 -1.0696   -0.42361 ]"
devotional,"[-6.6380e-01  3.2078e-01 -1.5942e+00  1.7001e-01  2.7162e-01  1.2137e+00
 -7.8608e-01 -1.8083e-01 -4.6157e-01  3.9043e-01 -3.3979e-01 -3.8921e-01
  3.6238e-01  1.4738e-01 -2.5088e-01 -1.5921e-01  1.9566e-01 -3.3668e-03
  3.4605e-01  7.8497e-01  3.6968e-01 -4.8198e-01 -3.0815e-02  2.4645e-01
  2.0939e-02 -5.7824e-02  9.8153e-02  3.3849e-01 -1.5308e-01  4.9267e-01
 -7.3555e-01 -4.9610e-01 -2.0270e-01 -1.1292e-01 -4.9705e-01 -1.0469e-01
 -4.6270e-01  2.2119e-01 -3.7854e-01 -5.1244e-01  2.2893e-01  6.8874e-01
  3.9930e-01  2.0908e-01 -2.3835e-01 -8.1803e-01  1.8663e-01 -3.9057e-01
  4.9354e-01  2.5722e-01  6.3859e-01  8.8515e-01  6.8862e-01 -5.1090e-01
 -6.8649e-02 -3.9631e-01  4.4597e-01  5.3997e-01  5.7492e-01  4.1625e-01
  8.6081e-01  3.3225e-01  2.0986e-01 -3.4128e-01 -2.7511e-01  1.7149e-01
  1.0883e+00 -9.4359e-01  5.2509e-01 -1.0235e+00 -1.6800e-01  2.9373e-01
  8.4442e-01  2.1259e-01 -7.3655e-01  4.4829e-01 -8.6960e-02  3.5841e-01
  6.5790e-01 -6.8756e-01 -8.5161e-01  5.8624e-02  4.9660e-01  5.2451e-01
 -6.7006e-01  2.2766e-01 -2.4074e-01 -2.4833e-01  3.6483e-01  4.5323e-01
 -7.6288e-02 -3.4905e-01  1.4479e-01 -1.1326e-03 -1.6393e-01 -6.3740e-02
 -6.9999e-01 -8.9182e-01 -2.5060e-01  6.8558e-01]"
mourns,"[-0.024138   0.76743    0.96403    0.21526   -0.3466     0.79079
 -0.5139    -0.37663   -0.028024  -0.34995   -0.37004    0.12189
  0.095716  -0.10101   -0.70558   -0.16542    0.79402   -0.80985
  0.045452   1.1603    -0.12348    0.14534   -0.22825    0.32604
  0.49151    0.14715   -0.61079    1.1087     0.86638   -0.54313
  0.042101   0.6209    -0.10371    0.84773   -0.89057   -0.77259
 -0.14095   -0.27047   -0.0089755  0.086806  -0.070858   0.33891
  0.93591    0.18839    0.31257    0.85302    0.16248    0.85158
  0.065934  -0.080035  -0.067528  -0.56746    0.16295    0.78148
 -0.88187   -0.031129  -0.20447   -0.054042  -0.54084   -0.26715
  0.091272  -0.39174    0.59591   -0.69553   -0.73729    0.10432
  0.1354     0.17723    0.10957    0.50431    0.7194    -0.67857
 -0.41635    0.49922    0.71816    0.28663    0.53698   -0.20147
 -0.23859   -0.28823    0.14998    0.19851    0.1748     0.60132
  0.21985   -0.78753   -0.74791   -0.49653   -0.44638    0.11707
  1.0654     0.71202    0.12466    0.49899   -0.67663    0.052698
  0.38933   -0.40374   -0.18346    0.071021 ]"
prospecting,"[ 5.6402e-01  2.7991e-01 -6.2332e-01  1.0676e-01  5.4074e-01 -1.5332e+00
 -6.2322e-01  1.0101e+00 -4.8103e-01  3.4703e-01  3.1390e-01  4.1134e-01
  3.5866e-01 -7.5506e-01 -3.2249e-01  2.0048e-01  4.7507e-01 -1.0554e-01
  3.3560e-01 -6.7328e-01 -2.6433e-01  1.0358e+00  3.0305e-02  6.2689e-02
 -3.9875e-01  6.6245e-01  1.4899e-01  5.7885e-01 -2.3359e-02 -5.6083e-01
 -9.2066e-01 -6.9193e-01 -1.7927e-01 -9.6124e-02 -1.4214e-01 -3.9493e-01
 -6.9270e-01 -1.4469e-01 -2.5602e-01 -4.2013e-01 -4.4141e-02  2.0762e-01
 -3.3059e-01 -3.9669e-01 -3.3016e-01 -1.3062e-01 -4.1117e-01 -1.6263e-01
  1.4380e-01 -2.7835e-01 -5.4948e-01  9.6324e-01 -1.0720e-01  9.1990e-01
 -1.1259e-02  2.1798e-01 -8.6324e-02 -5.6162e-01  6.3090e-01  6.2281e-02
 -5.6254e-02 -8.1565e-03  4.2561e-01  4.3342e-01  5.1663e-01  5.1746e-01
  1.1305e+00 -6.2238e-01  7.1630e-01 -3.0900e-01 -2.6257e-01  1.7941e-01
  1.7401e-01 -1.3987e-01 -3.3572e-01 -1.0569e-01 -1.7631e-01 -3.2113e-01
 -1.4284e+00 -2.3727e-01  5.3408e-02  5.5899e-01  3.8368e-01  4.2615e-01
  4.5990e-01  1.6949e-01  8.0720e-01 -2.3502e-01 -1.2405e-01 -1.2303e+00
 -4.0723e-01 -5.9869e-01 -1.2009e-03 -9.1893e-01  5.4815e-02  5.5538e-01
 -1.0044e+00  2.9214e-01 -4.5400e-01  3.1833e-01]"
radiological,"[ 0.63389    0.30828    0.57903   -0.99499   -0.15861   -0.56454
  0.2002    -0.011413   0.22765    1.7152    -0.34151   -1.1385
 -0.46042    0.62119    1.1511     0.74857    0.95769    0.63205
 -0.34117   -0.70011   -0.067973  -0.82781    0.34208   -1.0314
 -0.62029    0.9211     0.0074688  0.33665   -0.5076     0.48833
 -0.23565   -0.59851   -1.211      0.86398    0.29625   -0.88764
  0.041034  -0.32451   -0.11544    1.158     -0.27759    0.12341
 -0.48344   -1.0465     0.24264    0.017751  -0.02617    0.79556
 -1.5316    -0.39764    1.0226     1.001     -0.071035  -0.21865
  0.41386    0.13784    0.60823   -0.47077    0.083803  -0.1636
 -0.097817   0.79205   -0.29801   -0.74224    0.21514   -0.19109
  0.30306    0.029085   0.57789   -0.056123  -0.78097   -0.24337
  0.81717    0.39949   -0.30076   -0.55295    1.0842    -0.34175
 -0.51761    0.57717    0.61233   -0.060172   0.42155    1.0116
 -1.0333    -0.13934    0.98908    0.94282    0.13084    0.036798
  0.63667    0.32327    0.49264    0.51032    0.43684    0.29123
  0.83588    0.25044    0.3208     0.1723   ]"
lodi,"[ 0.34373   -0.78392    0.28787    0.076582   0.0058788 -0.18039
  0.77557   -0.012606   0.24392    1.4526    -0.48511   -0.37318
  0.13594    0.039794  -0.27094   -0.027497  -0.21744   -0.80624
 -0.94786    0.10581   -0.5432     0.31414    0.13089    0.46759
 -0.85777    0.20125    0.12608   -0.41318   -0.67097   -0.24117
 -0.016208  -0.6598     0.59751    0.27491    0.11779    0.37161
  1.152      0.73587    1.0299    -0.27966   -0.82823    0.23162
  0.64394   -1.0006    -0.15335   -0.31662    0.11175   -0.1378
  0.88824    0.79022   -0.609     -0.60093    0.4692    -0.16609
 -1.0579     0.15324   -0.71548   -0.1995    -0.10522   -0.13963
 -0.50733    0.54039    0.16777    0.35623   -0.21817    0.17983
  0.21839   -0.26321   -0.62797    0.60391    0.30848    0.083465
 -0.46584   -0.20093   -0.33172    0.071042   0.16632   -0.28931
 -0.060658   0.087668   0.56058   -0.29256    0.18453    0.57318
  0.57476    0.86078   -0.27266    0.27248    0.19309    0.20083
 -0.86785    0.11338   -0.46066   -0.44043   -0.036358  -0.68183
  0.13786   -0.14774    0.10397    0.14399  ]"
cameroonian,"[ 0.016351   0.30718    0.2612     0.047137   0.13204    1.4001
 -0.38006   -0.77051   -0.4483    -0.39742   -0.32348   -0.018291
  0.74718    0.1844    -0.17744   -0.27395    0.39806   -0.84515
  0.38772   -0.32953   -0.0088433  0.067539   0.75809   -0.36776
 -0.27119   -0.4076     0.015444  -0.41526   -0.086403   0.18168
 -0.88289    0.032456  -0.30688   -0.22259   -0.3257    -0.53496
  0.26899    1.1704    -0.34516    0.18277   -0.045481   0.82733
  0.76511    0.39838    0.25564    0.69806   -0.34491   -0.52888
 -0.66364    0.065415  -0.62967   -0.10771    0.032495   0.38523
  0.53612    0.53447   -0.98864   -0.29676    0.15205   -0.22836
  0.18007   -0.22745   -0.5431    -0.4001    -0.096801   0.25491
 -0.96707    0.20088   -0.097323  -0.12622   -0.35241   -0.40141
  0.79545   -0.11582   -0.12964   -0.16337    1.0178     0.28795
  0.024735  -0.15561    0.41481    0.051008   0.51403   -0.23268
  0.30366   -0.37704    0.36473    0.78593    0.096603  -1.0842
  0.31508    0.35121   -1.236      0.21086   -0.31311    0.37189
 -0.94231   -0.028488  -0.91713   -0.14762  ]"
yastrzhembsky,"[-0.63138   -0.88397    0.63887    0.58379    0.21296   -0.11547
  0.59427   -0.26278    0.4451     0.30405   -0.29442    0.74781
  0.4878    -0.63279   -0.19522    0.34981   -0.31683    0.10622
 -0.10043   -1.4196    -0.50341    0.75106   -0.81579    0.87188
 -0.60868    0.84826   -0.30499    0.4233     0.33369    0.86504
  0.88315   -0.54782   -0.50477    0.15706    0.24684    1.4909
  0.50664    0.36957    0.037549   0.25795    0.35997    0.50051
 -0.59769    0.18417   -0.31492   -0.85425   -0.45415   -0.61433
 -0.078848   0.54761    1.7224    -0.18886   -0.16612   -0.0078115
 -0.13673   -0.94579    0.4149     0.82099   -0.57715    1.3185
 -1.2768    -0.9018    -0.17738    0.064091  -0.19814   -0.53159
  0.40906    0.60448    0.35629   -0.34503    0.062962  -0.95717
  0.64037    0.51429    0.42025   -0.69723   -0.28683    0.57785
 -0.60737    0.16516   -0.1672    -0.35893    0.82512   -0.13953
 -0.31098   -0.34039    0.24394    0.96119   -0.38617   -0.28759
  0.85747   -0.31106   -0.034648   0.526     -0.64885   -0.57067
  0.10904    0.47848   -1.0177     0.80801  ]"
coatings,"[-1.0111e+00 -2.3454e-02 -8.5305e-01 -1.2815e-01  5.6427e-01 -1.0317e+00
 -5.0259e-01 -2.8909e-01  2.0178e-02  6.2747e-01  5.3272e-01 -1.5452e+00
 -4.4407e-01 -2.3550e-02  4.2330e-01  5.1031e-01  7.7760e-01 -1.6667e-01
  7.9190e-01 -1.7064e-01 -7.6606e-02 -7.4798e-01  1.6175e-01  5.9543e-01
 -3.6546e-01  9.8471e-02  1.1772e+00 -5.3446e-01 -6.5934e-01 -9.6596e-01
 -3.5787e-02 -1.5756e-01 -9.3104e-01 -1.2498e-01  3.1226e-01  4.8670e-01
  4.8533e-01  4.2961e-01  7.4455e-02 -2.7532e-02  4.8452e-01 -5.6878e-01
 -8.4696e-01 -4.5457e-01 -1.4378e-01  2.9473e-01  4.4589e-01  5.8168e-01
 -3.3022e-01 -2.9038e-01 -1.6183e-01  2.4989e-01 -4.2694e-01  9.9222e-01
 -2.1946e-01  7.6142e-01  2.7805e-01  2.4641e-01  3.0369e-01  1.6819e-01
  7.2769e-02  7.9908e-01  2.5998e-01  9.7734e-01 -2.1737e-01 -1.7789e-01
  7.6994e-01 -6.0711e-02 -3.8889e-01 -1.2065e+00 -4.1030e-01 -1.0246e-01
  1.0738e+00  8.6978e-01 -1.5539e-01 -4.3738e-01  2.8056e-01  5.0259e-02
  5.2910e-04  3.9895e-01 -2.2682e-01  1.7036e-01 -6.0698e-01  1.3041e+00
 -1.5582e-01 -8.9164e-02  5.7302e-01  1.3069e-01  2.2569e-01 -3.3453e-01
  1.2369e-01 -5.5907e-01  3.0977e-01 -3.7350e-02  8.8458e-01  8.8866e-01
  1.0188e-01 -3.0920e-01  5.0592e-01  2.2509e-01]"
830,"[ 0.56933    0.47017    0.18118    0.43542   -0.35046    0.37425
  0.3622    -0.048732  -0.034999   0.15372    0.85068    0.56421
  0.20978   -0.40479    0.19034   -0.50055   -0.14289   -0.31523
  0.034767   0.37116    0.88793    0.16032    0.2067     0.47767
 -0.038311  -0.57975    0.74555    0.66394   -0.41976   -0.48759
 -0.29823    0.17407    0.10025    0.0068635 -0.67914    0.52589
 -0.46859   -0.034971   0.18889    0.39121    0.1556    -0.58801
 -0.15999    0.042806  -0.058561  -0.19011    0.45057   -0.68621
 -0.5805     0.24719   -0.22219   -0.055565   0.26548    0.092304
 -1.0669     0.34312    0.51275   -0.60125   -0.15201   -0.25057
  0.48609    0.072116   0.0036481 -0.039308  -0.65112   -0.16233
  0.2618    -0.27008    0.44949   -0.40204   -0.18734   -0.16363
 -0.13427    0.015554  -0.03795    0.10715    0.32421    0.58959
 -0.32449    0.085295  -0.050263  -0.43761    0.31752    0.31291
  0.22876    0.52419    0.3863    -0.17541    0.12616    0.13736
  0.2092     0.89991   -0.12384   -0.43686   -0.30358    0.32731
 -0.40943   -0.016858   0.12786   -0.25844  ]"
pickle,"[-7.8889e-01  1.7632e-01 -2.4721e-01 -7.9478e-01 -4.4863e-01 -3.5677e-01
  5.2882e-01 -3.6646e-01  8.5440e-01 -4.9288e-01 -3.0872e-01  3.4074e-01
 -1.4595e-01 -1.9499e-01 -7.6171e-01  5.6515e-01  8.7998e-01 -1.2066e-01
  7.6961e-04  2.7451e-02  4.8356e-01  1.4457e-01  2.7308e-01  3.1827e-01
 -3.5258e-01  1.2802e+00 -2.8964e-01  3.9076e-01 -8.2494e-02  6.8466e-02
  2.0488e-02  2.6340e-01  7.3598e-01 -8.7134e-01 -9.8379e-02  8.3079e-01
 -5.2042e-01  5.6271e-01  9.0372e-01 -8.2392e-01  4.4755e-01 -9.0712e-01
 -9.1012e-02 -5.0209e-01 -2.4235e-01  3.2432e-01 -1.1429e-01  3.1357e-01
 -2.3112e-01  6.4659e-02 -3.0269e-01 -7.0326e-01 -4.2382e-01 -7.5733e-02
 -9.5400e-01 -1.2070e-01 -1.1669e-01 -6.8738e-01 -6.3280e-01 -8.7396e-02
  1.7412e-01  2.8729e-01 -1.5522e-01  7.0042e-01 -4.0187e-01 -6.9531e-01
  8.3242e-01 -3.0620e-01 -4.3922e-01  5.5105e-02  1.6929e-01  1.0521e-02
  1.5697e-01 -3.3223e-01 -7.2643e-01  6.6663e-01 -2.5729e-01 -1.8453e-01
  2.9497e-01  7.6793e-01 -1.9171e-02 -4.2889e-01  3.3328e-01  6.7892e-01
 -3.5341e-01  1.3631e-02  1.7804e-02 -4.5391e-01  4.3826e-01 -5.0167e-01
 -3.0749e-01  4.6402e-01 -8.0200e-01 -1.3574e-01  8.5816e-02 -5.2279e-01
 -5.5565e-03 -1.9462e-01  2.2954e-01  4.0131e-01]"
33.5,"[ 0.97714    1.0976    -0.0097129 -0.32924   -0.79595    0.72837
 -0.49425    0.26604   -0.30054    0.47411    0.79362    0.79292
 -0.69234   -0.067944   0.85484   -0.38164   -0.36092    0.33877
 -0.33263    0.72337    0.11437    0.30053    0.61888    0.48216
  0.23282   -0.41591    0.33647    0.62991    0.09152   -1.4771
  0.98772   -0.36718    0.41035    0.025394  -0.41489    0.92417
  1.2952     0.23919   -0.51599    0.91271    0.011738   0.16888
 -0.26047    0.17026   -0.27584    0.14243   -0.24602   -0.64391
 -0.5198    -0.78626   -0.14019   -0.84261    0.11245    0.39147
 -0.5156     0.59596   -0.086187  -0.81156    0.24614   -0.30352
  0.4074    -0.16718   -0.69736    0.36395   -0.26585    0.28989
  0.15849   -0.54106   -0.64101    0.30352   -0.15093    0.25313
  0.14046    0.24611   -0.23831    0.35431   -0.73948    0.049268
 -0.39769    0.062901   0.0056019  0.14713    0.69291    0.96251
  0.042241  -0.15361    0.16097   -0.17412    0.60255   -0.25689
  0.44753   -0.2847    -0.54975   -0.73616    0.77083   -0.095631
  0.3584    -0.011638   0.047744  -0.50054  ]"
sunbeam,"[ 7.7809e-02 -4.7683e-01  1.2096e-02  3.4487e-02 -3.2384e-01 -4.1775e-01
  1.4210e+00  3.1040e-02 -2.0098e-01 -4.3975e-01  2.4858e-01  4.3707e-01
  6.9710e-02 -3.3766e-01 -5.9025e-01 -3.4253e-01  6.4006e-01 -3.0513e-02
  6.0753e-01  3.7748e-01 -2.7439e-01 -5.9861e-01  7.0185e-02  1.0235e+00
 -2.0692e-02 -8.7729e-02 -3.7310e-01  3.7560e-02 -1.3855e+00 -5.6260e-01
  5.5761e-01  2.6793e-01 -7.4299e-01 -5.3937e-01 -7.0637e-01  5.4633e-01
  2.6705e-01  2.6931e-01  6.7189e-01 -2.3061e-01 -2.2777e-01  4.1319e-01
 -2.5321e-02 -1.3527e-01 -8.7152e-01  1.5151e+00  1.7836e-01 -3.0290e-03
 -2.6843e-01 -1.0013e-01 -8.1929e-01  3.9764e-03  2.7688e-01 -3.1797e-01
 -4.1013e-01  4.4754e-01  1.2401e-01  5.3275e-01 -5.7817e-02 -3.1126e-01
  5.5544e-01 -6.7270e-02 -5.7624e-01  4.3086e-01 -5.0172e-02 -6.1397e-01
  4.0439e-01 -2.9830e-02  1.5513e-01 -5.3086e-02  1.2726e-01 -1.0731e-03
 -5.2503e-01 -3.5439e-01 -4.0517e-01  6.5978e-02  3.8661e-01 -1.9932e-01
 -8.8309e-03  3.3150e-01  9.7490e-01 -5.4692e-01 -2.1047e-01  8.9421e-01
  1.2923e-01 -8.1268e-02  2.5263e-01 -3.4515e-01  1.7815e-01  6.8217e-02
  2.3814e-01 -1.8548e-01 -2.1758e-01  2.1556e-01  3.0788e-02 -6.5341e-02
  3.3770e-01  6.0016e-01  8.0931e-01  4.9553e-01]"
ulcer,"[ 0.2751    -0.56706    0.3539     0.35053    0.064169   0.34519
  1.1118    -0.35243    0.45226   -0.014133  -0.37704    0.33357
  0.089268   0.040635   0.83411    0.88703   -0.33056   -1.1315
  0.80685   -0.89259    0.42344   -0.17251   -0.86386    1.1972
 -0.027208   0.64333    0.64381   -1.3633     0.57781   -0.020881
  0.21737    0.13116    0.46644   -0.16947   -0.072883   0.49925
 -0.30608   -0.098058  -0.1065    -0.0044316  0.67419    0.45888
  0.31274   -1.0164     0.35556    0.7423    -0.17559   -0.45521
 -0.21363    0.64522    0.46612    0.3691     0.056251  -0.12811
 -0.62941   -0.10042    0.24782   -0.21856   -0.40394    0.64845
  1.0185     0.53348    0.46895    0.6749    -0.59286    0.39884
  0.12051   -0.71013    0.63473   -1.4237    -0.21758   -0.34269
 -0.26414    0.26617    0.015732  -0.70444   -0.43905    0.7747
 -0.60403   -0.026539   0.33279   -0.19228   -0.1472     0.58428
 -0.78475   -0.53336    0.38135    0.68636   -1.6593    -0.19256
 -0.02125   -0.3529     0.086762   0.26013    0.92214    0.73608
  1.144     -0.2896     0.64196    0.55605  ]"
snowball,"[ 5.0732e-02  3.2792e-01 -8.7851e-01 -2.0708e-04 -2.1357e-01  2.3988e-01
  6.3774e-01 -1.5274e-01 -1.1432e-01 -8.8407e-01 -4.0335e-01  4.0119e-01
 -1.4248e-01  1.1044e-01  1.4150e-01  4.1746e-01  1.2560e-01  7.4995e-01
  6.8063e-01  1.5455e-01  6.0960e-01  6.5783e-02 -4.0942e-02  2.0757e-01
  1.8339e-01  8.4647e-01 -2.3436e-01  7.6978e-01  2.0627e-01 -5.0136e-01
 -2.0997e-01 -4.2824e-01  8.3652e-01 -9.8432e-02 -4.0605e-01  3.0393e-02
 -3.1165e-01 -1.8169e-01  2.6390e-01 -1.1565e-01 -8.5141e-01  3.2525e-01
 -4.8877e-01 -3.9577e-01 -6.5855e-01  4.9166e-01  9.1168e-02  1.8288e-01
 -3.0015e-01 -1.5157e-01 -5.3049e-01  4.9791e-03  1.5961e-02  6.6803e-01
  1.6294e-01 -7.3458e-01  2.6713e-01  5.7092e-01 -6.3600e-01 -1.7122e-01
  3.3667e-02  4.9683e-01 -6.9700e-01  5.5899e-01  7.9101e-01  7.8146e-01
 -1.4653e-01 -3.0727e-01 -2.2976e-01 -6.9392e-01  5.3361e-01 -8.3985e-01
  3.2172e-01  5.4561e-01 -8.4460e-01 -4.9230e-01  3.7817e-01 -6.0604e-01
  1.3976e-01  7.0604e-01  4.6673e-01 -2.7831e-01 -4.5220e-01  4.3846e-02
 -4.6884e-02 -1.7442e-01  3.1668e-01 -5.7154e-01 -2.2260e-01 -5.7570e-01
  1.3088e-01  2.4800e-01 -3.4371e-01 -2.1903e-01  6.9627e-01 -4.4719e-01
  8.7106e-01  6.8157e-01  2.6666e-01  4.7081e-01]"
insightful,"[-0.46936    0.34966    0.19166   -0.24459   -0.070262   0.56679
  0.15892   -0.17922   -0.0097039 -0.01547    0.49771   -0.44563
 -0.18118   -0.27425    0.52277    0.58617   -0.31493   -0.48486
  0.50392    0.69782    0.28582    0.052012  -0.21307   -0.13468
  0.59005   -0.044217  -0.086682   0.81583   -0.43777   -0.16048
 -0.70166    0.22203   -0.42596   -0.22412   -0.15676    0.069025
 -0.5245     0.0031021 -0.34339   -0.065853   0.12242    0.62613
 -0.28071    0.0087148 -0.92156   -0.092229   0.64789   -0.18356
  0.39755   -0.14443    0.46431   -0.097125   0.64243    0.047011
 -0.35571    0.039382   0.94226   -0.31982    0.0078078 -0.89866
  0.24284    0.90583    0.070048  -0.21084    0.9016    -0.94621
  0.61113    0.31303    0.35265   -0.51153    0.10291    0.53637
  0.6646    -0.37392   -0.1656     0.064216  -0.20985    0.018241
  0.17237   -1.1235    -0.097656   0.90726    0.36361   -0.18543
 -0.68637   -0.17593    0.23543    0.68521   -0.4373    -0.77479
  0.47191    0.46043    0.26581   -0.61008    0.16351    0.45549
 -0.73926   -0.7308    -0.65727    1.3507   ]"
mansur,"[-0.43591   -0.55597    0.11017   -0.069986  -0.2708    -0.038968
 -0.27371    0.27764    0.63778    1.8057     0.34958   -0.35498
  0.22235   -0.63472    0.33463    0.098848  -0.59349   -0.43193
 -0.90538   -0.38965   -0.093133   0.065328  -0.090096   0.27142
 -1.035      0.21623    0.51275   -0.65121    0.4389     1.2062
  0.0039755 -0.70517    0.36886    0.055657  -0.25375    0.5648
  0.13367    0.77085   -0.21748    0.40232    0.33478    0.40916
  0.14031    0.058027   0.77087   -0.52417   -0.37818    0.52752
  0.66134    0.56016   -0.76675    0.46901   -0.44063    0.25128
 -0.53596    0.23709   -0.33089    0.3925    -0.61962   -0.2628
 -0.15442    0.082117   0.54142    0.15925    0.052005  -1.1498
  0.61115   -0.022953  -0.77524    0.17703   -0.45698   -0.69816
  0.19345   -1.3318     0.1787    -0.34242    0.087176  -0.68132
 -0.53554    0.34799   -0.24362    0.0095117 -0.0044852 -0.69824
  0.58433   -0.37356   -0.72737   -1.0213     0.15003   -0.13226
  0.84101   -0.06824    0.16122   -0.2805    -0.29702    0.68357
  0.29732   -0.40921   -0.38117   -0.35333  ]"
canes,"[-8.3837e-03  8.8386e-01 -1.3954e-01 -6.3918e-01 -4.8879e-01  7.2447e-01
 -1.1331e-01  1.3550e-02  9.0991e-02 -7.4239e-01 -5.7912e-01 -1.8834e-01
  1.5410e-01  2.2338e-02  3.0478e-01 -1.9727e-01  5.8755e-01  1.2286e+00
  1.8868e-01 -7.0463e-01  2.7528e-01 -1.1928e-02  1.4696e-01  1.0045e+00
  1.1989e-01  1.0987e+00 -6.6207e-01 -9.7991e-01 -5.3394e-01 -2.2426e-02
  5.9333e-01 -6.0309e-02 -2.8654e-01  4.1814e-01  6.7578e-02  2.0467e-01
 -4.3239e-01  5.2701e-01  6.6335e-01 -3.9566e-02 -5.5536e-02  3.1834e-01
  2.6629e-01 -2.2397e-02 -2.9202e-01  6.8732e-02 -1.2328e-01  1.9500e-01
 -1.1389e-02  4.9242e-01 -4.7690e-01 -4.9138e-01 -3.4361e-01  8.6608e-01
  2.8156e-01  4.7439e-01 -5.4059e-02  4.1792e-01 -1.6342e-01  3.0238e-01
 -5.1232e-01  6.4543e-01 -8.1386e-02  7.0766e-01 -8.8785e-01 -1.8513e-01
  2.9260e-02 -1.1246e-01 -5.6898e-02 -4.5120e-01  8.0568e-02  4.4795e-02
  1.2344e-01 -5.6769e-01 -5.4781e-02  1.4417e-01  9.0344e-02  3.2440e-01
  2.7023e-01 -1.8760e-01  3.7232e-01 -1.2632e-01 -3.2255e-01  2.0119e-01
 -3.4417e-01  1.9451e-06  4.3608e-01  5.3762e-01  2.2260e-01  6.2202e-01
 -2.5253e-01  8.9210e-04 -5.8833e-01 -2.2181e-01 -5.0526e-01 -1.3866e+00
 -2.2741e-01  1.3313e-02  7.7630e-01  1.2806e-01]"
restrooms,"[ 0.2754     1.0887     0.27406    0.074231  -0.19246    0.14746
 -0.20702    1.0198     0.60025    0.044121   0.16628   -0.21558
  0.072389   0.25009    0.68994   -0.12024    0.36503    0.66399
 -0.81125   -0.31578   -0.45037    1.1118     0.4721    -0.48706
  0.01867   -0.74268   -0.23073    0.27172   -0.80129   -0.17258
  0.20419   -0.064791   0.07182    0.92212    0.45552    1.2051
  0.13018   -0.18813   -0.25536   -0.13736    0.93241   -0.38717
 -0.32568   -0.50734    0.45176    0.57979    0.075695   0.0069332
  0.10508    0.17657    0.21228   -0.23117   -0.55938    0.56569
  0.31345    0.096816   1.014     -0.087584  -0.018919  -0.59947
 -1.2274    -0.35521    0.49095    0.4964     0.23816   -0.12188
  0.95546   -0.84858    0.076504  -0.64037   -0.32285   -0.28612
  1.1219    -0.21633    0.40058    0.68182    0.78292    0.17885
  0.29723   -0.44654   -0.17009   -0.9791     0.72581    0.33129
 -0.5877     0.022656   0.4673     0.77017    0.00617    0.097899
  1.0128    -0.036182   0.035617   0.18781   -0.27316   -0.14687
 -0.25145    0.52912    0.70901    0.6025   ]"
isna,"[ 0.67509  -0.69639   0.37956  -0.89869  -0.95059   0.20375  -0.5177
  1.1187    0.83731   1.5391    0.38473   0.3289    1.0725   -0.56101
  0.081659  0.026499  0.42079  -1.1028   -0.44301  -0.49449  -0.98284
 -0.48031  -0.51446   1.0042    0.43715  -0.47219  -0.86387   1.2838
 -0.38412   1.5054   -0.31313  -0.065494 -0.72181   0.28498  -0.35005
 -0.52776  -0.29949   0.052002 -0.63722  -0.089322 -0.98246   0.99188
 -1.4608    0.13935   0.18242  -1.2711    0.46988   0.30416  -0.43286
  0.50544  -0.098483  0.14121   0.4666    0.53945  -0.2533    0.49237
  0.21688   0.38434   0.058363  0.18423  -0.87101  -0.79378  -1.2479
 -0.18944  -0.21887   0.18714   0.40482   0.46726   0.43314   0.85199
  0.58418  -0.38098   1.5296    0.053845  0.53654   0.62439   0.23497
 -0.67944  -0.95301  -1.1515   -0.10245  -0.68104   0.27476  -1.4369
 -0.022332 -0.72777  -0.70686   0.78617   0.18354  -0.41194   0.89538
  0.65155   0.33753   0.053481 -0.67825  -0.14277   0.49652  -0.1102
  0.54538   0.01692 ]"
misuari,"[-0.01415   -0.352     -0.16156   -0.90428    1.5954     0.79096
  0.34576    0.125      0.01335    0.12866   -0.4095     1.2101
  0.85505   -0.49602    0.24453   -0.45042    0.007667  -0.55347
  0.63358   -0.71831    0.62523   -1.2705    -0.21919    0.71675
 -0.60255    0.15917   -0.20525   -0.36868    0.33603   -0.95109
 -0.20252   -0.034717   0.08632    0.63672    0.06341    0.094169
  0.77548    0.8395     0.23413   -0.6202    -1.565      0.92005
  1.7581    -0.87617   -0.26478   -0.029011   0.41185    0.21288
  0.096023   0.39093   -0.72686   -0.28829    0.61147   -0.049896
 -0.20529    0.97938   -0.064517  -0.54565    0.16282    0.13575
  0.083283  -0.0084809 -0.52354   -0.14662    0.35792    0.73869
  0.37831    0.6766     0.22131    0.84468    0.86612    0.070131
  0.10233   -1.2554    -0.20635   -0.4176    -0.10957    0.56281
  0.069648   0.49415    0.19713   -1.1739    -0.18866    0.18796
  0.057166   0.65194    0.1784     0.52561    0.45893   -0.1743
  0.53279   -0.17823   -0.034824   0.010894  -0.42955   -0.27171
 -0.15392    0.69862    0.38128   -0.37861  ]"
nicer,"[ 0.12434    0.40537    0.76368   -0.39726   -0.71293    0.21145
 -0.065698  -0.040139   0.42834    0.94866   -0.19522    0.15653
 -0.21411   -0.46907    0.43305    0.18887   -0.78716    0.15784
 -0.013873   0.73833    0.18627    0.63898   -0.28737   -0.32514
 -0.37982   -0.76478   -0.040202  -0.43841   -0.26986   -0.11557
  0.14159   -0.48058    0.43433   -0.19001    0.75925    1.2801
 -0.7229     0.077824   0.4666    -0.33135    0.44231   -0.14594
  0.062331  -0.30541   -0.88473    0.75459    0.38262    0.16403
  0.28997   -0.43174   -0.22249   -0.70053   -0.0099931  0.068223
 -0.39684   -0.20649    0.3072     0.7593    -0.36645   -0.7266
 -0.099936   1.0729    -0.84477    0.47798    0.020744  -0.25623
  0.30066    0.2889    -0.12636   -0.68356    0.24281   -1.1022
  0.60053   -0.34788    0.53056    0.15192    0.30174   -0.4314
  0.30413    0.44536   -0.69104   -0.42507   -0.18498    0.40945
 -0.5168     0.36161    0.52405   -0.35691   -0.41059   -0.62537
  0.61767   -0.29113    0.82491   -0.8963    -0.27916   -0.030631
 -0.1903     0.48076   -0.032261   0.67526  ]"
zaman,"[-5.9696e-01 -4.3824e-01 -3.9584e-01 -5.3590e-01 -5.1357e-01 -2.4011e-01
 -6.1852e-02 -1.7867e-01 -9.4222e-02  1.0021e+00  2.1925e-01  1.6657e-01
  2.9369e-01  8.5595e-02  2.5774e-01 -4.8557e-01  2.1938e-01 -9.0711e-01
 -1.2722e+00  6.3120e-01  1.2715e-01  8.7112e-02 -5.8418e-02  2.9003e-01
  1.7193e-01  4.6309e-01  9.5023e-01  7.5822e-01  1.8329e-01  2.5733e-01
 -5.7990e-02 -5.7152e-01  1.1532e-01 -3.4503e-01  1.0560e-01  1.0168e-01
 -4.3618e-01  5.2942e-01 -5.2225e-01 -9.5403e-01 -8.9679e-02  7.2208e-01
  2.1988e-01  1.7535e-04  2.6440e-01 -7.1692e-01  1.3899e-01 -4.0902e-01
  6.1542e-01  8.2026e-01 -6.4768e-01 -1.6289e-01  4.6184e-01  5.7048e-01
 -3.2807e-01  7.9894e-01 -4.0688e-01  3.8922e-01 -3.4797e-02  4.0011e-01
  3.6714e-02 -8.2754e-01  1.5279e-01  9.0309e-02  4.3836e-03 -3.7419e-02
  1.6745e-01  2.3534e-01 -4.2818e-01  1.0743e+00  5.9741e-01  6.5457e-01
  1.5709e+00 -5.7793e-01  5.5591e-01 -3.1613e-01 -5.5388e-01 -3.1922e-01
 -6.3708e-01  1.7200e-02  4.8531e-01 -8.5188e-01 -6.2496e-01 -6.7358e-01
  1.4943e-02 -7.4863e-01 -2.0880e-01  3.9618e-01 -6.5579e-01  5.7722e-01
  1.3108e+00  7.0264e-01  5.5869e-01 -1.5651e-02 -3.7304e-01 -5.6974e-01
  6.8031e-01 -6.0318e-01 -3.1080e-02  9.3081e-01]"
gurus,"[-0.29467   -0.48642    0.21493   -1.1978    -0.044366  -0.071959
 -0.29601   -0.78773   -0.56581    0.24323    0.41386   -0.22365
  0.35732   -0.06808   -0.41942   -0.20606    0.083529  -0.072903
 -0.80193    0.14667   -0.31265   -0.12366   -0.85604    0.11363
 -0.14309   -0.25382    0.19659    0.23887   -0.58524   -0.50162
  0.14176   -0.14406   -0.36178   -0.025685  -0.38276    0.25862
 -0.72503    0.18507    0.44465   -0.77414   -0.52123    0.73237
 -0.075105  -0.5603    -0.65748   -0.84325   -0.019845   0.62009
 -0.069026  -0.18028   -0.66899    0.17998   -0.1374     0.42695
  0.036212  -0.1379    -0.12018    0.51539   -0.37456    0.15156
  0.2302     0.20132    0.25754    0.30373   -0.45299    0.41858
  0.29199   -0.64915    0.86054   -0.46013   -0.21523    0.31049
 -0.59155   -0.0088638 -1.5065    -0.58584   -0.090218   0.24853
  0.38591   -0.9849    -0.12369   -0.062365  -0.008058   0.2357
 -1.004      0.3542    -0.08555   -0.39438   -0.42634    0.25545
  0.068131   0.38882   -0.20214   -0.76328   -0.20449   -0.47878
 -0.19398   -0.43114   -0.15769    0.57952  ]"
jigsaw,"[-0.11245   0.89495  -0.18159  -0.20858  -0.10816  -0.092219  0.63572
 -0.50967   0.45717   0.49908   0.3271    0.58137  -0.19455   0.11376
 -0.18827   0.77305   0.30999   0.72644   0.093845 -0.36633   0.046253
 -0.18664   0.45868  -0.11186   0.85058  -0.33164  -0.34379   0.73594
 -1.0294   -0.43202  -0.55883  -0.65889  -0.14622  -0.43004  -0.30196
 -0.70408   0.18039  -0.13417   0.73256  -1.0631    0.076842  0.81745
  0.31661  -0.26775  -1.1164    0.88299  -0.37485   0.40476   0.077948
  0.83693  -0.24414  -0.1103    0.23664   0.52755  -0.16663  -0.5836
 -0.15944   0.010481 -0.39728   0.78022  -0.25382   0.77664  -0.48614
  0.26766   0.157     0.22348  -0.33658   1.2045    0.41482  -0.004288
  0.025     0.029001  0.31527   0.79307   0.1857   -0.011031 -0.64574
  0.25462   0.75097   0.68342   0.11646   0.064034 -0.03463  -0.047891
 -0.54758  -0.11457  -0.56072   0.024992 -0.78875  -0.13325   0.030236
  0.36345   0.16233  -0.10418   0.89733  -0.85166   0.26324  -0.48902
  0.32186   0.076232]"
ingested,"[-0.25335    0.32458    0.25927   -0.32276   -0.25179    0.59154
  0.42103    0.52848    1.075     -0.36905    0.055849   0.44209
 -0.11364    0.40889   -0.03893   -0.0051743 -0.20429    0.62566
 -0.14097   -0.4546    -0.054513  -0.71963   -0.36569    0.59158
 -0.26066    0.61956   -0.18311    0.37036   -0.66092    0.26773
  0.36162    0.70691   -0.16494   -0.42163    0.016202  -0.35951
  0.19748    0.30742   -0.79885    0.68961   -0.49929    0.052909
 -0.48903   -0.42859    0.65221    1.1809     0.13218    0.010853
 -0.21905    0.16486    0.33731    0.12886    0.1074    -0.055378
 -0.028582   0.50631   -0.49888    0.39882   -0.2317    -0.064757
  0.71973    1.0185     0.038361   0.29364    0.2916    -0.14595
  0.73348   -0.70005    0.30194   -0.76388   -0.28183   -0.94786
  0.86038    1.2352    -0.36397    0.036987  -0.53245   -1.2055
 -0.3662     0.14538    0.12401    0.1115    -1.2226    -0.0094619
 -0.15564   -0.44347    1.0635     0.67141   -1.068     -0.31135
 -0.60844   -0.77529    0.24545    0.03352    0.019306  -0.35274
 -0.014375  -0.42375   -0.24784   -0.8252   ]"
outlays,"[-0.077424   0.48352    0.16243    0.25136    0.20763   -0.57913
 -0.94686    0.13945    0.3632     0.33954    0.23413    0.19278
 -0.32819    0.28164   -0.028808  -0.34666    0.20493    1.2518
  0.57838   -0.093408  -0.038009  -0.49338   -0.44693    0.94253
 -0.66309   -0.34465    0.061162  -0.10569   -1.0127    -1.0585
  0.10859   -0.61772    0.10805   -0.32952   -0.58082    0.64464
  0.17037    0.019442  -0.75822    0.36127    1.1201    -0.20944
 -0.38807    1.2189    -0.1113    -0.71203    0.027961  -0.047196
 -0.22642   -0.36281    0.40833   -0.12886    0.59816    0.28831
  0.4169    -0.012954   0.641     -0.58281    0.32023    0.28169
  0.35847   -0.58391   -0.086277   0.28879   -0.20676    0.54761
  0.15116   -0.14154    0.83429   -0.063876   0.7152    -1.1533
 -0.22166    0.28916   -0.66478    0.1362    -0.0085544  0.73146
  0.24925    0.053561   0.36256    0.5689     0.20192   -0.26086
 -1.1127    -0.014177   0.27481   -0.26126   -0.42373   -0.46353
  0.21613   -0.11053   -0.11197   -0.49016   -0.51915   -0.32642
  1.1003     0.11046    0.5509    -0.58649  ]"
hushed,"[ 3.5043e-01  3.5013e-01  6.9082e-01  2.9275e-01 -2.5728e-01  1.7016e+00
 -5.2174e-01  1.8415e-01 -5.6424e-04 -5.6247e-02 -6.8015e-01  1.6977e-01
 -1.4756e-01 -3.1114e-01 -2.2164e-01 -3.5025e-01 -9.1851e-01  2.8062e-01
  5.2302e-01 -1.1292e+00  1.4814e-01 -3.2387e-01  1.6240e-01 -7.7178e-01
  5.1080e-01 -5.7988e-01  2.9186e-01  6.2387e-01  3.4113e-02  3.9095e-01
  5.2815e-02 -9.1261e-01  3.4644e-02  8.8764e-02 -8.3212e-02  4.3311e-01
  2.6826e-01  1.6195e-01  6.1950e-01  6.8624e-02  2.5971e-02 -7.1058e-01
 -2.5983e-01  6.2389e-01 -4.7925e-03 -5.4024e-02  3.2480e-01  1.4479e-01
  5.7374e-01 -3.9131e-01 -8.9170e-02 -7.7108e-01  6.9855e-01 -3.3637e-01
 -3.7059e-01 -2.6864e-01  3.9652e-01  1.4081e-02 -3.2194e-02  1.4436e-01
  3.6418e-01  4.5401e-01 -2.4266e-01 -1.0843e+00 -5.7955e-01 -6.4209e-01
  9.3839e-01  9.6209e-02  2.9736e-02  1.8816e-01  3.2748e-01 -3.2204e-01
  5.4329e-01 -1.1022e+00  8.2949e-02  3.8304e-01  1.9326e-01 -7.6793e-01
  5.9229e-01  1.3537e-01 -7.8735e-02 -3.7360e-01  2.5802e-01  1.5986e-01
 -9.9035e-01 -1.2908e-01  6.2212e-01  1.0267e-01 -5.3724e-01  2.5223e-01
  8.5693e-01  4.2029e-02 -2.1404e-01  4.9579e-02  4.5625e-01  2.0557e-01
 -2.4379e-01  3.4611e-01 -3.2858e-01  4.9492e-01]"
impropriety,"[ 0.62799   -0.32778    0.52557    0.077723  -0.22669    0.49785
  0.1055    -0.36207    0.26097    0.52633    0.17786    0.97214
  0.18963    0.12359    0.42434    0.22495   -0.54525    0.56476
  0.037374   0.015015  -1.1244    -0.30942   -0.35695   -0.75803
  0.024211  -0.11582    0.59102   -0.09469   -1.0675    -0.084563
  0.51923   -0.47094    0.090328  -0.15296   -0.43408    0.094689
 -0.3451    -0.15927   -0.53189    0.14375   -0.35904    0.20328
 -0.36893   -0.12813   -0.29316   -0.071761   0.60286   -0.21646
 -0.10914   -1.2426    -0.0035739 -0.020344  -0.013188   0.5066
 -0.26526   -0.27152    0.57635   -0.48104   -0.6886     0.46999
 -0.70395   -0.28938   -0.11761    0.60141    0.11237   -0.89733
  0.8545    -0.30209    0.5644     0.15299   -0.48872   -0.49955
 -0.30844   -0.42578   -0.40303    0.58915    0.04752    0.1945
 -0.71043    1.1635    -0.55417   -0.27865    1.1623     0.16186
 -0.34643   -0.65216   -0.21154    1.3326     0.53104   -0.61387
 -0.78384   -0.34769   -0.29965    0.030453   1.3101     0.33947
 -0.26876   -0.20597   -0.17369    0.11886  ]"
"135,000","[ 0.43898    0.5506     0.11856    0.24325   -0.058985   0.028112
  0.38436    0.59297    0.43523    0.25636    0.51573   -0.17401
  0.036941  -0.56414    0.29512   -0.37229    0.14962   -0.11311
  0.68579    0.10804    0.93746   -0.27907    0.030627   0.20458
  0.5299    -1.1858     0.058368  -0.38637    0.30343   -0.83243
  0.38205   -0.26108   -0.067031  -0.04654   -0.28103   -0.16766
  0.19149    0.52204   -0.2541     0.15436    0.13967    0.17229
 -0.019971   0.43625    0.35689   -0.13385   -0.20393   -0.66893
 -0.37315   -0.014628   0.33021   -0.54969    0.1752     0.090462
 -0.72974    0.60315    0.38904   -0.99409   -0.2321    -0.15971
  0.98149    0.89253    0.29959    0.13934    0.09079    0.0030254
  0.12816    0.34408    0.89414   -0.57449    0.52807   -0.083255
 -0.67734   -0.0064898  0.51177   -0.053199   0.41045    0.18872
  0.0263    -0.052845   0.53728   -0.35057    0.21486    0.38162
  0.20208    0.14733    0.60998    0.3749    -0.25007   -0.30851
 -0.20876    0.53189    0.095106  -0.82248   -0.63184   -0.44073
  0.54238    0.69084    0.54371    0.5587   ]"
enterprising,"[ 0.094374  -0.01121   -0.18681   -0.31666   -0.28596    1.1362
  0.30724   -0.2426    -0.18644    0.1187     0.40683   -0.53622
  0.40739   -0.92976   -0.063001   0.12544   -0.091957   0.20436
  0.16439    0.39037    0.31321   -0.0046971 -0.16483   -0.24728
  0.52992   -0.088645   0.10182    0.3311    -0.47656   -0.13572
 -0.51259    0.7497     0.003106  -0.4977    -0.015926  -0.4565
 -0.44275    0.046861   0.32444   -0.20375   -0.23604    0.25206
 -0.27785    0.1991     0.13971   -0.039525   0.7101    -0.15607
  0.25285    0.5405    -0.95148   -0.040528   0.0029877 -0.024583
 -0.18952    0.3544    -0.201     -0.2739     0.23399   -0.22162
 -0.025914   0.13178   -0.30524    0.76508    0.13398   -0.18598
  0.31344   -0.032684   0.16025   -0.96498    0.080783  -0.090869
 -0.026725  -0.60461    0.14032   -0.028467  -0.10803   -0.4246
 -0.24838   -0.79847    0.56194    0.75672    0.24482    0.27571
 -0.29915   -0.5007     0.037695   0.46286   -0.67153   -0.62929
  0.17685    0.073253   0.14737   -0.57437   -0.39413    0.018216
 -0.65802   -0.094876  -0.22776    0.72771  ]"
monograph,"[-6.0265e-01  4.6130e-02 -3.4630e-01  6.3241e-01  2.3841e-01  2.6848e-01
  3.6622e-01 -2.4950e-01 -4.4094e-01  9.5432e-02  3.2965e-01 -9.7171e-02
  3.3554e-01 -8.3509e-02 -2.3096e-01  1.0771e+00  6.4940e-01 -1.7103e-04
  8.6790e-01 -8.6169e-02  1.4220e-01 -4.4063e-02 -2.4663e-01  3.7728e-01
  8.8753e-01 -9.6526e-02  4.3556e-01  2.0242e-01 -2.0348e-01  6.7164e-01
 -8.2046e-01 -1.2808e-01  1.7199e-01  8.8998e-02 -7.7942e-01  5.2964e-01
  1.7119e-02  2.6126e-02 -4.4473e-01  2.2824e-01  8.5162e-03  6.0847e-01
  5.2839e-02  2.7340e-01 -2.0357e-01 -3.1494e-01  5.0780e-01 -4.3874e-01
 -4.4864e-01  6.3711e-01  2.6524e-01  4.5994e-01  4.7512e-01 -1.5284e-01
 -2.2291e-01 -1.5015e-01  2.7259e-01 -3.9356e-01 -4.6025e-01 -9.1354e-02
 -5.7285e-03  3.1503e-01 -8.7182e-02 -2.9361e-01  1.0401e+00 -5.0109e-01
 -4.5930e-01  3.9012e-01  4.7269e-01 -3.1504e-01  2.4785e-01  9.3849e-01
  2.8928e-01  1.8336e-01 -8.7154e-01  3.0585e-01 -1.9955e-01  3.9022e-01
 -7.0390e-01 -1.7770e-01 -4.6540e-01  3.0905e-01  2.2128e-01  1.4378e-01
 -2.1431e-01  1.5255e-03  1.3690e-01 -9.5506e-01 -6.2413e-01  1.1308e-01
 -8.7780e-02 -4.3748e-01  5.0921e-01  1.9593e-01  8.7149e-01  5.4925e-01
 -3.0161e-01 -9.9580e-01 -2.9050e-02  1.2677e-01]"
wycombe,"[ 1.3830e-01 -8.3657e-02  5.9958e-02  7.1922e-01  1.4284e-01  1.5927e-01
 -1.1157e-01  2.7496e-01 -4.7390e-01  3.4063e-01  4.5952e-01 -8.3134e-01
 -5.4771e-01  2.2194e-01  9.6985e-01  5.0291e-04  4.9819e-01  3.9783e-01
  9.1740e-01  7.6245e-01 -3.3725e-01 -1.5898e-01  6.7823e-01 -5.9652e-01
 -2.9809e-01  3.9675e-01 -9.5950e-02  5.4190e-01 -3.2550e-01  1.4969e-02
  2.8980e-01 -2.7697e-01 -9.8090e-02  8.1088e-02 -5.6835e-01  5.3358e-01
 -1.2004e+00  1.7625e-01  6.5710e-01  5.6064e-02  3.4430e-01  1.1871e-01
 -4.0703e-01 -3.6513e-01  8.3651e-01  7.0063e-01  1.1316e+00 -4.7640e-02
  1.0378e+00  9.8508e-01 -4.4628e-01 -4.4895e-01 -5.0913e-01  3.0941e-01
 -7.2872e-01 -6.0520e-01 -2.8723e-01 -9.0068e-01 -8.7369e-01 -5.4648e-02
 -1.7132e-01 -6.5666e-01 -8.2324e-01  1.2178e-01 -3.3197e-01 -1.3485e-01
  2.2755e-01  6.2758e-01  4.0139e-01 -2.0433e-01  5.5587e-02 -7.3693e-01
  1.1491e-01 -1.2468e+00  1.0487e-01 -5.1946e-01 -1.5581e-01 -2.7294e-01
 -3.7278e-01 -3.2360e-01  4.6081e-01 -5.1416e-02 -2.3539e-02 -2.7785e-01
 -5.3835e-02 -2.1354e-01 -5.9379e-01  4.3675e-01  6.9379e-01  1.1867e+00
 -1.6916e+00 -4.6595e-01 -7.9453e-01  1.2098e+00 -1.2742e-01 -3.9213e-01
  3.1554e-01  1.3569e+00 -8.3099e-02 -4.9873e-01]"
kool,"[ 0.22858  -0.23218  -0.60053  -1.5588    0.086077 -0.65997   0.30636
 -0.29095  -0.57063   0.036623  0.061141 -0.21608  -0.64066   0.53842
  0.14662  -0.1647    0.087119 -1.2169   -0.26099  -0.24931   0.68946
  0.52822  -0.034478 -0.57138  -0.1092    1.526     0.37494   0.21689
 -0.23053  -0.092658 -0.2262    0.76723  -0.0582    0.98317  -0.52949
  0.57616  -0.039265  0.35851   0.29307   0.25133   0.36347   0.1864
  0.29146  -0.14601  -0.48798   0.40664  -0.69045   0.32129   0.22816
 -0.13369  -1.1507    0.27085  -0.39247  -0.19521  -0.77701  -0.22522
 -0.64382   0.71481  -0.97002  -0.69679   0.31179  -0.11726  -0.56076
  0.47089   0.57589   0.28659   0.18706  -0.031084  0.3657   -0.45788
 -0.067855 -1.0004   -0.048683  0.28853   0.23295   0.66075   0.43457
 -1.4447   -0.012115 -1.1924    1.0831   -0.69919   0.081527  0.73577
 -0.33414   0.84225  -0.70672  -0.98575  -0.59562   1.0516    0.05466
  0.030158 -1.0059   -0.29028   0.45212  -0.59565  -0.2062   -0.28498
  0.39526  -0.20765 ]"
briskly,"[-3.8036e-03  5.8916e-01 -3.3533e-01  4.2817e-01  7.7830e-01  6.9267e-01
 -1.9262e-01  2.1182e-01  2.2294e-01 -2.6210e-01 -7.2385e-02  3.3054e-01
 -4.1891e-01 -9.4952e-01  2.5974e-01 -5.9028e-03 -1.7294e-01  1.1164e+00
  1.1575e-01 -1.0120e+00  1.1836e+00  1.0287e+00  3.1795e-02  1.4275e-01
  2.3035e-01  2.5011e-01 -7.9991e-01 -9.2147e-02 -5.7840e-01  6.1579e-01
 -6.6194e-01 -2.9368e-03 -1.4308e-01 -2.7645e-01 -1.1324e-01  6.7130e-01
  2.9586e-01 -7.2337e-01 -4.6674e-01  1.8973e-02  1.8320e-01 -4.0783e-02
 -4.0792e-01  1.5343e-01 -1.8876e-01 -2.8048e-01  1.7331e-01 -1.1325e-01
  1.0167e+00 -3.1900e-01  3.3827e-01 -2.0730e-01  9.7007e-04  6.8824e-01
 -2.3347e-01  1.7145e-01 -6.5285e-01  5.7366e-01 -1.0116e-02  8.4311e-02
  8.8109e-02  7.4844e-01  2.6702e-01 -2.3350e-01 -4.0997e-01 -9.6225e-02
  6.1104e-01 -3.0946e-02  6.2077e-01  6.7332e-01  5.9563e-01 -2.9547e-01
 -7.8835e-02 -7.8922e-01  4.8135e-01  5.9897e-01 -8.0611e-01 -3.3434e-01
  6.6575e-01 -5.6983e-01 -3.2669e-02  4.8251e-01 -4.1299e-01  6.1014e-01
  5.0793e-01 -7.6795e-01  6.3513e-01 -3.4004e-02 -8.0302e-01 -3.6121e-01
 -5.9211e-01 -1.4774e-01 -4.4834e-01 -5.7772e-01 -3.0204e-01 -3.4641e-01
  5.0020e-01  3.8620e-01  1.6229e-01  7.5023e-01]"
adirondack,"[-4.3485e-01  7.2458e-01  7.6810e-01  4.2709e-01 -1.3736e-02 -3.4379e-01
  2.3700e-01  1.0513e+00 -1.1546e+00 -1.9400e-01 -6.1882e-01 -4.3641e-01
 -3.5249e-01 -3.6301e-01  3.5511e-01  4.1006e-01  1.0189e+00 -3.0904e-01
 -3.3848e-01 -6.8893e-01 -3.4627e-02  1.1180e+00 -9.1863e-01 -1.2613e-01
 -7.8678e-02 -8.5678e-02 -4.1179e-01 -1.9985e-01 -8.0331e-01 -4.9098e-01
  2.8536e-01 -3.7607e-01 -5.7392e-01  4.9612e-01 -9.8225e-01  4.6455e-01
  1.5487e-01  2.1436e-01  8.8328e-01 -4.0698e-01  4.7856e-01  3.6586e-01
 -5.3275e-01 -4.1588e-01  6.2555e-01  7.0840e-01  3.2641e-01  1.4249e-01
 -3.7185e-02  1.2571e+00 -5.4876e-01  1.1588e-01  4.4133e-01 -2.4819e-01
 -2.2461e-03 -3.5214e-01  1.0227e+00  4.5984e-01  1.3620e-01  6.6870e-02
  1.6299e-01  2.0079e-01  1.0112e-01  7.9982e-03  1.7385e-01 -2.3251e-01
  3.4616e-02  1.8495e-01  2.5218e-02 -7.5266e-06  1.6298e-01 -5.6395e-01
  1.8171e-01 -2.5169e-02  1.7008e-01 -5.0835e-01 -1.8995e-01  1.1027e-01
 -4.2674e-01 -3.7231e-01 -4.0417e-01  5.8739e-01  1.5718e-01 -5.5906e-03
  1.1557e+00  1.4521e-01 -4.3163e-01  6.7689e-02  2.4171e-01  5.6198e-01
 -1.6452e-01 -9.0815e-01  1.1064e-01 -1.0437e-01 -3.7252e-01 -3.8411e-01
 -6.1190e-01  4.3398e-01  2.4699e-01 -3.2152e-02]"
3-7,"[-0.44684   0.014385  0.59877  -0.053729 -0.59224   0.16495  -0.35655
  0.8918   -0.21388  -0.9857    0.60915  -0.66716  -0.25946   0.51107
  0.71229   0.57682   0.1549    0.32075  -0.36263   0.62501   0.20255
 -0.37354   0.96958   1.1728    1.0824   -0.14387  -0.3202    0.44786
 -0.1067   -0.068165 -0.76685  -0.24613   0.83848  -0.63784  -0.40968
 -0.20133   0.23615   0.45536   0.072751  0.8823    0.69185   0.15291
  0.19586  -0.30246  -0.2706   -1.3816    0.36222   0.17163   0.33858
 -0.45673  -0.04262  -1.0561    0.21481  -0.47727  -0.042657  0.023785
  0.23144  -0.20184   0.14565   0.92119  -0.97918  -0.44655   0.036751
 -0.028819 -0.4098    0.22033  -0.90376   0.54348  -0.52488   0.62028
 -0.30126   0.59024  -0.082295  0.26644  -0.67845  -0.16343  -0.53347
 -0.14236   0.4039   -0.16014   0.22044   0.69426  -0.47509  -0.098826
  0.52735   0.17438   0.63816   0.81508  -0.27988   0.60696  -0.60553
  0.23817   0.17049  -0.41613  -0.57497  -0.61336  -0.11464  -0.42061
 -0.33458  -0.040218]"
"41,000","[ 0.80065    0.87745   -0.025047   0.073224  -0.44145    0.57091
  0.42254    0.75984    0.50488    0.48351    0.72225   -0.1679
  0.41948   -0.69588    0.67194   -0.29494    0.052614  -0.052798
  0.75662    0.22263    1.0406    -0.063797   0.32922    0.48723
  0.44573   -1.0576     0.08922   -0.018779   0.11007   -0.7365
  0.49084   -0.13171   -0.29023   -0.22153   -0.70069    0.13309
 -0.18121    0.62012    0.043424   0.063363   0.094109   0.22492
 -0.07518   -0.057073   0.046583   0.30714    0.2565    -0.45325
  0.0042746  0.14492    0.26776   -0.75735   -0.15547    0.26162
 -0.39525    0.65746    0.60402   -0.67503    0.17876   -0.28175
  0.55671    0.43661    0.10295    0.50569   -0.28346   -0.10693
 -0.12968    0.10256    0.85149   -0.12835    0.40549    0.11124
 -0.50182    0.082423   0.42398    0.39177    0.54052    0.37929
 -0.01261    0.11092    0.45701   -0.17917    0.13491    0.017455
  0.38115    0.016176   0.37976    0.092011  -0.25974    0.19527
  0.4766     0.19259   -0.086345  -0.99127   -0.29986   -0.051454
 -0.1548     0.53366    0.36407   -0.025772 ]"
jean-baptiste,"[-0.39946   -0.64192   -0.65388   -0.05732   -0.25751   -0.2364
  0.93895   -0.43784   -0.09581   -0.097509  -0.089876   0.2803
 -0.65884   -0.60872    1.1       -0.71241    0.52155   -0.16711
 -0.82113   -0.068883  -1.2351     0.30795    0.26435   -0.67806
  0.68606   -1.0569    -0.49061   -0.35889    0.6817    -0.65301
 -0.15876   -0.57954    0.071337  -0.59503   -0.45693    1.0309
  0.24116    0.092711   0.30328    0.015084   0.80305    0.68889
  0.095112   0.24947   -0.094314  -0.11419   -0.52141   -0.69165
 -0.33611    0.47072   -0.45597    1.4693    -0.32963    0.31732
 -0.52315    0.14269   -0.31514   -0.10227   -0.71323    0.0080621
  0.9192    -0.27018    0.32531   -0.23249   -0.36953   -0.26655
 -0.85514   -0.21557    0.28992    1.0652    -0.35113   -0.39162
 -0.31762   -0.1223    -0.57733   -0.17417   -0.23526    0.32381
  0.065731   0.20905   -0.51923    0.17816   -0.6639     0.0045979
 -0.42886   -1.0731    -0.090538  -0.40118    0.23465   -0.24186
  0.40749    0.031218   0.028397   0.27007    0.089277  -0.27921
 -0.91907   -1.1599    -0.38952   -1.1118   ]"
overthrowing,"[ 4.8338e-01 -6.1449e-01 -6.9779e-02  3.7627e-01  3.5241e-01  8.3420e-01
 -7.0315e-01 -9.6129e-01  3.4355e-01  6.6174e-01  7.9146e-01 -1.7358e-01
  4.0202e-01 -2.0985e-01  4.2776e-01 -1.4672e-01 -3.0324e-01  2.1197e-02
  7.1210e-02 -9.8869e-02 -4.7176e-01 -9.7830e-02  5.0152e-01 -5.5182e-01
  6.8688e-01  2.7079e-01 -5.8830e-01  5.8757e-02  3.7373e-01  4.2235e-01
  8.8590e-01  7.4375e-01  4.1023e-01 -1.0006e+00 -2.5475e-01 -6.3324e-01
 -1.9491e-01 -1.7301e-01 -6.7210e-01 -8.8878e-01 -4.8809e-01  8.0965e-01
  3.2365e-01  2.4194e-01 -5.3631e-01  1.4581e-01  5.6180e-01 -3.8246e-01
 -5.1542e-01 -6.8358e-01 -9.5310e-01  2.8234e-01 -1.0187e-04  8.4647e-01
 -5.5502e-01  4.9995e-02  4.0781e-01  2.8889e-02 -4.3819e-01 -3.6367e-01
 -8.7277e-01 -5.5911e-01  5.9289e-01 -5.2329e-02 -4.3849e-01  3.6838e-01
 -4.8848e-01  4.8733e-02 -4.0657e-01  3.3702e-01  6.0044e-01  8.3577e-02
 -3.6446e-01 -3.2988e-01 -6.2718e-01 -1.3031e-01  5.4708e-02  3.2041e-01
 -4.0000e-01  9.8014e-01  1.8239e-01  4.3427e-01 -6.2299e-01  4.8570e-01
  5.4529e-01  1.1403e+00  8.4878e-01  4.3465e-01 -4.4227e-01 -8.5952e-01
 -3.7337e-02 -2.4331e-01 -3.3660e-01  5.0476e-01 -8.8872e-01 -1.3991e+00
 -1.8498e-01 -5.9708e-01 -2.3471e-01 -8.8160e-02]"
enlarging,"[-0.25153    0.27645    0.42479    1.127      0.22212    0.040017
 -0.35494    0.3386     1.0614     0.46347   -0.44694   -0.31459
 -0.21443   -0.70829    0.4294    -0.17744    0.049763   0.046092
  0.0084964 -0.60135   -0.79547    0.23155   -0.40638    0.068471
  0.58304   -0.13067   -0.043096  -0.6493    -0.26832    0.49434
  0.072561  -0.085684  -0.03598   -0.62807   -0.26302   -0.37722
  0.58645   -0.072706  -0.5132    -0.0089481 -0.062718  -0.071145
  0.17745    0.7369    -0.14108    0.45802    0.34884   -0.034026
 -0.24191   -0.33122    0.12864    0.49955   -0.53432    0.64321
 -0.80625   -0.34447    1.0129    -0.61539   -0.50527   -0.042805
 -0.41379    0.056538   0.28337    1.0246    -0.23527    0.38909
 -0.24767    0.079513   0.28259   -0.33428    0.852     -0.46849
  0.093046  -0.95543   -0.092902  -0.18913   -0.098124   0.085507
  0.028115   0.42584   -0.15812   -0.14826    0.44694    0.51849
 -0.27281   -0.016689   0.51854    0.052031  -0.011265   0.15485
  0.014657  -0.037489   0.039887  -0.65826    0.0055446 -0.74436
  0.26454    0.20254    0.69685    0.52826  ]"
pattaya,"[-0.69735   -0.79887    1.1459     0.8498     0.26816    0.91765
 -0.70038    0.96485    0.08605    0.14055    0.23275    0.01776
  0.15924   -0.22287   -0.15532    0.13255    0.18592    0.47312
  0.11914    0.0057857  0.55044   -0.19693    0.74999    1.43
 -0.77113    0.37846    0.72134   -1.6612    -0.31348   -0.74883
 -0.61101   -0.38735    0.36053    0.19972    0.20121   -0.14311
 -0.37037    0.1672    -0.43622   -0.21924   -0.65705    0.14087
  0.22136   -0.85599    0.06969    0.40652    0.19638    1.0638
  0.14684    0.55992   -1.0747    -0.47316   -0.028697  -0.31165
 -0.7384    -0.098933  -0.052051   0.045032  -0.20781    0.44944
 -1.0043     0.39656   -0.1261    -0.13533   -0.90664   -0.082748
 -0.43593   -0.56737    0.23574   -0.98857   -0.11324   -0.28333
 -0.59027    0.013189  -1.0602     0.45481    1.548      0.47584
 -0.28403    0.43294    0.1883    -0.60697    0.49159    0.048329
  0.041011   0.10543   -0.010568   0.86923    0.26565   -0.03265
  1.3959     0.32235    0.24726   -0.045985   0.53641    0.89507
 -0.092785  -0.038041   0.4494     0.49319  ]"
acumen,"[ 0.29001   -0.52294   -0.039052  -0.048685  -0.42888   -0.31073
  0.1945    -0.41759   -0.19408    0.30416    0.20837   -0.070366
  0.39429   -0.79466   -0.46986   -0.28655    0.68357    0.13006
  0.2219     0.061429  -0.56767    0.13192   -0.42534   -0.59004
 -0.28482    0.2311     0.041097   0.22464   -0.41361   -0.28478
  0.060151   0.68768   -0.727     -0.36343   -0.4955     0.038533
 -0.29702    0.36287   -0.53989   -0.037952   0.015849  -0.28172
  0.31888   -0.4175    -0.87889   -0.66241    1.018     -0.13295
  0.38686   -0.13768   -0.8126     0.34308    0.12304    0.8253
  0.80119   -0.35913    0.41817   -0.4859    -0.53821   -0.21551
  0.30584    0.31578    0.017811   0.31042   -0.72723   -0.34208
  0.44838   -0.78538    0.63758    0.083668  -0.36252   -0.12286
 -0.31051   -0.50814   -0.27647    0.064135  -0.60387    0.15281
  0.44551    0.17686    0.28205    0.54961    0.54077   -0.60144
 -0.40406   -0.13692    0.025895   0.16089   -0.42079   -1.018
 -0.29898    0.0084148  0.18689   -0.14028    0.61289    0.15423
  0.05239   -0.99885   -0.015667   1.0276   ]"
tiki,"[ 0.084201   0.054964  -0.070448  -1.1412    -0.63099   -0.20967
  0.21206    0.37495   -0.1576    -0.67912   -0.42196    0.27372
 -0.4492    -0.63738   -0.54632    0.63431    0.75653    0.060814
 -0.99802   -0.34639    0.45111    0.78896   -0.1989     0.15344
  0.87373   -0.33632   -1.0299    -0.25082   -0.54589   -0.31923
 -0.14262   -0.28081    0.067713  -0.47339   -0.43558    0.51825
 -0.26768    0.64052   -0.24847   -1.1154    -0.0075314 -0.054975
  0.45589    0.19013   -0.47104    0.57581   -0.85746    0.072897
  0.75737    0.94327   -0.29103    1.019     -0.076722   0.23069
 -0.30346   -0.33839    0.65047    0.93045   -0.54663    0.53564
 -0.037987  -0.053058   0.066869  -0.010735  -0.42482    1.4457
  0.85865   -0.64127   -0.47237   -0.12892   -0.092367  -0.13368
  0.72295    0.20106   -0.387     -0.30163   -0.45237    0.64499
  0.081923  -0.30416   -0.82408   -0.42404    0.073253   0.68517
  0.47997    0.22119    0.93183   -0.78786   -0.16985   -1.3007
  0.77289    0.011587  -0.23854   -0.053073  -0.02985   -0.92129
 -0.45501    0.062905   0.57502    0.050461 ]"
1.77,"[ 0.9853     0.61818    0.38391    0.25058    0.094246  -0.26293
  0.091377   0.021116   0.25269    0.29401    0.30604   -0.10297
 -0.82903   -0.54888    0.47379   -0.33499   -0.83753   -0.42851
  0.19639    0.57623    0.52666   -0.32139   -0.046768   1.0081
  0.86046   -0.62807    0.28908    0.55173   -0.26922   -0.94596
 -0.30521   -0.12237    0.09377    0.11975   -0.11627    0.4365
  0.12655   -0.033902  -0.10382    1.0319    -0.11099   -0.94874
 -0.43716    0.1152    -0.84098    0.20231   -0.44281    0.30435
 -0.5166    -1.1078    -0.25805   -0.19354    1.4016    -0.21781
 -1.0187     0.53065   -0.015802  -0.1677     0.50175    0.17965
  0.18348   -0.57209   -0.34777    0.49306   -1.2413    -0.49803
 -0.041607  -0.53901    0.65049   -0.14654   -0.64061    0.22911
 -0.27837    0.43751   -0.56314   -0.14478   -0.48375    0.2693
 -0.25078    0.089742  -0.93031    0.30033   -0.014531   0.90637
  0.57613    0.025162   0.15458    0.68725    0.23064    0.39084
 -0.40066    0.58799    0.068968  -0.61213   -0.41738   -0.059507
 -0.40322   -0.30879    0.0049249 -0.30642  ]"
1.84,"[ 0.90505    0.68713    0.54499   -0.051696  -0.029907  -0.13591
 -0.0058774  0.10993    0.23532    0.53328    0.087068  -0.07501
 -0.73515   -0.65636    0.21614   -0.14033   -0.77818   -0.098321
  0.21364    0.40656    0.70507   -0.22464   -0.042374   0.9278
  0.98663   -0.54904    0.25728    0.72356   -0.050017  -0.97472
 -0.21779   -0.056207  -0.21783   -0.12883    0.0085358  0.68227
  0.095389  -0.14873    0.043943   0.89007   -0.055855  -0.7791
 -0.17505    0.17614   -0.62212    0.45726   -0.42275    0.46993
 -0.34857   -1.0395    -0.085044  -0.27675    1.1919    -0.24837
 -0.8635     0.54785    0.10781   -0.20343    0.49012    0.21139
  0.14738   -0.45286   -0.45581    0.46342   -1.2598    -0.39343
 -0.043009  -0.50001    0.92597   -0.28261   -0.5796     0.35979
 -0.50647    0.33444   -0.73904    0.033738  -0.58816    0.5661
 -0.39644    0.17789   -0.74606    0.46163    0.047901   0.56502
  0.44389    0.057303   0.25093    0.64023    0.11521    0.27963
 -0.2471     0.76351    0.021736  -0.39715   -0.38504   -0.38743
 -0.40141   -0.45557   -0.22693   -0.48126  ]"
pent,"[-0.24976   0.2678   -0.096333 -0.7983    0.13465  -0.62318  -1.6008
 -0.53765   0.13882   0.29659  -0.017247  0.37097   0.17368  -0.43682
  0.64556  -0.13592  -1.3289    1.0645   -0.12965  -0.44077   0.42682
 -0.12501  -0.17301   0.15616  -0.1734   -0.34231  -0.35943  -0.085384
 -0.027253 -0.32491   0.34938  -0.52589   0.56559  -0.17734  -1.1029
  0.071014  1.0888    0.28357   0.53322  -0.28543   0.14      0.078433
  0.15886  -0.1036    0.68242  -0.32913   0.15717  -0.23911   1.3512
 -0.031211 -0.73237  -0.77962   0.06802   0.3442    0.13537   0.47681
  0.32517   0.18842   0.52644  -0.68136   0.83098   0.18162  -0.99553
  0.011439  0.01934   0.52143   1.4709   -0.64223   0.097996 -0.36989
  1.2935   -0.083953 -0.26667  -0.30972  -0.18048   1.1233    0.62066
 -0.75326  -0.69084   0.017839 -0.066528 -0.026968 -0.52128   0.45665
 -0.10014  -0.27139   0.69051  -0.14234  -0.96088  -0.40366  -0.59084
  0.7423   -0.94761   0.42864   0.55653  -0.55642  -0.11354  -0.4556
  0.75878   0.50821 ]"
octane,"[-5.8412e-01  3.5451e-01  4.8769e-01 -6.6305e-01 -5.7047e-01 -1.9235e-01
  2.5924e-01 -4.0852e-01 -5.2161e-01  1.7421e+00 -3.8862e-01 -1.0705e-01
 -2.0530e-02 -3.1353e-01 -2.6400e-01  5.3466e-02 -1.4229e-01  6.1533e-01
  8.2822e-01  6.1333e-01  1.6374e-01 -5.4389e-01 -3.1455e-01 -3.0832e-01
  3.7428e-01  3.0857e-01  3.6397e-01  5.3808e-01 -3.8938e-01 -6.7008e-02
 -6.8008e-02  6.3967e-01 -1.3949e+00  7.5185e-01 -2.0187e-01  7.1324e-01
 -1.9418e-01  8.4379e-02  5.3396e-01  8.5403e-01  9.0914e-01 -1.7947e-01
 -5.8439e-01 -5.2936e-01  7.5390e-01  1.3110e-01 -2.2517e-01 -9.2396e-01
 -4.4621e-01 -8.4045e-01 -7.6376e-02  1.5196e-01 -4.8165e-01  2.4781e-02
 -7.8293e-01 -8.5813e-02  4.6950e-01  3.7584e-01  2.8916e-01 -5.5438e-01
 -7.1122e-02 -9.8552e-01  1.2966e-04  3.2488e-01 -7.7353e-01  4.7707e-01
  9.1106e-01 -1.3143e+00  4.6009e-02 -2.9168e-02  5.7838e-01 -8.5936e-01
  5.3286e-01  4.4397e-01 -8.9240e-01  2.9766e-01  1.5141e-01 -3.4919e-01
 -2.4175e-01 -7.8748e-01  2.3435e-01  1.7873e-01 -3.0474e-01 -7.4058e-01
 -2.7094e-01  3.8802e-01 -1.6775e-01 -4.3946e-01 -4.7904e-01  2.1750e-01
 -4.9181e-01  4.6239e-01 -1.1778e+00  2.8870e-01 -3.7547e-01 -1.5316e-01
  3.4010e-01 -1.6681e-01  3.6742e-01 -6.4534e-02]"
onus,"[-0.52112  -0.32976   0.36801  -0.13503   0.18658  -0.45     -0.54037
 -0.56014   0.20153  -0.6097    0.40041   0.19691   0.5239   -0.1729
 -0.31184   0.27402  -0.087609  0.49959  -0.14785  -0.64492  -0.35467
  0.121    -0.32553  -0.2995    0.16739  -0.041158  0.49036  -0.10928
 -0.77328  -1.0036   -0.014416 -0.028303  0.039493  0.71319  -0.98647
  0.2089    0.16811  -0.30041  -0.060315 -0.36037  -0.71504   0.36001
  0.42671   0.099611 -0.91857  -0.088659  0.49744   0.38076  -0.73465
  0.10292  -0.4349   -0.35463  -0.40212   0.65559  -0.41259  -0.14863
 -0.14106  -1.1566    0.13782  -0.29168   0.89257  -0.21685  -0.034861
  0.67958   0.49197   0.91505  -0.20588   0.3465   -1.1775   -0.070728
  0.30382  -0.69218   0.16975   0.016205  0.97999   0.21715   0.047041
 -0.15789   0.50797  -0.055888  0.18661  -0.21115  -0.3369   -0.44738
  0.020166 -0.62724  -0.5057    0.23722  -0.14649  -0.32376  -1.018
 -0.37703  -0.17765  -0.040099  0.58733  -0.93803   0.41856  -0.013086
  0.32669   0.72926 ]"
protease,"[ 0.7216     0.24965   -0.24024    0.4937    -0.81875   -0.059904
  0.66456    0.41264   -0.15876    0.25762    0.45037   -0.4039
 -1.1637     0.12311    0.41661    0.093814  -0.26943   -0.10655
  0.30537    0.14054    0.6871    -1.3168    -0.18676    1.1287
 -0.69817    0.24195    0.6703    -0.20691   -1.1376    -0.079599
  0.42293    0.55095    0.51303   -0.19557    1.0406    -0.066699
 -0.28582   -0.81592    0.19598    0.66044    0.14535    1.3007
  0.12572   -0.71378    0.7539     0.29535   -0.23521    0.46371
 -0.21804    0.73408   -0.80925    0.45007    0.0069675 -0.23791
 -0.56107    0.29253   -0.96563    0.01746   -0.2898     0.001858
 -0.87083    0.36158    0.99145    0.4079     0.081882   0.96522
 -0.048202  -0.020314   0.66499   -0.81058    0.15885   -0.62235
  0.095831   0.015703  -0.45021   -0.1351    -1.1448    -0.50271
 -0.14513   -0.77445   -0.3361    -0.9482    -0.77635   -0.052081
 -0.69055    0.47039    0.027846  -0.27189   -1.2816    -1.0719
 -0.13347   -0.44299    0.004477  -0.20824    0.72367   -0.39506
  0.30066   -1.473      0.61813    0.74336  ]"
1645,"[-0.17561  -0.27795  -0.51298   0.51811  -0.78012   0.67193   0.045241
 -0.68548   0.55149  -0.6953    0.75021  -0.15686  -0.39659  -0.020407
  0.50636  -0.52514  -0.083321 -0.56192  -0.015763 -0.83895   0.32557
 -0.43136   0.9899   -0.22275   0.30833  -0.55309  -0.23243  -0.072351
  0.23041  -0.060644 -0.30643  -0.29706   0.27385  -0.87827  -0.83895
 -0.20568  -0.4853    0.038791  0.11426   0.02838   0.080755  0.076
  0.69936  -0.55028  -0.44943  -0.83963   0.25377  -0.82415   0.57173
  0.24638  -0.60121  -0.16484   0.63703   0.18716  -0.57633   0.019929
  0.051831 -1.1154   -0.9254   -0.15231  -0.35386   0.50071  -0.70593
  0.26374  -0.21344  -0.46753  -0.99452  -0.28345   0.27945  -0.047548
  0.15997  -0.1209    0.54918  -0.31836  -0.47361  -0.37333   0.43486
  0.47329  -0.91403  -0.086454 -0.21055  -0.81425   0.34093   0.33288
  0.51435   0.19782   0.27302  -0.45911  -0.060034  0.13518   0.33346
  0.020967  0.77653   1.1259   -0.015669  0.027321  0.21291   0.17793
 -0.46594  -0.74002 ]"
huffman,"[-2.9272e-01 -6.5262e-01 -1.2930e-01 -3.0035e-01 -4.8237e-01 -4.6342e-01
 -6.9686e-02  5.0895e-01 -6.2706e-03  1.1074e-01 -2.2338e-01 -7.3124e-01
 -6.5326e-02 -1.3003e-01 -2.0547e-01 -7.0659e-02  8.7976e-01  3.9163e-01
  7.6742e-01  1.0044e+00  1.5063e-02 -1.6640e-01  9.4965e-01  2.7755e-01
  8.3880e-01  9.5130e-03 -3.1361e-01 -3.7722e-01 -5.4150e-01 -9.2350e-01
 -2.7360e-04  6.3916e-01  3.5874e-01 -7.1910e-02  3.5169e-01  1.4611e-02
 -3.7950e-02  8.5819e-01  8.2363e-01  1.0364e+00 -9.9809e-01  5.4350e-01
 -6.7672e-01  8.3852e-01 -2.9508e-01  7.1033e-01 -3.5404e-01 -1.4293e-01
 -3.2862e-01  3.8198e-01 -3.6948e-01 -1.9078e-01  8.7582e-02  2.1401e-01
 -4.7884e-01  3.4040e-01  2.3207e-01  1.8554e-01 -5.4446e-01  4.4940e-02
 -6.2776e-01  1.6160e-01  8.7402e-02  2.5950e-01 -3.0463e-01 -2.4769e-01
  3.6822e-01 -2.1052e-01 -3.3204e-01  3.6337e-01 -5.3653e-02 -4.5245e-02
 -9.0352e-02 -4.4077e-01  6.6460e-01  5.0305e-01  2.1021e-01 -8.7787e-02
 -4.4835e-01  1.1961e-02 -8.7216e-01 -5.2499e-01 -2.7411e-01  1.9307e-01
 -2.9625e-03  1.5845e-01  6.1507e-01 -1.8299e-01 -1.8780e-01 -5.4762e-01
 -7.5098e-01  1.6642e-01 -1.4777e-01  6.2779e-01 -2.4936e-01  9.0142e-02
  5.2230e-01 -1.5655e-01 -3.2314e-01  2.4541e-01]"
engraver,"[-0.08805   -0.031024  -0.69042    0.17682    0.56943   -0.34465
 -0.025002  -1.294     -0.17123   -0.19782   -0.48834   -0.76263
 -0.0084573 -0.0095111 -0.072208   0.37057    0.5884    -1.0521
 -0.24578   -0.6843    -0.87727   -0.17383   -0.3065    -0.67693
  0.94112   -0.67451    0.016856  -0.71666   -0.13951   -0.087651
 -0.82703   -0.22159   -0.18637   -0.27635   -0.037265   0.11773
 -0.80365   -0.54779    0.66187   -0.69334    0.49406   -0.062306
  0.13024   -0.7757    -0.083976  -0.16749   -0.11813   -1.3054
 -0.056032  -0.22869   -0.082025  -0.72804    0.085579   0.76118
 -0.22953    0.44881   -1.5126    -0.41321   -0.83882   -0.16687
  1.2577     0.78485   -0.38462    0.60677    0.20178   -1.631
 -0.10125   -0.38793   -0.018595  -0.15329   -0.68145    0.46298
 -0.021524  -0.044056   0.7549    -0.64288   -0.12292    0.50718
  0.39239   -0.95565    0.28512   -0.051011  -0.30768    0.85615
  0.61437   -0.58137    0.31948   -0.69763    0.22276   -1.0842
 -0.056262  -0.12664    0.72729    0.1498    -0.12652    0.04954
 -0.40171   -0.90851   -0.1294    -0.93374  ]"
eighties,"[-0.3569    -0.13787   -0.30556    0.04032   -0.22661    0.010316
  0.16745   -0.010139   0.49763    0.65493    0.56926   -0.54602
 -0.27334    0.080904   0.53576   -0.69339   -0.46056   -0.56582
  0.55709   -0.30053    0.28949    0.78716   -0.022688  -0.057534
  0.23901   -0.11032    0.029012  -0.72367    0.029682  -0.17607
  0.14093    0.26133   -0.75114    0.54493   -0.42358    0.02434
 -0.27492   -0.37941    0.10427   -0.90449   -0.072934   0.69697
 -0.67093    0.93539   -0.38993    0.19304    1.0189    -0.3591
  0.73134   -0.61351   -0.88497    0.039581  -0.31528    0.0015874
 -0.35198    0.22242   -0.65913   -0.28402   -0.39194    0.45914
 -0.29352    1.0258    -0.011618   0.58957    0.57669   -0.34328
 -0.081394  -1.0839     0.073586  -0.56438    0.54755    0.40398
 -0.57702   -0.49685   -0.89954    0.38129   -0.505     -0.57
 -0.10883   -0.84024   -0.33484    0.59663    1.1478     0.39717
 -0.16365    0.23751   -0.90644   -0.33329   -0.72311    0.10959
 -0.12289    0.53661    0.17272    0.67805   -0.27052   -0.19491
 -0.33246    0.0077657 -0.5826    -0.055025 ]"
rapping,"[ 0.70769   -0.094184   0.065425  -0.013759   0.11052    0.79668
 -0.15379   -0.13112    0.18721    0.78226    0.48266    0.015775
  0.001623  -0.36745   -0.0089758  0.18246   -0.3146    -0.59897
  0.62515   -0.40047    0.3155     0.02477    0.37006   -0.33252
 -0.034715   0.63361   -0.31664    0.10515    0.32829    0.38275
 -0.67772    0.11418    0.20406    0.020885  -0.44678   -0.025183
 -0.78418   -0.28038    0.058113   0.18767    0.35175    0.68659
 -0.25295    0.1948    -0.60154   -0.15903   -0.21108   -0.77166
  0.33685   -0.47066   -0.54792    0.1478    -0.13229    0.69807
 -0.37515   -0.32458    0.083987  -0.34277   -1.1426     0.35359
  0.698      0.80039    0.1105     0.12718   -0.37279    0.47735
  0.92398   -0.009782  -0.010822  -0.16071   -0.22495    0.2765
 -0.054946  -0.14421   -0.21553   -0.14446   -0.26016    0.10845
  0.81471   -0.89733   -0.11075   -0.68439    0.11442   -0.32847
 -0.26838    0.18117   -0.111     -0.2793    -0.5531    -0.052019
 -0.28291    0.11423   -0.46298    0.13743    0.46659   -0.61293
 -1.1325    -0.7075     0.65536    0.82768  ]"
blush,"[-0.38266    0.035043   0.014035  -0.43511   -0.36687    0.13037
  0.17826   -0.52176    0.44895    0.0057823 -0.60337    0.14704
 -0.27582    0.23931    0.41853    0.19175    0.32035    0.35271
  0.92489   -0.46199    0.11556    0.17845   -0.56913   -0.13153
 -0.071739   1.132      0.46823   -0.31004    0.31101   -1.6225
  0.29211    0.27226    0.24074   -0.14333    0.28656    0.80736
  0.010742   0.065212   0.27724   -0.33099   -0.035024   0.12297
 -0.68625   -0.14217   -0.70222    0.36553    0.4849     0.13789
  0.13413   -0.38166    0.30928   -0.29747   -0.40404    0.3863
 -1.0299    -0.42963   -0.12422    0.41706   -0.87107   -0.70249
 -0.16891    1.0728    -0.24106    0.068864  -0.097376  -0.45082
  0.66759   -0.22119   -0.64447   -0.72722    0.36121    0.063183
  0.029145  -0.1293    -0.36595    0.30755   -0.14372   -0.35327
 -0.51094   -0.66543    0.11104   -0.32056    0.19742    0.38149
  0.0081852 -0.41993    0.73629    0.099952   0.68341    0.13426
  0.19911   -0.12582   -0.26831   -0.33444    0.015521   0.16783
 -0.40024   -0.12231   -0.59143    0.091378 ]"
roxy,"[ 4.7248e-01 -7.4015e-01  6.5727e-03 -2.3517e-02 -1.6652e-01  5.0545e-01
  1.4054e-01  2.6752e-01  1.0424e-01 -2.9713e-01  3.4409e-01  1.0988e-01
  3.5657e-01  6.2997e-01 -8.0639e-02 -2.6262e-01  1.3871e-01 -4.6420e-01
  4.3956e-01  9.9834e-01  6.0017e-01 -7.4589e-01  2.0950e-01 -3.3798e-01
  5.1942e-01  3.8666e-01  1.3692e-01 -7.2032e-01  3.8282e-01  4.3239e-01
 -3.3620e-01  5.3812e-01  2.0381e-01  9.3206e-01 -1.9651e-01  1.7432e-01
  1.5457e-01 -1.2882e-01  4.0196e-01 -1.1667e+00 -4.8121e-02  4.3814e-01
 -7.9662e-01  7.3015e-01 -2.7562e-01  2.8035e-01 -3.2758e-01  4.7008e-02
  7.0732e-01  3.8467e-01 -2.2368e-01  2.7801e-01 -4.8140e-02 -8.8951e-01
 -1.2729e-01 -8.8700e-01  6.8864e-02 -1.8325e-01 -9.5560e-01 -5.3732e-02
 -1.2625e-01  4.8425e-01  1.6493e-01  3.2349e-01 -5.4297e-01 -1.7311e-01
  6.6872e-01 -3.7119e-01 -3.1252e-02 -4.8326e-01  1.7528e-01 -1.3444e-01
 -4.3308e-01 -5.0751e-02 -1.7617e-01 -4.8568e-01  7.3959e-04 -4.9023e-01
 -1.8767e-02 -5.8797e-02 -2.2093e-01 -2.3755e-01  7.6259e-01  2.4984e-01
  4.5692e-01 -2.2317e-01 -2.4936e-02  3.8112e-01 -4.0238e-01  3.0435e-01
 -1.5795e-01  4.5128e-02  1.6273e-02  1.1614e-01  9.8524e-03  5.3719e-02
  5.5474e-02  4.1851e-01  7.2654e-01  2.2962e-01]"
forthright,"[-0.056805  0.25414   0.11831   0.39141  -0.46254   1.1278    0.17922
 -0.22696  -0.27148   0.1397    0.17513  -0.012586  0.25135  -0.37688
  0.24535   0.32929  -0.70493  -0.1282   -0.078007 -0.05826   0.3282
  0.37596  -0.0582   -0.18353  -0.070286  0.25232  -0.36974   0.728
 -0.013082 -0.048886 -0.29299   0.086647  0.22326   0.10919   0.33286
  0.74692  -0.45141  -0.40821  -0.21482   0.29354   0.1369    0.092621
  0.65101   0.5679   -0.83292  -0.15922   0.74902  -0.35336   0.22716
 -0.56203   0.12168  -0.18523   0.54276   0.2901   -0.21037   0.4604
  0.95568  -0.51418  -0.048607 -1.1622    0.47346  -0.023575 -0.67504
 -0.19527   0.73086  -1.0474    0.68121   0.88419   0.2095   -0.67206
 -0.06681   0.30257   0.2339   -0.34079   0.29112  -0.054351 -0.14774
 -0.22983  -0.13628  -0.89328   0.29647   0.23094   0.35245   0.80396
 -0.30606  -0.51353   0.069727  0.83689  -0.7132   -0.90557   0.52097
  0.20471  -0.093751 -0.008179  0.34318   0.76237  -0.6726   -0.68187
 -0.43619   1.0248  ]"
mcculloch,"[-4.5835e-01 -6.5628e-01 -4.9757e-01 -7.2876e-01  5.1731e-02 -1.5861e-02
  3.7892e-01  1.1060e-01 -2.3320e-01 -2.1869e-01  2.5645e-01  4.1942e-01
 -8.3525e-02  3.9549e-01  8.1555e-01 -2.7522e-02  1.9900e-01  3.0480e-01
 -2.4796e-02 -1.4013e-01  4.0808e-01 -3.7756e-01  7.2037e-01  7.9460e-02
 -7.0234e-02  4.9201e-01 -2.0854e-02 -3.0257e-01  2.0932e-01  4.5933e-01
 -6.0004e-01  6.9247e-01  6.7783e-02  8.6756e-02  2.0576e-02 -3.8953e-01
 -2.3202e-04  3.7472e-01 -2.7838e-01 -4.1218e-01 -5.3045e-01  2.5714e-01
 -3.9949e-01  3.7026e-01  2.1014e-01  1.3810e-01  3.8627e-01 -3.3164e-01
  4.4865e-01  2.9185e-01  7.0231e-01 -7.5670e-01 -1.4177e-01 -1.7292e-01
  3.7729e-01  1.3172e-01 -6.2302e-02 -3.1060e-01 -8.3171e-01 -1.6202e-01
  2.9906e-01 -2.3731e-01  5.8595e-02  8.8659e-01  2.6849e-01  4.0454e-02
  4.6033e-01  6.6174e-01 -4.7342e-01  3.2361e-01  4.6453e-03  6.4360e-01
  1.8826e-01 -6.8035e-01  3.8202e-02  9.2638e-02  3.3103e-01 -1.9116e-01
  1.0399e-01 -1.3675e-01  3.0895e-01  3.0202e-01  3.0969e-01  1.2294e-01
  2.4999e-01 -2.8274e-02  1.3619e-01 -2.3782e-01 -7.1548e-02  2.2122e-01
 -3.9391e-01 -1.8004e-02 -6.1479e-01  5.2268e-01 -2.2930e-01 -1.0337e-01
  5.3657e-01 -1.9466e-01 -5.3816e-01 -3.1162e-01]"
motorcycling,"[-0.048138   0.70608    1.312      0.20745   -0.04376    0.045439
 -0.66849    0.11753   -0.41385   -0.24219    0.54343    0.26639
 -0.37617   -1.0113    -1.3813     0.754      0.53171   -0.16595
 -0.22881    0.46362    0.48029    0.030437   0.18065    0.9716
  0.1132    -0.53185    0.10063   -0.69435    0.71438   -0.045816
 -1.3606    -0.95937   -1.5957    -0.49503    0.20271   -0.12519
 -0.035438  -0.049473  -0.77537    0.61692   -0.35565   -0.18222
  0.87344   -0.28783   -0.67356    0.036053   0.73964    0.044226
  0.0036989  0.30027   -1.1076     0.17181   -0.043229  -0.14166
 -0.39313    0.1143    -0.29498    1.6685    -0.06375    0.33175
 -0.59619    0.39024    0.66899   -0.17245   -0.44624    0.23674
 -0.9104    -0.78968   -0.40051   -0.54184   -0.77401    0.38262
 -0.01293   -0.32617   -0.3972     0.42562    1.1839    -0.66941
 -0.18794   -0.61115    0.716     -0.71451    0.32078    0.81998
  1.1744    -0.6402    -0.37241    0.20367    0.50515   -0.71385
 -0.058369   0.11027    0.55872    0.80777    1.2587     0.64976
  0.45231   -0.85438    0.34124   -0.044505 ]"
epitome,"[ 0.04915   -0.45805    0.8083     0.22058   -0.11946    0.42466
 -0.018661  -0.23516   -0.26414    0.27909    0.28395   -0.25247
  0.15394   -0.34338   -0.19518   -0.14901    0.28369   -0.18476
  0.41147    0.1683    -0.0090281  0.5227    -0.20826   -0.6592
  0.38181   -0.060501   0.15667   -0.097864  -0.32052   -0.25639
 -0.094157  -0.24023   -0.087223   0.24247    0.078008   0.36385
  0.030322  -0.14237    0.231     -0.31002    0.12648    0.61155
 -0.084289  -0.11501    0.012443   0.18007    0.80406    0.49716
 -0.1075    -0.060778  -0.14927   -0.087993   0.35475   -0.12258
 -0.68924   -0.052716   0.45892    0.20939   -0.29667   -0.31504
 -0.025304   0.10534   -0.53796   -0.15028    0.16184   -0.46495
  0.61429   -0.54494   -0.56339   -0.1602     0.39185   -0.05521
 -0.31645    0.36583    0.46037   -0.077826   0.15939   -0.24434
 -0.14947   -0.60058   -0.12618    0.2506    -0.047799   0.25778
 -0.12299   -0.30408   -0.25566   -0.28814   -0.12569   -0.79971
  0.13488    0.10912    0.28716    0.26605    0.20915   -1.0161
 -0.50935   -0.79776   -0.17299    0.66275  ]"
catalogues,"[-0.25085   0.51236  -0.64138   0.036928  0.93112   0.53033  -0.34504
 -0.15848  -0.06267  -0.21283   0.43737  -0.46188  -0.018791  0.19037
  0.10983   0.77401   0.83045   0.6669    0.20548  -0.070972 -0.48751
  0.19823  -0.081502  0.3735    0.59854  -0.70913   0.44375   0.053887
 -0.517    -0.21999  -0.039069 -0.6573   -0.013728  0.1505   -0.23676
  0.50688  -0.18925  -0.47739  -1.1594   -0.66342   0.49282   0.58763
 -0.79414  -0.075456  0.072344 -0.2638   -0.066675 -0.3691    0.77637
  0.23814   0.72176   0.58395  -0.057748 -0.45715   0.085069  0.36157
 -0.1534   -0.19116   0.29538   0.1589   -0.17152   0.66935   0.16905
  0.6937    0.17297  -0.22087   0.54381   0.059691  0.55331  -0.47769
  0.2027   -0.34253   0.15753  -0.47091  -0.058168  0.21905  -0.010929
  0.17513  -0.81693  -0.19503   0.1206   -0.050332 -0.20437   0.11832
 -0.49465  -0.54353   0.1389   -0.86023  -0.47042   0.49662  -0.08393
  0.75929   0.71587  -0.47528  -0.23664  -0.24039  -0.087218 -0.35827
  0.17223   0.4277  ]"
voracious,"[-0.18135    0.59129    0.86844   -0.19575   -0.019636   0.2358
 -0.70564   -0.68159    0.49541   -0.3155    -0.30458   -0.37217
 -0.43389   -0.68163   -0.23949    0.16278   -0.54423    0.12689
  0.34714   -0.58788    0.11911   -0.29243   -0.17037    0.41317
  0.64437    0.36262   -0.67646    0.34851   -0.43229    0.76998
  0.065082   0.42682    0.44016   -0.41466   -0.046011   0.13859
 -0.54171    0.019945   0.47253   -0.0018333 -0.11651    0.3647
 -0.57065    0.20993    0.93071    0.063844   0.35464   -0.34142
  0.78781    0.30689   -0.15154   -0.37263   -0.38419   -0.080471
  0.47113    0.55426    0.39381   -0.70462    0.070712  -0.94288
  0.17824    0.28107   -0.66388   -0.20893    0.40735   -0.054521
  0.66846   -0.24547    0.85397   -0.3232     0.57569   -0.27732
  0.34544    0.25013   -0.84123    0.28581   -0.17618   -0.41346
 -0.89239   -0.11963    0.70464    0.12374   -0.72906    0.76758
  0.049831  -1.371      0.0031302  0.44404   -0.58457   -0.42175
  0.27284    0.3543     0.94559   -0.17062    0.018954  -0.84023
 -0.58313   -1.0088     0.43789    0.35065  ]"
salesmen,"[ 0.52503  -0.16491   0.14917  -0.27321  -0.15737  -0.023261  0.23943
  0.023696 -0.015335 -0.42158   0.11835  -0.32804   0.61906   0.35228
 -0.12899   0.085363  0.11312   0.39131  -0.052948 -0.19292   0.24442
  0.40079  -0.25528  -0.45481   0.099068  0.058335 -0.58595   0.42264
 -0.15633  -0.39006   0.37261  -0.33069  -0.33305  -0.10669   0.24377
  0.86943  -0.49594  -0.33203   0.86742  -0.2367    0.24524  -0.046326
 -0.52338  -0.20341  -0.3826   -0.3471   -0.060402 -0.17463  -0.036321
 -0.3317   -0.72252   0.46434  -0.036545  0.61656  -0.26283   0.99638
 -0.34369  -0.12639   0.22002  -0.085414  0.47182   0.13325   0.44322
  0.73461  -0.080336 -0.095057  0.72801   0.21388   0.37519  -0.4711
 -0.45372  -0.21372  -0.44565  -0.39605  -0.30776  -0.4452    0.73849
 -0.19914   0.11693  -0.77318   0.69841   0.50748  -0.10472  -0.20025
 -0.74569  -0.47191  -0.46897  -0.10992  -0.48892  -0.82643   0.33084
  0.37599   0.45905  -1.0499   -0.20401  -0.14482  -0.11798   0.2519
  0.35492   0.56444 ]"
rms,"[-0.022552  -0.32037    0.15403    0.17362   -0.049691  -0.18543
 -0.66752   -0.42471   -0.4525     0.72344    0.56792    0.92334
 -0.10694    0.20825   -0.33475   -1.0154     0.21494   -0.26547
  0.12273    0.012913   0.28294   -0.53886    0.37733    0.14036
  0.49386    0.12321   -0.43648    1.1819    -0.11851   -0.62131
  0.72024    0.45046   -0.081245   0.30257    0.26857   -0.41475
  0.87775    0.59801    0.46558   -1.0876    -0.55516    0.57655
 -0.27574   -0.91898    0.40515    0.1872     0.0058898 -0.73114
  0.075049   1.315      0.71491    0.67869    0.38786   -0.18468
 -0.23496   -0.47717    0.58529    0.49502    0.41696    0.13315
 -0.57595   -0.20528   -0.82999    0.43468   -0.42798    0.68548
 -0.38291   -0.21104    1.2536    -0.61452    0.31515   -0.090803
  0.54065    0.73383    0.034067  -0.17243    0.79513    0.25822
 -0.26285   -0.46054   -1.3591    -0.58885    0.49898    0.9529
  0.58324   -0.81343    0.066167   0.058526   0.063651  -0.55094
 -0.48521    0.3306     0.36781    0.75004    0.073276  -1.1806
  0.064113  -0.038136  -0.40047   -0.37188  ]"
eia,"[-0.0041296  0.10693    0.1865    -1.5494    -0.48193   -1.7342
 -0.69568    0.80544    0.43713    0.38364    0.45723   -1.1613
 -0.0025039 -0.95339    0.0030759  0.65362    0.016573  -0.04919
  0.70181   -0.23822    0.11238   -0.98461   -0.48192    0.64405
 -0.10915   -0.015462   0.23637    0.4063    -0.82654    0.82869
 -0.14543   -1.0863    -0.64563    0.83836   -0.55962    0.73172
 -0.4028     0.5633     0.8102     0.22865   -0.32871    0.27372
 -0.83871    0.38289   -0.089086  -0.35206   -0.38477   -0.61478
 -0.40768   -0.5912     1.059     -0.13582    0.87162    0.029957
 -0.22234    0.56052    0.43468   -0.028898  -0.063987   0.17779
  0.39626   -0.1071     0.027329  -0.38089   -0.26012    0.025237
 -0.58463   -0.45463    0.66244    0.058572   0.59931    0.66573
  0.3495     0.24542   -0.26992   -0.36335   -0.24228    0.30501
 -1.1453    -0.18292    0.019724  -0.0092268 -1.1296    -0.13251
 -0.32425   -0.24621    0.62451   -0.081578   0.12064   -0.28941
  0.67433    0.29681   -0.86565    0.16437   -0.30641   -0.20365
  0.4691     0.28651   -0.3467    -0.01206  ]"
shivnarine,"[-4.8096e-01  1.7952e-01  5.8189e-01  1.1215e-01 -3.3877e-01  3.5830e-01
  1.0599e+00 -6.5118e-01 -1.8691e+00 -9.4561e-01  1.4190e+00 -2.8756e-01
  1.0485e-01  7.0813e-01  8.8577e-01 -3.4311e-01 -4.4148e-01  6.4043e-02
 -1.8881e-01 -1.2251e-01  2.1190e-01  1.3889e-01  1.2368e+00 -1.5693e-01
  1.2061e+00  4.8824e-01 -3.2022e-02 -7.6861e-01  3.7681e-01  1.9229e-02
  5.0899e-01 -1.3172e-02 -1.2637e+00  2.0644e-01 -2.9898e-02 -1.9266e-01
 -3.2592e-01  4.9956e-01 -3.2667e-01  7.6311e-01 -6.7059e-01  1.1866e+00
 -1.4441e-01 -1.5947e-04  2.9698e-01  3.2118e-01  4.2317e-02  1.6466e-01
 -4.2535e-01  1.6101e+00  7.3507e-02  1.5181e+00 -8.3440e-01 -1.0704e+00
 -2.2466e-01 -4.8298e-01 -1.3578e+00 -4.5340e-01 -7.7084e-01  8.4311e-01
  3.9413e-01 -1.2804e+00  1.2355e-01 -4.9552e-01  4.1058e-01 -2.2570e-01
  2.1445e+00 -4.2164e-01 -6.4113e-01 -4.1102e-01  3.4301e-01  4.1241e-01
 -2.3921e-01 -9.4657e-01  5.8076e-01 -2.9964e-01 -7.0135e-01  2.2816e-01
  8.7759e-01 -4.1834e-02 -5.6573e-01 -5.4142e-01  4.2995e-01  1.0025e+00
  7.1965e-02 -7.7677e-01  1.7103e+00  1.3554e-01 -8.2769e-02 -8.4498e-01
 -5.1374e-01 -1.0792e-01  1.5011e-01 -4.7071e-01 -4.1700e-01  5.7479e-01
  1.0436e+00 -1.8817e-01  4.7937e-01  4.1926e-01]"
mightily,"[-0.62728    0.57605   -0.2194     0.32062   -0.16911    0.56128
 -0.60609   -0.41288    0.2799    -0.26281   -0.15833   -0.084989
 -0.14453   -1.3329    -0.89143   -0.19905   -0.095025  -0.2847
 -0.29826   -0.060782   0.41954    0.23291   -0.15743    0.35361
  0.063904  -0.36055   -0.37605   -0.38924    0.022329  -0.060303
 -0.10613    0.52868   -0.14899    0.0081044 -0.45657    0.44957
 -0.12647    0.13912   -0.32562    0.43147   -0.06449    0.58838
 -0.61426   -0.19764   -0.54448    0.33708    0.7283    -0.009784
  0.48431   -0.72599   -0.86856   -0.18721    0.48257    1.0834
  0.42367   -0.077977   0.37455    0.066769  -0.40373   -0.16239
 -0.17285    0.082612  -0.47647    0.17921   -0.95693   -0.53378
  0.32894    0.31256   -0.36021   -0.27401    0.27337   -0.1509
 -0.16778   -0.16775    0.25283   -0.39833   -0.65294   -0.075512
  0.27962    0.62366   -0.59902    0.38223   -0.54447    0.45345
 -0.4525    -0.46824    0.37006    0.20928   -2.0175     0.12141
 -0.24418   -0.24835   -0.64326   -0.14867    0.50373   -0.59981
  0.18715    0.079794  -0.15335    0.015042 ]"
stomping,"[ 0.69143   0.21387   0.54386  -0.23495  -0.41277   1.1863   -0.1715
  0.19208  -0.38469   0.32056  -0.21233  -0.2326    0.24014  -0.54436
  0.55444   0.44497  -0.21964   0.10789  -0.022706 -0.29034   0.16721
  0.79215   0.98433   0.12682   0.45005   0.55812  -0.69611   0.22529
  0.41881   0.34754  -0.11043  -1.0905    0.55181   0.78757  -0.35428
 -0.048076 -0.76896  -0.3246    0.11657  -0.60504   0.35184   0.3469
  0.38145  -0.13378   0.066617  0.11805  -0.1619   -0.48652  -0.31665
  0.049789  0.12869  -0.55399  -0.079635  0.38504  -0.27228   0.11889
  0.14873   0.011045  0.32772  -0.13654   1.0527    0.73861   0.30014
  0.50579  -0.62785  -0.12048   0.24097  -0.56955  -0.4211   -0.49563
  0.082332 -0.077896  0.075341 -0.82275  -0.48359  -0.27781  -0.084664
  0.063541  0.71942   0.50864   0.21129  -0.36533  -0.079736  0.30188
 -0.19976  -0.66757  -0.44382   0.34822  -0.33441   0.26866  -0.87686
 -0.53316  -0.21918   0.19736   0.20341  -1.0572   -0.48045  -0.25185
  0.71681   0.47422 ]"
slovaks,"[-0.13155    0.54705    0.70523   -0.20796   -0.53413    0.75388
 -0.26985    0.34037    0.52111    0.12016   -0.2693     0.0044685
 -0.17719   -0.05363    0.24458   -0.31956    0.2748     0.026417
 -0.30815   -0.047409   0.12834    0.33538   -0.326      0.65419
  0.050871  -1.8901     0.5061     0.76041    0.32761   -0.71934
 -0.40734    0.40139   -0.42196   -0.098659   0.85121   -0.65003
  1.3772     0.77041    0.038361   0.03736   -1.1225    -0.090268
  0.31242    0.22894   -0.42432   -0.38262    0.68089   -0.24034
 -0.24248   -0.46938   -0.64638   -0.081265  -0.95669    0.57282
 -0.61496    0.3408     0.55168    0.33845   -0.45      -0.15621
 -0.11296    0.5134    -0.36807    0.37246    0.17976    0.22619
 -0.26736    0.071927  -0.23266   -0.8991    -0.75869    0.0021864
  0.019016   0.30698   -0.70636    0.065939  -0.56741    0.24033
  0.1829    -0.23067    0.080661  -0.11224   -0.043075   0.5477
 -0.28129   -0.271      0.070172   0.65968   -0.67919    0.2912
 -0.33018   -0.61403   -0.21683    0.31475   -0.89373   -0.73768
 -0.14291    0.76679   -0.57047   -0.080818 ]"
weighty,"[-0.81748   0.51713   0.38764  -0.23899  -0.16727  -0.010335 -0.78531
 -0.4923    0.09544   0.055993  0.038184  0.16697  -0.4622   -0.071077
 -0.2013    0.025774 -0.031266  0.19002   0.6495   -0.43019   0.072304
 -0.43489   0.01429  -0.23069   0.42128  -0.26528  -0.35295   0.3045
 -0.53115  -0.075224 -0.40947  -0.94802  -0.05795  -0.2807   -0.59598
  0.51696  -0.15057  -0.12602  -0.4074    0.39462   0.39896   0.21229
  0.5875   -0.63051  -0.92352  -0.081584  0.5071    0.41173  -0.58446
  0.18205   0.84745   0.043327 -0.060654 -0.17499  -0.15899   0.20328
  0.9056   -0.27311   0.086174 -0.023262  0.18065   0.83422  -0.49429
 -0.39377   0.1924   -0.71113   0.28409   0.22749   0.1734   -0.26848
 -0.069792 -0.53333   0.38172   0.31006  -0.66206   0.20929  -0.80673
 -0.52868   0.3067    0.13101   0.1092   -0.098858  0.62137   0.29009
 -0.42337  -0.2736   -0.10747  -0.064008 -0.27189  -0.64365  -0.24493
  0.50855  -0.36053  -0.33491  -0.29148   0.35565  -0.33562  -0.6689
  0.10117   0.81531 ]"
liggett,"[ 0.47329   -0.58762   -0.28399    0.33036   -0.66214   -0.24216
  0.86759   -0.3487     0.050628  -0.43187    0.27621   -0.54079
 -0.57896    0.20645   -0.57314   -0.046407   0.82876   -0.42367
  0.17664    0.43682    0.77788   -0.80904    0.28361    0.93575
  0.18803    0.9796     0.61886   -0.14899   -1.2546    -0.60411
  0.41345    0.51758    0.049613  -0.17583   -0.24082    0.069432
  0.33786   -0.15306    0.31691    0.035161  -0.085115   0.54016
 -0.15764    0.24961   -1.1747     0.28514    0.045334   1.3128
  0.16506   -0.18009    0.52818   -0.18946   -0.22332   -0.52592
  0.012446   0.55732   -0.29928   -0.98573    0.20422    0.77591
  0.94565   -0.12143    0.43552    0.34886    0.13947   -0.073488
  1.0554     1.5726     0.063562  -0.40445    0.3903    -0.032297
 -0.44051   -0.62811   -0.15954   -0.18289   -0.36092   -1.3896
 -0.78979    0.47336    0.088618  -0.5422     0.32147    0.80451
  0.13591   -0.61418    0.37557   -0.50322    0.66648    0.53787
 -0.50523   -0.82765   -0.29726   -0.4102     0.18002   -0.0090255
  0.51713    0.22449    0.5232     0.24719  ]"
sensations,"[-0.033932   0.051765   0.40663   -0.63048   -0.19856    0.38166
 -0.14078   -0.39682    0.14985   -0.10515   -0.41948   -0.73323
  0.52655   -0.035724   0.663     -0.19014   -0.98781    0.263
 -0.37171    0.5204     0.18691   -0.12379   -0.12874    0.25105
 -0.076256   0.59722    0.73553    0.12177    0.55208   -0.071659
  0.15764   -0.15676   -0.68302   -0.1486    -0.54321   -0.53614
 -0.071242   0.16595   -0.44115   -0.94636    0.071991   0.14755
 -0.44209   -0.52867   -0.098014   0.61592    0.31227    0.37191
  0.3944    -0.26555    0.303      0.24528   -0.37175    0.0031822
  0.37563   -0.080217   0.35852    0.44814   -0.17421    0.47368
  0.59089    1.3973     0.38465    0.15366   -0.04722   -0.13949
  0.64905   -1.1222    -0.088541  -1.0013     0.24332   -0.077505
  0.43889    0.0033659 -0.10718    0.75067    0.51079   -0.58711
  0.42205   -0.48948   -0.64577   -0.10752    0.15006    1.1545
 -0.56678   -0.43998    0.27842    0.24217   -0.088315  -0.26439
 -0.86984    0.70089    0.14774    0.03726    0.4712     0.14216
  0.11571   -0.61433    0.42614    0.13829  ]"
curving,"[ 0.22982    0.091235  -0.090619   0.30845    0.71612    0.78644
 -0.4341     0.4545     0.13392   -0.0058066  0.25575    0.3857
  0.66398    0.071979   1.2621     1.132     -0.46596   -0.24755
  0.69517   -1.0569     0.64528    0.82237    0.043436   0.28724
  0.72132    0.63279   -0.76197    0.046375  -0.19496   -0.33904
 -0.45425   -0.076491   0.13671   -0.20089   -0.18369   -0.08815
  0.82538   -0.68468    0.1047     0.53055   -0.02537   -0.5959
 -0.0079873  0.31078    0.36012    0.15846    0.45769    0.36318
  0.41285    0.49485    0.061722   0.21027    0.112      0.42726
  0.29562   -0.62026    0.30691    0.064292   0.45621   -0.34633
 -0.51876    0.56572    0.63699    0.2613    -0.12613   -0.4375
  0.32175    0.27451   -0.33406   -0.74675   -0.13994    0.092272
  0.53268   -0.80183   -0.093651  -0.86314   -0.30221    0.51462
  1.2895    -0.36008   -0.19616    0.75382   -0.83344   -0.15434
  0.38234    0.10543    0.076588  -0.56703    0.4771     0.043087
 -0.029115   0.012538  -0.95692   -0.32334   -0.094547  -0.55632
 -0.26631   -0.13539    0.52237    0.22534  ]"
cleary,"[ 0.099108  -0.66593   -0.67216   -0.52519   -0.29626    0.2561
 -0.20556   -0.052086  -0.23517   -0.34004   -0.36349    0.038066
 -0.61521    0.29146   -0.78391   -0.2192     0.31155    0.014382
 -0.61665    0.023536   0.091119   0.0092294  0.11671    0.91649
  0.66855    0.31219    0.15584   -0.27369   -1.0797     0.17511
 -0.062199   0.92736   -0.0070779  0.051749  -0.46503   -0.29997
  0.19885    0.18452    0.11897    0.59448    0.55043    0.16879
 -0.49326    0.26964   -1.015      0.37393   -0.16611   -1.0331
 -0.035987   0.33827    0.27933   -1.0024    -0.64043   -0.091009
 -0.57972   -0.23048   -0.30651    0.50615   -0.722      0.23993
  0.30864    0.30972   -0.13785    0.7543    -0.0089384 -0.54961
 -0.23313    0.2699    -0.18117    0.13942   -0.082414   0.065497
  0.31427    0.077983  -0.30021   -0.43876    0.31408   -0.48181
 -0.47068    0.037778  -0.039698   0.48793   -0.59992   -0.32595
  0.60523   -0.011007  -0.047479  -0.015056  -0.23677   -0.59437
 -0.57669   -0.37232   -0.12438   -0.092914  -0.19958   -0.25201
 -0.31979   -0.058896  -0.48362    0.59174  ]"
ciba,"[ 8.1724e-01 -3.1224e-01 -4.8415e-01  4.7185e-01 -2.1601e-01 -6.1091e-01
  1.2752e+00 -2.1158e-01 -3.0471e-01  1.2345e-03 -3.1405e-01 -1.1131e-01
  4.8678e-01  1.0619e-01  3.5939e-01  5.3927e-01  1.8631e-01  9.7399e-02
  8.1849e-01  1.0563e-01  1.7831e-01  1.7727e-01 -1.7642e-01  1.4575e+00
 -9.3523e-01  2.4316e-02  5.3101e-01  1.6625e-01 -6.1771e-01 -1.6432e+00
 -1.7175e-01  4.6533e-01 -1.1582e+00 -1.1477e+00  2.0787e-01  2.2143e-02
  7.1164e-01  4.7796e-01 -9.7323e-02 -6.1669e-02  1.1792e+00 -2.8003e-01
 -1.5682e-01  3.5642e-02 -9.4086e-01  1.2939e+00  9.4136e-02 -1.1678e-01
 -4.0414e-01  1.9651e-01 -4.3399e-01 -9.4979e-03  1.0821e-02 -1.4254e-01
 -5.8837e-01  5.7315e-01  3.0620e-01  9.2959e-01  3.9091e-01 -1.8997e-01
  1.6783e+00  5.0232e-01  5.3094e-02  9.8656e-02 -7.2703e-01  1.4205e-01
  1.7222e-01  1.1020e+00  3.0658e-01 -7.7204e-01 -3.3224e-01 -1.0308e+00
 -5.8401e-01 -6.5425e-02 -2.4662e-01 -2.5928e-01 -1.1665e-01 -8.4269e-01
 -5.8154e-01 -1.8197e-01  2.0503e-02 -7.5203e-02 -8.7271e-01  1.2012e+00
 -4.8793e-01 -1.1420e+00  1.4039e-01  8.0114e-01 -1.4573e-01  8.8013e-02
  5.9006e-01 -1.9628e-01 -6.4229e-01  4.6262e-01 -3.0569e-01  2.2803e-01
  6.6854e-01 -1.9533e-01  4.6132e-01  7.2516e-01]"
tduncan,"[-3.0209e-01 -4.8874e-01 -6.4772e-02 -3.8188e-02  6.3962e-01 -1.5061e-01
  5.5027e-01  2.6901e-01 -1.9111e+00 -9.9041e-01  1.0241e-01  4.7057e-01
  1.1173e-01  3.2175e-01 -2.0768e-01 -3.6823e-01 -2.6986e-01  6.6578e-02
 -7.5269e-01  5.6799e-01  6.6416e-01 -3.2768e-01  2.3600e-01 -6.9418e-01
  5.7194e-01 -8.7081e-02  4.0997e-02  3.2087e-01  5.1267e-01  1.1222e+00
 -7.1268e-01 -1.3969e-01  6.9261e-01  5.6688e-01  1.4658e-01 -5.4157e-02
  2.8317e-01  2.7793e-01  1.8027e-03  6.5987e-01 -5.3622e-01  6.4831e-02
 -5.2249e-01 -3.1958e-02  6.4319e-01  1.3934e-01 -6.3064e-01  6.2208e-01
  9.1911e-02 -3.9833e-01  1.1194e+00 -9.4074e-01  5.0086e-01  4.8036e-01
 -2.1164e-01 -9.4585e-01 -1.1932e+00 -3.2029e-01 -7.0960e-01  7.4496e-01
  4.7710e-01  2.2451e-01 -5.0647e-01 -2.8503e-02 -5.8736e-01 -7.3734e-01
  3.9111e-01  7.7885e-01  4.1113e-01  5.2874e-01 -1.4745e-01 -1.6458e-01
  5.2821e-02 -8.0308e-02 -6.1140e-01 -2.9129e-01  1.6033e-01  7.7952e-01
 -1.2421e-01 -4.1949e-01  7.0082e-03 -1.7275e-01 -7.2395e-01 -7.9486e-01
  1.0234e+00 -4.3252e-01  2.7601e-02  2.0169e-01  5.3333e-01 -8.5840e-01
  4.6739e-01 -4.9495e-01  3.8883e-02  1.2415e-01 -5.4786e-01  3.8660e-01
  7.3022e-02 -2.7341e-01 -1.7347e-01  1.5935e-01]"
herding,"[ 0.35873    0.1936    -0.308      0.014889  -1.1739     0.23905
 -0.12805    0.44737   -0.4825    -0.1833    -0.93488   -0.26624
  0.76114   -1.009      0.27634    0.84528    0.18958    0.11824
 -0.27537    0.59877    0.43398    0.48222    1.1036    -0.28117
  0.037284  -0.19477   -1.0891     0.29483   -0.79146    0.34863
 -0.66674   -0.44564   -0.14403   -0.041892   0.34545   -0.14111
 -0.091556   0.29578   -0.31514   -0.39223   -0.081724   0.014619
 -0.062802   0.076002  -0.8773     0.27705   -0.3194    -0.27278
 -0.1609    -0.25641   -0.92205    0.13388    0.16255    1.1494
 -0.30857    1.017     -0.080896   0.031616  -0.31007   -0.0021884
  1.1337     0.67477    0.88512   -0.16088    0.54938    1.1722
 -0.03281   -0.56177    0.72343    0.60352   -1.0373    -0.40357
  0.26489    0.084759  -0.049966   0.063937  -0.39028   -0.18314
 -0.19481   -0.33706    0.31366    1.0484    -0.66695    0.42913
 -0.55862    0.19482   -0.18402    0.34647   -0.20302   -0.055747
 -0.54883   -0.5147     0.43107    0.31229   -0.03932   -0.87695
 -0.14701    0.33622    0.63338    0.359    ]"
comprehensively,"[-0.92176    0.43583   -0.046737   0.74487   -0.19334    0.32118
  0.48268   -0.015308   0.50612    0.13034    0.24204   -0.057096
  0.011325  -0.45124   -0.19577   -0.080942   0.2924     0.49693
 -1.0367    -0.93309    0.19648   -0.48197    0.24334    0.11895
  0.21135   -0.6836    -0.20123    0.33483   -0.4336     0.15731
 -0.31779    0.18322    0.16316    0.57971   -0.058454  -0.60694
 -0.7367    -1.01      -1.3809     0.18379   -0.46936   -0.36996
 -0.060012  -0.12246   -0.40651    0.53017    0.53776    0.40732
 -0.078996  -0.65976   -0.23432    0.0013873  0.078827   0.59554
 -0.16713    0.19399    0.52484    0.37866   -0.56902   -0.63514
 -0.52899   -0.28686   -1.2275    -0.27067    0.39608    0.0069157
  0.13203    1.1496     0.63023   -0.20772    0.57994   -0.036387
  0.49308   -0.054394   0.16101   -0.26749   -0.60631    0.15368
 -0.16286    0.10608   -0.081381   0.32923   -0.50632    1.0392
 -0.4951    -0.24483    0.076252   0.16553   -1.2017     0.14848
 -0.32273    0.077584  -0.597     -0.57637    0.54427    0.46191
 -0.082104  -0.15451   -0.17799    0.24928  ]"
freewheeling,"[-0.031761  -0.32627    0.48731   -0.21229   -0.4658     1.1411
 -0.60406    0.11991   -0.23428    0.071665  -0.84489    0.33117
  0.053417  -0.65155    0.059348   0.16737   -0.20113   -0.43358
  0.49087   -0.20398    0.53253    0.057087   0.12738   -0.32764
  0.27686   -0.11933   -0.056533   0.24849   -0.74137    0.076184
 -0.76531    0.54315   -0.18106   -0.3175     0.043225   0.43431
 -0.29132   -0.29443   -0.35654   -0.19214   -0.20645   -0.45839
 -0.13195    0.96036   -0.61485    0.055166   0.69       0.11226
  1.1876     0.020148  -0.72072    0.089995   0.025868  -0.32276
  0.1476    -0.041562   0.31519   -0.012139   0.21463   -0.33852
 -0.47591    0.022563  -0.25014   -0.26835    0.294      0.0050667
  0.51312   -0.4177     0.051979  -0.45571    0.3381    -0.24678
 -0.11375    0.22071   -0.71403   -0.68711   -0.31578   -0.45738
 -0.35039   -0.54084    0.45977    0.44456    0.42503    0.59112
 -0.25545    0.52819    0.16012    0.31488   -0.075378  -0.60641
  0.83009    0.31121    0.14651   -0.059123   0.10843   -0.13993
 -0.24934   -0.50403    0.050452   0.63321  ]"
arundel,"[-0.58159   -0.77253    0.13324   -0.11371    0.20659    0.62522
  0.49834    0.54731   -0.39196   -0.15131   -0.51166   -0.31718
 -0.45385    0.74342    0.24467   -0.4326     0.32835   -0.60844
 -0.57092    0.35089   -0.41488   -0.68263    0.33164   -0.20737
  0.1598    -0.3219     0.81445   -0.57719   -0.29919    0.074079
  0.020366  -0.19232    1.2005     0.39625    0.022952   0.087267
 -0.19857   -0.33621    0.36699    0.23714   -0.83419   -0.0048574
 -0.2106    -0.69419   -0.051676   0.13373    0.59924   -0.081326
  0.78888    0.36843    0.11679   -0.53167    0.043804  -0.89051
 -0.17263   -0.22222   -0.25441   -0.67806   -0.65603   -0.68365
 -0.31822   -0.26362    0.072669   0.92949   -0.58578   -0.16496
  0.17556    0.39418   -0.042473  -0.2422     0.19447   -0.091892
  0.33613   -0.55319    0.11013    0.075332  -0.066368   0.29004
 -0.45958    0.55474   -0.32192    0.98176    0.67945    1.1791
  0.43516    0.24091    0.14435   -1.3894     0.2445     0.3038
 -0.69159   -0.67313    0.36588    0.44368   -0.28463   -0.20361
  0.34351   -0.4764     0.78677   -0.22223  ]"
velayati,"[-0.40727   -0.68908    0.73166    0.54059   -0.057038  -0.89024
 -0.33596    0.592      0.80598    0.86764   -0.35283   -0.6253
  0.62307    0.34036   -0.013902   0.1283    -0.33761   -0.67533
 -1.5687    -0.46623   -0.55416   -0.066613  -0.51114    0.40874
 -0.60066    0.41056   -0.1041     1.0106     0.95582    0.3542
 -0.095644  -0.70286   -0.6413     0.13318    0.17312    1.2141
  0.47474    0.27675   -0.56341   -0.37132   -0.24178    0.66465
  1.051     -0.22617   -0.0074155 -1.1953     0.28349   -0.47337
  0.35773    0.32426    0.020684   0.34288    1.1816     0.012925
 -0.53369    0.395     -0.75138    0.44688   -0.50502    0.53815
 -0.35409   -0.65017   -0.015389  -0.99729   -1.2113     0.49598
  0.89185    0.30102   -0.29954   -0.34825    0.16978   -0.1305
  1.0183    -0.045693   0.15284   -0.066131  -0.73664    0.32045
 -0.0064236 -0.23812    0.88119   -0.11258    0.034661  -1.001
  0.26843    0.18986   -0.1224    -0.55018    0.062146  -1.6904
 -0.086079   0.74041   -0.12161    0.14238    0.32701   -0.7202
 -0.23162   -0.08884    0.77363    0.86806  ]"
hartlepool,"[-0.26551  -0.4668   -0.1126   -0.41874   0.17497  -0.02478   0.34054
  0.15509  -0.080498  0.57297   0.37454  -1.262     0.13089   0.086056
  0.50911  -0.45062   0.9475    0.23372   0.28482   0.65449   0.21277
  0.095236  0.11551  -0.099783  0.13165   0.79126   0.17576   0.78646
 -0.20708   0.41621   0.099017  0.45975   0.094013  0.4159   -0.50845
  0.078793 -0.44501  -0.29844  -0.1281    0.058736 -0.48239  -0.54151
 -0.003877 -0.32859   0.18842   0.2137    1.1595    0.064551  1.0486
  0.72328  -0.4279    0.029023 -0.36781   0.43596  -0.52072   0.15275
 -0.3721   -1.458    -1.0408   -0.14708  -0.29922  -0.2292   -0.93432
  0.27505   0.62669   0.2189   -0.41826   1.0388   -0.17747  -0.32539
 -0.56607   0.41265   0.38186  -0.80482   0.30824  -0.050665  0.50865
 -0.50938  -0.198    -0.026272  0.22273   0.20846  -0.24118   1.0939
  0.45641  -0.05931  -0.2828    0.53937   0.89283   0.057744 -0.95098
 -0.023792 -0.17835   0.59303   0.36126  -0.30079   0.40061   1.3583
  0.43038  -0.22392 ]"
unconvinced,"[-0.17461    0.15351    0.41941   -0.50763   -0.51953   -0.14555
 -0.40115   -0.15584    0.6554    -0.64215    0.020134   0.92454
  0.043729  -0.86665   -0.4163    -0.34504   -0.42553   -0.043865
  0.66617   -0.07416    0.11268    0.42562    0.40525   -0.27779
 -0.0092705 -0.38513    0.38325    0.22607   -0.43268    0.30561
 -0.054898  -0.58807   -0.45897    0.33202   -0.19982    0.71607
  0.21467   -0.08637    0.087777  -0.55541   -0.64808    0.1357
  0.26295    0.20295   -0.023355  -0.82848    0.86675    0.55068
 -0.35578    0.095204   0.37915   -0.19232    0.49797   -0.19729
 -0.080018   0.17028    0.35543   -0.69431   -0.66969    0.21465
  0.098075   0.21267   -0.18173    0.50483   -0.31455   -0.43778
  0.13941    0.51672   -0.6876    -0.1054     0.3695    -0.21005
 -0.20405   -0.18663   -0.41369    0.21882    0.07336   -0.011098
 -0.69908   -0.92536    0.16573   -0.064128  -0.47844    0.23889
 -0.19893   -0.79697    0.043402   0.80684   -1.0993    -0.26158
 -0.027715  -0.54844   -0.39027    0.059963  -0.12864    0.096923
 -0.042031  -0.46528   -0.0012668  0.44909  ]"
resonates,"[-2.5170e-01  1.1784e+00  1.0584e+00 -1.6247e-01  7.4670e-01  5.8078e-01
 -9.6318e-02 -1.1021e+00  6.3631e-01 -1.3285e-01 -6.2476e-01  6.2456e-02
 -1.7519e-01 -7.6947e-01 -3.3012e-01 -4.4037e-01 -5.8138e-01 -5.3800e-02
  1.6902e-02  7.7970e-04  1.2234e-01  3.2371e-01  6.4382e-03 -3.5772e-01
  3.5393e-01 -2.0213e-01  1.1350e-01  2.7350e-01 -6.6168e-03 -2.1320e-01
 -3.7137e-03  2.3781e-01  2.9209e-01  5.8916e-01 -4.3000e-01  4.9321e-01
 -6.4708e-02  1.4288e-02  4.1805e-02 -4.6084e-01  1.5266e-02  1.2583e-01
 -2.3509e-01  1.8275e-01 -1.0923e+00 -8.1183e-01  9.3891e-01  4.4080e-01
 -1.3755e-01  8.5585e-02 -2.8294e-01 -5.6384e-01 -4.6888e-02  5.5440e-01
 -4.2584e-01 -5.0776e-02  1.7472e-01 -1.9534e-01 -6.3055e-02 -3.9616e-01
  1.8066e-01  6.3647e-01  9.7847e-01 -5.4117e-01 -3.7796e-01  5.6716e-01
  3.2706e-01 -1.6803e-01  1.3939e-01 -6.2258e-02  5.9660e-01 -1.4939e-01
  3.8665e-01 -2.1066e-01  1.0195e+00  1.9705e-01  4.2159e-02 -2.8336e-01
  1.3202e-02 -3.8346e-01 -6.1071e-01 -2.4565e-01 -9.2258e-02  6.8258e-02
 -1.8044e-01 -3.3438e-01 -6.1327e-01 -5.5932e-01 -5.8464e-01 -1.0085e-01
  1.1154e-01  3.3386e-01 -4.7443e-01  4.0179e-01  6.5310e-01 -6.5835e-02
 -3.9836e-02 -2.0784e-01 -5.0332e-01  1.0555e+00]"
1610,"[ 0.32098   -0.51777   -0.25196    0.75272   -0.97465    0.12098
  0.72647   -0.017506   0.168     -0.64219    0.78122   -0.0034885
 -0.0048544 -0.1932     0.44933   -0.38785    0.091603  -0.39355
  0.12      -0.057795  -0.24887   -0.61207    0.52678    0.24766
  0.49817   -0.65543   -0.37235    0.43488    0.2482     0.086704
 -0.13109   -0.29946    0.1621    -0.70536   -0.73419   -0.059392
 -0.34481    0.052298   0.25481   -0.047065  -0.18858   -0.078386
  0.13499   -0.33664   -0.94592   -0.72486    0.39588   -0.61022
  0.46174    0.27839   -0.47693    0.19928    0.34307    0.11837
 -1.0673    -0.23372   -0.45183   -0.58478   -0.86723   -0.25004
 -0.54688    0.73281   -0.43828   -0.1597    -0.11738   -0.42872
 -0.57222   -0.3848     0.38723   -0.32344    0.26345    0.17583
  0.88423   -0.32946   -0.5034    -1.05       0.87239    0.20431
 -0.60487   -0.3931     0.020668  -0.46018    0.023671   0.532
  0.696     -0.12028    0.65724   -0.96903   -0.076643  -0.28935
  0.01864    0.547      0.49791    0.26393   -0.24682    0.09749
 -0.48741   -0.21055   -0.48641   -0.98057  ]"
yoshida,"[ 0.17149   -0.23172    0.44552    0.23381   -0.81197   -0.34318
 -0.90979    0.065456  -0.20077    0.55882    0.2366    -0.013069
  0.096457  -0.058872   0.7654     0.23656   -0.35214    0.47858
 -0.75308   -0.41186   -0.29737    0.0018789  0.082344   0.8921
  0.055552  -0.20496   -0.26235   -0.060728  -0.029994   0.39155
 -0.54982    0.24796   -0.18174    0.72745    0.062853  -0.085926
 -0.1783    -0.15475    0.21618   -0.8391     0.13027    0.21746
 -0.16987    0.24593    0.019423  -0.046295   0.5861     0.52861
  0.2177    -0.025324  -0.65457   -0.54551    0.010398  -0.10112
  0.069225  -0.25482   -0.30933    0.46178   -0.77083    0.33164
  0.37996   -0.16809    0.58178    0.85061    0.11447    0.20573
  0.29671    0.60309    0.013962   0.26894   -0.25138    0.47011
  0.12628    0.35134   -0.059216   0.73901   -1.6653     0.54692
 -0.65953   -0.10557   -0.46914   -0.85904    0.013795   0.42993
  0.5842     0.18316   -1.0865     0.19551    0.49846   -0.46833
  0.27589    0.18837    0.82789   -0.31166    0.33028   -0.50201
 -0.48769   -0.072701  -0.48394   -0.21088  ]"
demotion,"[ 0.18489   -0.68582    0.57031    0.036108  -0.31362    0.43083
  0.41096   -0.01015    0.092332   0.89133   -0.1582     0.23854
 -0.2751    -0.066673   0.55469   -0.42823   -0.029082  -0.62114
  0.44694    0.057432  -0.16346   -0.1003    -0.82053    0.52171
  0.46737    0.29616   -0.2025    -0.29455   -0.084895  -0.62826
  0.20856   -0.36344   -0.2197    -0.54311   -0.11882    0.90778
 -0.24077   -0.10374   -0.92624   -0.01973    0.042095   0.6219
  0.29197   -0.63046    0.4844     0.7761     0.47781    0.70503
  0.027322  -0.45659    0.38456   -0.40649   -0.69574    0.59963
  0.25848    0.079396   0.79934   -0.42947   -0.084474   0.82923
 -0.60777   -0.29656    0.022343   0.093193   0.43483   -0.60515
  0.1688    -0.35387   -0.59886   -0.31899   -0.68579   -0.5215
  0.056791  -0.38772   -0.14402    0.13468   -0.72467   -0.039754
 -0.17706    0.50189   -0.19396   -0.18642   -0.42501   -0.35318
 -0.38716   -0.35357    0.023579  -0.076318   0.64377   -0.34972
 -0.18803    0.27523   -0.0025056  0.43654    1.0135    -0.45537
  0.32505    0.95327   -0.43454   -0.35289  ]"
affirms,"[ 0.19982    0.25089    0.59958    0.4884    -0.20986   -0.046334
 -0.74963    0.25689    0.23193    0.27923   -0.41849   -0.073422
  0.1807    -0.085159  -0.29536    0.2837     0.02932   -0.055002
 -0.089471   0.64348   -0.31635   -0.7358    -0.10455    0.36348
  0.4617     0.26681    0.0029978 -0.053725  -0.44193   -0.06956
  0.3332     0.56961   -0.37411    0.67288   -0.6325     0.20668
  0.16014    0.08311   -0.45415   -0.38789   -0.24946    0.50366
  0.71395   -0.024085  -0.76638   -0.62878    0.016985  -0.25948
 -0.31376   -0.25516   -0.087415   0.03109    0.2212     0.075179
 -0.42908    0.055137   0.84415   -0.40483    0.071292  -0.082291
 -0.14556   -0.96759    0.15043   -0.089045  -0.23655    0.4118
 -0.10864    0.40359   -0.63063   -0.30587    1.088      0.067785
 -0.17088   -0.23099    0.586     -0.081947   0.14705   -0.32124
 -0.41045   -0.59868   -0.81186   -0.32851   -0.39991    0.73228
  0.46579   -0.48624   -0.22909   -0.33195    0.37441    0.087264
 -0.34897   -0.52803   -0.33296    0.36343    0.38393   -0.077096
  0.013509  -0.87421   -0.55767    1.078    ]"
weavers,"[ 0.18244    0.39028   -0.53792   -0.3789    -0.36166   -0.21525
 -0.0066673 -0.56049   -0.22914   -0.57506   -0.098537  -0.27328
  0.72846    0.31158   -0.35364   -0.4208     0.62997   -0.12619
  0.51374    0.035692  -0.0031729 -0.16976    1.0196    -0.74717
  0.74105   -0.40599    0.13887    0.013166  -0.45687   -0.60927
 -0.78423   -0.5686     0.47734   -0.41339    0.079404  -0.054574
  0.49566    0.44463    0.8588    -0.52103   -0.66292    0.28021
 -0.0014115  0.25961   -0.1479    -1.0277     0.3241     0.39793
  0.70495    0.094014  -1.3127     0.24946   -0.0062309  0.61866
 -0.65975    0.99125   -0.36633   -0.15279   -0.48849    0.24202
 -0.26595    0.56648    0.0726     0.70565   -0.17299   -0.24182
  0.2057     0.25286    0.14633   -1.0042    -0.72098    0.2658
 -0.25002   -0.47864    0.17458   -0.23922   -0.11038   -0.1522
  0.27241    0.39836    0.021372   0.31518   -0.084496  -0.22328
 -0.85469    0.19272    0.23448   -0.39955   -0.22701    0.27385
  0.083535  -0.20744    0.42013   -0.55382   -0.022935  -0.5272
 -0.15373    0.32155    0.73108   -0.203    ]"
empties,"[ 0.030428 -0.19493   1.0979   -0.17598   0.53789   0.50286   0.22936
  0.47711   1.0796   -0.68524   0.20217   1.1143    0.061151  0.44099
  0.44947  -0.57665  -0.004282 -0.17671   0.12034  -0.37649   0.05904
  0.35852   0.10023  -0.26845   0.043021  0.49077  -1.0338    0.10551
  0.40843  -0.61707  -0.38202   0.58456   0.010877 -0.043711 -0.42642
 -0.39821   0.027526 -0.45563  -0.19262  -0.30871  -0.41764  -0.53251
 -0.77865  -0.34028   0.27323   0.84798  -0.28585   0.2118    0.2929
  1.2902   -0.39866   0.31938   0.40503  -0.52854  -0.87607  -0.71843
 -0.084668 -0.66876   0.35557  -0.40603   0.027499  0.64573   1.1812
  0.39125   0.11966   0.08717   0.1359   -0.94434   0.16419   0.16926
  0.60408  -0.13592   0.43889  -0.40323   0.25096  -0.22583  -0.19697
 -0.33361   0.36908   0.37986   0.12299   0.58721  -1.001     0.089701
  0.64473  -0.33468  -0.066878 -0.49517   0.61363   0.26211  -0.21646
  0.45743  -0.67856   0.058494  0.58328  -0.029271  0.2321    0.37748
 -0.11226   0.79556 ]"
20.1,"[ 1.1265     0.93626    0.48655   -0.90235   -0.0017096  0.31506
 -0.15674    0.065173  -0.07973    0.5725     0.72324    0.43816
 -0.68797   -0.61999    1.6502    -0.12995   -0.404      0.023406
 -0.444      0.35084   -0.074044   0.7729     0.25365    0.59517
 -0.10807   -0.6221     0.59815    0.8526     0.024572  -1.3005
  0.46677   -0.035685   0.27303   -0.68612   -0.089958   0.84536
  1.1213     0.21919   -0.3808     0.33769    0.2148     0.5834
 -0.031205   0.71385    0.39138    0.38055   -0.098751  -0.79952
 -0.17949   -0.90782   -0.25354   -0.63424    0.27841    0.059242
 -0.46413    0.5246    -0.36878   -0.46352   -0.054854  -0.2291
  0.11358   -0.54527   -0.59531    0.5482    -0.80372    0.52145
  0.23277   -0.79937    0.34911    0.65309   -0.52808   -0.090614
  0.013554  -0.067734  -0.56965    0.15019   -0.81529    0.062416
  0.036756  -0.43137   -0.094743   0.2235     0.43618    1.1194
  0.097397   0.010644   0.28504   -0.24388    0.41775   -0.17243
  0.017172   0.089768  -0.49875   -0.70442    0.089958  -0.48275
 -0.37042   -0.43162    0.38269   -0.64969  ]"
0.77,"[ 9.2916e-01  6.1840e-01  4.8061e-01  5.2017e-01  1.6174e-01 -6.0351e-01
 -5.8357e-02  1.4563e-01  8.8695e-01 -1.3783e-02  2.1127e-01  2.2694e-01
 -1.0299e+00 -9.6695e-01  7.6802e-01 -2.9761e-01 -8.4657e-01 -9.6232e-01
  7.2056e-01  9.2336e-01  5.8358e-01 -1.1293e-01  2.8498e-01  2.5576e-01
  1.5073e+00 -4.3463e-01  2.2112e-01  1.2794e-01  1.6426e-01 -6.0396e-01
 -4.5768e-01 -1.0452e+00 -6.1762e-01  3.8607e-01 -6.9325e-02  3.5575e-01
  6.2423e-01  6.8931e-02 -6.6007e-03  1.2211e+00 -6.2043e-01 -6.1174e-01
 -8.5639e-01  3.0729e-01 -8.7905e-01  6.2258e-04 -6.5170e-01  1.0842e+00
  4.4719e-02 -1.2826e+00 -6.3000e-01 -2.2431e-01  3.9572e-01 -3.7530e-01
 -1.0481e+00  1.1208e+00 -5.6493e-01 -4.6708e-01  5.5953e-01  7.4489e-01
 -4.8164e-01 -5.5162e-01 -3.4626e-01  8.9237e-01 -6.8657e-01 -7.7034e-01
  4.1285e-02 -3.8235e-01  1.1384e+00  2.4465e-01 -1.4477e+00 -1.2675e-01
 -4.6156e-01 -2.8494e-01 -2.8876e-01  2.1228e-01 -2.5364e-01 -5.5235e-01
 -1.9186e-01 -5.8033e-01 -1.2162e+00  4.3628e-01 -1.2705e-01  9.8650e-01
  2.0165e-01  7.1290e-02  8.2790e-02  1.2300e+00  7.4918e-01  6.7165e-01
 -5.2684e-01  6.0335e-01 -1.9149e-01  2.1372e-01 -6.8134e-01 -4.4682e-01
  1.8876e-02 -8.3684e-01 -3.3354e-01 -3.9051e-02]"
chileans,"[ 0.25267    1.1067     0.26278   -0.014327  -0.33421    0.89572
 -0.45816    0.079981  -0.10511   -0.21084    0.44144    0.68979
  0.086951  -0.72433   -0.079076  -0.35112    0.027928   0.0022736
  0.1982     0.35979    0.41893    0.28069    0.19616    0.07757
  0.21645   -0.73003    0.62091    0.40067    0.54808   -0.61329
  0.36241   -0.060175  -0.44106    0.2136     0.4546     0.22144
  0.45774    0.46385    0.062948  -0.46133   -0.51755    0.0081123
  0.22473    0.23445   -0.058391   0.16034    0.4945    -0.23475
 -0.24846    0.11785   -0.73468   -0.25372   -0.38816    0.32358
 -0.43947    0.75104    0.041484  -0.49137    0.18583    0.43134
 -0.49552    0.40218    0.33302   -0.48109   -0.016059   0.5911
 -0.50696   -0.30969   -0.24885   -0.78953    0.46713    0.28352
 -0.059568  -0.0029138 -0.42556    0.56289   -0.011066   0.25988
  0.16944   -0.4866     0.53721   -0.07113    0.086293   0.32302
 -0.19942   -0.5691    -0.10325    0.75697   -1.0762    -0.57939
  0.046193  -0.75438   -0.6117    -0.17543   -0.79448   -0.34352
  0.0043714 -0.54001   -1.1116     0.074285 ]"
coherence,"[ 7.9811e-02 -2.2126e-02  1.5331e-01  1.4508e-01  2.9170e-01 -1.4417e-01
  2.8138e-01 -4.9791e-02  7.2076e-02 -1.3224e-02 -2.0169e-01  6.8358e-01
 -4.7872e-02 -2.6127e-01  4.1885e-01  5.1479e-01 -1.6467e-01  5.5481e-02
  6.9378e-02 -4.9310e-01 -2.5743e-01 -4.4624e-01 -8.2951e-01 -8.2665e-01
  6.9293e-01  2.0722e-01  6.5436e-01 -5.1228e-02 -1.2174e-01 -3.1409e-01
 -7.4765e-02 -3.9734e-01 -1.0455e+00  1.3868e-01 -1.4753e-01  1.1709e-01
  6.9893e-01  8.2826e-01 -1.9062e-01  1.1510e-01  1.3865e-01 -7.8495e-01
  2.0282e-01  2.3951e-01 -1.0708e+00 -5.9522e-01  1.0870e+00 -5.1658e-01
 -1.2284e-01  4.5327e-01  3.8219e-03  4.2688e-01 -2.8580e-01  1.1226e+00
  7.5336e-01 -2.9736e-01  1.1994e+00 -2.7459e-01 -1.8911e-01 -3.7736e-01
 -6.4342e-04 -2.0259e-01 -3.5109e-01  1.7771e-01  2.4141e-01  1.6678e-01
 -2.8318e-01  4.7653e-02  9.4225e-01 -4.3981e-02 -3.1728e-02 -4.4636e-01
  8.3967e-01 -3.5550e-01  7.4531e-01 -4.9855e-01 -3.2509e-01 -3.6616e-01
  3.3264e-02  1.1055e-01 -4.1783e-01  2.3246e-01 -4.6479e-01  2.7923e-01
 -6.1870e-01  1.3329e+00  1.6837e-01 -5.2234e-02 -2.9419e-01 -6.4474e-02
 -2.3211e-01  4.3924e-01 -4.9987e-01  7.7827e-02  5.1811e-01 -5.1194e-01
  4.6251e-01 -1.0351e+00  9.1596e-02  9.8531e-01]"
britannica,"[ 0.30973   -0.6902     1.0734    -0.2545     0.12923   -0.21345
  0.35513   -0.15176    0.73928    0.50683    0.65851   -0.32116
  0.18609   -0.81386   -0.5096     0.17955    0.85331    0.05661
 -0.67617   -0.35036    0.14233    0.2811    -0.033911   0.0872
  0.98399   -0.19108   -0.033865   0.54117    0.0017714  0.76469
  0.17246    0.4522    -0.6521    -0.49549   -0.20748    1.3526
  0.037705   0.20267   -0.43692   -0.18691   -0.41021    1.0032
 -0.58764   -0.30208   -0.52469   -0.20365    0.26535   -0.61329
  0.56129    0.70273    0.07825    0.93869   -0.67017   -0.91681
 -1.0103     0.15089    0.55937   -0.045323  -0.17059    0.0059386
 -0.8475    -0.49956   -0.088365   0.40097    0.65933   -0.43318
  0.091897  -0.28109    0.90357   -0.3625     0.36332    1.08
  0.5559     0.57805   -0.40358    0.6229    -0.14617    0.10496
 -1.0398    -1.0824    -0.30037   -0.025868  -0.92267    0.11588
  0.33634   -0.64194   -0.21404   -1.2883    -0.0035941  0.43644
  0.13877    0.49777    0.46081   -0.71139    0.71579   -0.96743
 -0.09065   -0.28026   -0.097805   0.25965  ]"
corrosive,"[-0.51602   0.031196  0.085462 -0.38853  -0.64645   0.045824 -0.41964
 -0.44085   0.43563   0.56994  -0.36427   0.078528 -0.3784   -0.13597
  0.29682   0.11622  -0.11374  -0.4549    0.65366  -0.47915   0.31311
 -0.30026  -0.018216  0.16634  -0.36211   0.26306  -0.38732   0.37097
 -0.33812  -0.19999   0.20076   0.24686  -0.6902   -0.39444  -0.64829
 -0.12825   0.46222  -0.032316  0.11597   0.11999  -0.2372   -0.40664
 -0.21029  -0.50564   0.58412   0.4597   -0.040971  0.35664  -0.445
 -0.17971   0.32651   0.22296  -0.040598 -0.1051    0.061344 -0.16108
  0.88073  -0.3766   -0.10228  -0.32518  -0.06757   0.92251  -0.45702
  0.23744   0.4035   -0.34058   1.3644   -0.91093   0.01973  -1.2632
  0.40045  -0.82543   0.25567   1.1008   -0.469    -0.57308  -0.14635
 -0.4618   -0.22132   0.32508   0.18177   0.014473 -0.36361   0.67665
  0.11474   0.39088   0.18769   0.53938  -0.69581  -0.94141  -0.46385
  0.022948 -0.4473    0.29536   0.94605   0.24088  -0.28145  -0.85928
  0.017967  0.78577 ]"
lovett,"[ 0.066049 -0.049877  0.06683  -0.59157  -0.22827  -0.13342  -0.11525
  0.47464   0.12879  -0.25182   0.035796 -0.056127 -0.71907   0.62237
 -0.041867  0.30915   0.17913  -0.19695  -0.34296   0.45983  -0.3647
 -0.25875   1.1696    0.040345  0.39127   0.28303  -0.56961  -0.50132
 -0.17105   0.098591  0.15129   0.26157   0.58002   0.41485  -0.24639
  0.31669   0.22869   0.48962   0.2942   -0.095737  0.059921  0.39484
  0.10112   0.58772  -0.093624  0.22674   0.037964 -0.45734   0.28449
 -0.032702  0.19165  -0.2931   -0.10719  -0.37111  -0.39934  -0.065207
 -0.26523  -0.25206  -0.83341   0.13217   0.30259   0.061903  0.13296
  0.053783 -0.12921  -0.59634   0.89217   0.16868  -0.21945  -0.15774
 -0.13918   0.55143  -0.12295   0.022799 -0.056205 -0.34502  -0.4474
 -0.059851  0.3739   -0.62675   0.10824  -0.46841   0.36144   0.14027
  0.092493  0.057724 -0.1814   -0.55256  -0.93655  -0.20447  -0.080864
 -0.24218  -0.39419  -0.18079  -0.16566  -0.020823  0.10112   0.080765
 -0.052818  0.54568 ]"
lockdown,"[ 0.15962   -0.67026   -0.16347   -0.22388   -1.2617     0.96904
 -0.23427    0.72909   -0.18651    0.36083   -0.30257    0.37197
  0.33023   -0.15897    0.29555    0.4862     0.39038    0.81733
 -0.51742   -0.81867    0.39932   -0.16782    0.2987     0.23133
  0.47597    0.46459    0.28977    0.36636   -0.76612   -0.25428
 -0.51391   -1.0664    -0.3169     1.1158    -0.47866   -0.043791
 -0.57255   -0.30885   -0.56985   -0.4502     0.061358  -0.12745
  0.13339    0.91665    0.32033    0.1797    -0.34855    0.9028
 -0.026771   0.24104   -0.2875    -0.3278     0.060214   0.61238
 -0.099648  -0.68681    0.42502   -0.79311    0.37943    0.76671
 -0.27832   -0.584     -0.09827   -0.11731   -0.0086191  0.36302
 -0.24618   -0.35465   -0.23617    0.31675   -0.16177   -0.6988
  0.17999    0.75374   -0.6088     0.83211    0.3686    -0.025518
  0.22033   -0.1415     0.88871   -0.64542   -0.16738    0.21039
 -0.16844    1.0085     0.20099   -0.18819   -0.089642   0.10864
 -0.22803    0.51913   -0.23667    0.63383    0.69573   -0.035
  0.83475    0.49674   -0.16752    0.22684  ]"
mid-20th,"[ 0.050587   0.36767   -0.070623   0.834     -0.32333   -0.089945
  0.30239   -0.58033    0.50361    0.080463  -0.10501   -0.81572
  0.080104  -0.44599    0.31355   -0.47255    0.0015568 -0.10769
 -0.23503   -0.78603    0.21454    0.45208    0.56844   -0.14223
  0.1108    -0.77906   -0.22933   -0.38627   -0.48916   -0.38734
 -0.22956   -0.29153   -0.35073   -0.068319  -0.33805    0.35868
 -0.55563   -0.34178    0.048109  -0.16146   -0.5686     0.26727
 -0.61957    0.80475    0.38872   -0.18455    1.3801    -0.18638
  0.57863   -0.25848   -0.47712    0.52641   -0.42497   -0.10091
 -0.67999    0.028548  -0.76593   -0.093842  -0.057059   0.034796
 -0.53209    0.76934    0.67523    0.65321    0.64791   -0.5668
  0.01548   -1.0705     0.090493  -0.5879     0.18607    0.57231
 -0.41046    0.16414   -0.11596   -0.70586   -0.33663   -0.71582
 -0.032744   0.083391  -0.56422   -0.18693    0.42916    1.059
 -0.35337    0.39548   -0.57502   -0.76131   -0.23655    0.15482
  0.66883    0.079734  -0.33669   -0.023892  -0.47721   -0.35546
  0.27007   -0.60252   -0.66463   -0.24107  ]"
polygram,"[ 6.5011e-01 -1.0858e+00  6.8181e-01  4.3517e-01  8.0632e-01  2.9900e-01
  2.3739e-01  3.8762e-04 -5.3510e-02 -4.8218e-01  1.3048e+00  5.9976e-02
 -2.5384e-01 -5.3953e-01 -2.5926e-01  2.4405e-01  7.0330e-01 -7.4135e-02
  1.0282e+00  4.2983e-01 -1.6922e-03  1.1825e-01  1.9341e-01  3.2632e-01
 -6.3146e-01 -1.5900e-01  6.7283e-01  3.9104e-01 -5.6506e-01 -9.9565e-01
  2.2816e-01  4.1238e-01 -9.6958e-01  5.0869e-01  1.5727e-01 -9.3881e-02
  1.0996e+00  4.8960e-01 -2.7648e-01 -1.2490e+00  7.8805e-01  4.8348e-01
 -9.0584e-01  6.7862e-01 -5.8933e-01  6.6282e-01  2.1008e-01 -1.1986e-01
  1.9159e-01 -3.1285e-01  5.0751e-01 -3.5776e-01 -3.9651e-01 -5.8117e-01
  6.3482e-02 -5.4914e-01 -3.4996e-01  9.1213e-01  3.3089e-01  1.4941e-01
  8.2418e-01  5.3039e-01 -1.2240e-01 -6.3814e-01 -4.7704e-01 -2.7183e-01
  3.2923e-01  5.8130e-01  6.8565e-01 -6.7959e-02  3.4038e-01 -4.2698e-01
 -1.3708e-01  2.3043e-01 -6.2448e-01 -6.7818e-01 -2.6907e-01 -7.1661e-01
 -5.7703e-01  2.7473e-01  1.7528e-01 -3.1692e-01  9.0642e-01  1.4519e+00
 -9.3037e-02 -2.2926e-01  5.0064e-01 -3.2806e-01 -3.9657e-01  1.1086e-01
 -2.5251e-01 -2.7310e-01 -4.0773e-01 -3.0534e-01 -1.6928e-01 -1.8498e-01
  1.1782e-01  6.8643e-01  2.4090e-02 -6.9487e-01]"
communicator,"[-0.059499  -0.27723    1.1115     0.29267    0.098062  -0.15036
  1.1794    -0.9186     0.16614    0.082789  -0.28593    0.16941
 -0.20837   -0.44765   -0.0050563 -0.18691    0.70417    0.54753
 -0.31182    0.65725   -0.60971   -0.51843   -0.16905    0.11851
  1.2259     0.2968    -0.28644    0.92821   -0.3271    -0.89344
  0.091895   0.5966    -0.26882    0.52701    0.86283    0.97537
 -0.66345    0.43117    0.48297    0.069536   0.017643   0.39102
  0.54836   -0.045338  -0.22735   -0.023641   0.083785  -0.56097
  0.013341   0.63295   -0.14538    0.39587   -0.1281     0.58381
  0.32082    0.064867   0.2931     0.36025    0.52487   -0.49287
  0.39484    0.42706   -0.87452    0.392     -0.38909   -0.55796
  0.061214  -0.099969   1.3199    -0.066699   0.56213   -0.21351
  0.44363   -0.076393  -0.49371   -0.24222    0.22966    0.51886
  0.75734   -0.35429   -0.1773    -0.11715   -0.19912    0.051385
 -0.77123    0.37246    0.53728    0.42051   -0.41063   -0.51943
  1.3052     0.74039    0.49333    0.33605    0.60504    0.31994
  0.39118   -0.33968    0.069285   0.27466  ]"
concepcion,"[-0.26229    0.11951   -0.090643   0.36685   -0.4726     0.76188
  0.10459    0.0674     0.60101    0.31515    0.72752   -0.70711
 -0.053277  -0.14546   -0.08065   -0.15545    0.29957    0.6141
  0.21322    0.93034   -0.0042184  0.74337    0.78781    0.53633
  0.20427    0.90959    0.74997    0.0091657  0.25706   -0.11143
  0.16738   -1.1973     0.65115    0.9739    -0.17583    0.45201
  0.22845   -0.058234   0.19616    0.23069    0.72409   -0.40007
 -0.29856   -0.041636   0.40026    0.62998   -0.38051   -0.14849
  0.48987    0.58564   -0.68117    0.038892  -0.79612    0.11059
 -0.62414    0.055815  -0.29028   -0.55248   -0.25832    0.57483
 -0.47326   -0.78908   -0.49715    0.028337  -0.62667    0.22858
 -0.036844   0.21776   -0.18495    0.027369   0.71633    0.14249
 -0.079938  -0.62586    0.74613    0.021268   0.53385    0.10952
 -0.31788    0.44347   -0.087501  -0.27335   -0.32911   -0.49503
  0.29437    0.1497     0.31847    0.18937   -0.28226   -1.0686
  0.83117    0.03514   -0.65581    0.89453   -0.55766    0.48618
 -0.0058606 -0.16846   -0.87311   -0.049158 ]"
larceny,"[ 1.0863e-01 -1.1801e+00  1.5692e-01  3.1337e-01  1.0784e+00  6.0281e-01
  1.2766e-01 -8.2655e-02  3.8887e-01  1.1224e+00  2.6338e-02  1.2308e+00
 -1.8218e+00  6.0216e-01 -2.5454e-01  5.4336e-01  3.3235e-01  7.7447e-01
 -7.1061e-01  6.5391e-01  2.5633e-01 -6.5858e-01  3.0605e-01 -4.1814e-01
  4.3824e-01  2.2575e-01 -1.6449e-01 -4.1711e-02 -4.1486e-01 -7.6793e-01
  8.2486e-02 -5.9357e-01 -3.6173e-01 -9.3063e-01 -1.8814e-01 -3.4891e-01
  1.3700e-01 -8.6240e-01  5.3276e-01 -9.5622e-02  6.9253e-01 -6.5773e-01
  4.3756e-01 -2.4664e-01 -8.4760e-01 -1.7215e-01  1.3867e+00 -8.8398e-01
  3.6732e-01 -2.7441e-01 -1.2502e-01 -5.3560e-01 -1.7923e-02  3.6109e-01
 -1.1501e-01  5.9839e-01 -1.0733e-03  5.0212e-01  4.7278e-01  7.4526e-01
 -7.1543e-01 -6.0999e-01 -6.9638e-01  6.7772e-01 -7.4468e-01 -5.4575e-01
  1.0632e+00  6.6792e-02  6.0937e-01  2.5892e-01 -1.0583e+00 -2.7210e-01
 -2.7824e-01  2.7496e-01 -2.5501e-01  6.3505e-01  3.3125e-01 -4.1572e-01
 -7.4525e-01 -4.7200e-01  5.0004e-01  6.6843e-01  5.8366e-01  6.3682e-01
 -4.3602e-01 -3.9603e-01 -4.8352e-02 -5.5524e-01  3.0927e-01 -4.8842e-01
 -1.0069e+00 -8.0064e-01  3.9776e-01 -9.4597e-02  1.0283e+00  6.8487e-02
  1.9844e-01 -8.2445e-01  6.4815e-01 -1.0251e+00]"
herded,"[ 0.26896   0.37256  -0.24907  -0.18653  -0.25966   1.1228   -0.12449
  0.57303  -0.23976  -0.63928  -0.1269    0.61516   0.193     0.2126
  0.53466   0.12859  -0.42777   0.39695  -0.53849  -0.77019   0.88874
  0.40111   0.96301  -0.1446   -0.19197  -0.50592  -0.45559   0.35406
  0.19839   0.31881   0.1901   -0.50706  -0.21119   0.36867   0.39481
 -0.18272   0.16706   0.46324   0.12547   0.17506  -0.27271  -0.58236
 -0.07134   0.17934   0.046171  0.48948  -0.3595    1.0159   -0.019893
  0.47434  -0.83063  -0.31065  -0.063028  0.53353  -0.61438   0.99079
 -0.5144    0.1896    0.068745 -0.46625   0.72377   0.9469    0.655
  0.012829  0.50542   0.017839  0.25663   0.21908   0.13086   0.7172
 -0.24181  -0.72349   0.46683  -0.33302  -0.44332   0.15123   0.22318
  0.25477   0.14081  -0.33417   0.19747   0.69705  -0.57885   0.43508
 -0.54552  -0.30888   0.32745  -0.031818 -0.92071   0.20642  -0.03124
 -0.43913   0.40098  -0.44425  -0.44256  -1.03      0.39763   1.0956
 -0.067068  0.14239 ]"
indecency,"[ 1.0863   -0.83054   0.24628  -0.23078  -0.19737   0.62282  -0.2246
  0.27337  -0.096677  0.23266  -0.13024   0.62513  -1.2982   -0.14928
  0.22862   0.20625   0.084913  0.69257  -0.26595   0.17554  -0.31673
 -0.49437   0.80466  -0.064755  1.577    -0.29413   0.31595   0.13093
 -1.0272    0.58029   1.0529    0.17799   0.56561   0.48208   0.12637
  0.12942  -0.15109  -0.21821  -0.02757   0.54561   0.58122   0.37095
 -1.0766    0.22595  -0.44882  -0.29969   0.20155  -1.2638   -0.35232
 -0.23481   1.0163   -0.46946  -0.076542  0.72035  -0.44044   0.44785
  0.94149   0.077789  0.84265   0.11093   0.40736  -0.75364  -0.77761
 -0.54191   0.14777   0.070573  0.18325  -0.62023   0.21516   0.37631
  0.38678  -0.64492   0.55685   0.53608  -0.31134   0.013332 -0.091946
  0.14522  -0.14548  -0.16159   0.96911  -1.3536    1.1331    0.79761
 -0.5801   -0.33101  -0.49028   0.043237  0.15421  -0.035832 -0.17771
  0.086492 -1.4275   -0.51037   1.1083   -0.022244 -0.4604    0.21598
  0.52504   0.22398 ]"
overdrive,"[-0.1128    -0.39827    0.50428   -0.39303    0.11401   -0.22157
  0.47181    0.2504     0.19165   -0.2589    -0.026027   0.7931
 -0.88184   -0.41865    0.19564   -0.12033   -0.45237   -0.33647
  0.16075   -0.79608    0.14895    0.71282    0.4863     0.52206
  0.49485    0.70946    0.40685    0.89634    0.40441    0.42993
  0.1158    -0.0078014 -0.50149   -0.36021    0.36169   -0.086954
 -0.25434   -0.098549   0.24391   -0.68863    0.39657    0.39788
 -0.90204   -0.1859    -1.0768     0.16647    0.37373   -0.50136
  0.79667   -0.071147  -1.3362    -0.12911   -0.79793    0.67481
  0.16382   -0.36995    0.31012   -0.43642   -0.015837   0.16838
  0.54175   -0.011959   0.062941   0.53825    0.56226   -0.20833
 -0.1582    -0.72367   -0.36934    0.84415   -0.19814   -0.50439
  0.13836    0.28537    0.058827   0.071358  -0.38078   -0.12577
  0.3071     0.075095   0.36295   -0.65667    0.094375  -0.32723
 -0.51842    0.72254    1.2027    -0.71611   -0.25925   -0.27033
 -0.13587    0.74073    0.13846    0.18642    0.84302   -0.92316
  0.16564    0.095543   1.0228    -0.25405  ]"
ridership,"[ 0.61549   0.25158   0.073933 -0.58702   0.28064  -0.92274  -0.18321
  0.64225   0.65507   0.14748  -0.4365   -0.081809  0.50932  -0.46633
  0.85757  -0.85842  -0.53924   0.27343   0.73274  -0.10847  -0.068625
 -0.55589  -1.0215    0.26306   0.24851  -0.70745   0.55946   0.23892
 -0.10589  -0.5756   -0.093861 -0.11149   0.23694   0.61137  -0.41737
  0.87958   0.10213  -0.11052   0.35352   0.64765   0.52227  -0.36016
 -0.77871   0.42484   0.8838    0.18972   1.2028   -1.8251    0.49996
  0.24658   0.26712  -0.36966  -0.21025   0.64179   0.1923   -0.27485
  0.58561   0.37611   1.1769   -0.20966  -0.094827 -0.89668  -0.049409
 -0.36826  -0.49813   0.044919 -0.58603  -0.76229   1.3103   -0.053721
  0.12269  -0.9066    0.44432   0.369     0.1245    0.028743  0.95837
  0.1103    0.057358 -0.35588  -0.64366   0.78482  -0.50516  -0.15185
 -0.37067  -1.0324   -0.46386  -0.24491  -1.0182    0.96882   0.13695
  0.27176  -0.72678  -0.047448 -0.31001  -1.127    -0.088393  0.54871
 -0.16348  -0.18649 ]"
effortlessly,"[-0.34026   0.28028   0.27399   0.20159   0.9033    0.85991  -0.19364
 -0.13376   0.53078   0.26269   0.28292   0.52652  -0.30309  -0.25849
  0.22962  -0.14242  -0.36446   0.40934   0.40433  -0.3029    0.73802
  0.32315   0.56504  -0.25008   0.90628  -0.032429 -0.62296  -0.30185
  0.2224   -0.48645  -0.55048   0.7149   -0.59359  -0.28244   0.27082
  0.30422   0.048728 -0.53895  -0.52563   0.017404  0.24565  -0.058333
 -0.74106   0.014043 -0.54577   0.37001   0.071066  0.34367   0.68629
 -0.42028  -0.36667   0.25099   0.87537   0.75546   0.033508 -0.059611
  0.079834  0.29372  -0.34961  -0.031866  0.038073  0.72301   0.21004
 -0.16213  -0.47993   0.17016   0.26848  -0.16162   0.1002    0.033446
  0.25939  -0.4452    0.55066  -0.2346    0.40596  -0.67103  -0.47106
 -0.38318   0.87934  -0.52092  -0.42816   0.39002  -0.35185  -0.087376
 -0.39043  -0.50861   0.4988    0.014935 -0.66687  -0.26376  -0.55044
  0.47484  -0.49274  -0.029336  0.21759  -0.22222  -0.079894 -0.051439
 -0.27078   0.59575 ]"
refuel,"[-6.0202e-01 -2.8687e-01  2.7735e-01  7.4340e-02 -4.6115e-01 -8.1903e-02
  6.9214e-02 -1.7571e-01  6.4882e-01  6.5906e-01  4.4304e-01  4.0734e-01
 -4.4264e-02  2.1465e-01 -8.8328e-02 -1.0909e+00 -2.3087e-01  4.4922e-01
  3.8584e-01 -3.2357e-01  2.1932e-01 -5.3458e-02  3.7369e-01 -3.5862e-01
 -1.1971e-01  2.7826e-01 -9.6888e-01 -1.2907e-01  1.5262e+00  2.8764e-01
 -1.3606e+00 -2.6049e-01 -3.3471e-01  4.8069e-01 -6.8461e-02  5.4787e-01
  1.4406e-03 -4.9099e-01  3.6434e-01 -8.5927e-02 -4.8517e-01 -2.5326e-01
 -1.2192e-01  1.7903e-01  3.4042e-01  3.6494e-01  8.3717e-02 -6.9773e-01
 -4.0939e-01 -2.8051e-01 -1.4837e-01  9.5049e-01 -1.6491e-01  5.9610e-01
  1.6418e-01  3.5502e-01 -1.8409e-01 -3.1773e-01  7.3610e-01 -1.8541e-01
 -5.6992e-01  2.6532e-02  7.2075e-01  4.2744e-01 -5.0423e-01  5.8977e-01
 -7.2525e-02 -1.7669e-01 -4.4982e-01 -7.6916e-02 -7.8252e-01 -9.9508e-01
  3.7828e-01 -6.9309e-01 -1.8965e-01  5.8679e-02 -3.8485e-01  1.2423e-01
 -4.3374e-01  7.3151e-01 -2.9959e-02 -4.6228e-01 -5.4045e-01  7.2959e-01
  5.3331e-01  1.3737e-01  8.4194e-01  6.8585e-01 -8.2194e-01  6.9075e-02
 -6.3038e-01 -1.2382e-01  1.5485e-01 -9.2433e-01 -4.5833e-01  3.1563e-01
  1.0325e-01  6.8985e-01 -5.1728e-03  1.9102e-01]"
integrates,"[-0.68164    0.55171    0.11482    0.46241    0.75991    0.37888
  0.17203   -0.25211    0.73365    0.37834    0.38711   -0.25674
  0.37308   -0.13231    0.44445    0.36761    0.17877    0.4482
 -0.011848   0.050871  -0.94668   -0.94264    0.40255    0.32527
 -0.19772   -0.42749   -0.242      0.1784    -0.77896   -0.024373
 -0.80476    1.3378    -0.7526     0.2213    -0.10597   -0.22487
  0.017918  -0.30968   -0.49533   -0.099719   0.28265   -0.016503
 -0.24322    0.72301   -0.6669     0.49751   -0.13642    0.34863
  0.44651    0.60584   -0.25761    0.19257   -0.12215   -0.25356
 -0.016635  -0.30645    0.63548   -0.19851    0.19114   -0.3129
  0.35262   -0.0051839  0.58943   -0.085862  -0.17439    0.19205
 -0.11658   -0.24641    0.73118    0.43755    0.40773    0.1779
  0.30246   -0.080144   0.44178   -0.26751   -0.28326   -0.31934
  0.38986   -0.51883    0.062873   0.19858   -0.65832    0.86088
 -0.27301    0.52004    0.15993   -0.25372   -0.20764    0.17491
  0.30709    0.25504   -0.43429   -0.24659    0.97863   -0.15548
  0.13293   -0.58629    0.27661    1.0597   ]"
alia,"[ 0.22739   -0.46651   -0.41634    0.52912   -0.18035    0.24184
 -0.22685    0.96833    0.3166     0.20285    0.20025    0.29154
  0.071576   0.33853    0.29914   -0.3198     0.73359   -0.96222
  0.11586    0.64669   -0.73204    0.12727   -0.20247    0.42722
 -0.043175  -0.40178    0.10133   -0.50371   -0.075529   0.39003
  0.35007   -0.21612   -0.030422   0.66632   -0.85753    0.63814
  0.92516    0.65838    0.062574   0.37104   -0.10483    0.97943
  0.071845   0.29297   -0.15275    0.042068  -0.1681     0.61634
  0.045312   0.57812   -0.24967   -0.066032   0.33299    0.96475
 -0.13883    0.29207   -0.12542    0.98352   -0.53672   -0.41104
 -0.54835   -0.26048   -0.227      0.16671   -0.34724   -0.20144
  0.0030702 -0.21707   -0.047445  -0.017843   0.22597   -0.8878
  0.80626   -0.50823    0.24278   -0.2853     0.21135   -0.27986
 -0.69045   -0.15914    0.69686   -0.11071    0.59962    0.51247
  0.0023465  0.12822   -0.28651   -0.23659   -0.049885  -0.082163
 -0.9097    -0.23075   -0.11666   -0.037722  -0.0049475 -0.025151
  0.84065   -0.23754   -0.52507    0.2368   ]"
malvern,"[ 0.54297   0.14798  -0.4092    0.87432   0.13227  -0.71065   0.024938
  0.35084  -0.11192  -0.23829  -0.025655 -0.4329    0.11226   0.074187
  0.37179  -0.65798   0.39409  -0.17202  -0.049987  0.49723  -0.82102
  0.14413   0.18025  -0.58485  -0.49931   0.40133   0.13907   0.56249
 -0.83523   0.10758   0.20272  -0.70814   0.29704   0.075853 -0.48807
  0.093742 -1.0616    0.11021   0.63852   0.68934  -0.36296   0.49883
 -0.86848  -1.2199    0.3767    0.40837   0.91581   0.021458  0.91271
  0.81703  -1.0993    0.39283   0.58638  -0.18527  -0.061676 -1.0341
 -0.47868  -0.49862  -0.59119  -0.79713   0.067882  0.13941  -0.15705
  0.72309  -0.33997  -0.49534   0.5584   -0.51055   0.25535   0.022569
 -0.13531   0.15866  -0.50146  -0.51285  -0.36927   0.14062   1.1238
 -0.21043  -0.4581   -0.48796   0.089848  0.17835   0.34259   0.51353
  0.22086   0.20886  -0.40615   0.37293   0.65535   1.255    -1.2022
 -0.22847  -0.71499   0.5711   -0.37349   0.17952   0.44376   0.11938
 -0.42747   1.1405  ]"
theron,"[-0.069616  0.77359   0.80102  -0.34019  -0.12245  -0.49228   0.030802
  0.42997   0.31282  -0.37833  -0.47687  -0.2303   -0.61878  -0.22374
  0.24004   0.20206   1.1271    0.62457   0.18609   0.97056   0.407
 -0.46483   0.73915   0.67313   0.27899   0.97623  -0.31006  -0.22166
  0.077149 -0.42458   0.052688 -0.23411   0.34871  -0.23712   1.0325
 -0.50487   0.31872   0.4471   -0.43633   0.6735   -0.41873   0.44911
 -0.14811  -0.073062 -0.11434   0.79349  -0.4456   -0.66451  -0.25707
  0.35514  -0.56391   0.20044   0.16427   0.54258  -0.60503   0.44108
 -0.96669   0.66847  -0.7275   -0.83259  -0.11149   0.27104  -0.13279
  0.07573  -0.45114  -0.33212   0.94638   0.2824   -0.46044   0.89361
 -0.26549   0.10272  -0.35281   0.072697  0.42576   0.22339  -0.032594
  0.19291   0.84583   0.096951 -0.49543  -0.13195   0.2961   -0.24306
 -0.51387  -0.14521  -0.24031  -0.032446 -0.51957  -0.27998   0.12907
  0.024169 -0.03297   0.48371   0.20405   0.077182 -0.016876 -0.50228
 -0.21745   0.55377 ]"
britten,"[-0.52157   -0.0083813 -0.72763    0.37037   -0.25922   -0.042536
  0.064309   0.12297   -0.80826   -0.021049  -0.41465   -0.35707
 -0.65313    0.55237   -0.49893   -0.072263   0.22032    0.53898
  0.29557    0.44805   -0.08404   -1.081      0.82512   -0.61918
  0.86156   -0.0079436 -0.99555    0.53988   -0.19452    0.13342
 -0.94147   -0.56601    0.14387    0.59112   -0.99453    0.43584
  1.5938     0.14282    0.51169   -0.37871   -0.26497    0.69639
  0.11301    0.98973   -0.035383  -0.090538  -0.072819  -0.45175
  0.49097    0.1968    -0.21739   -0.011252   0.16326   -0.067742
 -0.52947   -0.20404   -0.037176  -0.067305  -1.1622     0.41697
  0.58957    0.59451    0.28369    0.41763    0.48118   -0.34231
  0.24565    0.41956    0.009118  -0.19003   -0.86229   -0.0054317
 -0.35412    0.60139   -0.11268   -0.30321    0.28003   -0.48084
  0.15993   -0.16749    0.065224  -0.30589   -0.25507    1.1495
 -0.79605    0.40675   -0.03042   -0.53758   -0.28302    0.29934
 -0.55126    0.3969     0.2177     0.1643    -0.22187    0.19827
  0.45793   -0.33944   -0.89085    0.31206  ]"
delray,"[ 0.24688    0.35829    0.77012    0.0035377  0.20624    0.23758
  0.30365    0.77407   -0.23781    0.51647    0.3179    -0.12789
 -0.24357   -0.31778   -0.25057    0.34202    0.099408   0.20093
 -0.090004   0.45103   -0.16256    0.63164    1.1873     1.1772
 -0.28902    0.0024225 -0.28094   -1.5622     0.018422   0.015863
 -0.092684  -0.70292   -0.038401   0.23771   -0.023074  -0.42982
  0.18458    0.87025    0.0090088 -0.7848    -0.18498   -0.68643
 -0.01143   -0.73132   -0.15908    0.74235    0.60551   -0.28575
  0.25244    0.68695   -0.51999   -0.90068    0.4609    -1.026
  0.22155   -0.033161   0.34932    0.35039    0.035395   0.0057318
 -0.79681    0.32781    0.20487   -0.052121  -0.63922   -1.0324
 -0.60674    0.035749  -0.24152   -0.041514  -1.0235     0.74172
 -0.53564   -0.42882   -0.36094    0.10892    0.90595   -0.21881
 -0.43388    0.18021    0.015742  -0.61298   -0.24119    0.87672
  0.26892   -0.36637    0.44942    0.062218  -0.1441     0.13799
  0.013069   0.41985    0.84806    0.29272    0.79329    0.55554
  0.82123    0.25292    0.89415    0.88917  ]"
m.s.,"[ 0.29457   -0.26806    0.37113   -0.15408    0.32999   -0.60181
  0.97693    0.44804    0.15079    1.293      0.03075   -0.71464
 -0.19031    1.5213     0.10367   -0.71056   -0.1287     0.15435
 -0.31685   -0.36525   -0.71984    1.0713     0.61798   -0.42608
  0.28196    0.63001    0.41023   -0.036485   0.78832   -0.77565
 -0.65995    0.97219   -0.57927    0.47935   -1.2655     0.4669
 -0.27824    0.70641   -0.14255    0.97498   -0.13075   -0.20179
 -0.12249   -0.56188   -0.21641    0.17043    0.5645     0.56933
 -0.67503    0.79338    0.031088   0.27988    0.52936   -0.74461
  0.43333    0.4211     0.65889   -0.11808    0.52752   -0.39697
  0.3813    -0.0027037 -0.080164   0.83632   -0.40585   -0.23641
  0.86006   -0.47481    1.0135     1.1582    -1.0366     0.8679
  0.27212    0.061033  -0.43946    0.86141   -0.63093   -0.27301
 -0.25741   -0.18713    0.32302   -1.0086     0.43637   -0.35712
  0.37874    0.23436    0.41603   -0.77715   -0.92198   -0.507
  0.53868    0.75762   -0.32615   -0.097286   0.18016    0.45007
  0.33348   -0.35779   -0.30024   -0.40386  ]"
samudra,"[ 0.44903   0.35693   0.047115 -0.32246   0.089153 -0.13937   0.23132
  0.25215  -0.65425   1.1896    0.60916   0.20033   0.092881 -0.48455
  0.029354  0.17846  -0.54497   0.68711  -0.79108   0.55223   0.39878
 -0.67297   0.16809   0.12827  -0.67525   0.028285  0.29754  -0.20317
 -0.24227   0.33738   0.45652  -0.55586  -0.11561   0.37831   0.50011
  0.37946   0.20851   0.16426   0.44573  -0.58967  -0.69313   0.54779
  1.8102   -0.15198   0.31717   0.77014   0.33972  -0.12663   0.46119
  0.51048  -0.75642   0.24091   0.18443   0.4233   -1.374     0.5098
 -0.665    -0.077627 -1.0525   -0.25903  -0.94629   0.85208   0.81811
 -0.68775  -0.94415   0.30676   0.58082   0.060573 -0.49656   0.92288
 -0.047489  0.090822  1.0335   -1.0637   -0.83978  -0.71942   0.74225
 -0.13801   0.3179    0.32785   1.1238   -0.21554   0.27544  -1.1246
 -0.58135  -0.19641   0.056965 -0.08399  -0.28157  -0.061621  0.22856
  0.21525   0.053962 -0.50422   0.91595  -0.044978  0.39919  -0.84525
 -0.41844  -0.13785 ]"
varela,"[ 7.0623e-01  4.3916e-02 -1.0512e+00 -7.8852e-01  1.0907e+00  4.6074e-01
  2.8235e-01 -2.3571e-01  2.1603e-01  1.7417e-01  5.1803e-01  4.9271e-01
 -8.2960e-01 -1.0957e+00 -5.3589e-01 -2.9586e-01  1.2920e-01  8.4175e-01
  1.4438e-01 -4.3904e-01 -6.1369e-01 -3.7331e-01  1.8540e-01  8.7804e-01
  3.4876e-02  3.7777e-01 -1.4971e-01 -1.6504e-01  4.8223e-01 -1.7954e-01
 -8.5386e-01  6.9872e-02  7.4193e-01  1.1094e+00 -2.6974e-01 -4.6256e-01
 -4.7721e-03  5.5804e-01  4.5071e-01  2.0268e-01 -3.5141e-01 -1.5457e-01
  6.9444e-01  1.0062e-01  1.9244e-01 -1.2947e-01  2.1130e-02 -1.2406e-01
 -5.1139e-01  1.0612e+00  5.3228e-02  1.4002e-01  3.9099e-01  3.2994e-01
 -1.0030e+00  5.0668e-01 -4.3223e-01  3.7457e-01 -4.7882e-01 -1.1175e-04
  6.7092e-02  1.1688e-01  4.2029e-01 -4.4081e-01  7.9207e-02 -6.3877e-02
  1.8055e-01 -5.2665e-02 -4.7541e-02 -4.4667e-01  6.0922e-01  5.7321e-01
 -6.7806e-01 -6.4376e-01  1.3094e-01 -4.6597e-01 -3.0766e-02  3.8332e-01
 -6.2520e-01  2.8142e-01  1.9818e-01 -1.7118e-01 -1.1105e-01 -4.3562e-01
 -4.7959e-01  5.3207e-01  6.2174e-01  3.9147e-01 -3.9618e-01 -4.8531e-01
  4.5451e-01  3.7296e-01 -2.1516e-01  7.8458e-02  2.9606e-01  3.5531e-02
 -4.4467e-01 -1.2918e-01 -2.7254e-01  2.9735e-03]"
decipher,"[ 0.19734  -0.27422   0.23805   0.092514 -0.47477   0.28069  -0.41836
 -1.0089    0.86746   0.010023  0.41548   0.43189   0.071475 -0.5441
  0.17711   0.45781   0.88622   0.024562  0.053981 -0.1076   -0.49472
 -0.30707   0.27456  -0.26051   0.21765  -0.80543  -0.31599   0.21672
  0.2169   -0.31711  -0.09973  -0.27542  -0.37081  -0.060032 -0.069263
 -0.11578  -0.53683   0.20281   0.52431  -0.38082  -0.06528   0.24643
 -0.60037  -0.30147  -1.2597    0.4597    0.31837   0.078429 -0.16532
  0.12389   0.22532   0.55992   0.79121   0.44933  -0.08101   0.025355
  0.26883  -0.17853  -0.086122 -0.15254  -0.2431    0.77782   0.078016
 -0.49885  -0.27003  -0.11957   0.2723    0.65491  -0.048656 -0.49173
 -0.025148  0.47557   0.15952  -0.19014  -0.094597 -0.10426  -0.50136
 -0.39169  -0.25966  -0.029217 -0.090684 -0.21551  -1.171    -0.15059
 -0.5984    0.33997   0.35445   0.3345   -1.049     0.72705  -0.020671
  0.9765   -0.46141  -0.54621   0.15252  -0.30524  -0.25271  -0.57037
 -0.4546    0.17306 ]"
exacting,"[-0.41059   -0.11757    0.040867   0.095865  -0.15283    0.1369
 -0.72276   -0.17387   -0.13625    1.0954    -0.1153    -0.045952
 -0.03919   -0.53927   -0.32821    0.030729   0.060117  -0.23237
 -0.15796    0.7084     0.0073143 -0.70037    0.54783   -0.12242
  0.54226    0.152     -0.59006   -0.28426   -0.52614   -0.50021
 -0.089387  -0.9236    -0.15358   -0.33967   -0.36614    0.12303
 -0.29268   -0.34778   -0.069963   0.032693   0.28948    0.75704
  0.032079   0.28049   -0.32754    0.0013036  0.53173    0.057467
  0.42985   -0.1409     0.2787    -0.96915    0.030858   0.85362
 -0.17559    0.1778     0.64689   -0.1193    -0.16841   -0.63974
  0.85214    0.18007   -0.71314    0.17977    0.26922   -0.57709
 -0.66204   -0.055636  -0.15016   -0.46381   -0.86161   -0.68039
  0.11243   -0.12541    0.038192   0.048296  -0.21059   -1.0718
 -0.16913   -0.66836    0.89921    0.18931   -0.068714   0.082404
 -0.54491    0.101      0.17135   -0.15708   -1.1504    -0.15217
  0.44391    0.38695   -0.30831    0.17561    0.63538   -0.55026
 -0.41859   -0.28784    0.315      0.79147  ]"
moamer,"[ 1.092    -0.58328  -0.050828  0.23054  -0.30562   0.23527   0.7309
 -0.20765  -1.4269   -0.16261  -0.040694  0.90683   0.33333  -0.21361
  0.28409   0.16703   0.19857  -2.3383   -0.81583  -0.71068  -0.7669
 -0.1183   -0.1964   -0.16712   0.54001   0.52305  -1.2096    0.5857
  0.30544   0.02621   0.097624  0.12988   0.51802   0.478    -1.0643
  1.3325    0.85006   0.91903  -1.0905    1.2568   -0.32097   1.6986
  0.9373   -0.33996   0.14229  -0.058778 -0.5658   -0.1123    0.019796
  0.36782   0.45695   0.21271   0.54356   0.54145  -0.54696  -0.15291
 -0.88479   0.31874  -0.90747  -0.44916   0.081095 -0.84458  -0.052221
 -1.3271    0.26741  -0.123     0.044471 -0.20647   0.29595  -0.3124
  1.2546   -1.1158   -0.84852  -0.81715   0.050585  0.61376  -0.081455
 -1.1974    0.19806   0.963     0.14753  -0.93542  -0.44299   1.9927
 -0.035502  0.23093   0.67533   0.37198   0.2453   -0.5913   -0.35966
 -0.34151   0.079461 -0.6277   -0.25773  -0.35948   0.12492  -0.2425
 -0.020256 -0.57034 ]"
hostels,"[ 0.36059   0.8434   -0.9336   -0.44632  -0.64506   0.99446  -0.95487
  0.96958   0.22658   0.48246   0.71377  -0.042739  0.23338   1.2499
  0.16399  -0.041439 -0.11063   0.35631  -0.64865   0.54073   0.17744
  0.66482   0.5322   -0.48286  -0.62567  -0.78749   0.32766  -0.51861
 -1.0349    0.26453   0.036632 -0.12159  -0.37086   0.32342   0.66866
  0.80811   0.084449  0.4604    0.056347 -1.0103    0.36831   0.85623
 -0.70764   0.18205   1.2789    0.26517   0.44935   0.89406   0.7329
  0.42128  -0.6808   -0.6353   -0.68882   0.19902  -0.054496 -0.10863
  0.82813  -0.3072    0.23717   0.18792  -0.71313  -0.26711   0.2949
 -0.36423  -0.33496   0.14042   0.1048    0.037683  0.95834  -0.19441
  0.10623  -0.18118   0.087981 -0.44965  -0.18981   0.52997   0.91129
 -0.27423   0.21274  -0.83444  -0.61293   0.18881   0.4778   -0.16175
 -0.24474   0.43352  -0.02804  -0.17679  -0.21855   0.43263   0.096279
  0.44884   0.18078  -0.615     0.13862  -0.081703 -0.40937   0.49099
  1.0136   -0.27433 ]"
kot,"[-1.1989    -0.90456    0.28999   -0.91354   -0.25896   -0.079408
 -0.61226   -0.49871    0.0056221  0.32385   -0.075954   0.44756
  0.0883    -0.52029    0.24581   -0.29647    0.042373  -0.59916
 -0.60646    0.45263    0.24863    0.11737   -0.68571    0.94275
 -0.3604     0.060149  -0.38156    0.2214    -0.090011   1.1628
  0.28997   -1.1069     0.67428   -0.17517    0.28548   -0.63407
  0.80975    0.68732    0.25196   -0.31855    0.11917    0.51015
  0.10334    0.25232    0.093968  -0.31518   -0.21066   -0.8232
  0.97042    0.81574   -1.3931    -0.38506   -0.17087   -0.20594
 -1.1069     0.52645   -0.27847   -0.51245   -0.42934   -0.11693
 -0.3699     0.46141   -0.25372    0.27559   -0.22563   -0.38081
  0.16622   -0.97881   -0.96977    1.2073    -0.10711    0.56745
  0.10367   -0.65242   -0.20508   -0.59651   -0.34113    0.021708
 -0.41862    0.16828    0.068206   0.2122    -1.1723    -0.93544
  0.33643    1.3141     0.30342   -0.62749   -0.21699    0.60167
  0.87488   -0.15661    0.079855  -0.055895  -0.10813    0.74095
  0.50871   -0.020216   0.21251    1.1381   ]"
16-month,"[ 0.39896    0.034617  -0.017175   0.59153    0.059649  -0.60753
  0.0089639  0.68055   -0.52609    1.3787    -0.94658    0.73764
 -0.034828  -0.56044    0.48428    0.28618   -0.5971    -1.3515
  0.19721   -0.12129    0.35953    0.024033   0.30197    0.86633
  0.4468     0.11371   -0.89632   -0.50696   -0.40863    0.53618
  0.089279  -0.74459    0.77419    0.30903   -0.24902    0.10813
  0.090726  -0.71626    0.62818    0.037289   0.29776    0.013885
  0.45774    0.25964   -0.24202    0.50348    0.19946    0.048254
  0.39334   -0.44983    0.30678   -0.6911     0.68766    0.55803
  0.3398    -0.19194    0.50049   -0.54866    0.0027179  0.55947
  0.15676   -0.066006  -0.044475   0.040551   0.034162  -0.051895
 -0.3628    -0.46079   -1.1897    -0.13181    0.15923    0.63457
 -1.2395     0.25491   -0.47698    0.2018    -0.39621    0.29771
 -1.0689    -0.81678    0.44485    0.36383    0.68189   -0.002158
 -0.13743    0.22561    0.20473    0.58244    0.16448   -0.068055
 -0.9514     1.159     -0.50939   -0.32994    0.25837   -0.48561
  0.67526    0.28086   -0.81624    0.47569  ]"
cheh,"[-1.6717   -0.43734   0.28828  -0.28767   0.043074  0.3357    0.11878
 -0.36151   0.44012   0.026496  0.56415   0.09355   0.45509   0.65943
 -0.2163   -0.5727    0.37386   0.99809   0.30323   0.17525   0.30396
  0.80827   0.78314   0.36812  -0.41865   1.7042   -2.0861   -1.3395
  0.11624  -0.8296    0.4273   -0.80462  -0.08426   1.1127   -0.70358
 -0.36967   0.18595   0.65328  -0.56769   0.76628   0.58181   0.42471
 -1.3545    1.085     0.74926  -0.63889  -0.94553   0.6101    1.2352
  0.3882   -0.96642   0.27251  -0.96911  -0.95461  -0.52274  -0.4345
  0.14931   0.39583  -0.40615   0.13928   0.6135   -0.79743   0.5643
 -2.0214   -0.38527   0.20548   0.80312   0.85383  -1.3751   -0.32861
  0.075431  0.68559  -0.9363   -0.10737  -0.56013  -0.11788   0.2107
 -1.524     1.7167    0.63062   1.0829   -0.45294   0.52337  -1.4014
 -0.5635    1.5696    0.12318   0.3769    0.71304   1.1903    0.5838
 -0.57566  -1.0565    0.5921    0.14068   0.49193   1.5028   -1.6753
 -0.65023  -0.87045 ]"
hypothermia,"[ 3.8653e-01  2.0127e-01 -5.3541e-02  3.2142e-01 -5.9812e-01  3.1921e-01
  4.6207e-01  3.3691e-01 -4.4197e-01 -2.2265e-01 -5.9205e-01  4.5111e-01
  4.6171e-01  1.2273e-01  9.5977e-01 -9.7183e-02 -4.2778e-01 -6.3323e-01
 -3.3471e-01 -2.0703e-01 -1.1018e-01  1.1029e-01 -5.5932e-02  7.8450e-01
 -3.0089e-01  1.2141e+00 -3.1496e-01 -2.8893e-01  1.1328e-01  1.2593e-03
  3.0214e-01 -4.3268e-01 -1.3531e+00  5.6603e-01  9.8332e-03  4.6121e-02
  1.3883e-01 -5.7114e-02  1.0729e-01 -4.8732e-01 -8.3993e-01  4.7375e-01
 -6.5203e-01 -2.4305e-01  5.1822e-02  7.4554e-01  1.1304e-01  2.4290e-01
 -4.0040e-01  2.0347e-01  2.0576e-01 -5.7305e-01 -2.1343e-01  2.9839e-01
  1.6673e-01 -6.2294e-02  6.6293e-01 -4.2795e-01 -7.1658e-01  6.8548e-01
 -1.1039e-01  6.9379e-01 -3.5350e-01  7.6714e-01 -3.7700e-01  3.6457e-01
  5.5805e-01 -1.2586e+00 -2.3026e-01 -5.4555e-01 -1.0322e+00 -4.0644e-01
  7.6772e-01  9.4137e-01  8.1434e-01  2.2178e-01  4.0949e-01 -4.5636e-01
 -2.0271e-01  6.5540e-02  4.4912e-01  2.5131e-01 -1.1516e-01  1.7863e-01
 -6.6295e-01  2.0657e-01  1.6322e-01  9.5634e-01 -6.7823e-01 -1.7080e-01
  1.9800e-01 -7.1896e-01 -7.3296e-03  6.8045e-01 -1.1133e-01  1.8974e-01
  5.8942e-01  4.4521e-01  8.6156e-02 -1.0807e+00]"
aron,"[ 0.12935   -0.56347   -0.49514   -0.30739   -0.51651   -0.32776
  0.23986   -0.71792    0.2754    -0.23325    0.54298    0.044034
  0.10463   -0.033268   0.22596   -0.34737    0.84707   -0.37731
 -0.43002   -0.036259   0.37244    0.099076   0.16911    1.0914
  0.34412    0.069805   0.47487   -0.90499   -0.1523    -0.44339
 -0.14345    0.0021671 -0.53247    0.036669  -0.34062   -0.054798
  0.90289    0.8397    -0.14389   -0.25821   -0.034462   0.80986
 -0.57614    0.45392    0.029085   0.54147   -0.5407    -0.41842
  0.28732   -0.10406    0.70294    0.34361    0.071412   0.14175
 -0.71087    0.038963   0.81031    0.83818   -0.65495   -0.206
  0.46313    0.45644    0.30211   -0.69192   -0.10501   -0.10929
  0.48977    0.32054    0.037692  -0.0073014 -0.10729   -0.48039
  0.2203    -0.11651   -0.15256   -0.61243   -0.76005   -0.89382
  0.25078    0.55602   -0.34585    0.15736   -0.35084   -0.39294
  0.93805    0.051772  -0.075041  -0.074221   0.40598   -0.61038
  0.8442    -0.49311   -0.066492   0.51965   -0.37722    0.081223
  0.51701    0.1081    -0.26807    0.058537 ]"
taser,"[ 3.4662e-01 -4.4973e-01  2.5524e-01 -2.7711e-01 -5.0172e-01  4.8103e-01
  5.3125e-01  3.2068e-01  2.5081e-01  7.1108e-01 -8.8235e-01 -3.7262e-01
 -6.2353e-01 -1.0654e-01  1.4427e-02  1.4033e-01 -1.4861e-01 -6.6100e-02
 -6.1014e-01 -3.2904e-01  5.5483e-01 -5.8975e-01 -7.2861e-01  9.9939e-01
  1.4468e-01  1.7184e-01 -1.1937e-01  2.9962e-01  2.2916e-01  5.2851e-01
  3.0444e-02  6.7053e-01 -1.4424e+00  1.2098e+00 -5.3172e-01 -4.2481e-01
  7.5086e-02 -1.1781e-01  5.2595e-01 -5.6820e-01 -4.4512e-02  1.6330e-01
 -2.2821e-02 -5.3014e-01 -5.9818e-01  5.9111e-01  5.7052e-02 -1.2233e-01
 -1.0672e-01 -6.9431e-01  2.7875e-01  4.6210e-01 -8.9857e-01  3.0700e-01
  1.4038e-01  6.9858e-01  5.3002e-01 -1.1892e-01  2.2737e-01 -7.5229e-01
  5.0057e-01  5.4225e-02  9.9886e-02  1.2766e+00 -5.1555e-01  9.3919e-02
 -1.7279e-01 -1.3517e-02 -4.2555e-01  1.0093e+00 -4.8826e-01 -1.1120e-02
  7.9448e-01  7.6751e-01 -3.5589e-01 -7.6050e-01  1.0426e+00 -6.1997e-01
 -7.6613e-01  1.9534e-01  1.5336e+00 -3.6266e-01  3.5760e-01  1.9842e-01
 -4.3610e-01 -7.4554e-01  1.1888e-01 -5.0873e-02 -1.9946e-01 -3.6007e-02
  2.4516e-02  1.9329e-01 -1.3060e-03 -2.3782e-01  9.6812e-01  1.4992e-01
 -6.3602e-01  3.1682e-01 -4.5073e-01 -1.8727e-01]"
hamptons,"[ 0.024302 -0.080064  0.11141  -0.44127  -0.22753   0.13722  -0.42379
  0.7668    0.054215  0.50725  -0.068953 -0.24271  -0.1392   -0.65043
 -0.35816  -0.052175  0.1443   -0.061258  0.03784   0.31519   0.11641
  0.45243   0.43807  -0.53636   0.37746   0.011184 -0.40097  -0.73864
 -0.77197  -0.65258  -0.039619 -0.087463  0.48568   0.45605  -0.10872
  0.58235   0.34194  -0.14039   0.69684  -0.53676  -0.032836  0.12998
 -0.57223   0.34101  -0.13254  -0.037915  0.37682  -0.15881   0.38636
  0.47172  -0.53743  -0.33308   0.44126  -0.4323   -0.45637  -0.28092
  0.35408   0.31671   0.030395 -0.222    -0.67102   1.5421   -0.20784
 -0.39564   0.14928  -0.29932   0.091771 -0.35786   0.18112  -0.61322
 -0.45992  -0.032874 -0.29526   0.14403  -0.76134  -0.46517  -0.15841
 -0.21224  -0.50099  -0.028481 -0.36729   0.43237   0.41875   0.3724
  0.55973  -0.29183  -0.63768   0.11072  -0.010649 -0.4198   -0.48918
  0.098072  0.94916  -0.41086  -0.079274  0.28963   0.64374   0.83647
  0.73878   0.31513 ]"
goteborg,"[-0.11923   0.3199    0.79149  -0.17685   0.18104   0.53866  -0.31716
  0.23506  -0.44283   0.54491   0.6569   -0.15716  -0.69351   0.31454
 -0.5565    0.43796  -0.19825  -0.49713  -0.48338  -0.25842   0.26272
 -0.11376   0.45206   1.6763   -0.17375  -0.42828  -0.3126    0.18736
  0.51595  -0.59776  -0.65637  -0.42111  -0.10628   0.51976   0.1136
 -0.44223  -0.24037   0.58887   0.19989  -0.84178   0.60627  -0.34977
  0.064042 -0.13818  -0.83658   0.71771   1.605     0.42474   0.039844
  0.9127    0.3872   -0.63341   0.18211  -0.48383  -0.7651   -0.23409
 -0.01602  -0.086588 -0.27762   0.11578  -0.025605 -0.10754  -0.20537
 -0.021925 -0.60154   0.021767 -0.53806   0.74038   0.098655 -0.7196
 -0.31105  -0.42545   0.052458  0.22231  -0.24343   0.12784   1.0006
 -0.54469  -0.19075  -0.045934 -0.40866  -0.66025  -0.33963   0.77439
  0.083168  0.28546  -0.14015   0.17514  -0.45186  -0.19593   1.0046
  0.22865  -0.63237  -0.22284   0.24111   1.0821    0.081783  1.0943
  0.79405   0.32564 ]"
franca,"[ 0.024232  -0.48137    0.14923    0.33917   -0.059684   1.073
  1.1496    -0.63125    0.67556    0.41438   -0.72488   -0.077877
 -0.85014   -0.042467   0.077787  -0.76462    0.90883    0.57126
  0.16237    0.1632    -0.24926    0.55367    0.66422    0.8785
  0.14351   -0.51152    0.54235   -0.15621   -0.36332    0.38403
 -0.81496    0.12035    0.20812    0.0084692  0.64996   -0.091892
  0.77111    0.46408   -0.43172    0.20955   -0.30273   -0.50025
 -0.17661    0.43417    0.029381   0.38811    0.60037    0.12906
 -0.13568    0.47865   -0.14147    0.75365   -0.43663    0.51193
 -0.28435    0.20555   -0.93878    0.72236   -0.57845   -0.18628
  0.14929    0.12709   -0.36555   -0.27426   -0.21803    0.29367
  0.47642   -0.25141    1.0083    -0.2038     0.016304   0.10128
  0.52115   -0.51442    0.0019101 -0.49832   -1.1734     0.015809
 -0.204     -0.049613  -0.071809  -1.0253    -0.17577   -0.29235
 -0.33495   -0.22903   -0.51491    0.37334    0.54356   -0.17058
  0.4405     0.94      -0.080967   0.51248    0.33616    0.26653
 -0.34251   -0.071307  -0.85953    0.9215   ]"
pebbles,"[-6.7795e-01  5.1473e-01 -4.6053e-01 -8.6171e-01  1.9032e-01  3.1273e-01
  1.1944e-01  4.3014e-01  1.4121e-01 -4.8954e-01  6.3565e-01 -1.2546e-01
  1.8130e-01  4.9379e-01  2.3954e-01 -2.4455e-02  3.8554e-01  2.4717e-01
  5.8190e-01  6.3327e-01  1.3454e-01 -6.9801e-01 -1.5431e-01 -3.2019e-02
  1.0073e+00  2.6256e-01 -2.9902e-02  1.5621e-01 -4.4187e-02 -4.8562e-02
  5.1967e-01 -7.0699e-01  1.1128e-01  4.8796e-01  1.9051e-01 -1.7064e-01
  3.6563e-01  3.8634e-01  1.9698e-01 -4.7405e-02 -3.4149e-01 -1.6209e-01
  3.1719e-02  4.0399e-01 -4.6832e-01  2.2510e-01 -5.1157e-01  2.1547e-01
 -3.3580e-01  2.3811e-01 -5.0455e-01  3.7079e-01  6.5509e-01  5.7474e-01
 -6.3607e-01 -9.5464e-02 -1.0331e-01  4.8711e-02 -1.6796e-02  4.1050e-01
 -8.3903e-01  4.6867e-01 -6.7501e-01  1.3110e-01  2.6587e-01 -7.0985e-01
  5.3585e-01 -7.2431e-01  5.3442e-01 -1.4995e+00 -6.7931e-04  2.9966e-01
  4.9084e-01 -1.5559e-01 -7.1491e-01  7.4594e-01 -1.3812e-01 -1.5603e-01
  1.1192e+00  3.9236e-01  4.4782e-01  1.0657e+00 -5.1466e-01  1.4155e-02
  9.7590e-01 -3.6294e-01  7.6366e-01 -6.8371e-01 -2.6798e-01  3.8289e-01
 -5.3662e-01  3.9851e-01 -6.7872e-01 -2.9301e-01  7.3024e-02 -6.4874e-01
 -5.2077e-01 -3.0223e-01  2.7766e-01  5.6572e-01]"
shuttled,"[-0.37525   -0.39277   -0.34705    0.54284    0.43708    0.19669
  0.6725     0.12792    0.49606   -0.54068   -0.74228    0.16584
  0.43804    0.89138    0.32304   -0.67771   -0.0057934 -0.040309
 -0.42992   -0.53744    0.34933    0.18433    0.32008    0.010937
 -0.1055    -0.72037   -0.10715    0.63402    0.0014678  0.25546
  0.027187  -0.6744    -0.23393    0.89205   -0.56425    0.77406
 -0.020783   0.14799    0.40811    0.69653   -0.6337    -0.25213
 -0.14727   -0.1868     0.036805   0.38855   -0.68181    0.40568
  0.97594    0.37082    0.027542  -0.092949   0.043671   0.2189
  0.28713    0.15523   -0.31468    0.17195   -0.36463    0.44784
  0.16522    0.47085    0.48307   -0.028958  -0.96707   -0.15274
  0.38433    0.31467    0.16349   -0.092254   0.12381   -1.1795
 -0.056937  -0.17778    0.31873    0.26614    0.034676  -0.042685
  0.042598  -0.21404   -0.023419   0.78084    0.14666    0.21131
 -0.15429   -0.096668   0.28254    0.10608   -0.71827   -0.92056
 -1.091      0.40199   -0.70145   -1.1377    -0.07999   -0.28035
  0.19074    1.1413     0.24023    0.68039  ]"
liars,"[-0.20498  -0.25076   0.40234  -0.71565  -0.9263    0.76517  -0.15636
  0.12808   0.098763 -0.68824   0.76438   0.43577  -0.11442  -0.022646
 -0.40417   0.71192   0.60707   0.72684  -0.019136  0.83932   0.075208
  0.34244   0.066706 -0.80646  -0.029594  0.55967   0.22615   0.020923
 -0.1201   -0.78061   0.81737  -0.98558   0.13897  -0.46339   0.83253
 -0.11798  -0.50634   0.31806   0.64306  -0.62053  -0.68706   1.1791
 -0.50697  -0.075957 -0.73035  -0.47475   0.15472   0.39054  -0.3805
  0.53132  -0.56277   0.083394  0.24589   0.60658  -0.91105   0.37949
  0.19634   0.1773   -0.42023  -0.06188  -0.11374   0.131    -1.3117
 -0.61034   0.086391 -0.17235   0.93964   0.65462   1.1203   -0.32555
 -0.6135   -0.38441  -0.13219  -0.2651   -0.41226  -0.12657   0.062183
  0.45316   0.26372  -0.52183   0.70908   0.64105   0.17069  -0.067654
 -0.84104  -0.99258  -0.11938   0.71003  -0.06616   0.33976  -0.54458
 -0.012252 -0.20915   0.1439    0.055865 -0.58866  -0.32142  -0.053001
  0.41945   0.1245  ]"
beets,"[-0.15053    0.17372   -0.4509    -0.46333   -0.4939    -0.60416
  0.33297    0.043339   0.094819   0.15148   -0.38786    0.45664
  0.24402    1.2109     0.49487   -0.337     -0.1756     0.46557
 -0.0034456 -0.025495  -1.1798    -0.35227    0.93142    0.11979
  0.091426   0.96296   -0.1374    -0.95783   -0.52562    0.074332
 -0.090981   0.47779    0.71159   -0.47933   -0.57158    0.51302
  0.059903   0.65864    0.279     -0.19302    0.39369   -1.0181
 -0.51115   -0.73564    0.070712  -0.05609   -0.1493     0.090967
 -0.50279    0.059331  -0.73114   -0.26302    0.22372    0.86656
 -1.0267     0.41254   -0.37423    0.31155   -0.80158   -0.48127
  0.034766   0.52032   -0.13946   -0.052963   0.60147   -0.91663
 -0.090971  -0.014792  -0.15461   -0.51655    0.071034   0.29149
 -0.49945    0.49067   -0.22684    0.5915    -0.60544   -0.30853
  0.81605    0.32949    0.68314   -0.43021   -0.80535    0.82
 -0.34028    0.30345    0.10875    0.57419   -0.16329    0.65651
  0.37995   -0.34883   -0.96977   -0.54819   -0.63906   -0.45421
 -0.065644   0.14431    0.033708   0.14305  ]"
adequacy,"[ 0.2739    -0.17191    0.58022    0.3868    -1.3221     0.50918
 -0.81801   -0.2443    -0.56749    0.73767    0.34158    1.3928
 -0.16385    0.20865   -0.78459   -0.49349    0.27117    0.19274
  0.4781    -0.18725   -0.38954   -1.238     -0.27201    0.46918
 -0.057163  -0.11323   -0.1706    -0.19461   -1.0566     0.50485
  0.49868   -0.76905    0.7854     0.18409   -0.52032   -0.13019
  1.1457     0.3243    -0.64089   -0.20053    0.61261   -0.68952
 -0.51949    0.60294    0.3089     0.02518   -0.34204   -0.048603
 -0.67237   -0.74983    0.22361    0.13781   -0.25956    0.56615
 -0.40173    0.12312    0.72948   -1.4511    -0.13704   -0.04609
  0.2203    -1.1999    -0.73583    0.43439    0.10758   -0.028258
 -0.52568   -0.13507    0.49423    0.25085    0.07411   -0.47911
  0.19966    0.30272   -0.34028   -0.028959   0.50711   -0.61334
  0.45874   -0.88856    0.63905    0.51547   -0.091375  -0.58586
 -0.90758    0.27023    0.54627   -0.40748   -0.3232     0.64167
  0.047724   0.76099   -0.47195   -0.0016987  0.1463     0.86847
  0.16917   -0.65206    0.56793    1.183    ]"
torrey,"[-0.58774   -0.004065   0.53376    0.68822   -0.55333    0.07694
  1.0128     0.43903   -0.95384   -0.58442    0.1288     1.175
 -0.13729   -0.23298   -0.079712   0.68696    0.36844    0.69759
 -0.18703    0.18335   -0.44146    0.25571    0.20206    0.13061
  0.13746    0.94542   -1.0454    -1.5015    -0.25321   -0.093328
 -0.37629   -0.19586    0.52009    0.11882    0.0088522  0.46178
 -0.82254    0.14378    0.064274   0.43235   -0.11659   -0.54672
 -0.4936     0.9252    -0.45078    0.48977    0.65737   -0.42405
 -0.28408    0.32789   -0.23628   -0.78552   -0.4135    -0.9706
  0.36221   -0.026151   0.10485   -0.67497   -0.36766    0.13136
 -0.11508    0.25119    0.17121   -0.49329   -0.57278   -0.99453
  0.3453     0.83771   -0.17236   -0.22421   -0.21109    0.30692
 -0.27724   -1.0097    -0.82206   -0.22392    0.29951    0.56952
 -0.51727    0.125      0.52578   -0.18973   -0.28596    0.17831
  0.79049    0.15781    0.23108   -0.50744   -0.16077    0.073144
 -0.48239   -0.17047   -0.67796    0.51491    0.13034    0.81359
 -0.66321   -0.25807    0.23051    0.38934  ]"
isner,"[ 0.10479    0.41396    0.44098    0.32829    0.028391  -0.10812
  0.57259    0.27619   -0.24543   -1.1025    -0.40133   -0.32132
 -0.67244    0.36975    0.60914    0.14437    0.22157    0.94385
 -0.58135   -0.34699    1.063      0.3836     0.79327   -0.1281
  1.0703     0.6104     0.61588   -0.52604    0.70245    0.18885
 -0.60047   -0.0060946  0.59333   -0.43319   -0.11312   -0.30803
 -0.79295    0.1217     0.084507   0.37235   -0.13175   -0.38765
  0.0037053  0.038467   0.10475   -0.81499   -0.25769   -0.41054
  0.34602    0.36141   -0.17671    0.085206   0.24227   -0.44092
  0.58207    0.45221    0.83421   -0.45552   -0.39453    0.96642
  0.42433   -0.25076    0.43132    0.13502   -1.2078    -0.42661
 -0.44968    1.0133    -0.12013   -0.41016    0.5199    -0.094082
  0.48041    0.55787   -0.1294    -0.1203     0.19152   -0.86917
  0.25967    0.18529    1.1219    -0.39052   -0.81053    1.0535
 -0.16249   -1.12      -0.10285   -0.076335   0.11733   -0.43515
 -0.42059    0.13934   -0.0025156  0.55025    0.22366   -0.83324
  0.96246   -0.66063   -0.59632    0.045049 ]"
equated,"[-0.24979   0.59653   0.14243   0.56742  -0.15064   0.47087  -0.20298
 -0.53206   0.15736   0.29093  -0.38418   0.011984  0.30786  -0.48229
  0.27807  -0.13488   0.15366   0.10142  -0.44997  -0.12621   0.058392
 -0.14616  -0.25439   0.11919   0.10423  -0.074096 -0.092738  0.043098
  0.071074 -0.083239  0.2161    0.34359  -0.37276   0.44047   0.095232
  0.32024   0.056324 -0.088221 -0.17064   0.35679  -0.24108   0.16082
  0.058338  0.1664   -0.29392  -0.14336   0.47991  -0.024978 -0.61499
 -0.35456   0.16372   0.10199   0.64662   0.23186  -0.46694   0.26953
  0.61003  -0.030451 -0.74216  -0.1283    0.22994  -0.64099  -0.15702
 -0.64316  -0.2023   -0.11143   0.4853   -0.17085  -0.11921  -0.26216
 -0.012146 -0.58284   0.19484   0.47264  -0.42765  -0.37446  -0.072197
 -0.22693  -0.58133   0.043603 -0.40181  -0.18534  -0.33953   0.30111
 -0.49202  -0.19565  -0.016604 -0.16992  -0.17223  -0.34007  -0.4089
 -0.047396 -0.20701  -0.23782   0.18523  -0.8893    0.062313 -0.12061
  0.20645   0.10713 ]"
kenji,"[ 0.30267    0.0029611  0.20936   -0.35701    0.088374   0.056057
 -0.32659   -0.65062   -0.14744    0.11222    0.46063    0.22585
  0.88581   -0.23211   -0.033617   0.23788   -0.33767    0.050082
 -0.029027  -0.41257   -0.035545   0.32208    0.09719    0.12882
 -0.31546   -0.069384  -0.11865    0.39749    0.8733     1.3834
 -0.6081     0.5602    -0.23571    1.1601    -0.37328    0.23753
  0.57398    0.41156   -0.055224  -0.9487     0.97646   -0.024448
 -0.16738    0.58266    0.27102   -0.26233   -0.0032105 -0.74937
 -0.14834    0.56446   -0.18109   -0.23447   -0.48843    0.63164
  0.073883   0.34129   -0.025789   0.47119   -0.14501    0.67302
 -0.0419     0.0025167  0.69192    0.30774    0.60204   -0.13278
  0.79284    0.27889   -0.1567     0.36402   -0.65708    0.062065
  0.17167    0.52456   -0.38497    1.2187    -1.2041     0.016536
 -0.40807   -0.059427  -0.059436  -0.041098  -0.49277   -0.18335
  1.0702    -0.24429   -0.59529    0.40117    0.45516   -0.73541
  1.1926     0.45003   -0.15778   -0.69815    0.83085   -0.089507
  0.2623    -0.40382   -0.75081   -0.018367 ]"
manganese,"[-0.24061    1.1388     0.0064322 -0.14827    0.10805   -1.4118
 -1.0546     0.45505    0.050873   0.34016    0.22605    0.055194
 -0.50004    0.35652   -0.38943   -0.5233     0.27626   -1.2409
  0.22721   -0.48869    0.095635  -0.72901   -0.55435    1.2132
 -0.0062775  0.28304    0.91946    1.0423     0.59905   -0.48734
  0.063661  -0.22236   -0.030594  -0.67804    0.9051    -0.4079
  0.55948    0.58628    0.013526   0.17306    0.33948    0.082962
 -0.20248   -0.41481    0.12329    0.71831   -0.20717    0.29063
 -0.42891   -0.43204   -0.68363   -0.32075   -0.34927   -0.20567
 -0.36553    0.21556   -1.0393    -0.78848   -0.10733   -0.3304
 -0.30648    0.099335   0.19909    0.54236    0.4058    -0.70079
  1.2448    -0.37136    0.33307   -0.5052     0.15722   -0.2694
  0.88136    1.1665     0.0505    -0.21885    0.28949   -0.52402
 -0.047485  -0.062589   0.5152    -0.21253   -0.48351    0.43792
  0.47944    0.37486    0.7113    -0.49596   -0.33721    0.22079
 -0.43787   -0.64045   -0.12686    0.57424    0.18412   -0.23947
 -0.47098   -0.74257    0.18673   -0.41898  ]"
hatchback,"[-0.0098488  0.95938    0.55989   -0.02423   -0.0075415  0.1425
  1.1446     0.88139    0.91913    0.32348    0.012629   0.1889
  0.6124     0.56963    0.63711    0.60757   -0.33744    0.91
  0.52847   -0.13522    0.43363   -0.40542   -0.27192    0.17828
  0.67355    0.17408   -0.39406   -0.32071   -0.80457    1.1583
  0.13676    0.13056   -0.55785    0.16004    1.6115     1.3877
  1.186     -0.0024785 -0.045679  -0.76437    0.56165   -0.63494
  0.66873   -0.030546  -0.71295    0.31304    0.38029   -0.10378
  0.25165    0.18258   -0.95978    0.12647   -0.7981     0.030755
 -0.038256  -0.49633   -0.94361    0.62681    0.41206   -0.52627
  0.49927    0.31265    0.081022   0.8414    -0.031368  -0.39894
 -0.67686   -0.35576    0.46755   -0.17859    0.64356    0.37996
  0.24523   -0.75502   -0.46048   -0.0076434  0.28272   -0.1646
 -0.24706   -0.97718   -1.5107     0.43408    1.0812    -0.24801
  0.64434    0.55025   -0.062531  -0.16925   -0.1226    -0.13266
  0.0016293  0.23405    0.027322  -0.16477    0.4226    -0.048796
 -0.41428   -0.068887   1.0133    -0.3354   ]"
1688,"[ 0.40542   -0.39969   -0.42585   -0.062102  -0.56751    0.62105
  0.56187   -0.58796    0.026299  -0.66613    0.32773   -0.36826
 -0.45267    0.0019866  0.84297   -0.48202    0.25996   -0.21634
 -0.10761   -0.22266   -0.14249   -0.32834    0.67883    0.022631
  0.40325   -0.37119   -0.42465    0.4326     0.49092   -0.26499
  0.086104  -0.27883    0.43052   -1.1354    -0.95274   -0.1552
 -0.27496    0.09324   -0.0079051 -0.56206   -0.0064677 -0.2603
  0.45835   -0.87709    0.069748  -0.85984    0.48448   -0.16848
  0.3389    -0.02469   -0.15901    0.36546    0.42717    0.014446
 -0.47543   -0.30286    0.217     -0.78279   -0.93345   -0.28784
 -0.34524    0.17566   -0.54777   -0.10569   -0.19728   -0.63495
 -0.9144    -0.75041   -0.066556  -0.67036    0.90059    0.1667
  0.61685   -0.082774  -0.68021   -0.4415     0.6052     0.83051
 -0.54147   -0.026122  -0.12744   -0.52809    0.54294    0.99182
  0.44576   -0.015129   0.37245   -0.99053   -0.31588    0.06001
  0.40259   -0.18063    0.076528   0.83777   -0.69566   -0.19228
 -0.43573    0.034743  -1.0737    -0.86198  ]"
mcfarland,"[-4.9965e-01 -4.2714e-01 -2.0127e-01 -1.0840e+00 -2.6170e-01 -2.8310e-01
  1.2133e-01 -2.4044e-01  2.0877e-01 -3.5380e-01  4.8263e-01  6.2833e-02
 -1.3761e-01 -1.4206e-02 -1.9466e-01  2.7294e-01  6.6829e-01 -2.9903e-01
 -8.8148e-02  1.3143e-02 -1.4797e-01 -2.5284e-01  4.0073e-01  5.4023e-01
  1.6990e-01  4.0142e-01  3.7658e-01 -2.7211e-01 -2.9786e-01  2.7775e-01
 -1.9387e-01  6.0323e-01  3.3140e-01  3.3063e-01 -2.9174e-01 -5.8004e-03
 -4.9624e-01  1.6087e-01  3.0720e-01  1.0171e-01 -2.3729e-01  1.4309e-01
 -1.2649e-01 -2.0939e-01  6.4442e-02  4.9721e-01 -2.9038e-01 -1.0396e-01
  3.4500e-01  9.9169e-02  5.2676e-01 -2.4213e-01 -5.1677e-02 -5.2066e-01
 -1.1026e-01  8.4522e-02  4.9490e-01 -3.1611e-01 -4.6807e-01 -4.5726e-02
  6.9223e-04  4.1402e-02 -3.0640e-01  2.6756e-03 -7.7223e-01  2.9336e-01
  9.5173e-01  2.0400e-03 -2.0859e-01  3.2852e-01  2.7026e-01  3.1007e-01
 -4.0349e-01  7.6481e-02 -1.9490e-01 -4.3571e-01 -5.4201e-01  5.7508e-01
 -4.0137e-01 -2.8774e-01 -3.8262e-01 -2.9101e-01  2.3777e-01 -3.0460e-01
  3.0149e-01 -1.8467e-01 -3.2891e-01 -3.6234e-01 -3.1289e-01 -3.0756e-01
 -3.3972e-01 -6.2241e-02 -2.6855e-01  4.2949e-01 -2.6164e-01 -1.3349e-01
  3.4996e-01 -2.4636e-01 -1.8801e-01  3.1418e-01]"
lingus,"[-0.054807  -0.26302    0.3736    -0.3287    -0.23562    0.25698
  0.053669  -0.35514   -0.52816    0.12924   -0.72606    0.81898
 -0.44879    0.091093  -0.67678   -1.0073    -0.44872    0.31389
  0.56555    0.88636    0.030795   0.03027   -0.0051631 -0.33171
 -0.048391  -1.0546    -0.68351    0.69478   -0.86858   -0.40598
 -0.23029    0.57908   -0.48697   -1.0239     0.31557    0.078284
  0.31576    0.70272   -0.034536  -0.31352    0.080152   0.035606
  0.13412    0.48163    0.16481    1.1225    -0.21516   -0.85842
  0.020416   0.5393    -0.22494    0.44201    0.38903   -0.011216
 -0.44438   -0.1856     0.70403   -0.092569   0.65386   -0.23062
  0.88816   -0.96631    0.5213    -0.50557   -0.6111     0.15317
  0.00955    0.053637   1.0933    -0.2096    -0.37892   -0.57507
 -1.0931    -0.62144   -0.13895   -1.3369    -0.016281  -0.28566
 -1.1021     0.1697    -0.70575   -1.353      0.71019    0.53261
  0.2758    -1.86       1.0121     0.89708   -0.34649    0.9018
 -1.006      0.13371   -0.71518    0.19854   -0.32755    0.65677
  0.49538    0.75912   -0.34224    0.50676  ]"
searchlight,"[ 0.3978    -0.72802    0.28422    0.014475   0.42291   -0.79603
  0.19731    0.21639   -0.62306    0.65779    0.44793   -0.59869
  0.38714   -0.9079     0.23009   -0.050833   0.32736   -0.44833
  0.50049   -0.21734    0.56009    0.0019385 -0.072694   0.069853
  0.12676    1.2312     0.23407    1.7304    -0.81919   -0.28598
  0.83236    0.22973   -0.68158    0.85246    0.48621    0.34208
  0.12231   -0.80002    1.0051     0.098461   0.72296    0.99157
 -0.83213    0.093939  -0.51292   -0.8341    -0.35507   -0.61585
  0.68837    0.79783   -0.73491    0.20079   -0.097704   0.59241
  0.11702   -0.53741    0.032329   0.14469   -0.28998   -0.29154
  0.1679     0.74828    0.034059   0.36665    0.68455    0.064038
  0.47893    0.17864    0.22959    0.68384    0.61      -0.031482
  0.6765     0.022529  -0.34574   -0.13704   -0.51584   -0.2582
 -0.87627    0.62737   -0.40478   -0.67535    0.3361     0.67137
  0.24055   -0.17508    0.62519    0.21333    1.0764    -0.19466
  0.033154  -0.82575    0.85438   -0.15323   -1.1492    -0.81146
  0.62593    0.36575    0.017894  -0.177    ]"
turabi,"[-0.23021   -0.56528   -0.15305   -0.019742   1.1204     0.99068
  0.23688   -0.28467    0.47533    0.43111    0.6419     0.66277
  0.016612  -0.38918   -0.24785    0.85938   -0.58645   -0.70304
  0.45901   -0.078065   0.091682  -0.46295    1.3137    -0.0073316
 -0.18916    0.20039   -0.51201   -0.66152   -0.072268   0.19522
  1.0439    -0.36213    0.0076096  0.54406   -0.27359    0.91613
  0.81801    0.57663   -0.099978  -0.17527   -1.2512     1.1033
  1.0112    -0.44614    0.11692    0.023437   0.89067   -0.16443
  0.25459    0.27277   -0.58256    0.29517    0.38059   -0.11022
 -0.45075    0.16409   -0.22157    0.7199    -0.1485     0.28087
 -0.31509   -0.5932    -0.36291   -0.55878   -0.57657    0.84529
  1.1561    -0.26234   -0.14459    0.8319     0.95903   -0.062655
  0.3065    -1.1399    -0.55358    0.018353  -0.42524   -0.39243
  0.64498   -0.26636   -0.20884   -0.49869   -0.078056  -0.6317
 -0.16407    0.27607    0.74724    0.68981    0.31059   -0.20482
 -0.020214  -0.36421    0.016149   0.46193    0.085729   0.36145
 -0.14274   -1.1805     0.61547   -0.15818  ]"
analysed,"[-0.77018   0.35383  -0.072918  0.38394  -0.12235   0.2821    0.42285
  0.14374  -0.08933  -0.086446  0.06201   0.46204   0.36358  -0.36401
  0.10383   0.2733    0.18783   0.44148  -0.17581  -0.55739  -0.31784
 -0.37137   0.3588    0.10963  -0.8835   -0.83914   0.50398   0.54184
 -0.050765  0.36691  -0.14616  -0.25125  -0.79799   0.41209   0.2602
 -0.074975 -0.33786   0.16894  -0.62941  -0.53141  -0.50479  -0.30561
 -0.70973   0.31098  -0.19549   0.52032   0.19106  -0.052511 -0.34165
 -0.14008   0.63221   0.14152   0.35501   0.31275  -0.62869   0.3092
 -0.38586   0.14237  -0.58748   0.028299 -0.034249  0.54598  -0.37968
  0.095041  0.31135   0.021077 -0.20322   0.38442   0.54247   0.27812
  0.2775    0.64562   0.89105   0.093155  0.27423  -0.23526  -0.056195
 -0.54445  -0.25755  -0.3184   -0.16054   0.35573  -0.4602    0.1107
 -0.74694  -0.26839   0.85752  -0.12311  -1.1843    0.28228  -0.56432
  0.028147 -0.4081   -0.26766   0.62135   0.080385 -0.18305  -0.48103
 -0.55308   0.04929 ]"
characteristically,"[-0.63821   -0.094442  -0.026083   0.067373   0.078294   0.63445
  0.085488   0.21014   -0.37757    0.1371    -0.30681    0.023685
  0.32882    0.03176   -0.24915    0.091965  -0.75397   -0.35148
  0.59261   -0.084131   0.39164    0.14557    0.089681  -0.02623
  0.17032    0.071228  -0.5085     0.23524   -0.37679    0.052084
 -0.17934    0.1727    -0.53684   -0.026364   0.2519     0.63642
  0.33341   -0.39521   -0.10899    0.036625   0.3254     0.13341
  0.24886    0.35074   -0.1394    -0.3815     1.0067     0.66976
  0.21674    0.016481   0.34712   -0.26162    0.7101    -0.074134
 -0.13279   -0.048157   0.24445   -0.25872   -0.66852   -0.20127
  0.072095   0.45431    0.12632   -0.11661    0.057617  -0.60564
  0.42118   -0.21685   -0.17884   -0.50619    0.030533   0.036904
 -0.11795    0.026373   0.054208  -0.23291   -0.48836   -0.080185
 -0.071644  -0.49527   -0.074101  -0.37365   -0.5751    -0.1702
 -0.35911   -0.42694    0.42013    0.18831   -0.50193   -0.11926
  0.0028333 -0.076378  -0.11984    0.01722    0.16297    0.063629
 -0.84355   -0.59553   -0.46257    0.59008  ]"
circuitry,"[-0.44093  -0.36596   0.13274  -0.39918   0.2323   -0.28122  -0.42857
 -0.44838   0.47747   0.43223   0.22786   0.085033 -0.3503   -0.18614
  0.48988   0.40585  -0.58812   0.38721   0.75327  -0.19456  -0.53073
 -1.1781    0.54299  -0.72805   0.53584  -0.505     0.37887   0.19248
 -0.028221 -0.30509   0.33311   0.27971  -0.25452  -0.3627    0.17862
 -0.21857  -0.21687   0.040193  0.21837  -0.29294   0.49682   0.01126
 -0.24828  -0.049649 -1.2384   -0.076664  0.12485   0.3493    0.31763
 -0.19405  -0.31334  -0.051437  0.40656   0.26696   0.26675   0.20484
 -0.07707  -0.38702   0.4332   -0.029612  0.47072   0.52309   0.60111
  0.5448   -0.16025  -0.060182  0.030898 -0.079786  0.15998  -0.31448
  0.37992  -0.071341  0.88537   0.29281   0.075453  0.084711  0.55865
  0.26273   0.62122   0.38994   0.26176   0.085569 -1.0379    0.82024
 -0.99871   0.91804   0.97958  -0.49382  -0.439    -0.094639 -0.33583
  0.50865  -0.39446   0.3947    0.27109  -0.14555   0.91389  -1.2406
  0.93652  -0.31013 ]"
opulent,"[-1.7710e-01  2.5490e-01  5.9194e-01  3.6787e-01 -6.1747e-02  5.0482e-01
 -3.5274e-01  6.1928e-01 -1.4814e-01  1.1619e+00  3.1725e-03 -2.2885e-01
 -3.4915e-01 -4.0787e-01 -6.1763e-02  1.3801e-01  1.1653e-01 -1.4034e-01
  4.0842e-01 -1.2713e-01  1.4073e-01  6.8777e-02  9.5665e-02 -6.2278e-01
  3.0835e-01 -4.4743e-01 -4.4728e-01  2.1340e-02 -5.1625e-01 -5.4202e-01
  2.1593e-01 -6.3380e-01  4.7864e-03 -3.5498e-01  1.6166e-01  6.9991e-01
  2.3418e-01  1.1323e-01 -6.1089e-01 -3.0444e-01  7.7135e-01 -1.6071e-01
 -1.0789e-01  5.9915e-01  1.4436e-01  5.3736e-04  3.3395e-01  3.6704e-01
  7.4297e-01  7.2213e-02 -4.2721e-01 -4.6330e-01  8.5672e-01 -4.3378e-01
 -3.7773e-01 -5.8544e-01  2.5306e-01  1.5748e-01 -1.9559e-01 -3.4480e-01
 -7.5766e-01  4.3998e-01  3.9903e-01  4.0366e-02 -1.4852e-01 -5.4479e-01
  5.7659e-01 -8.4284e-01 -2.6503e-01 -7.2414e-01  1.5288e-01 -5.3697e-01
 -2.5818e-01 -6.6603e-01  1.3944e-01 -3.1162e-01 -4.4148e-01 -4.2770e-01
 -6.7607e-03  1.7240e-02  1.2382e-01  2.1490e-01  5.8853e-01  5.6192e-01
  2.0463e-01  2.4787e-02  3.0317e-01 -2.8261e-01 -3.9806e-01 -8.7937e-01
  6.6142e-01 -2.7722e-01  7.9215e-01 -2.0297e-01 -4.1080e-01 -6.0577e-01
 -5.7139e-01 -4.2948e-01  4.4245e-01  6.3076e-02]"
27.3,"[ 1.3208     1.3324     0.61392   -1.0119     0.14347    0.52872
 -0.15472    0.23599   -0.14403    0.46803    0.66132    0.77658
 -0.40699   -0.426      2.0106    -0.31028   -0.5943    -0.13197
 -0.53871   -0.27739   -0.34488    0.6178     0.80245    0.839
 -0.4079    -0.56911    0.48949    0.76167   -0.081434  -1.2639
  0.59299   -0.40979    0.39973   -0.36144   -0.42472    0.87896
  1.2683     0.37677   -0.59626    0.44047    0.1282     0.45618
 -0.016644   0.62857    0.0063448  0.095455  -0.35806   -0.80632
 -0.81061   -0.83201   -0.28801   -0.49065   -0.08678    0.24147
 -0.50773    0.35792   -0.55748   -0.87019   -0.12793   -0.40151
  0.36548   -0.5537    -0.62118    0.64722   -0.62654    0.57867
 -0.015702  -0.93615   -0.070452   0.44704   -0.28663   -0.27118
  0.47668    0.063714  -0.5933     0.51864   -0.47822   -0.056087
 -0.22778   -0.43519   -0.11055    0.027047   0.17272    1.6581
  0.15166   -0.0171     0.15095   -0.2765     0.65204   -0.10386
  0.17359   -0.074813  -0.41726   -0.77204    0.093015  -0.69252
 -0.24889   -0.46384    0.1119    -0.32579  ]"
ob,"[ 0.06879  -0.3423    0.49788  -0.37221  -1.4099    0.15598   1.5866
  0.90225  -0.017441 -0.027819 -0.16491  -0.15286   0.31419   0.16193
  0.65619   0.33      0.36526  -0.97889   0.59322   1.0841   -0.28065
  1.1942   -1.0353    0.29299  -0.32096  -0.36239   0.16075  -0.089347
  0.49586  -0.30048  -0.12902   0.64098   0.92547  -0.078667 -0.052349
 -0.34815   0.2761    0.58149  -0.086101  0.17936   0.12433  -0.44173
 -0.77389  -0.16585  -0.049603  0.27469   0.085864  0.060263 -0.60447
  0.94106  -0.51198   0.75647  -0.34681   0.063671 -1.4698    0.44015
 -0.1061   -0.20406  -0.42039  -0.31555   0.44527   0.17153   0.36213
  0.37114   0.6877    1.0722   -0.17098   0.065959 -0.09283  -0.096462
 -0.035328 -0.72236   0.49456  -0.60801   0.074531 -0.50408  -0.6632
  0.48597   0.060076 -0.71879  -0.043876  0.14636  -0.19473   0.33359
 -0.41115  -0.63463  -0.29249  -0.19551  -0.20195   0.45006   0.07774
  0.31356   0.034697  0.32357   0.7852    0.27927  -0.29655   0.1577
  0.55261   0.034455]"
infiltrators,"[ 0.36744   -0.17437    0.31771   -0.3884    -0.060761  -0.35127
  0.28129   -0.41199    0.40802    0.62596    0.39614    0.82057
  0.66518    0.28137    0.84402    0.42624   -0.46401   -0.58348
 -0.64746   -0.40912    1.1549     0.24414    0.66749   -0.62002
 -0.28766    0.26829    0.053676   0.468      0.52944   -0.66223
  0.30718    0.064358  -0.30897   -0.0083977  1.1586    -0.87374
 -0.061796  -0.68636    0.38346    0.12608   -0.86542    0.82496
 -0.29358    0.41114    0.63025   -0.19507   -0.093177   0.68226
 -0.32305    0.32333   -0.33784    0.33262    0.1008     0.70858
 -0.12061    0.65832   -0.09287   -0.41045    0.42677    0.49795
 -0.44467    0.24234    0.2333     0.057446   0.39324    0.79841
  0.96539    0.17581    0.11895    0.19166   -0.058448  -1.0256
 -0.1843    -0.79389   -0.19526    0.78763    0.27585    0.28798
 -0.23325    0.11187    0.61287    0.1215     0.15497    0.095626
  0.30827    0.16216    0.26288    0.15887   -0.51119    0.38812
 -0.71338    0.38927   -0.3574    -0.70805   -0.48596   -0.13624
 -0.15303    0.43115   -0.609     -0.11541  ]"
penghu,"[-0.36397  -0.34301   0.55678   0.1128    0.26841   0.79258  -0.42857
  0.54196   0.37017  -0.10151  -0.89501   0.58873   0.36748  -0.55764
  0.38991  -1.1379    0.89648   0.18519   0.17359   0.18158   0.88593
  0.11704   0.81592   0.27007  -0.58536   0.38853  -0.18345  -0.050206
 -0.75521  -0.32161  -1.1217   -0.42612   1.0047    0.43635   0.13181
 -0.50004   0.095743 -0.015397  0.098529 -1.6158   -0.62433  -0.17701
  0.13917  -0.27748  -0.017228 -0.012216 -0.10291  -0.07506   0.66837
  0.26044  -0.63727   0.34622   0.3575   -0.43818  -0.17485   0.45474
  0.91671  -0.86799   0.84885   0.51641  -0.8618   -0.063063  0.64758
  0.63918  -0.83946   0.49845  -0.6614    0.3543    0.42032  -0.2905
 -0.3981    0.67531   0.6619   -0.3516    0.18272   0.011848  0.21931
  0.28205   0.20037   1.1144    0.40301  -0.20419   0.40078   0.28593
 -0.11128  -0.4782    0.49896   0.95078   0.7942   -0.32342   0.67523
  0.52098  -0.49326  -0.58861   0.12528   0.88618  -0.37138  -0.13922
  0.21568  -0.77744 ]"
armchair,"[-4.5507e-01  3.9374e-01  1.0583e+00  1.7251e-01 -3.2496e-01  1.0390e+00
  1.4564e-01 -8.1573e-01 -5.2420e-01 -2.4687e-01 -6.8275e-02 -5.0076e-01
  3.5426e-02  1.7332e-01  6.7974e-04  4.9885e-02  1.1053e-01  4.4838e-01
  8.6237e-01 -8.6331e-01  9.5159e-03  1.2006e-01 -7.1238e-01 -6.0246e-01
  1.0982e+00 -3.3658e-01  6.4563e-02 -2.6333e-01 -8.4694e-02 -6.1377e-01
 -4.2200e-01 -3.3397e-01 -5.3520e-01 -1.8205e-01  3.5024e-02  1.4701e+00
 -6.3530e-01  9.9407e-01  7.9403e-01 -2.7927e-01 -2.4000e-01  3.2910e-01
 -8.4414e-02 -7.4551e-02 -2.7438e-02 -2.6976e-01 -5.3242e-03  7.6443e-02
  3.0527e-01  5.7128e-01 -3.1123e-01 -6.4084e-01  9.2024e-02  3.9271e-01
 -7.0049e-02 -9.4151e-02  5.6875e-01 -1.5382e-01  2.0205e-01 -2.7540e-01
 -6.0885e-02  2.6902e-01  1.7968e-01  1.7507e-01  9.3179e-02  3.3314e-03
  5.8560e-01 -4.4689e-01 -3.7532e-01  1.7907e-01  1.0358e-01 -4.7826e-01
  3.0329e-01 -2.9683e-01 -1.1032e+00 -1.2147e-01  1.2593e-01  9.6144e-01
 -4.8107e-02 -7.4017e-01 -1.0413e-01  6.8583e-01  2.9753e-01  2.8909e-01
  2.0696e-01 -7.4780e-01 -2.0338e-02  2.9080e-01 -6.4058e-01 -3.9770e-01
  1.6732e-01 -2.4441e-01  5.9964e-01 -5.2591e-01  5.1239e-01 -5.2737e-01
 -2.1424e-01  2.1353e-01  4.8762e-01  2.8591e-01]"
dislikes,"[-1.3612e-01  5.6517e-01  2.5194e-01  9.0444e-02 -3.3216e-01  6.0329e-01
 -9.7945e-01 -3.0647e-01  6.2617e-01  6.4125e-03 -4.8397e-04 -8.8917e-02
  4.1346e-02 -3.8019e-01  2.4500e-01  9.4181e-02  1.9722e-03 -8.9421e-02
  5.7153e-01  6.6246e-01 -5.1621e-01  4.2788e-01 -9.7761e-02 -1.3602e-01
 -1.3388e-01  3.8914e-01 -3.9029e-01 -5.1516e-01  4.3497e-02 -1.6369e-01
 -2.4319e-01  8.5447e-01 -1.8885e-01  9.9200e-02 -3.5852e-01  6.0712e-01
  2.1386e-01 -6.3739e-02 -9.2582e-02  1.6868e-02 -3.6108e-01  3.3655e-01
  6.0959e-01 -6.5325e-02 -1.0958e+00  3.2499e-01  1.4215e-01 -1.5133e-01
  2.9777e-01 -1.8119e-01  7.1566e-01  1.2023e-01  3.0856e-01  2.8093e-01
 -1.0140e-02  1.9341e-02  6.3785e-01  2.1063e-02 -1.0573e+00 -2.4392e-01
  5.6864e-02 -6.4058e-02  4.6627e-01  2.8729e-01  1.0983e-01 -1.4332e-01
  5.6407e-01 -1.1496e-01  1.0712e-01  1.4739e-01  1.9052e-02 -4.0578e-01
  2.6370e-01  2.4321e-01 -6.2830e-01  2.3690e-01  1.5274e-01 -3.6611e-01
 -5.7718e-03  1.7463e-01 -1.6213e-01 -4.5608e-01 -2.2617e-01  1.2217e-01
 -2.4617e-01 -2.6236e-01 -7.4085e-01  3.0870e-01 -3.3640e-01 -1.9983e-01
  6.8725e-02 -3.6258e-01  3.1272e-01 -4.1723e-01 -3.1267e-01  9.1189e-02
 -7.3568e-01 -1.6632e-01 -4.4960e-02  2.7148e-01]"
retardation,"[ 9.2948e-01 -1.2728e-01  3.0332e-01  3.2820e-01 -6.4391e-01 -3.7226e-02
  5.3714e-02  3.9614e-01  2.1734e-01  1.1215e-01 -4.9953e-01 -2.3550e-02
 -4.8124e-01 -2.7738e-01  8.1973e-01  3.9257e-01  4.2243e-01  7.7052e-01
 -3.9172e-01  2.2482e-01 -4.1181e-01 -5.8665e-01  3.3545e-01  4.6955e-01
 -5.4060e-02  4.7280e-01  2.4761e-01 -4.6943e-01 -1.0105e+00  4.9263e-02
  1.1461e+00  2.5313e-01 -1.5818e-01  4.0631e-01 -6.1965e-01 -2.2083e-01
  1.5014e-01  9.5015e-01 -1.2275e-01  5.4356e-01 -5.6397e-01  6.5103e-01
  3.1000e-01 -8.4481e-01 -2.2809e-01 -6.5881e-02  1.4507e+00  3.7440e-01
 -6.5114e-01 -1.4594e-02  5.2986e-01 -7.0938e-01 -6.7276e-02  1.6351e-01
  1.1767e+00  4.0030e-01  7.8019e-01 -2.5051e-01 -3.5926e-01  8.4005e-01
 -1.1538e-01  5.7984e-01  2.5045e-01 -1.0977e+00 -1.4821e-01  7.0358e-04
  3.8667e-01 -4.8786e-01  6.9150e-01 -2.2626e-01 -5.8493e-01  6.0954e-01
  3.4895e-01 -6.9200e-03  1.1921e+00  1.3587e-01 -2.8318e-01 -8.5567e-03
  6.4965e-01 -5.0440e-01 -2.1580e-01 -1.0827e-01 -2.3470e-01  4.7833e-01
 -4.1321e-01 -9.7360e-02  1.4343e-01  3.5574e-01 -4.5185e-03 -5.5279e-01
 -1.9114e-01 -1.3687e-01 -3.7587e-01 -3.2271e-01  7.2628e-01  3.0725e-01
  9.6293e-01 -1.1339e+00  1.4953e+00 -1.0743e+00]"
forcible,"[ 0.41128   -0.54756   -0.52824    0.35105    0.0043754  1.2527
  0.4949     0.40603    0.41987    1.3582    -0.68712    0.036061
 -0.42226    1.0894     1.295     -0.057582  -0.68623    0.12974
 -0.034203   0.54369   -0.071362  -0.2963     0.12224    0.80174
  0.72259    0.34206    0.20621   -0.081197   0.15854   -0.12953
 -0.51556   -0.55628    0.12563   -0.18141   -0.064079  -0.79205
  0.80407   -0.63166   -0.53378   -0.68736   -0.99716    0.47336
  0.5212     0.38807   -0.099468   0.46419    0.10562   -0.48207
  0.03862   -0.28538    0.091279  -0.38418   -0.58222    0.62122
 -0.029952   0.93093    0.59795   -0.74183    0.64581   -0.48405
 -0.43595   -1.0187     0.20014   -0.056238   1.4819    -0.2853
  0.31965   -0.057106   0.12592   -0.31719   -0.9714    -0.91669
 -0.409      0.11762   -0.23073    0.58028   -0.68554    0.37158
 -0.13092    0.25774    0.52431    0.39649    0.3081     0.71773
 -0.78542   -0.43426    1.4112    -0.57417    0.81909   -0.45068
 -0.19018   -0.042911   0.21288   -0.0060182  0.71766   -1.088
 -0.18529    0.18418    0.28714   -0.23493  ]"
sirleaf,"[-0.12366    0.23285    0.057082  -0.17739   -0.23848    0.60835
  0.68294   -0.027766  -0.58581   -0.10608   -0.65033    0.36251
  0.20729    0.60222   -0.014428  -0.21042    0.73995    0.57746
  0.45494   -1.2827    -0.53516   -0.59136    0.72069    0.29614
  0.38456    0.33102   -0.33398    0.10085   -0.48662   -0.70827
  0.57057   -0.32064    1.2453     0.53566   -0.15521    0.52289
  0.83486    0.67196   -0.95485    0.54113   -1.5847     0.68373
  0.35578   -0.41589   -0.48075    0.12916   -0.3584    -0.50877
  0.5098    -0.54042   -0.71441   -0.57805    0.30848    0.09928
  0.36983   -0.176     -0.7495     0.1749    -0.41076    0.012587
 -0.39832   -1.4277    -0.59439   -0.057276   0.054527   0.16866
  0.7205     1.3936    -0.26803    0.8413     0.23301    1.0007
 -1.6344    -0.19262    0.81662   -0.3371    -0.37071    0.70073
 -0.3798    -1.1892     0.32405   -0.031542   0.12832    0.64769
  0.40067   -0.43533    0.84399   -0.45964   -0.30899   -1.2869
  0.32683    0.088833   0.83592    0.020324  -0.0072125  0.002379
 -0.020075   0.028549  -0.82513    0.89953  ]"
24.1,"[ 0.91578   1.0286    0.91972  -0.88421   0.11978   0.85768  -0.049648
 -0.32377  -0.085161  0.72023   0.78615   0.82271  -0.42764  -0.6463
  1.7167   -0.32038  -0.51394   0.15381  -0.53972   0.087171 -0.21616
  0.73742   0.63905   0.68043  -0.2441   -0.31224   0.57395   0.46879
 -0.1955   -1.303     0.66564  -0.32533   0.46495  -0.73843  -0.31418
  0.84024   1.3497    0.24379  -0.5435    0.40458  -0.055713  0.46369
 -0.22218   0.69694   0.23698   0.26187  -0.49067  -0.67965  -0.19421
 -0.85798  -0.27468  -0.47615   0.15463   0.10428  -0.402     0.48569
 -0.23829  -0.94893  -0.28614  -0.35416   0.32217  -0.52452  -0.79134
  1.0062   -0.75342   0.70602  -0.17511  -0.99585  -0.003937  0.61131
 -0.51469  -0.22959   0.11979   0.11891  -0.50201   0.32801  -0.42894
  0.084458 -0.62509  -0.34384  -0.11275   0.157     0.62019   1.279
  0.21635  -0.10543   0.33366  -0.20821   0.75608  -0.076521  0.32352
 -0.19038  -0.46707  -0.80937   0.14685  -0.58994  -0.40181  -0.49987
  0.1899   -0.53735 ]"
calvary,"[ 0.22839    0.37179   -0.7594    -0.23151    0.010072   0.51297
  0.044355   0.014427   0.42115    0.58275    0.35052    0.27509
  0.24581    0.13899    0.22457   -0.14572    0.25712    0.32753
 -0.63863    0.14452    0.047878   0.24269   -0.46477    0.2769
 -0.085827   0.1228     0.4343     0.036237   0.16275    0.3864
 -0.71317   -0.46871   -0.033457   0.52008   -0.013309   0.57507
 -0.5759    -0.005928   0.8774     0.28228    0.25497    1.1418
  0.21462    0.051106  -0.53944    0.10004    0.46246    0.79947
 -0.010781  -0.2183    -0.073948   0.18123   -0.29008   -1.0209
 -0.064384  -1.085      0.0095827 -0.43745   -0.3189     0.2047
 -0.085914  -0.0035833  1.064     -0.2409    -1.3009    -0.40043
 -0.18557    0.13985    0.22274    0.27014    0.39994   -0.035988
  0.042564  -0.46317    0.79979    0.2124     0.9987     0.17032
 -0.4226    -0.13071   -0.82533    0.70244   -0.029736   0.779
  0.4482    -0.37196    0.48156    0.28961    1.0596    -0.036962
 -0.7573    -0.74718   -0.37603    1.0875    -1.0442    -0.97119
  0.62045   -0.61318    0.35697   -0.18096  ]"
mccarron,"[ 0.023851  -0.25879    0.43606   -0.95837    0.10402    0.16056
  1.0615     0.14653   -0.4857    -0.39795    0.13106    1.0432
  0.1838    -0.034014  -0.064375  -0.54262    0.33804    0.26011
  0.10939    0.13247    0.85526    0.20006    0.068962  -0.058023
  0.55565    0.51639   -0.40736   -0.44619    0.16685   -1.2287
 -0.48406    0.18737   -0.23794    0.89308    0.25189    0.010306
 -0.24591    0.79484    0.56638    0.52328   -0.01114    0.018957
  0.30052    0.70918   -1.4311     0.17854    0.1644    -0.83529
 -0.08411   -0.14383    0.057195  -0.3174    -0.19377   -0.50661
  0.32605   -0.18428    0.34052    0.61107   -0.61196    0.67216
  0.1224    -0.30385    0.13697    1.099     -0.24929   -0.16577
  0.31644    0.57149   -0.26163    0.22819   -1.0216     0.23961
  0.10764   -0.0050403  0.26684   -0.3652     0.031654  -0.45174
  0.057696  -0.7188    -0.39332   -0.15189    0.20001    0.41635
  0.60827    0.44213   -0.041223   0.34269   -0.43136   -0.18198
 -0.26419   -0.6936    -0.44847   -0.27182    0.08755    0.20112
  0.40881    0.39894   -0.018028   0.10525  ]"
sebelius,"[-0.043729   0.024947   0.41591   -0.81594    0.716     -1.0479
 -0.40405   -0.17832    0.19017   -0.27651   -1.1294    -0.94017
  0.47523    0.21309    0.5027    -0.73334    0.25673    1.3777
 -0.27521   -0.63838    0.015184   0.13861   -0.14636    0.4444
 -1.1018     1.0198    -0.071933  -0.043651  -0.42499    0.19015
  0.30338   -0.030533   0.83293    0.25759   -0.52344   -0.051367
 -1.7095     0.54217   -0.32792    1.0135     0.37711   -0.86909
  0.032478  -0.20462   -0.050764   0.59079   -0.38371   -0.66881
  0.40845    0.3688     0.15687    0.44454    1.007      0.30883
 -0.62404    0.35259    0.784     -0.091641  -0.41214    0.26482
 -0.15944   -1.0465     0.68832   -1.2138    -0.36338    0.66725
 -0.1268     0.73032    0.42951   -0.17391   -0.4955     0.23112
 -0.23026    0.2037     1.0989    -0.092078  -0.15705   -0.07549
 -0.64119   -0.37555   -1.0713    -0.87972    0.57387   -0.44553
 -1.0593    -0.63162    0.56077    1.1309    -0.58341   -0.39904
  1.397     -0.46224   -0.49701    0.27063   -0.61117   -0.30653
 -0.14717    0.0045904 -1.152     -0.21299  ]"
kidsday,"[-1.2378   -0.036577  0.32218  -0.60069  -0.66087  -0.20782  -0.11193
 -1.3131    0.29193   0.29597   0.77218  -0.28284   1.6343    0.4353
 -0.19605   0.56687  -1.0036   -1.4775   -0.24252  -0.38073  -1.7108
  0.59908  -1.1164    0.80711   0.32373   0.30224   0.71547   0.75133
 -0.33533   0.43239   0.20293  -0.36037  -0.18261  -0.51365  -0.38247
  0.18214  -0.27893  -0.10882   0.39351   0.38243   0.68929  -0.5803
 -0.074736 -0.28195  -0.35716   0.50386  -1.8041   -0.31171  -0.67918
  1.0459   -0.44233  -0.84587  -0.06842  -0.1223   -0.20954   0.1244
  0.43135   0.8067   -0.25469  -0.29997  -0.2629    0.15787  -1.1467
 -1.0412    0.26038  -0.056489  0.37008   1.2547    0.39234   0.66687
  0.53308   1.8303    0.4274   -0.64028  -0.32073   0.72968   0.82542
  0.4424    0.053242 -1.0744    0.16712  -0.062761  1.4804   -1.3937
 -0.34711  -0.86694  -0.085968 -0.33301  -1.3996   -0.19887  -0.14151
  1.1696    1.1577   -0.045623 -0.52194   0.33536   0.84672   0.4187
 -0.50357   0.54654 ]"
341,"[ 0.3541    0.64656   0.749     0.23954   0.023035  0.5749    0.37982
 -0.069356 -0.3868   -0.06923   0.62391   0.18643   0.41346   0.020425
  0.3441   -0.023651 -0.31186   0.10172  -0.10047   0.38324   1.0048
  0.15472   0.46555   0.23726  -0.088278 -0.45306   0.81062   0.71698
 -0.19602  -0.40656  -0.05437   0.10863  -0.25802   0.18559  -0.6538
  0.62807  -0.2528   -0.16182  -0.13058   0.82787   0.28989  -0.56702
  0.23684  -0.022286 -0.18295  -0.34103   0.27337  -0.42705  -0.47642
  0.70264  -0.40625  -0.26866   0.25081   0.33918  -0.97494   0.28115
  0.59366  -0.60419  -0.46297  -0.14104  -0.25135  -0.4926    0.12258
  0.77719  -0.79575   0.12644   0.22775  -0.15679   0.2776   -0.37499
 -0.054519 -0.16388  -0.11124   0.092494 -0.028417  0.46651  -0.45631
  0.45396  -0.51631  -0.28074  -0.016953  0.12393   0.18772   0.38
  0.21791   0.089663  0.77797  -0.67361   0.15642   0.45215  -0.19211
  0.56117  -0.20691  -0.1888   -0.39312   0.22567   0.31442   0.18536
  0.20251  -0.31708 ]"
25.3,"[ 0.98845    0.92047    0.65558   -0.93859    0.060103   0.66357
 -0.18011   -0.18397   -0.028719   0.61372    0.80827    0.64065
 -0.39217   -0.58137    1.979     -0.24038   -0.53902   -0.19102
 -0.34613   -0.14171   -0.17501    0.67332    0.66868    0.85622
 -0.40889   -0.31036    0.53866    0.6765    -0.093815  -1.46
  0.7406    -0.31008    0.47449   -0.45785   -0.54099    0.75696
  1.3844     0.26077   -0.61921    0.49353    0.047903   0.58985
 -0.14262    0.6282     0.24152    0.2288    -0.35789   -0.79115
 -0.34319   -1.0687    -0.33829   -0.54227   -0.064738  -0.06938
 -0.37296    0.36169   -0.56963   -0.84007    0.07947   -0.39523
  0.10822   -0.5423    -0.83316    0.7948    -0.81268    0.46351
  0.0086103 -0.90272    0.073834   0.45148   -0.42582   -0.19808
  0.12519    0.19994   -0.58674    0.4956    -0.66433   -0.006634
 -0.14896   -0.4282    -0.33297    0.16971    0.26732    1.4497
  0.25332    0.0072412  0.32013   -0.53184    0.20097   -0.026692
  0.20812   -0.061148  -0.61965   -0.80546    0.081888  -0.43831
 -0.17655   -0.54665    0.0069694 -0.38703  ]"
upmarket,"[-0.04848   -0.62934    0.14503    0.50191    0.16253    0.44454
 -0.14533    0.2849     0.65346    1.4547    -0.060096  -0.77072
  0.11332   -0.56418   -0.13791    0.44411   -0.39449   -0.45321
 -0.075279   0.24341    1.1615     0.18606   -0.16546   -0.15616
 -0.13295   -0.04371    0.48459   -0.59111   -1.4939     0.39467
 -0.19093   -0.3925     0.21886   -0.27408    0.20942    1.0284
 -0.02831    0.14017   -0.5318    -0.35869    0.78582   -0.095735
 -0.0454     0.32615    0.35738    0.86377    0.22117    0.76397
  0.67229    0.34077   -0.22738   -0.056446   0.18001   -0.30143
 -0.5357    -0.33332   -0.79066   -0.050161   0.036805  -0.89529
 -0.026363   0.41781    0.47508    0.32538   -0.31853   -0.61523
  0.10594   -0.41068    0.11231   -0.54097   -0.48531   -0.62175
 -0.14085   -0.9084     0.090655  -0.27814    0.087198  -0.010846
 -0.26842   -0.80086   -0.047775   0.22896    0.051665   0.12728
  0.42485   -0.5592    -0.03107   -0.018477  -0.26074   -0.25577
  0.59394    0.48227    0.55753   -0.29386   -0.34986    0.36317
  0.0023127  0.31285    0.74954    0.29819  ]"
wishful,"[ 0.2859     0.17311    0.98865    0.011844  -0.17557    0.31442
  0.6214    -0.7162     0.45227    0.028309  -0.54577    0.38761
  0.20288   -0.43702    0.76064   -0.25693   -0.49483    0.64596
  0.57793   -0.044713   0.64392    0.10701   -0.1491    -0.33677
 -0.48817    0.56557   -0.25447    0.32265   -0.071259  -0.26605
 -0.25301   -0.087397  -0.11186   -1.1517    -0.20504    0.36781
 -0.56071   -0.016838  -0.06599   -0.62126   -0.64419    0.80845
 -0.15838    0.12258   -0.63267   -0.62508    0.24703   -0.44538
 -0.37582   -0.35332    0.17686   -0.45522   -0.66905   -0.4476
 -0.50703   -0.30376    0.64214   -0.064393  -0.19738   -0.49997
  0.17777    0.52122   -0.15093    0.63274    0.059858  -0.090517
  0.53753   -0.073932  -0.46933   -0.96123   -0.14048   -0.48045
  0.34574   -0.038216  -1.0458     0.39909    0.85663    0.39939
 -0.59142    0.018312  -0.3272     0.35536   -0.81654    0.78443
 -0.03152    0.23438   -0.40595    0.53029   -0.70603   -0.73672
  0.0051989  0.23944   -0.3127    -0.17121    0.14088   -0.4824
  0.16135   -0.99853   -0.24013    0.63404  ]"
melton,"[-0.21474   -0.8798    -0.40969   -0.73617   -0.10441   -0.33531
  0.054896   0.080283   0.23108    0.29887   -0.88009   -0.13686
  0.22545    0.60319    0.34228   -0.26514    0.088327  -0.17471
 -0.2036     0.45623   -0.027128  -0.38656    0.98169   -0.47434
  0.15744    0.21441   -0.09267   -0.10535   -0.68968   -0.040721
 -0.13547   -0.056473   0.39125    0.048889  -0.17694    0.90879
 -0.32472    0.36515    0.15185    1.001     -0.40476    0.0017301
 -0.54907   -0.34122   -0.30539    0.49182    0.52203   -0.57183
  0.0073223  0.75531    0.52616   -0.87126   -0.58302   -0.12758
 -0.77639   -0.36388   -0.87149    0.098984  -0.99416   -0.5269
  0.0061769 -0.31563    0.28931    0.26464    0.205     -0.010133
  0.53938    0.040356   0.37772    0.33412    0.64577    0.59499
  0.49142   -1.2921     0.11311   -0.60593    0.36943   -0.15708
 -0.23245    0.07989   -0.16259    0.40044   -0.28151   -0.14177
  0.3031    -0.068015  -0.030891  -0.28468    0.066253   0.53431
 -0.42505   -0.34712   -0.28903    0.020755   0.28147   -0.04065
 -0.14836    0.26341   -0.030347   0.096942 ]"
yarmouth,"[-0.52106  -0.11181   0.53576  -0.015937  0.017349 -0.12407  -0.050985
  0.1944   -0.42988  -0.018196 -0.58515   0.047419 -0.44282   0.23316
  0.45617  -0.97051   0.24866  -0.24552  -0.53424   0.87927  -0.13195
  0.45722   0.59207  -0.87765  -0.27623   0.1412   -0.83964   0.88594
 -0.033728 -0.022126 -0.046585 -0.053431  0.42631   0.089288 -0.078951
 -0.38055  -0.18298  -0.33313   0.73146  -0.59382  -0.37589  -0.33486
 -0.33168  -0.21272  -0.13818   0.58041   1.2156   -0.69374   0.92956
  1.3383   -0.47502  -0.18574   0.17589  -0.46792  -0.60287  -0.14237
 -0.47995  -0.9223   -0.21558   0.10432  -0.46175  -0.22567  -1.2322
  0.69479  -0.06514   0.12284  -0.30173  -0.22917   0.72206   0.22795
 -0.16837  -0.33313   0.45852  -0.85627   0.095682  0.29348   0.2784
 -0.087399 -0.10942  -0.097575 -0.59015   0.30612   0.7143    0.85091
  0.38218  -0.13167  -0.090264 -0.42304   0.20079   0.22004  -0.73587
 -0.13403   0.26493   0.65847   0.030087  0.12215   0.1547    0.66408
  0.53936  -0.12229 ]"
mulroney,"[-0.52765   -0.42184    0.65501   -0.1523    -0.090123  -0.1522
 -0.40019   -0.3226    -0.0042255 -0.21355    0.22736    0.0044546
 -0.29055    1.6406     0.20787   -0.28239   -0.33055    0.06567
 -0.0031662  0.61787   -0.25269    0.076485   0.17936   -0.24004
  0.31992   -0.77228   -0.017585  -0.27861    0.11687   -0.31329
  0.97652    1.4178     0.27021   -0.085262   0.040833   0.28384
  0.41887    0.50822   -0.65992   -0.48245    0.063764   0.17698
  0.15031    0.42819   -0.46725    0.14561    0.20594   -0.97689
  0.36841   -0.10265    0.248     -0.26356    1.3859    -0.18652
 -0.71235    0.36191   -0.3816     0.1271    -0.33055    0.46288
  0.51456   -0.58896    0.080431   0.61863    0.72435   -0.13318
  0.031073   0.089373   0.0042404  0.27369   -0.016018   0.022637
 -0.62066   -0.20879   -0.70694    0.12165   -0.27884    0.36927
 -0.21255    0.70967   -0.054893   0.53715    1.6047    -0.49314
  0.68292   -0.22424    0.4734     1.3849    -0.5435    -0.89212
  0.29276   -0.48486   -0.55432   -0.23944    0.92359   -0.21934
  0.055236   0.46779   -0.1707    -0.54476  ]"
kashima,"[ 0.83657   0.27867   0.53792  -0.25031  -0.85145   0.24616  -0.20854
 -0.080769 -0.64179   0.38137   0.36445  -0.39393   0.062316  0.46482
 -0.077266  0.63022   0.25634   0.65753   0.012886 -0.64325   1.6365
 -0.34109  -0.87693   0.42234  -0.43694   0.27038  -0.56689   0.22516
 -0.24602   0.22335  -0.34022   1.1109    0.25084   1.1055    0.15776
 -0.13109   0.50031   0.62934  -0.9667   -0.11948   0.58116  -0.92398
  0.40119   0.024047  1.1411    0.72886   0.8622    0.55093  -0.11158
  0.76622   0.096125 -0.064772 -0.62342  -0.026185 -0.081454  0.12829
 -0.29558   0.54921  -1.1909    0.15765  -0.15018   0.11562  -0.13836
  0.21167  -0.19618   1.4291   -0.26339   0.59876  -0.16694  -0.55433
 -0.62622  -0.051979  0.19806  -0.69946  -0.56187   0.15522  -0.73145
 -0.33492  -0.19279  -0.78156   0.06035  -0.43119  -1.4939    0.54339
  1.0613    0.084553 -1.2363    1.4154    0.77458   0.47849  -0.48753
  0.15493  -0.017694 -0.34094  -0.17077  -0.46678  -0.19967  -0.016454
  0.14573  -0.36214 ]"
veneer,"[-0.40153   0.62365   0.31709   0.05008  -0.13861   0.059512 -0.55478
 -0.38298   0.17482   0.54755   0.11401   0.30945   0.4395    0.026311
  0.13541   0.51754   0.28515  -0.28072   0.61831  -0.18799  -0.035644
  0.21792   0.34494  -0.96135   1.0215    0.24341   0.21239  -0.42974
 -0.61765  -0.82273   0.57058   0.029665 -0.27457   0.16977  -0.14211
  0.4684    0.019705 -0.17808   0.22527  -0.59652  -0.50458  -0.95418
 -0.068599  0.27328  -0.27176  -0.44683   0.58328   0.25447   0.2391
  0.11284  -0.33834  -0.62702  -0.5875    0.80653   0.069819 -0.18639
  0.13053  -0.27431   0.13466  -0.1815   -0.039562  0.050457 -0.7482
  0.61648   0.018481 -0.67233   0.99726   0.07885  -0.73573  -0.84816
  0.14295   0.7161    0.41407   0.040261  0.22163   0.088399 -0.46807
  0.20118  -0.074236  0.094888 -0.22665   0.35576   0.13921   0.51431
  0.73886   0.44033   0.24795   0.37936   0.064894 -0.10963   0.52262
 -0.4238   -0.035772  0.11123   0.68099  -0.95768   0.008866 -0.66112
  0.33289   0.90781 ]"
opole,"[-9.5527e-01 -1.2743e+00  1.2606e+00 -4.0628e-01 -1.3101e-01  1.0963e+00
 -4.8922e-01 -4.3126e-02  7.7599e-02 -6.1781e-01 -1.3862e+00  5.0203e-01
 -7.5676e-01  1.0258e+00 -5.1217e-01 -1.4578e+00 -3.0461e-01 -2.1827e-01
  3.5266e-01  4.4056e-01 -5.0868e-01  4.3213e-01  7.5948e-01  7.1916e-01
 -4.0204e-01  5.6681e-01  6.2778e-01  8.3528e-01  6.8591e-01 -2.5865e-01
  1.4720e-01  2.2085e-01  6.3471e-01 -1.4974e-01 -2.0897e-01 -1.1911e+00
  1.3386e+00 -6.5220e-01  2.3282e-01 -3.1625e-01  1.2574e-01 -3.2023e-01
 -2.1376e-01 -9.6182e-02 -4.2451e-01 -3.9974e-01  1.8542e+00 -4.4369e-01
 -5.3630e-01 -6.1432e-01 -1.2144e+00 -6.3242e-01 -8.5338e-02 -1.5381e+00
 -5.1725e-01  1.5805e-01 -8.1990e-01 -9.0848e-01 -2.7845e-01 -2.7334e-01
  1.5940e+00  9.2137e-01 -2.5051e-01  9.9270e-01  8.5737e-02 -8.4679e-01
 -8.2263e-01  4.6762e-01  7.4598e-01  1.4963e+00  6.1936e-01  2.4875e-01
  1.7351e+00 -6.1671e-01 -1.9728e-02  7.4061e-01  1.2192e-01 -5.1800e-01
  3.8043e-01  8.7161e-01 -6.6561e-02  4.7804e-01 -6.0167e-02 -2.5836e-01
  1.0798e-01  1.0036e+00 -6.0194e-01 -8.6043e-01  9.2271e-01  1.4004e+00
 -1.7745e-01  5.4492e-02  6.2515e-01 -1.5609e-01  4.3620e-01  1.3909e+00
  8.1917e-01  1.5557e-03  8.0806e-01 -8.3307e-02]"
colloquial,"[-0.14486    0.2278     0.3398     0.52587   -0.068001   0.73171
 -0.2744    -0.65111    0.0053652  0.74313   -1.507     -0.23861
  0.32433    0.0075855  0.45931    0.35682    0.036599  -0.44668
  0.41897    0.023188   0.11916    0.15598    0.070314  -0.37153
  0.025761  -0.40885   -0.51085   -0.24641   -0.12273    0.32963
 -0.72412    0.55913   -0.70673   -0.5747     0.69285    0.99785
 -0.53312   -0.23115    0.05144   -0.1139    -0.016825  -0.63644
  0.017983   0.58696    0.33088    0.28681    1.0279    -0.55228
 -0.39249    0.16383   -0.027962   0.83351    1.2868     0.055225
 -0.39319    0.5864     0.086345  -0.54418   -0.16885   -0.72915
  0.24896    0.25099   -0.61706   -0.14696    0.23523   -0.59612
  0.29479   -0.81456   -0.0096197 -1.0221    -0.88916    0.36239
  0.22724   -0.33913   -0.29781    0.1116    -0.12338   -0.23276
 -0.35295   -0.75987   -0.2652    -1.5123    -0.23333   -0.32731
 -0.80922    0.5841    -0.77779   -0.062118   0.52595    0.47908
  0.41633    0.5193    -0.084303   0.012555   0.29383    0.019362
 -0.50062   -0.87828   -0.48015    0.5208   ]"
malisse,"[ 3.1629e-01 -4.6846e-01  6.9740e-01  1.8566e-01  5.8156e-02  8.3895e-01
  6.4246e-01  6.7652e-01  1.2405e-01 -3.6348e-01 -7.4459e-01  4.5191e-01
 -1.0499e+00  8.9933e-01  7.3514e-02  3.1513e-01 -3.6920e-01  6.9063e-01
  7.5988e-02  1.5103e-02  2.9261e-02  3.6418e-01  1.0930e+00  2.7958e-01
  1.6496e+00 -3.5490e-01  9.7308e-01 -8.2967e-01  9.7587e-01  2.5850e-01
 -1.1695e+00 -8.1159e-02  6.8734e-01 -4.0376e-02 -5.4900e-01 -6.5961e-01
 -2.5074e-01 -5.8060e-02 -3.4105e-01 -2.9920e-01 -1.9898e-01 -5.1304e-01
 -2.8173e-01 -7.5247e-01 -2.2143e-01  6.3663e-02  1.4557e-01 -4.5322e-02
  7.0494e-01  2.5595e-01 -5.1594e-02 -2.1707e-01 -9.3466e-01  1.3557e-01
 -2.7042e-02  5.9569e-01  1.5216e-01  5.6177e-01 -4.7356e-01  5.3732e-01
  5.7158e-01 -1.3230e+00 -1.5786e-01  6.9246e-01 -4.5777e-01 -4.7105e-01
 -9.1163e-01  9.8170e-02  1.3210e-02 -1.3721e-01  1.0002e-01  1.3408e-01
  5.6171e-02 -2.2625e-02 -7.4109e-02  5.2851e-01 -1.2461e-01 -2.3457e-01
 -2.9046e-02  4.5017e-01  8.2233e-01 -1.4092e+00 -6.1706e-01  8.4219e-01
 -1.4238e+00 -6.8792e-02  2.1717e-01  5.8785e-01 -4.0018e-01  2.3738e-01
 -2.4222e-01  7.9250e-01  1.7564e-01  6.4307e-01 -1.4349e-04  1.6612e-01
  2.8267e-01 -6.2832e-01 -5.6592e-01  4.6028e-02]"
kazimierz,"[-1.4064    -0.24608   -0.31922    0.17673   -0.07972   -0.40478
 -0.53828   -0.30995   -0.12798    0.60921   -0.84146   -0.53624
 -0.73992    0.40676    0.71901   -1.0536    -0.34634    0.14839
 -0.4499     0.38637   -0.65714    0.0035747  0.1053     1.0521
  0.090365  -0.66824    0.90636    0.15111    0.12921    0.087852
  0.31146    0.090424   0.28959   -0.034797  -0.84131   -1.1559
  0.59355    0.70564   -0.61669   -0.14736   -0.21825    0.745
  0.78382   -0.25049   -0.61155   -0.57077    0.36904    0.7258
  0.62543    1.0705    -0.12815   -0.69357    0.33683    0.069541
 -1.0155     0.61882   -0.19792    1.0048     0.22707   -0.36035
  0.85372    1.0107    -0.20694    0.51527    0.31566   -0.095477
  0.076648   0.39487   -0.31242    0.022037   0.19835   -0.68501
  0.36792   -0.56674   -0.81176   -0.324      0.18179    0.568
  0.61836    0.61567   -0.016481  -0.3732     0.50105   -0.59326
  0.67311    0.034513  -0.36805   -0.61371    0.38392    0.12421
  0.35698   -0.57361   -0.060176   0.42432    0.39968   -0.25538
  1.1825    -0.010471  -0.33438   -0.35668  ]"
"53,000","[ 0.89651    1.1599    -0.0063977  0.22732   -0.33646    0.37911
  0.40111    0.8617     0.59964    0.13076    0.64326    0.081846
  0.44624   -0.36295    0.31912   -0.2576    -0.045606  -0.051159
  0.74815    0.11485    1.1436    -0.019293   0.41286    0.80102
  0.17127   -0.79849   -0.26194    0.24958    0.31821    0.045688
  0.54958    0.19214    0.053576  -0.34232   -0.70875   -0.10125
  0.051565   0.66787   -0.77007    0.12767   -0.014273   0.014288
 -0.35819   -0.6771     0.43076    0.38183    0.015313  -0.46783
 -0.45082    0.32328    0.19541   -0.98176   -0.64094    0.38126
 -0.70342    0.56595    0.41377   -0.8067    -0.014107  -0.46526
  0.61197    0.44691    0.48       0.060522  -0.7536     0.068359
  0.17091    0.018353   0.86191   -0.6253     0.20537    0.42973
 -0.17701    0.52696    0.2225     0.62051    0.57781    0.39376
 -0.26391    0.1942     0.7612    -0.10192    0.21749    0.43572
 -0.27316   -0.26624    0.5865     0.4162    -0.3395    -0.14245
  0.50688    0.56491   -0.24947   -0.77031   -0.34968   -0.1315
 -0.12693    0.39267    0.25486   -0.039101 ]"
rpf,"[ 0.0956     0.35636    0.025002  -0.3755     0.47432    0.94371
 -0.0081889  0.15805    0.76301   -0.79075    0.8036     0.46436
  0.22338    0.28348    0.29627    1.2949    -0.80007   -0.92509
  0.36991   -0.16183    0.43425   -0.45813    0.19283   -0.049797
 -0.16868   -1.3424    -0.17215    0.38624    0.40288   -0.94264
  0.08795   -0.64036   -0.037484  -0.59056    0.22374   -0.073829
  1.2679     1.1181    -0.20472   -0.19437   -0.43707    0.77238
  0.45639   -0.353      0.4642    -0.21251    0.057493  -0.64735
  0.051449  -0.232     -0.17726    0.1562    -0.038394   0.3273
  0.38461    0.60137    0.33723    0.96586    0.47212   -0.32586
  0.69012   -0.60117   -0.34274    0.94787    0.45615    0.46655
 -0.35529    0.11806   -0.2739     0.97287    0.5266    -1.1067
 -0.51894   -1.2885    -0.18386   -0.22105    0.15433    1.184
 -0.40382    0.58129   -0.38101   -0.32132   -0.15466    0.22519
  0.52991    0.33462    0.29717    0.512     -0.36797   -0.11635
 -0.19233   -0.40225   -0.12904    0.97139   -0.33246   -0.8928
 -0.23392   -0.27533   -0.5377     0.53572  ]"
ratifying,"[-0.0060049  0.45595    0.91477    0.46413    0.070286  -0.23
 -0.42575    0.18192    0.10224   -0.17287   -0.28238   -0.66062
 -0.22467   -0.28638   -0.39068   -0.28022    0.58799    0.32343
  0.25986   -0.73094   -0.79631   -0.039965   0.26174    0.27421
  0.30099    0.27251   -0.11602   -0.63144    0.49101    0.4647
  0.14729    0.1149     0.25035   -0.33053   -0.084257  -0.45375
  0.58369   -1.3299    -0.69214    0.21129   -0.82453    0.52095
  0.82301    0.42434   -0.75192   -0.37575    0.24742   -0.58234
 -0.7192     0.22676    0.64607    0.26546   -0.96612   -0.22545
 -1.0359     0.21434    0.60446   -0.32436   -0.19672    0.099911
 -0.65681   -0.089793  -0.44615   -0.16964   -0.45936    0.35135
 -0.422      0.7614    -0.63328   -1.2154    -0.16799   -0.54246
  0.22054   -0.29536   -0.57568   -0.41363   -0.83183   -0.58975
 -0.91445    0.22936    0.1547    -0.072511   0.029164   0.86311
 -0.053023   0.18379    1.1271    -0.5808    -0.61179   -0.15582
 -0.34828   -0.29179   -0.82994    0.49756    0.13779   -0.3289
  0.19934    0.66157    0.42533   -0.21273  ]"
outpacing,"[ 0.018808   0.84364    1.2137     0.52994    0.65027   -0.33342
 -0.1956    -0.18607   -0.061232  -0.46802    0.44965    0.032115
 -0.27753   -0.83228    1.0094    -0.34361   -0.24275    0.27792
  0.9156    -0.42329    0.23433   -0.48816    0.19721    1.2822
 -0.03153    0.0059682 -0.066721  -0.41823   -0.10484   -0.31196
  0.10261   -0.87028    0.44084   -0.59532    0.14107    0.27409
 -0.12915   -0.26143   -0.31409    0.17898    0.83731   -0.21076
  0.19569    0.77484    0.27351    0.22844    0.90724   -0.036675
 -0.32759   -0.4848    -0.091207   0.44101    0.13034    0.53563
 -0.052136   0.33589    0.46156   -0.08637   -0.60394   -0.81335
 -0.2912    -0.98724   -0.16375    0.4774    -0.36233    0.62692
  0.43335    0.14409    1.2061     0.25333    0.15425   -0.27442
 -0.20597    0.10258   -0.21993   -0.13489   -0.16909   -0.50812
  0.22066   -0.67112    0.063485   0.45998   -0.084786   0.17089
 -0.58629   -0.9976    -0.31472   -0.11366   -0.53345   -0.070796
  0.48673   -0.10975   -0.57689   -0.15642   -1.2139    -0.38398
  0.58055    0.06876    0.39009    0.19219  ]"
21.9,"[ 1.1841     0.91498    0.53268   -0.88452    0.2839     0.4294
 -0.40886   -0.27943   -0.086195   0.86129    0.55034    0.78892
 -0.38935   -0.7448     1.5799    -0.23796   -0.59828   -0.040904
 -0.59492   -0.036148  -0.24567    0.77724    0.65639    0.75047
 -0.56072   -0.37618    0.35863    0.75443   -0.068984  -1.3375
  0.60811   -0.021584   0.6983    -0.54378   -0.049959   0.8986
  1.2365     0.23113   -0.5465     0.22594    0.097219   0.39516
 -0.11141    0.56233    0.25142    0.071733  -0.3175    -0.98916
 -0.35036   -1.0379    -0.23243   -0.4564     0.29864   -0.065976
 -0.45881    0.29872   -0.3302    -0.80447   -0.21958   -0.38461
  0.3814    -0.5158    -0.51516    0.79122   -1.0001     0.35492
 -0.19512   -0.85966    0.30983    0.59149   -0.66412   -0.11791
 -0.088038   0.087773  -0.60311    0.27225   -0.51018    0.21082
 -0.22602   -0.70046   -0.082495   0.0038251  0.26534    1.7317
  0.17373    0.10374    0.28137   -0.2442     0.45072   -0.10134
 -0.023663   0.26817   -0.45656   -1.0175     0.048236  -0.47868
 -0.44754   -0.5404     0.11001   -0.58439  ]"
fathom,"[-0.17722    0.4037     0.27958    0.5524    -1.018     -0.037759
 -0.74057    0.0019324  0.64422    0.2142     1.2087     1.0774
 -0.21699   -0.58274    0.30911   -0.065808   0.33245    0.65208
 -0.44634    0.18509    0.099246   0.26055   -0.16916   -0.84733
 -0.17982   -0.01407   -0.029087  -0.39674    0.696      0.075732
 -0.29211   -0.3726    -0.49076   -0.36023   -0.4038     0.098428
 -0.37728    0.42624    0.48121   -0.44419    0.11785    1.0331
 -0.46472   -0.35063   -1.0075     0.33643    1.1474    -0.61103
 -0.24539    0.16246   -0.081585  -0.25819    0.5759     0.35002
 -0.0095803 -0.1359     0.56055    0.20384   -0.19515   -0.019005
 -0.079765   0.22997   -0.18147   -0.094547   0.42305    0.3555
  0.66026    0.40526   -0.31032   -0.61797    0.029955   0.444
 -0.20824   -0.17808   -0.30235    0.032974  -0.16562   -0.51685
 -0.21013    0.30121   -0.63824   -0.40682   -0.3218     0.34851
 -0.265     -0.43293    0.045658   0.15237   -0.32965    0.083149
  0.25068    0.68993   -0.39784   -0.64222    0.08959    0.35803
 -0.27552   -0.28224   -0.07603    0.050925 ]"
fitz,"[-0.34949   -0.34209   -0.14808   -0.28343   -0.79131   -0.046952
 -0.26306    0.51772   -0.11358   -1.1828    -0.44234    0.24261
 -0.97605    0.40628   -0.40581   -0.38619    0.0057238  0.051351
 -0.45677    0.55847   -0.081562  -0.41337    0.32741   -0.56344
  0.95796   -0.040892  -0.56394   -0.41868    0.22059    0.30258
 -0.23178   -0.57832    0.049953   0.35668   -0.30709    0.46065
 -0.45162    0.5669     0.25181   -0.36382    0.15602   -0.41993
 -0.56836    0.11418    0.059824   0.11878   -0.54994   -0.35901
  0.58275   -0.17561   -0.45283   -0.18462   -0.6477     0.3151
  0.45103    0.24706   -0.14861   -0.15325   -0.9685    -0.33849
  0.91688   -0.13018    0.62799    0.051861   0.035071  -1.0477
  0.60853    0.29605   -0.040771   0.0072033 -0.19073    0.24978
 -0.12177   -0.39171   -0.016944  -0.38925    0.22794   -0.67463
 -0.27772    0.11889    0.26841    0.10406   -0.59762    0.48905
 -0.1528    -0.26865    0.29564   -0.58977    0.77144   -0.54139
 -0.058389   0.48673   -0.11036    0.40297    0.48505   -0.31636
  0.03802   -0.5654    -1.3769    -0.63035  ]"
langdon,"[ 0.023125  -0.43079   -0.14683   -0.19899   -0.54375    0.20606
  0.3629    -0.25098    0.33025   -0.62433   -0.10734    0.17377
 -0.47528    0.23972   -0.24188    0.4992     0.35288   -0.028402
 -0.41743    0.33448    0.33487   -0.57001    0.13431    0.17454
  0.74091   -0.078694  -0.10278   -0.11775   -0.59771   -0.20531
 -0.28485    0.5597     0.060972   0.24007    0.073671  -0.051763
  0.072746   0.071948   0.062441   0.54393    0.080522   0.32515
 -0.24489    0.23239   -0.47832    0.19513   -0.4268    -0.14925
  0.73882    0.84089    0.69553   -0.69125    0.56984   -0.37216
  0.002116  -0.41172    0.17994   -0.42744   -0.91773    0.13483
 -0.50069   -0.17119    0.093923   1.2217     0.2122    -0.017331
  0.56556    0.22876   -0.19558    0.90897   -0.23079   -0.11846
 -0.40883    0.0026868  0.122     -0.5858    -0.055238   0.23356
  0.26002   -0.13562    0.39172    0.29312   -0.51014   -0.10635
  0.32405    0.51322   -0.16025    0.013656  -0.23039   -0.15063
 -0.53347   -0.18146    0.19677    0.021767  -0.17735   -0.68775
  0.45562   -0.17954   -0.49027    0.40233  ]"
infiniti,"[-0.34792   -0.61808    0.74758    0.13374    0.13399    0.010314
  0.96487    0.46506    0.11759    0.44653    0.75721    0.21914
  0.096713  -0.69639   -0.64801    0.44447   -0.77557    0.44837
  0.40226    0.22601    0.945     -0.491     -0.05292    0.7423
  1.3813     0.48965    0.41098   -0.75391    0.21189   -0.3937
 -0.047568   0.77946   -0.87615    0.13057    0.55491    1.1059
  0.30057   -0.12538   -0.094011   0.36963    1.0019    -0.34447
  0.1203    -0.23115   -0.67183    1.4809     0.51357    0.65088
 -0.29799    0.22034    0.056765  -0.12291   -0.36832   -0.75518
  0.073197   0.18675    0.41959    0.66198   -0.092439   0.13259
 -0.20092   -0.41225    0.01424    0.18029    0.0071879 -0.53064
 -0.6192    -0.6366     0.10855    0.043827   1.066     -0.77338
 -1.0101    -0.5084    -0.86278    0.3207     1.1306     0.52115
 -0.34383   -0.82694    0.53199   -0.14457    0.17128    0.52161
  0.16082   -0.21394   -0.44658   -0.58311    0.030921  -0.7182
  0.016159   0.84024    0.46358   -0.057238   0.19038   -0.3033
 -0.7729    -0.058175   1.1544     0.50561  ]"
prem,"[ 0.16168   -0.3997     0.24617    0.35673    0.6898     0.052365
 -1.0223     0.98294    0.045714  -0.054548  -0.4972     0.15574
 -0.2777     1.0088     0.44478    0.41473   -0.45571   -0.19192
  0.29334    0.69118    0.23241   -0.34329    0.042393  -0.0074439
 -0.20596    0.11122    0.96494   -0.60363    0.43536    0.26576
  0.58987    0.12963    0.29858    0.38994   -0.63384    0.86242
  0.29886    0.59529    0.24436   -0.39714   -0.09701    0.51091
  0.49938    0.2129     0.88693    0.010044  -0.44685    0.26907
 -0.26851    0.25254   -0.60423   -0.51184    0.3517     0.596
 -0.48451    0.051731  -0.70296    0.79352   -1.1721    -0.57786
 -0.42318   -0.2285     0.20186    0.72477    0.10088   -0.17581
  0.43363    0.20211    0.42964    0.41935    0.42171   -0.13304
  0.55443   -0.95982   -1.4382     0.080853  -0.20596   -0.14095
 -0.51844    0.12689    0.19562   -0.4096    -0.33658   -0.18065
 -0.37292    0.71913   -0.74171    0.53421   -0.22205    0.14298
  0.0091939 -0.15393    0.043044   0.25965    0.43235   -0.025055
  0.70902   -0.72752   -1.283      0.17372  ]"
unanimity,"[-8.9521e-02 -3.7910e-01  1.1665e+00  5.2650e-01 -6.1795e-01  1.5653e-01
 -4.4484e-01 -5.4490e-02  3.5608e-01 -4.8197e-01 -3.3575e-01  1.4293e-01
  7.5897e-01 -6.2139e-01  4.8989e-01  2.6015e-02 -3.9846e-02  3.1567e-01
 -3.2949e-01  4.6944e-02 -2.5117e-01  4.5595e-01  3.4425e-02 -1.7480e+00
  6.0985e-01 -8.5372e-01  6.0272e-01 -8.6340e-02  6.2555e-02 -4.1827e-01
 -1.1897e-04 -6.8005e-01  1.8857e-01  1.6951e-01  5.1996e-01  8.1501e-01
  5.3994e-01 -4.6538e-01 -3.6271e-01  3.9485e-01 -3.7343e-01  2.5188e-01
  2.9866e-01  2.3352e-01 -5.3281e-01 -1.0441e+00  1.0453e+00 -3.5693e-01
 -9.5155e-01 -2.1098e-01 -1.5381e-01 -4.4059e-01 -1.0473e+00  5.7186e-01
 -1.2457e-01 -1.8050e-01  6.1612e-01 -4.6074e-01  1.6366e-01  5.3838e-03
  7.6267e-02 -4.4441e-01  5.0398e-01  3.6459e-01 -2.3178e-01 -2.4128e-01
 -2.7797e-01  1.9331e-01 -5.6178e-01 -1.1069e+00  9.9409e-02  2.7997e-01
  3.0649e-01 -2.6587e-01  2.7865e-01  4.1325e-01 -5.2741e-01 -1.1214e+00
 -2.3453e-01 -5.5217e-01  9.6734e-03 -4.1301e-01  3.6386e-01  6.5845e-02
  7.8035e-03  3.6661e-01  1.4144e+00 -3.0254e-01 -1.1028e-01 -3.6874e-01
 -2.9878e-01 -1.1219e-01 -5.3787e-01  5.5990e-01  1.9489e-01  3.8258e-01
  4.4040e-01 -8.6267e-01  2.8058e-01  4.4616e-01]"
cuando,"[ 0.25368   -0.38685    0.7294    -0.37164   -0.39255   -0.87742
  0.064563   0.62591    1.988      0.30063    0.3802     0.35569
 -0.25348    0.4145     0.62266    0.29807   -1.0263    -0.44871
 -0.081871   0.18417    0.76059    0.50217   -0.7587     0.12234
  1.3416     0.35487   -0.48212   -0.20791   -0.073233  -0.95079
 -0.26196   -0.98465    0.48103    0.5731    -0.39208    0.30873
  1.1067    -0.70154    0.51568   -0.099508   0.18734    0.30493
 -0.27625   -0.87424    0.42091   -0.66825    0.1297    -0.47061
 -1.6127    -0.28455   -0.72222    0.91249   -0.47583   -1.1515
 -0.028851  -0.43001    0.8671     0.86242    0.054055   0.39721
 -0.14865   -0.27579   -0.66386   -1.2764     0.041426  -0.44644
  0.21826   -0.4829    -0.33174    1.3423     0.084776   1.2545
  0.34446   -0.10815   -0.056419  -0.33994   -0.0043289 -0.19733
  0.12551   -0.11253    0.74062   -0.59976    0.36468    0.38131
  0.88478    0.33063   -0.48146   -0.60069    0.43771   -0.21081
  1.2518    -0.55939    0.33644    0.12731    0.24231    0.045171
 -1.1018     0.021839  -0.26952   -0.54598  ]"
detonating,"[-0.26261   -0.37415    0.13279    0.12188    0.11003    0.17827
 -0.38698    0.55547    0.36924    1.2339     0.55812    0.32241
 -0.49178    0.77184    0.88144   -0.17235   -0.10128    0.33933
 -0.18526   -0.81882    0.39656   -0.45877    0.32946   -1.0189
  0.1521     0.49302   -0.50589    0.73568    0.19832    0.63572
  0.088064  -0.0037023 -0.35934   -0.65123   -0.16432   -1.2023
 -0.19683   -0.28863    0.049297   0.39168    0.44935    0.87058
  0.92826   -0.031265  -0.46276   -0.035598   0.82466    0.52043
 -1.0032    -0.64081   -0.57209    0.69164   -0.31377    0.71119
 -0.3437    -0.19051   -0.23973   -0.10845    0.25364    0.1152
  0.39793    1.0952     0.94666    0.77589   -0.55386   -0.12655
  0.65187   -0.17269    0.36224   -0.50351   -0.55979    0.18306
  0.41706   -0.43599   -0.81562    0.39757    1.2053    -0.26238
 -0.75318    0.38508    0.55744    0.28093   -0.31562    0.045738
  0.058323  -0.066995   0.97131    0.65958   -0.61848    0.56331
  0.03347    0.32853    0.37433   -0.20367    0.12811   -0.10296
  0.32225    0.20464    0.052753  -0.43194  ]"
femme,"[ 0.58275   -0.12171    0.39224    0.96301   -0.54504    0.28647
  0.96446    0.73937    0.47233    0.2884    -0.32227    0.22514
  0.5406     0.50068   -0.025838   0.10214    0.557      0.10252
  0.73751    0.5927     0.65542   -0.098747  -1.1984     0.39525
  0.99068    0.74041   -0.20066   -0.18707    0.076655  -0.22643
 -0.26597   -0.49638   -0.27657    0.29831   -0.0085432  0.67783
  0.69953   -0.51586    0.24404    0.29549    0.020624   0.31213
 -0.95457    0.3236     0.10492    0.069098  -0.54812   -0.092975
 -0.48702    0.62092   -0.6911     0.58571   -0.42858    0.67286
 -1.2198    -0.38933    0.41192    0.88794   -1.0012    -0.037444
 -0.20233    0.10277   -0.34424   -0.15102    0.60159   -0.43444
 -0.27684   -0.4422    -0.38785    0.43846    0.55309   -0.090567
 -0.61488    0.97784   -0.53423   -0.72982   -0.1309    -0.022799
  0.72278   -0.94369    0.59718    0.29309    0.39257    0.22374
 -0.66461   -0.13079   -0.14777    0.3776    -0.30603   -0.88021
  0.44181    0.50005    0.36003    0.324      0.88786    0.23532
 -1.0969    -0.65121   -0.2533    -0.038461 ]"
cameos,"[-0.56812   -0.10419    0.024187  -0.65196    0.84719    0.46193
  0.077714   0.037779  -0.12996   -0.48356    0.018668  -0.46126
  0.057553   0.40911    0.58611    0.55997   -0.16134    0.13744
  0.71955    1.0271     0.31421    0.039909  -0.65541   -0.021352
  0.25751   -0.21277    0.1368     0.53074   -0.0197    -0.1601
  0.35604   -0.59349   -0.1952    -0.091127   0.44843    0.58884
 -0.21779   -0.20624   -0.83332   -0.2529     0.19894    0.5799
 -0.33986    0.30655    0.15488   -0.085026  -0.36521   -0.13831
  0.48889   -0.20667   -0.35043    0.064324   0.26324   -0.067867
  0.31869   -0.214     -0.24236   -0.4214    -0.96957   -0.046091
 -0.7646     1.7259     0.37253    0.515      0.36844   -0.79823
  1.0648     0.26105    0.068262   0.0070602 -0.19625    0.13621
  0.39862    0.0083268  0.19709    0.0025707 -0.10059    0.059608
  0.53226   -0.21462   -0.091366  -0.64276    0.99656   -0.2763
 -0.72661    0.19703   -0.31668    0.088797  -0.24639   -0.66859
  0.0096101  0.3011    -0.47439   -0.8365     0.23967   -0.42171
 -0.41443    0.11584    0.34963    0.014751 ]"
extrajudicial,"[-0.33758   -0.28115   -0.87457   -0.035421   0.069557   0.97332
 -0.43589    0.41965   -0.7026    -0.13524   -0.53699    0.64036
  0.88903    0.5927     0.039284   1.2911    -0.68965   -0.090101
 -0.47226   -0.19002    1.2121     0.1418     1.0824     0.24427
  0.50504    0.46741    0.93703    0.38112   -0.34483    0.054161
  0.46147   -0.90517   -0.93675    1.2984    -0.75206   -0.14519
  0.079503   0.2172     0.0061064 -0.90648   -0.89189    0.63296
  0.54821    0.74567   -0.78778   -0.14712   -0.24074   -0.63764
 -0.93475   -0.19244    0.25554   -0.0072768 -1.2336     0.48506
 -0.79116    0.37322    1.0928    -1.2537    -0.044333  -0.57297
 -1.3101    -0.68468    0.50888   -0.63221    0.9925    -0.73071
  0.24691   -0.32562    0.3772     1.2143    -1.0322    -1.0422
  0.37126    0.35506    0.10969   -0.26198   -0.18659    0.73226
 -0.25321    0.77727    1.2287     0.66277    0.011365   0.39991
 -0.80314   -0.045632   0.81571   -0.19434    0.46858   -0.4544
 -0.38536   -0.22759   -0.11654    0.083928   0.64534   -0.59721
 -0.087019  -0.16374   -0.47194   -0.40714  ]"
suntrust,"[ 0.5304     0.36314   -0.061816  -0.10272   -0.96349    0.27526
  0.058145  -0.85799   -0.5149    -1.2722    -0.48157    0.77089
 -0.81545   -0.23071   -0.42699    0.046104  -0.05012    0.14235
 -0.35927    0.42175   -0.42754    0.41596   -0.083258   0.81597
  0.21748   -0.58881   -1.1322    -0.8159    -0.98559   -0.1283
  0.77658    0.31519   -0.24391   -0.57489    0.30536   -0.57928
  0.63038    0.50444   -0.4251     0.087833   0.43577   -0.084298
 -0.42504    0.21958   -0.89729    1.6489     0.22371   -0.49247
 -0.19132   -0.40042   -0.33192   -0.21551    0.27062   -0.75517
 -0.54996   -0.17198    0.15926   -0.41327   -0.24282   -0.040665
 -0.27867   -0.84738    0.45271    0.2101    -0.45781   -0.9041
 -0.39345    1.0042    -0.27613   -0.0020834 -0.55079   -0.56903
 -1.0057    -0.33235   -0.0098785 -0.71614    0.78184   -0.1306
 -0.85446    0.01896    0.057606  -0.44135   -0.28937    0.71487
  0.22944   -0.50692    0.98252   -0.20678    1.1129     0.21602
  0.15134    0.51814   -0.52984   -0.13052    0.21506    0.54884
  0.31564    0.36109    0.67573    1.4038   ]"
two-lane,"[-0.94391  -0.15331   1.1267    1.231     1.2356    0.51177  -0.40263
  0.593     0.95661   0.12117  -0.55152   0.91557   1.2995   -0.35337
  0.70298   0.020297  0.96229   0.41772   1.0753    0.087608  0.8955
  0.95153   0.099432 -0.4275    0.22599   0.6753   -0.048821 -0.25194
  0.10671   1.3511   -0.41521   0.48977  -0.15088  -0.56284  -0.96939
  0.59012   0.38972  -0.38526   0.56461   1.2873    0.52707  -0.86253
  0.30187   1.0964    0.83746  -0.026576  0.67004   0.31317  -0.15179
  0.96935  -0.66118  -0.18103   1.0414    0.22263   0.37887  -1.1709
  0.50694  -0.27626   0.14545  -0.70422  -0.1607   -0.78634   0.99443
  0.5844    0.090566  0.17719  -0.28912  -0.23249  -0.38783  -0.66036
  0.39547  -0.093885  0.77153   0.055251  0.65166  -0.58009  -0.32298
  1.088     1.205    -1.2904    0.22397   0.93846  -0.42565  -0.12476
  0.24828   0.68144  -0.90788  -1.2159    0.19913  -0.043009 -0.48317
  0.18407  -0.87999  -0.084458 -0.33269  -0.1736    0.82652   0.37613
  0.32996   0.2802  ]"
platte,"[-0.11182   -0.34202    0.43257   -0.025889  -0.04644    0.097721
 -0.020814   0.82729    0.33251   -0.32321   -0.41431    1.0267
 -1.081     -0.70017    0.14       0.33147    0.64488    0.25035
 -0.71856   -0.16241    0.28631    1.066     -0.050491   0.26765
 -0.70509    0.29176   -0.55524   -0.067843   0.36123    0.13287
  0.0037815 -0.087559   0.38729   -0.60751   -0.051247  -0.6323
  0.5428    -0.43418    0.24243   -0.52262    0.044141  -0.078254
 -1.0593     0.15537    0.46848    0.4157     0.3915    -0.77235
  0.17097    0.80907   -0.1217     0.15902    0.062519  -0.86287
 -0.46691   -0.018697  -0.47774   -1.0797    -0.19482   -0.52497
 -0.22409   -0.57705   -0.13966    0.23477   -0.79603   -0.21958
  0.33751    0.53017   -0.29927    0.60564   -0.14618   -0.47221
  0.56643    0.53387    0.32402    0.34557    0.34682    0.41644
  0.5277    -0.12941   -0.2099     1.1653     0.04287   -0.1713
  0.29895   -0.0047754  0.36701   -0.45622    0.49635    0.43894
 -0.19423   -0.27428   -1.2953     0.73795   -1.3818    -0.39415
 -0.61289   -0.71602    0.7091     0.31834  ]"
11-0,"[ 4.0501e-01 -1.3885e-02  6.8915e-01 -5.1887e-01 -3.0207e-01  3.8389e-01
  6.5833e-01  1.3018e+00 -4.1003e-01 -2.6456e-01  2.4696e-01 -1.3911e-01
 -1.2912e-02  6.5597e-01  4.6904e-01  3.3615e-01  1.4551e-01  7.8872e-01
  9.8181e-02  4.7366e-01 -2.4074e-02  5.3789e-01  3.4811e-01  8.8461e-01
  3.3256e-01 -4.2877e-01 -1.1397e-03  6.2646e-01 -2.8178e-01 -1.0703e-01
 -9.5090e-01  8.0831e-02  2.1095e-01  3.6306e-01 -7.2603e-01 -8.4201e-01
 -7.3190e-01  8.9395e-02  1.3091e-01 -2.2862e-01  6.2333e-01  7.1795e-02
 -7.3192e-01  1.6698e-01  6.1679e-01 -6.9021e-01  1.1338e+00 -3.2967e-02
 -8.6361e-02 -1.3800e+00 -8.0026e-01  3.1320e-01  7.6911e-01  2.4420e-01
 -9.1026e-02 -4.9355e-01  8.2165e-01  1.0240e-01 -3.3969e-01  4.4566e-02
 -1.7217e+00 -1.4847e+00  7.0047e-01  4.9970e-01 -3.3106e-01  8.9431e-02
 -2.3323e-01  7.5068e-02 -3.2497e-01  1.6644e-01  5.0437e-01 -2.2768e-01
  4.4569e-02 -9.8540e-02 -2.5953e-01  5.4090e-02 -1.7299e+00 -5.1963e-01
  4.3519e-01 -3.5654e-01  5.0002e-01  1.7918e-01 -9.8110e-01  4.2071e-01
  5.3215e-01 -5.7062e-02  4.8154e-01  8.4102e-01 -2.3613e-01  3.6606e-01
 -2.9104e-01  2.6364e-01 -7.0207e-01  1.7166e-01 -5.0922e-01 -1.0428e+00
 -2.8948e-01 -3.5581e-01 -1.6054e-01 -6.6962e-02]"
505,"[ 0.74738    0.26888    0.7692     0.6402    -0.27466    0.33176
  0.67624    0.30015   -0.56245   -0.10147    0.33164    0.28186
 -0.0034593 -0.40103    0.32447    0.094622  -0.038653   0.077684
 -0.16516    0.35887    0.75393   -0.021801   0.43856    0.13879
  0.30088   -0.78931    0.8525     0.61437   -0.35262   -0.031578
 -0.023252   0.4181    -0.106      0.070173  -0.45797    0.54755
 -0.19346    0.16772    0.099928   0.61662   -0.029725  -0.46477
  0.0043976 -0.13671   -0.094112  -0.056995   0.31878   -0.49595
 -0.53982    0.7884    -0.35559   -0.22068    0.30679    0.18343
 -1.0457     0.48138    0.51701   -0.51478   -0.26001   -0.26675
 -0.20832   -0.46493    0.17723    0.3724    -1.0236     0.4128
  0.46252    0.30253    0.3292    -0.039637   0.19059   -0.233
  0.28321   -0.14485   -0.14135    0.4129     0.037147   0.75288
 -0.25735   -0.15251   -0.1495     0.11701    0.28279    0.12582
 -0.1198     0.21537    0.33645   -0.71795   -0.10358    0.41295
 -0.15631    0.58379   -0.38397   -0.20289   -0.054349   0.32812
  0.38479   -0.50228    0.2067    -0.6482   ]"
cossacks,"[ 0.38095    0.29424    0.074142  -0.57449   -0.18161    0.42475
 -0.10504    0.1475    -0.31801   -0.23419   -0.45756    0.048823
  0.55764   -0.57932   -0.32954   -1.0644     0.68724   -0.3182
 -0.10609   -0.89768   -0.039648  -0.35454   -0.3873     0.8004
 -0.63383   -0.99149   -0.17751    0.52277    1.3399    -0.51825
 -0.64273   -0.11778    0.21842   -0.67866    0.69801   -0.51761
  0.049762  -0.035154   1.0564     0.18202    0.27516    0.14114
  0.24351   -0.20179    0.24955   -0.92316   -0.31956    0.16493
 -0.05672    0.57275   -0.59138    1.1639    -0.057951   0.50169
 -0.25307    0.84883    0.26178   -0.43017   -0.14755   -0.0031736
  0.23869    0.23002   -0.050894   0.30472    0.1284    -0.27524
  0.16455   -0.98955    0.32666   -0.2146     0.15361   -0.32337
 -0.18658    0.19794   -0.080615  -0.36435   -0.61206    0.6601
 -0.77582    0.38148    0.41881    0.10153   -0.080814   0.83281
 -0.49423   -0.21846   -0.34375    0.0058998  0.22559    0.16313
 -0.028198  -1.2156    -0.26402    0.13223   -0.5301    -0.25628
 -1.4764     0.71688   -1.0764    -0.31105  ]"
vuk,"[-0.94721   -0.84257   -0.28844    0.0098744  1.1012     0.62511
  0.31098   -0.42762    1.4354    -0.23354   -0.75574    0.48597
 -0.58091   -0.047365   0.14517    0.25538   -0.26371   -0.34142
 -0.017381   0.30787   -0.4684    -0.27642    0.223      0.27495
  0.93072   -0.28653    0.68361   -0.10306    1.0217    -0.17255
 -0.45067   -0.035898  -0.37533    0.082481  -0.31127    0.72053
  0.90134    0.20878    0.1886     0.22977    0.007159   0.89241
  1.2908     0.60415   -0.22502   -1.4875     0.76293    0.27461
 -0.62299    0.37465   -0.048301   0.027184   0.25685    0.46504
  0.30139    1.3059    -0.83728    1.2365    -0.34304    1.1007
 -0.24381   -0.3872    -0.26162    0.21361    0.19329   -0.30455
  0.54656   -0.039798   0.18204   -0.60357    1.0135    -0.86286
 -0.80245   -1.4017     0.038674   0.33875   -0.087844  -0.23347
 -0.48301   -0.81264   -0.058545   0.25926   -0.69977   -0.10993
  0.12171    0.50991    0.16359    0.31865    0.523     -0.1756
  1.0459     0.66354   -0.47387    0.45591   -0.26351   -0.88073
 -0.041799  -0.064018   0.72185   -0.13401  ]"
curtailing,"[ 0.3407    -0.42958    0.024374   0.81597    0.2956    -0.21906
 -1.3737     0.053903   0.32999    0.26159   -0.47557    0.030913
 -0.26739   -0.70087   -0.098988   0.030263  -0.40066   -0.23122
  0.27729   -0.28212   -0.10225    0.034037   0.40869    0.19023
  0.37145    0.86179   -0.88289   -0.47035   -0.50436    0.43688
  0.24086   -0.18485   -0.29749   -0.19386   -1.0041    -0.30558
 -0.35555   -0.24271   -1.073      0.66209    0.030808   0.17909
  0.11824    0.8706    -0.44847    0.062369   0.68766   -0.42623
  0.044697  -0.34152    0.18057    0.48655   -0.79896    0.29176
 -0.4436     0.46727    0.78311   -0.49337    0.086747  -0.23934
 -0.52977   -0.33834    0.31147   -0.0064947 -0.30457    0.11836
  0.31801   -0.35732    0.34508   -0.37386    0.32062   -0.8613
 -0.082961  -0.12129   -0.16462   -0.26865    0.03552   -0.09256
 -0.34128   -0.037053   0.11984   -0.36216    0.14595    0.46042
 -0.67178   -0.064983   0.2711     0.36282   -0.37109   -0.29821
 -0.1667    -0.33542   -0.0057604 -0.41794   -0.65786   -0.7389
  0.55579   -0.098285   0.55188   -0.1249   ]"
doubtless,"[-0.53591    0.68376    0.26091   -0.14871    0.0079419  0.17538
 -0.40335    0.21322    0.57908   -0.41169   -0.28995    0.81711
  0.2285    -0.64003   -0.029165  -0.83549   -0.21755    0.16821
  0.028874   0.23101   -0.047249  -0.11924   -0.24018    0.11856
 -0.15439   -0.33394   -0.051442   0.16373    0.26891   -0.68019
 -0.14728    0.13627   -0.20402    0.23694   -0.014506   0.7068
 -0.10958   -0.17634    0.033269  -0.39307   -0.11259    0.40859
  0.03163   -0.20465    0.0075305 -0.0825     1.0295    -0.17175
  0.19648   -0.38344   -0.1477    -0.19783   -0.01057    0.23112
 -0.10801    0.13903    0.26859   -0.3197    -0.79464    0.068524
 -0.34422    0.74953   -0.098919   0.19917    0.20628   -0.12472
  0.14311    0.16364   -0.40057   -0.85081    0.44228   -0.33251
 -0.011999  -0.11993   -0.40432   -0.43517    0.18537    0.16656
 -0.038304  -0.073339  -0.07298   -0.17953   -0.42568   -0.044514
 -0.61827   -0.35223    0.34279   -0.032647  -0.34146   -0.28387
 -0.39546   -0.4115    -0.096973  -0.58221    0.35745   -0.14381
  0.32256   -0.77395   -0.25675    0.61889  ]"
denominator,"[-2.4263e-01  8.6218e-01  6.3477e-01  7.2385e-01 -4.0074e-01  1.6905e-01
 -4.8368e-02 -9.7577e-01  5.9434e-01  2.7820e-01 -6.3370e-01 -1.0000e-01
  6.4876e-02  7.7828e-02  3.5364e-01 -1.0653e-01 -9.2588e-01  5.0865e-01
  3.0795e-01  2.8256e-02 -1.5595e-02 -1.1065e-01  3.2334e-01 -4.1896e-01
  8.2752e-01 -3.2839e-01  6.5745e-01  3.3138e-01 -3.4391e-01 -7.8711e-01
  3.9477e-01  3.1292e-01  2.9757e-01  2.7672e-01  5.8038e-01  7.2207e-01
  3.2050e-02  2.3488e-01  2.6193e-01 -1.7414e-01  3.8081e-01  3.2267e-01
 -4.0700e-01 -1.5636e-01 -3.1937e-01  2.9505e-01  2.8968e-01 -5.9335e-01
 -1.2420e+00  5.8576e-02 -2.7166e-01 -4.3536e-01 -5.8014e-01  4.5757e-01
 -8.8786e-01  3.0704e-01 -3.1141e-02  1.0507e-01  2.7768e-01 -1.6813e-01
 -2.2611e-01 -3.3740e-01 -2.1354e-01 -2.1630e-01  5.8662e-01  4.0442e-01
  4.1793e-01 -1.8171e-01  2.6482e-01 -6.1990e-01 -6.2245e-01 -5.8210e-01
 -3.0155e-01  4.1723e-01  8.5426e-02 -1.5331e-01 -4.6346e-01 -1.3907e+00
 -2.7205e-01 -1.3887e-01 -9.0711e-01 -9.7463e-05  2.5532e-01 -4.5557e-01
 -1.3786e-01  3.5407e-01 -1.9672e-01 -2.3011e-01 -5.2615e-01  3.9733e-01
 -9.4801e-01  6.7891e-01 -1.5883e-01  2.8214e-01 -1.2214e-01 -9.3223e-02
 -7.9513e-02 -4.5052e-01 -3.0230e-01  8.9934e-01]"
thuringia,"[ 0.12016   -0.24728    0.8026     0.1712     0.17049   -0.19392
 -0.48414    0.18793    0.66365   -0.1395    -0.077323   0.20455
 -0.41308    0.87362    0.2729     0.056534   0.62401   -0.65449
 -0.36604    0.29281   -0.26211    1.0508     0.49793    0.99931
 -1.1501    -0.97317    0.090477   0.31248    0.34721    0.0488
  0.1218    -0.37701    0.46734   -0.78546   -0.13438   -0.43306
 -0.045804  -0.31347    0.10509    0.0735     0.24491   -0.14725
 -0.017582   0.11661   -0.73295   -0.27051    1.4803    -0.27156
  0.45735    0.42569   -0.79315   -0.39218    0.38372    0.035724
 -0.58928    0.43155    0.0025142 -0.20619   -0.38151   -0.74716
  0.84246   -0.02934    0.33893    0.2856     0.84069    0.39055
 -0.26114    0.6107     0.17408    0.10207   -0.018099  -0.94899
  0.82355    0.43336    0.3625     1.0698     0.055407  -0.034772
  0.074706   0.42069   -0.62499    0.10269   -0.2544     0.055251
  0.76385    0.29235   -0.47701   -0.48161    0.29376   -0.40334
  0.24003   -0.79071   -0.29244    1.1663    -0.11426    0.49718
  0.74389    0.1274     0.54539   -0.56878  ]"
lounges,"[ 0.064988  0.24762  -0.54596  -0.19253   0.20228   0.86702  -0.47594
  0.70502   0.26813   0.31546   0.14226  -0.50438  -0.19628   0.73258
 -0.17465  -0.86658   0.50098   0.16596   0.035699 -0.52864  -0.052729
  0.4757   -0.26346  -0.9274    0.57945  -0.6632    0.81909  -0.141
 -0.8186   -0.49894  -0.096258  0.27068  -0.11088   0.40962   0.49232
  1.7374    0.40648   0.35329  -0.42737  -0.53701   0.28198  -0.2304
  0.021638  0.040616  0.87693   0.47408  -0.28726   0.58109   0.72378
  0.30774   0.050745 -0.15175  -1.2083    0.38096   0.098825 -0.23925
  0.57672  -0.041031  0.25493   0.37491  -1.2187    0.059775  0.85329
 -0.058655 -0.92068  -0.068792  0.73086  -0.40856   0.31544  -0.31874
 -0.24014  -1.047     0.68038  -0.081841 -0.65987   0.071504  0.39647
 -0.80054   0.72126  -0.43406  -0.11092  -1.416     0.5265    0.14905
 -0.56421  -0.072349  0.43273  -0.16087  -0.55123   0.36063   0.45016
  0.62121   0.27674  -0.057744  0.12695   0.66817  -0.10683   0.1626
  0.64146   0.12968 ]"
peachtree,"[ 0.34382   -0.27763    0.53229    0.69096    0.21208    0.20815
 -0.11861   -0.083131   0.58464   -0.25648    0.6803     0.39194
  0.027281  -0.65581   -0.38379    0.74359    0.75194   -0.4465
 -0.36516   -0.70625   -0.035925   0.093023   0.40899    0.2871
  0.67741   -0.26271   -0.32155    0.011214  -0.15215    0.061237
  0.08385   -0.12332    1.1425    -0.069298  -0.49296    0.45454
 -0.67959    0.63211    1.0273     0.5245     0.1128     0.21062
 -0.80565   -0.49885   -0.99637    0.0048492  0.28868   -0.22514
  0.056259   1.4186    -0.51646   -0.43902   -0.60849   -0.88541
 -0.11106   -0.80144    0.43648    0.33268   -0.054208  -0.58455
 -0.71715    0.5075    -0.19003   -0.12341   -0.51577   -0.86001
 -0.026914  -0.36743   -0.10151   -0.11391   -0.78985   -0.3152
 -0.6078     0.19503    0.036399  -1.0497     0.73484    0.63274
 -0.11194   -0.71677   -0.073505  -0.024875  -0.45025    1.5354
  0.13731    0.038373  -0.25093   -0.2019     0.39541    0.3679
  0.27852    0.03798   -0.21045    0.30564   -0.9939    -0.11569
  0.90115    0.4        0.89345    0.93572  ]"
radwanska,"[ 0.66484   -0.3538     0.8359     0.51044   -0.23906   -0.66129
 -0.20289    0.2977    -0.01421    0.81871    0.15145   -0.087036
 -0.711      0.74078    0.41854   -0.2306    -0.0052829  0.58017
 -0.73292    0.44057   -0.029558   0.069539   0.15624    1.1299
  1.3807    -0.31801    0.5146     0.02147    1.2457     0.55834
 -1.0397    -0.53237    1.584     -0.90721    0.22056   -1.1459
 -0.15431   -1.3711     0.19475    0.18032   -0.50091   -0.83827
  0.48599   -0.05008   -0.094811  -1.6841     0.14286   -0.24815
  1.3842     0.47135   -0.3539    -0.35551   -0.61789    0.24844
 -0.64373    1.1186     0.58333    0.21508   -0.27643    0.1773
  0.36042    0.42154   -0.075908   0.51205    0.035685  -0.50182
  0.16685    0.74201   -0.24626    0.036333   1.0019    -0.26521
  1.1058     0.67773   -0.052473   0.16123    0.21909   -0.77186
  1.0079     0.55825    0.59405   -0.17009   -0.75181    0.24451
 -0.47071   -1.0882     0.18052    0.71506    0.8632     0.80617
  0.19368    0.18363    1.1203     0.33135    0.50331   -0.86876
  0.59065   -0.20658   -0.35448   -0.41982  ]"
whips,"[-0.18452   -0.44615   -0.029104  -0.87805    0.25108    0.3561
 -0.44436    0.83265   -0.36588   -0.28172   -0.33415   -0.1965
  0.15083    0.99107   -0.21776    0.18278   -0.38501    0.31561
 -0.035639  -0.42735    0.63553    0.10707    0.3996    -0.56807
  0.077505   0.095019  -0.41966    0.16989    0.064968  -0.23856
  0.56941    0.25246   -0.0040504  0.087744  -0.20229   -0.37644
 -0.2108    -0.62741    0.34085   -0.39387   -0.76095   -0.49449
  0.24417   -0.75711   -0.42199   -0.44972   -0.20394    0.033415
  0.43558    0.33824   -0.68163   -0.055027   0.11027    0.44826
  0.327      0.4359     0.44029    0.82383   -0.14827    0.18008
  0.29951    0.25123    0.086883   0.90129   -0.44569    0.15195
  0.21558   -0.085931   0.85228   -0.20698    0.25065   -0.65412
  0.049958  -0.39593   -0.22      -0.16983   -0.44543   -0.50474
  0.23629    0.23704    0.15117   -0.42225   -0.59866    0.042037
  0.16657   -0.50259    0.21792    0.55451   -0.063196  -0.11863
  0.32626   -0.2137    -0.10087   -0.054272   0.46405   -0.6321
 -0.31004    0.035212   0.81558    0.28118  ]"
cultivars,"[-0.78814   1.1352   -0.55937   0.46719   0.41343  -0.74565   1.0154
 -0.65482  -0.39139  -0.32509  -1.0041    0.18927   0.87491  -0.21393
  0.69366  -0.19518   0.51569   0.28434   0.57634   0.8076   -0.19078
 -0.33977   0.44949   0.050142  0.67083   0.30743   1.3154   -0.7975
  0.058879  0.089179  0.12608   0.20807  -0.18895   0.087558  1.0449
  1.3378   -0.33506  -0.34736  -0.45822  -0.24965   0.24708  -0.55176
 -0.22484  -0.27334   1.196     0.40565   0.077724  0.36076  -0.03682
  0.13139   0.27058  -0.37015   0.12707   0.16875  -0.24983   1.2048
  0.37765   0.43841  -0.66986  -0.47969  -0.49101   0.91233   0.048871
  0.87206   0.82949  -0.44872  -0.5119   -0.27919   0.4611   -0.86298
  0.061616  0.46665  -1.0809   -0.72214  -0.57364   0.15946   0.43826
 -0.029985 -0.72215   0.13914   0.36793  -0.87779  -0.68775   0.2148
 -0.064049  0.34505  -0.32078  -0.93853   0.08152   0.75768  -0.11606
 -0.078791 -0.62433  -0.12554  -0.38745   0.20726  -1.2445   -0.63661
  0.46581   0.20408 ]"
foregone,"[ 0.27891    0.14552    0.51271   -0.039906  -0.01966   -0.59324
  0.20837    0.36511    0.64387   -0.24421   -0.087398   0.97081
  0.22661   -0.63967    0.33335   -0.58969   -0.49111    0.39824
  1.1772     0.74443    0.6838    -0.038159  -0.17536   -0.16877
  0.080566   0.092516   0.078338   0.39428   -0.24805   -1.2686
  0.41954   -0.70074   -0.10673   -0.90505    0.032733   0.4966
 -0.51249    0.015219  -0.55734   -0.56051    0.18699    0.49858
  0.14372    0.13881    0.096708  -0.97975    0.93791   -0.11082
 -0.92132   -0.54071    0.36619   -0.71142    0.42709   -0.10401
 -0.21845   -0.071984   0.16371   -0.13434   -0.20445   -0.44239
 -1.0868    -0.57669    0.026529  -0.083682  -0.091737  -0.16239
 -0.66388    0.30228   -0.55256   -0.69541    0.47573   -0.31343
  0.4109    -0.16727   -0.27806   -0.11746   -0.086232  -0.73019
 -0.67581   -0.16792   -0.14918    0.31591    0.0054612 -0.15134
 -0.35591   -0.3339     0.16622   -0.31432   -0.63644   -0.91211
  0.26029   -0.060949  -0.8031     0.9084     0.2103    -0.71275
  0.19582    0.26256   -0.30763    0.26718  ]"
quadrangle,"[ 0.32125    0.1232    -0.27769    0.26911   -0.16794   -0.11397
 -0.095402  -0.16768    0.37141    0.2898     0.81091    0.53955
 -0.083531   0.28097   -0.85074   -0.37183   -0.068853   0.44908
  0.44758   -0.1574    -0.48642    0.31998   -0.65725    0.089453
  0.0021009 -0.31142   -0.10699    1.0974    -1.1635    -0.60573
  0.14906    0.50832    0.18598   -0.022882   0.58238   -0.0084437
  0.65711    0.69602    0.12993    0.10485    0.27266    0.12477
 -0.62682    0.54665   -0.40365    0.5379     0.23402    1.2307
  0.31958    1.1318    -0.23321    0.12249   -0.1744    -0.44744
 -0.070628  -1.3162    -0.33129   -1.4278    -0.16358    0.97389
 -0.21481   -0.02223    0.55382   -0.40796    0.11519    0.22284
 -0.12506    0.81118    0.98626   -0.59421   -0.55485    0.07653
  0.060832  -0.86974   -1.0381    -0.26087    1.0671    -0.064221
  0.1528    -0.046631  -0.57733    0.31939    0.11372    1.0229
  0.69452   -0.00667    0.35748   -0.5451     1.2218    -0.60355
 -0.20294   -0.21118    0.18281   -0.37364    0.54899    0.59394
 -0.0084516 -0.45715    0.2464    -0.16408  ]"
brice,"[-6.7334e-01 -2.6803e-01 -2.3242e-01  6.3301e-05  3.0379e-02 -2.4321e-01
  4.5544e-01 -6.3944e-02  3.4944e-01 -1.2566e+00  6.7199e-02  7.8525e-01
 -1.5654e+00 -2.3362e-01  7.0107e-02  1.5047e-01  2.5021e-01 -4.8334e-01
 -1.1321e-01 -3.1327e-01 -2.4481e-01 -4.8617e-01  8.9805e-01 -9.2853e-02
  7.0509e-01 -1.7217e-01  6.1448e-05 -6.7075e-01 -8.2513e-01 -1.5799e-01
 -4.5768e-01 -1.2858e-01  6.9356e-01  1.2064e-02 -2.3357e-01  3.0098e-01
  6.3863e-02  8.2839e-01 -3.1075e-01 -2.4298e-01  5.4284e-04 -1.0934e-01
 -5.5539e-02  3.4218e-01  6.2361e-01  3.5410e-01 -2.1865e-01 -5.9015e-01
  3.4239e-01  3.2233e-01  8.5821e-01 -4.0473e-01 -1.5693e-01  6.8527e-02
 -4.8951e-01  5.6555e-01  2.8563e-01  8.7638e-01 -4.6472e-01  3.7885e-01
 -6.6283e-02 -2.3151e-02 -2.5310e-01 -6.0853e-01  2.8790e-01  7.6018e-02
  5.4395e-01 -1.7821e-01 -1.1768e-01  4.6451e-01  1.9403e-01 -7.5635e-02
 -6.3048e-01 -1.1421e+00  9.3644e-02 -1.4034e-01  6.8924e-01  8.5040e-01
  8.7533e-01  4.4172e-01 -5.8108e-01 -1.4735e-01  1.8573e-01 -2.4958e-01
  1.6718e-01  7.2180e-02  5.8174e-01  2.6088e-01 -1.4212e-01 -1.1387e-01
  5.5222e-01 -1.4039e-01  3.8513e-01 -2.2999e-02 -1.4426e-01  9.0686e-02
 -6.7911e-01 -2.7964e-01 -1.7517e-01 -5.3564e-01]"
legacies,"[-0.07448    1.0517     0.30148   -0.4521    -0.20301    0.035185
 -0.44287   -0.24896   -0.26245    0.11301    0.0051793  0.069781
  0.23049    0.011227  -0.18295   -0.24964    0.55784    0.066879
 -0.32045   -0.0049194  0.10361    0.44804   -0.45441    0.38953
  0.14017   -0.19347   -0.12429    0.27748    0.11146   -0.75882
  0.56871   -0.39192    0.12663   -0.0082037 -1.051      0.15822
  0.17146    0.045933  -0.96841   -0.2275    -0.44121    0.2251
  0.42114    0.092858  -0.17429    0.16846    0.76409    0.54562
 -0.50489    0.26514   -0.11669   -0.28416   -0.24061    0.09943
  0.93482    0.32475    0.25721   -0.4934    -0.3081     0.12433
 -0.35623    0.72144    0.06049   -0.086745   0.44042   -0.38752
  0.071249  -0.33234   -0.18845   -0.95099   -0.057406   0.22374
 -0.10188    0.13823    0.063387  -0.55249   -0.24875    0.02037
 -0.43922    0.078902  -0.34595    0.27652    0.91102    0.40692
 -0.095173   0.39182   -0.93576   -0.15901   -0.53351   -0.89739
 -0.64817    0.61189    0.46557    0.11903   -0.21232   -0.63858
 -0.055032  -0.41884    0.036766   0.42728  ]"
407,"[ 0.86248    0.65831    0.60769    0.6083    -0.28384    0.3329
  0.51395    0.094886  -0.41166   -0.4628     0.40604    0.63399
  0.065597   0.074887   0.38786   -0.048749  -0.080772   0.28952
  0.0039512  0.51721    0.57257    0.081845   0.44634    0.45585
  0.065742  -0.17397    0.79068    1.0123    -0.70011   -0.34602
  0.037598   0.47678   -0.15631    0.18422   -0.42001    0.3555
 -0.50847   -0.096726   0.23779    0.7265     0.48786   -0.054342
 -0.28137   -0.21719    0.27892    0.25856    0.053276  -0.65359
 -0.45131    0.26807   -0.79032    0.070552   0.22988    0.4054
 -1.0392     0.028354   0.1912    -0.33514   -0.15107   -0.10701
 -0.36821   -0.62478    0.59434    0.76043   -0.61472    0.16809
 -0.32453   -0.28948    0.28803    0.11473   -0.22827   -0.19872
 -0.22331   -0.1751     0.32302    0.38596    0.057228   0.96153
 -0.42769   -0.57393    0.21681    0.0022133  0.35184    0.13453
  0.11167    0.22425    0.51706   -0.87391   -0.41762    0.3746
 -0.033266   0.55695   -0.47284   -0.3736    -0.31095   -0.11248
 -0.063001   0.054199  -0.16992   -0.313    ]"
nepad,"[ 0.070473  0.45541   0.84037  -0.13192   0.12617  -0.95538   0.39365
  1.0684   -0.98561  -0.1914    0.21377   0.17103   0.11602   0.22609
 -0.12294   0.21305  -0.39282   0.24824   0.082743 -0.35936  -0.96587
 -0.5173    0.75644  -0.33324   0.13979   0.097813 -0.40343   0.76509
 -1.2282   -0.41825  -0.29856   0.94421  -0.13782  -0.27994   0.24225
  0.34827   0.13004   0.36169  -0.04232   0.9303   -1.5007    0.61847
  1.0494    0.21194  -0.7393   -0.083396 -0.60607   0.61967  -0.95332
  0.25193  -1.3365    1.0691   -0.54889  -0.33251  -0.74012  -0.50188
 -0.39422   0.20435  -0.61614  -1.0732   -0.54585  -0.4974   -0.75104
 -0.2083    0.45974   0.17959  -1.1404    0.069261  1.1221   -0.94503
  1.0344   -0.063184 -0.46235  -1.6003    0.12018  -1.2015   -0.4198
  0.61551  -0.37092  -0.6233   -0.47713   0.20201   0.63048   0.061588
 -0.48205   0.97307   0.057223 -0.44827  -0.71307   0.016297 -0.023026
  0.025024  0.30171  -0.24223   0.42583  -0.025717 -0.22871  -0.57439
  0.078146  0.070767]"
friedel,"[-0.090416   0.12586   -0.028959  -0.051957  -0.55981    0.33473
  0.56106   -0.12397   -0.6022    -0.80753    0.25778   -0.69148
  0.13201   -0.43614    0.29911    0.71944    0.29995    0.34783
 -0.2127     0.41279   -0.087419   1.3069     0.028024   0.76299
  0.87018    0.40566   -1.1576    -0.601     -0.58905   -0.69703
 -0.16581    0.60501   -0.052927   0.53668    0.43345    0.45083
 -0.13114   -0.32074   -0.65447    0.16006   -0.93423   -0.059384
 -0.5276     0.76875    0.56181   -0.071472  -0.015708  -0.25085
  0.253     -0.0051595  0.27794    0.066282  -1.8375    -0.25667
  0.37614   -0.2466    -0.34984    0.012995  -0.5276    -0.41763
  0.32379   -0.2585     0.42072    0.71962   -0.44722   -0.85354
  0.45035    0.25215   -0.9281    -0.99334   -0.50158    0.1167
  0.83159   -0.4104     0.68306   -0.37715    0.25245    0.3704
 -0.43849    0.80759    0.23036   -0.23629   -1.0689     0.035431
  0.27289   -0.33141    0.66975    0.66591    0.23461   -0.61098
 -0.79915    0.37522    0.86542    0.66702   -0.14516    0.12086
 -0.55276    0.79583   -1.0194    -0.50465  ]"
priebke,"[ 0.40934   0.16395   0.25283   0.39333  -0.59253   0.47351   0.53023
 -0.10422  -1.4728    0.17438  -0.096114  0.72872  -0.47337  -0.30275
  0.36418   0.86324   0.88641  -0.43343  -0.49927   0.60747  -0.40889
  0.57236   0.56892   0.91142  -0.52453   0.034727 -0.25323  -0.68956
  0.62962   0.20591   0.32435   0.4029   -1.0191    0.15694   0.4678
  0.32774   1.3768   -0.32483   0.3095   -0.44768  -0.6964    0.074011
  1.1625   -0.4247    0.40174   0.62468   0.58554  -0.864     0.22973
  0.63878   0.55627  -0.12967  -0.62444   0.60328  -1.2962    0.62371
 -0.83439  -1.0366    0.27043   0.4207   -0.41497  -0.16797   0.13688
  0.24607   0.12421  -0.020797  0.52216  -0.10386  -1.4748    0.6988
  0.62085  -1.015     0.15684   0.071507 -0.059199 -0.16467  -0.36243
 -0.38824   0.097865  0.33368   0.074272 -0.22273   0.65252   0.48231
  0.48667  -0.96161   0.20119   0.31204  -0.55426  -0.22467   0.16717
 -1.3749    0.57715   0.17348   1.1217   -0.12059   0.92859   0.25505
 -0.85475   0.50616 ]"
objectively,"[-0.62095    0.10966    0.33696    0.80489   -0.87151    0.27515
 -0.099415   0.02097    0.4338     0.3677     0.15709    0.10792
  0.2978    -0.76618    0.14847    0.077427   0.095759   0.84549
 -0.71285   -0.15879   -0.16547   -0.30579    0.16662   -0.17632
 -0.37925   -0.48302   -0.29476   -0.098475  -0.38222    0.26375
 -0.20853   -0.46392   -0.35107    0.42661    0.19433   -0.084189
 -0.36295   -0.36892   -0.47064   -0.95219   -0.25285    0.63234
 -0.8444     0.018678  -0.9784    -0.2853     0.57817   -0.31014
 -0.79325   -0.83559    0.65315   -0.24259    0.26041    0.44528
 -0.84127    0.15488    1.2191    -0.0028059 -0.38023   -0.51762
 -0.50855    0.69826   -0.78904   -0.58466   -0.11131   -0.33157
  0.27542    0.25838    0.061843   0.3478     0.39286   -0.60005
  0.52403    0.23654    1.1887    -0.63655   -0.58057   -0.56323
  0.049735  -0.47804   -0.22445    0.61898   -0.52539    0.31968
 -0.27424   -0.93623    0.70827    0.52987   -0.19544   -0.49585
 -0.6343     0.04164   -0.52472   -0.60084    0.83025    0.58864
 -0.22543   -0.64001   -0.29997    0.41085  ]"
bouquets,"[-0.61271    0.87045   -1.3005    -0.015988   0.26349    0.82964
  0.15225   -0.19142   -0.7843    -0.066967  -0.10309    0.75307
  0.32622    0.67552    0.50238   -0.02204    0.36642    0.46141
  0.14944   -0.82885   -0.72194    0.20924   -0.15592    0.18215
  0.53843   -0.14118   -0.3944     0.44655    0.07856   -0.98317
  0.30928   -1.4121     0.89007    0.16597   -0.16478    0.23053
  0.37297   -0.28754   -0.45509   -0.57136    0.53979   -0.19347
 -0.080949  -0.48578    0.040248  -0.19061   -0.95364    0.79753
 -0.3629     0.68887    0.33761   -0.47862    0.50043    0.2741
 -0.27166    0.36775   -0.055242  -0.034099   0.0028419 -0.11421
  0.35769    1.1933    -0.29398    0.21793   -0.68494   -0.63475
  0.33764    0.027436  -0.25281   -0.97642   -0.73157   -0.014809
 -0.60648   -0.93926    0.48086    1.4932     0.37633   -0.0094716
 -0.21525   -0.055091   0.84774    0.29073   -0.079282  -0.28398
 -0.22824   -0.66566    0.54073   -0.019875   0.19731    0.01877
 -0.01641   -0.48701    0.16155   -0.11027   -0.72994    0.11149
 -0.83078    0.31413    0.18392    0.89188  ]"
ambon,"[-0.52011  -0.1511   -0.15283  -0.41611  -0.3331    1.5107   -0.78123
 -0.22487   0.55703   0.74944  -0.20148   0.71997   0.6167    0.57936
  0.069252 -0.45396   0.017154 -0.6838    0.049002 -0.10475   1.6107
 -0.91137   1.1889    0.025802 -0.30098   0.062524  0.19073   0.7334
 -0.078041  0.44564  -0.19399  -1.4388    0.269     1.1998   -0.52905
 -0.38523   0.38186   0.72018   0.1986   -0.94283  -0.32735   0.19231
  0.34002  -0.31605  -0.28541   0.31543   0.66494  -0.19994   0.35097
  0.31217   0.060569  0.38649  -0.53018  -0.11176  -0.26056  -0.37714
 -0.1309   -0.87815  -0.056489  0.40329  -0.031342  0.38674   0.17819
 -0.42591  -0.6337    0.25379  -0.57982  -0.20504   0.14144   0.022871
 -0.20692  -0.64089   0.16054   0.061844  0.13248  -0.21863  -0.10676
  0.40586  -0.029287  0.39468  -0.36777  -0.37719  -0.18638   0.19277
  1.3403    0.36305  -0.43875   0.039686 -0.061743 -0.33433   0.96138
  0.36625  -0.62545  -0.33841  -0.60305   0.78136  -0.068223  0.093299
  0.17644   0.45476 ]"
uniformity,"[ 0.47622   -0.58293    0.10443    0.33863   -0.53795    0.70317
 -0.20214   -0.42705   -0.23627    0.20154   -0.70457   -0.40366
 -0.069263  -0.41639    0.55059    0.33543    0.42429    0.44337
 -0.3695    -0.39287   -0.48618   -0.46158    0.77598   -1.0486
  0.55044    0.0017798  0.19256   -0.041754  -0.88786   -0.7663
  0.016055  -0.3003     0.025906  -0.19377   -0.27672    0.14124
  0.3939     0.33904   -0.46491   -0.11171   -0.11879   -0.47337
 -0.013651  -0.15566   -0.31549   -0.80026    0.67069   -0.14758
 -0.11574   -0.93366   -0.015418  -0.12837   -0.32854    0.5446
  0.20289    0.51518    0.84864   -0.39986    0.19638   -0.22719
 -0.15872   -0.53529   -0.5622     0.4601     0.23738   -0.28889
 -0.22211   -0.86437    0.49213   -0.68247    0.24645   -0.16086
  0.71013    0.1436     1.1054     0.12043   -0.088434  -0.86675
  0.12473   -0.26434   -0.54638   -0.66054    0.042553   0.76288
 -0.16097    0.52806    0.57843   -0.7886    -0.43484    0.073747
  0.068142  -0.4314    -1.0151     0.09944    0.10855   -0.56325
  0.20128   -0.48219   -0.065135   0.73017  ]"
steers,"[-0.10665   -0.23975    0.34706   -0.44525    0.083895   0.097471
  0.041454   0.18247   -0.47866   -0.29565    0.033591   0.54767
 -0.25374    0.14545    0.023627   0.28914   -0.049439  -0.2962
  0.32786   -0.096236   0.16225    0.10978   -0.046988  -0.47063
  0.49891    0.56279   -0.98973    0.46625   -0.6021    -0.5901
 -0.029684   0.65709   -0.70422    0.31992    0.074521   0.30221
  0.21523   -0.036723  -0.22726    0.72919   -0.27894   -0.27014
 -0.18539   -0.51327   -0.52569   -0.42867   -0.19012    0.26194
  0.29093    0.04583   -0.26995   -0.28719    0.3511    -0.18865
  0.4473     0.12185   -0.018179   0.029475  -0.018866  -0.42786
  0.60618    0.002007   0.55027   -0.10357   -0.20715    0.58848
  0.10151    0.47056    0.33072   -0.25663    0.23983    0.075337
  0.29667   -0.34933   -0.0057771 -0.85032    0.12148    0.14781
 -0.036378  -0.90505    0.23314    0.55627   -0.53952    0.47729
  0.19796   -0.25149   -0.26122   -0.3896    -0.34943   -0.50123
 -0.70002   -0.17661    0.024413  -0.536     -0.012118  -0.48195
 -0.061989   0.74959   -0.52661    0.42195  ]"
bourdais,"[-0.061695 -1.0563    0.2739   -0.8974    0.15855  -0.25059   0.93768
  0.74449   0.077998 -0.75261   0.13223   0.97897  -0.84607  -0.52533
 -0.035926  0.463    -0.12558   0.21748  -0.40006   0.27539   0.47808
  0.35689  -0.51786   0.7442    1.3031   -1.0108   -0.22332  -0.77488
  0.58124  -0.57081  -1.0611   -0.42587   0.20754   0.59136  -0.051746
  0.31117  -0.43879   0.28838  -0.38639   0.72174   0.26504  -0.3955
  0.87252   0.10866  -0.46579   0.35282  -0.63254  -0.25154   0.05378
 -0.6403    0.19721   0.64414  -1.114     0.57652  -0.052377  0.19629
  0.3146    1.389    -0.55742   0.22914   0.58133  -0.48225   0.90429
  0.56591   0.70352   0.34558   0.062044 -0.72389  -0.59111   0.1085
 -0.22371  -0.14478  -0.76909   0.04825   0.30515   0.2102    0.48579
  0.062681  0.30733  -0.34776   0.14492  -0.5039   -1.2231    0.73402
  0.51103   0.24217  -0.11697  -0.035494 -0.57897  -0.31645  -1.0082
 -0.096216  0.33529   0.1203    0.18279   0.27369  -0.3419   -0.22553
 -0.51596   0.053835]"
muhn,"[ 0.056998  0.22221  -0.44037  -1.2165    0.08004   0.194     0.62419
 -1.1553    0.73149   0.93048  -0.40218  -0.19281  -0.38069   0.39334
 -0.38048   0.53069  -0.48199   0.67098   0.78113  -0.14287  -0.28579
  0.68607   0.09719   0.2304    0.57461   1.3399    0.17737  -0.33015
 -0.58401  -0.028209  1.2919   -1.0165    0.098427  0.48633  -0.18533
 -1.0212   -0.92575   0.63966  -0.99605  -0.13973   0.78018   0.42979
 -0.86462  -0.397    -0.19215   1.0843   -1.3845    0.24099   1.8377
 -0.079797 -0.6802    0.55015  -0.42911   0.93628  -0.70939   1.1161
  0.47975   0.42617   0.15954  -1.1877    0.097241  0.21585   0.7081
 -0.98762   0.073342  0.5904   -0.36289   0.25807  -0.76255   0.18467
  0.60489   0.44701  -0.15129  -0.8193   -0.64689  -0.063738  0.4247
 -0.25479  -0.37884  -0.17105  -0.074085 -0.4998    2.0194   -0.22043
 -0.71089   0.15137  -0.055331 -0.40631   0.57347  -0.42697  -0.053491
  0.64548   0.31536  -0.21825   0.351     0.23523   0.062789 -0.47265
 -0.41309  -1.2602  ]"
bookseller,"[ 0.65765   -0.43489   -0.21927   -0.38619    0.68332    0.19779
 -0.35038   -1.3689     0.60733    0.3363    -0.15285   -0.49344
  0.64685   -0.91773   -0.56382    0.33084    0.82398   -0.5673
 -0.28098    0.25086    0.24693    0.22044    0.02055    0.12085
  0.80697    0.065847   0.22598   -0.4698    -0.13114   -0.13987
 -0.073504  -0.0060147  0.39132   -0.8244     0.53481    0.5952
 -0.52389   -0.049643   0.30141   -0.38698    0.33998    0.92457
 -0.28203   -0.095731  -0.81505    0.036061  -0.27569   -0.053336
  0.91061    0.58046    0.76022    0.63532    0.070122  -0.55346
 -0.72264   -0.23234   -0.6141    -0.14893   -0.090053  -0.036211
  0.41141   -0.67194   -0.13935    0.15038   -0.0086495 -0.49643
  0.41071    0.73378    0.78448   -0.12348   -0.51404    0.14737
  0.76585    0.050238  -0.73807   -0.55727    0.35433   -0.45032
 -0.41018   -0.51208    0.35338    0.12929   -0.31173    0.75662
  0.30996   -0.68263    0.4424    -0.89292   -0.022816  -0.56784
  0.089499   1.1321     0.10077   -0.044862  -0.80119    0.66757
  1.1083    -0.08078   -0.29359    0.006035 ]"
rarer,"[-4.3907e-01  8.5269e-01  6.8534e-01 -1.2532e-01  2.2582e-02 -4.6640e-01
  4.2667e-02 -8.3451e-01  8.8999e-01 -3.1925e-01 -4.0651e-01  7.8662e-04
  2.4459e-01  3.1960e-02  5.1482e-01  2.2017e-02 -2.7143e-01 -4.2709e-01
  6.1437e-01  6.9177e-01  4.7477e-01  3.2038e-01  2.0868e-01  7.1297e-02
  4.1720e-01  5.3547e-02  5.9825e-01 -1.6548e-01 -1.2106e-01 -1.0371e-01
  3.7019e-01 -7.9047e-01 -2.5171e-01 -3.1844e-01  7.7093e-01  9.1631e-01
 -6.0170e-01 -2.0827e-01 -1.1528e-01  1.2234e-01  3.3653e-01  2.3377e-01
 -2.3385e-01 -4.9709e-01 -2.9520e-01  3.0921e-01  1.7463e+00  1.2030e-01
  8.3429e-02  1.6124e-01  5.8866e-01 -5.7137e-01 -2.4655e-03 -1.8477e-01
 -2.4193e-02  2.4083e-01 -7.8996e-02 -9.5334e-02 -2.4589e-01 -2.9624e-01
 -5.5738e-01  9.8348e-01 -4.4463e-02  5.0004e-01  2.1315e-01 -4.6179e-01
  1.8976e-01 -2.9112e-01  6.4132e-01 -5.4852e-01 -2.5229e-01 -1.0220e+00
 -9.9016e-04  8.3761e-01  5.2858e-01 -1.6915e-02 -6.1275e-01 -8.4528e-01
 -1.2093e-01 -2.1144e-01 -2.2428e-01 -3.7875e-01  4.6146e-01 -5.0787e-02
 -7.9484e-01  5.0724e-01  2.8318e-01 -2.3890e-01 -4.4637e-01  1.5665e-01
  1.5722e-01 -3.6260e-01 -1.6959e-01 -1.2708e-01 -1.9626e-01  1.6042e-03
 -6.8487e-01  3.5719e-02  6.1429e-02  1.5476e-01]"
chasm,"[ 0.37717    0.4584     0.58293    0.27412    0.18561   -0.24389
 -0.071032  -0.032916   1.1379    -0.25348   -0.14509    0.57492
  0.22891   -0.73745    1.1235     0.14019    0.45049    0.040566
 -0.5184    -0.52484   -0.35794    0.10958   -0.32586   -0.73335
  0.70888   -0.59058   -0.25499    0.097232   0.052277  -0.48342
  0.38873   -0.3889     0.56939   -0.86796    0.15852    0.33526
  0.15654    0.71288    0.11025    0.36994   -0.33416   -0.055076
 -0.52802    0.091432  -0.23526    0.068665   0.48503    1.032
  0.054037   0.78174   -0.28142   -0.3201    -0.5191     0.73604
 -0.086153  -1.0244     0.64973   -0.47863   -0.012158   0.21257
 -0.22734   -0.044862   0.090485  -0.12579   -0.1303     0.35205
  0.66792   -0.46459    0.34762   -0.21825    0.43114    0.39529
  0.38345    0.22077   -0.45191   -0.2267     0.46684   -0.25756
  0.34203    0.73748   -0.22757    0.61893    0.47788    0.0050623
 -0.028425  -0.23814   -1.0793    -0.10581   -0.27058   -0.031357
 -0.080201   0.39432   -1.9272    -0.036594   0.33673   -0.13275
  0.42422   -0.44916   -0.57932    0.81437  ]"
ranil,"[-1.1226     0.21205   -0.089949   1.1243     0.44926    0.59353
  0.86589    0.080941   0.43717   -0.22975   -0.087126  -0.54614
 -0.015395   0.97513   -0.13398   -0.034009  -0.20324    0.17518
  0.61644   -0.18207   -0.59597   -0.56062    1.0593     0.016678
  0.66601    0.32203    0.52888   -0.43168   -0.3913    -0.85084
  0.44052    0.017561   0.083762   0.55085   -0.62685    0.4279
  0.7375     0.5362    -0.47743   -0.59097   -0.67698    1.141
  1.108     -1.1726     0.0068688  0.46605   -0.70857    0.14622
  0.24822    1.4393     1.2476    -0.14568    1.7758     1.0158
  0.73983    0.27035   -0.64319    0.89403   -0.48877   -0.36991
  0.016958  -1.343     -0.43843    0.17455    0.043178   1.7759
  0.26709    1.2344     0.44943   -0.34727   -0.31772   -0.59618
 -0.56469   -0.41238   -0.76364   -0.086982  -1.0646     0.3408
 -0.33463   -0.039543  -0.24237    0.4715     0.38235    0.020706
  0.72527   -0.43527    0.4687     2.0688    -0.40429   -0.80579
  0.29172    0.11928   -0.72908    1.4046    -0.71669   -0.36054
  0.11984    0.32339    0.75219    0.54271  ]"
deve,"[-1.2615e+00 -7.1143e-02  1.3679e-01  2.2213e-01 -6.7189e-01 -6.2394e-01
 -1.9789e-01  2.6123e-01 -1.8303e-01 -6.3403e-01  3.7167e-01  6.7961e-02
 -7.0516e-01  1.8511e-01  4.1151e-01  6.0501e-01 -1.7637e-01 -5.0586e-01
 -1.7015e-01 -3.3254e-01  5.2073e-03 -3.2444e-01  1.0664e+00 -2.2409e-01
  1.3475e-01 -8.6141e-03  3.7539e-01  3.2626e-01  5.1270e-01 -3.9237e-01
  8.8022e-01  7.9741e-01  4.4240e-01 -4.4151e-01  3.0903e-01  1.4383e+00
  5.1170e-01  2.4001e-01 -5.5011e-01 -1.6532e-03 -5.4710e-01  9.1603e-01
  1.1277e+00  5.2491e-02  2.1904e-01  8.0946e-01  1.6813e-01  1.4322e-01
 -5.4585e-02  6.7501e-01 -4.6781e-02 -6.6135e-01  4.5094e-01 -4.8980e-02
 -1.8325e-01  1.1753e-01 -6.2424e-02 -6.2207e-02  6.3110e-01  5.0774e-01
  9.7917e-01 -5.3005e-01  2.5533e-01  8.7010e-01  2.3332e-01  1.4409e+00
  7.0670e-01  4.4309e-01 -6.9456e-01 -6.5403e-01  2.0021e-01  6.5173e-01
 -6.0738e-01 -1.1547e+00 -6.1658e-01  6.9350e-01 -6.4322e-01  1.7268e+00
 -2.1028e-01  4.4232e-01 -8.2675e-01 -1.8772e-01  2.4438e-01 -2.4899e-01
  1.4593e+00  1.9247e-01  2.5879e-01  7.1799e-01 -8.2585e-01 -1.1907e+00
  5.1072e-02 -7.8051e-01  8.5049e-02  3.9256e-01  5.5999e-02  2.6668e-01
  1.0789e+00 -3.3591e-01  1.1272e-01  7.9074e-01]"
tongan,"[-0.48051   0.13962   0.85087  -0.58085  -0.47183   1.0933   -0.88948
 -0.46336  -0.48405   0.23716  -0.6743    0.60584  -0.14227   0.07398
  0.14961  -0.43305  -0.033308 -0.38342  -0.13137   0.26013  -0.2403
 -0.20821   0.43423  -0.48839   0.28168  -0.46398   0.25844  -0.068832
  0.09593   0.086586 -0.38562   0.21655   0.011918 -0.67268   0.32184
 -0.8239   -0.21213   0.9213   -0.10894  -0.31865  -0.084913  0.59181
  0.42995   0.029888  0.14629   1.1942    0.19088  -0.25174   0.33886
  0.38616  -0.56577   0.28302   0.11053  -0.7562   -0.20008   0.39812
 -0.87242  -0.060368  0.56303   0.15094   0.11912  -0.29667  -0.25141
  0.25875  -0.39844   0.40221  -0.97178  -0.14357   0.52762  -0.49238
 -0.20378  -0.16811   0.639    -0.24513  -0.33114   0.02477   0.081936
  0.80778  -0.14876  -0.040696  0.01884  -0.41762   1.0954    0.16963
  0.30002  -0.51434   0.33752   0.10992   0.36605  -0.62591   0.0928
  0.14988  -0.48251  -0.10157  -0.17101  -0.079246 -0.26845  -0.29726
 -0.34038  -0.062611]"
canteen,"[ 0.26492    0.46257   -0.2595     0.1159    -0.36707    0.63392
 -0.15093    0.97348    0.34583    0.50308    0.051466  -0.46801
  0.094051   0.91215   -0.42286    0.16746    0.15018   -0.029335
 -0.072091  -0.44006   -0.31264   -0.050755  -0.1876    -0.51884
 -0.21352    0.1006    -0.41459    0.20479   -0.5955     0.3468
 -0.0084662  0.2222     0.012847   0.20017    0.49072    0.63251
 -0.19164   -0.067636  -0.024008  -0.41492    0.75835    0.14913
 -0.38883   -0.21725    0.95677    0.51766   -0.49536    0.38403
  0.07201    0.18459   -0.73351   -0.35186   -0.58795    0.51569
 -0.29599   -0.14754   -0.21845   -0.60357    0.29937   -0.18718
 -0.14414   -0.24099    0.32347    0.59194    0.066219  -0.48967
  0.61994   -0.44194    0.25314    0.44694    0.30714   -0.31171
  0.29098    0.13266   -0.33188    0.85582    0.43117    0.30333
  0.27414    0.12898   -0.45453   -0.050514   0.32542   -0.13177
 -0.26709    0.10662    0.12804   -0.12597   -0.28064    0.4115
  1.0643     0.13134    0.47456    0.725      0.14428   -0.30236
  0.97441    0.36238    0.29925    0.76734  ]"
hammerstein,"[ 0.87964   0.17237   0.60085  -0.4632    0.21659  -0.26505   1.0339
  0.079816 -0.54603   0.53054   0.13721   0.10486  -0.60452  -0.3766
  0.36102   0.3321    0.57265   0.16985   0.29314   0.27799  -0.038227
 -0.55184   1.4998   -0.74579   0.50782   0.35093  -1.1501    0.12742
  0.80991  -0.05379   0.27055  -0.38248   1.2232    0.85536  -0.83651
  0.4997    0.86323   0.10242   0.039866 -0.047221  0.13682   0.46747
 -1.16      0.29278   0.99806   0.11984  -0.97111  -0.33922   0.10477
 -0.094503 -0.27305   0.38968   0.7773   -1.1499   -0.22481  -0.20002
  0.13198   0.7666   -0.86205   0.077297 -0.32293   0.56891  -0.14221
  0.18099   0.29659  -0.4598   -0.21534   1.2126   -0.24567  -0.22209
 -0.75378  -0.47455   0.045821 -0.090107 -0.19583  -0.44363  -0.77396
 -0.016861 -0.20607   0.33364  -0.58033  -0.092315 -0.37579   0.66288
 -0.79501   1.4758   -0.7093   -1.4016   -1.1093   -0.22267   0.07407
 -0.23662   0.25665   0.27285  -0.024414  0.19205  -0.54475   0.16579
  0.43834   1.612   ]"
brownish,"[-1.0454     0.061201  -0.46016   -0.8198     0.060989   0.57416
 -0.10313   -0.17988    0.30272    0.11239   -0.70682   -0.38291
  0.74779    0.10846    1.2402    -0.25938    0.036999  -1.1671
  1.9757    -0.27032   -0.35683    0.49687    0.094116  -0.39417
  0.86797    0.40472    1.2719     0.07482   -0.3679     0.11721
  0.56728   -0.84277    0.028469  -0.32858    0.24107    0.81006
  0.37403    0.38681    0.47899    1.0621     0.9894    -1.2219
 -1.1336    -0.5357    -0.068756   0.26212    0.2203     0.86186
  0.0051909  0.013732   0.57084   -0.31153   -0.27774    1.1102
 -0.33609   -0.33038    0.30427    0.43308   -0.13943   -0.16644
  0.21791    0.19144    0.1891    -0.37144    0.29287   -0.068425
 -0.02189   -0.30604   -0.73215   -0.14704    0.071802  -0.81704
  0.21868    0.10622    0.56333   -0.19069   -0.85657   -0.18462
  0.74807   -0.38299   -0.41296    0.18452   -0.023224   0.20838
  0.29592   -1.0162     1.0362     0.26829    0.19848    0.56294
 -0.77042   -0.34821   -0.95867    0.1444    -0.37618   -0.02683
 -1.6005     0.038858  -0.66371   -0.35582  ]"
0.79,"[ 0.95004    0.80566    0.29245    0.31247    0.14408   -0.37078
  0.14763    0.17373    0.71972   -0.043833   0.044378   0.10805
 -1.0076    -0.55899    0.57851   -0.28343   -1.1478    -0.89507
  0.58814    0.81903    0.59312   -0.20205    0.23952    0.26099
  1.2243    -0.50657   -0.0028147  0.027137  -0.11501   -0.75657
 -0.20016   -1.2026    -0.76363    0.43656   -0.1972     0.44898
  0.63917    0.11588   -0.015882   1.1865    -0.83983   -0.81657
 -0.8858     0.3264    -0.76707   -0.13741   -0.4459     1.0153
  0.0048295 -1.2039    -0.69914   -0.11445    0.4027    -0.30817
 -0.98888    0.98921   -0.46945   -0.30545    0.46182    0.46857
 -0.51604   -0.53677   -0.41907    0.96496   -0.72562   -0.69253
  0.083274  -0.47217    1.2933     0.24939   -1.6389    -0.060686
 -0.16654   -0.014246  -0.32612    0.15047   -0.33969   -0.41814
 -0.031445  -0.86841   -1.4642     0.29167   -0.18218    0.75624
  0.058392   0.12352    0.13582    1.2948     1.1264     0.43469
 -0.091485   0.58314   -0.10786    0.070578  -0.50636   -0.28487
 -0.32156   -0.75434   -0.30709   -0.089106 ]"
askew,"[-0.35555  -0.061178  0.37394  -1.028     0.2514   -0.032151  0.42432
 -0.28114   0.35691  -0.27702   0.2105    0.45799   0.44769   0.15612
  0.61154  -0.04567  -0.40319   0.85852   0.30288  -0.56794  -0.076247
  0.54152   0.54163  -0.21805   0.75858   0.30508  -0.17813  -0.58785
 -0.73797   0.55358  -0.047759 -0.54369  -0.15044   0.31404  -0.57689
  0.51727  -0.37621   0.37408  -0.75692   0.10698   0.43579  -0.1476
  0.19251   0.091332 -1.3444    0.24273  -0.44817   0.64943   0.52777
 -0.58445  -0.030095 -0.63636   0.10716   0.019599 -1.1183   -0.1628
  0.74596   0.19833  -0.57848  -0.1737    0.076703  0.075694  0.2024
  0.79578  -0.76729  -0.03331  -0.03956   0.40658  -0.59307   0.57407
 -0.16973   0.41948   0.41386  -0.36748   0.15948  -0.97031  -0.072546
  0.099003  0.55827   0.077267 -0.37636   0.07473   0.47729  -0.62365
 -0.20249  -0.13412  -0.2041    0.11968  -0.36204  -0.21875   0.41676
 -0.20202  -0.11996   0.086378 -0.14222  -0.33954  -0.38711  -0.29711
 -0.47191  -0.46535 ]"
fdd,"[-0.50509   -0.074837  -0.43882   -0.38479    0.32774   -0.023753
  0.89649    0.007388   0.6872    -0.61497    1.0819    -0.029345
  0.7918     0.10777    0.25459    0.085186  -0.71845   -0.5761
  0.83638   -0.026912   0.46647   -0.88383    0.57267    0.4518
  0.25869    0.0067318  0.10441   -0.38571   -0.11429   -0.38231
 -0.025989   0.36238    0.11582   -0.10956    0.073298  -0.71346
  1.0437     1.5363    -0.42458   -0.52849    0.21156    0.81827
  0.6292     0.50985    0.20157   -0.61476   -0.62438    0.39377
 -0.50689    0.35865   -0.25757    0.10655   -0.47417   -0.019522
  0.18025    1.0703     0.36953    0.56368    0.10625    0.70703
 -0.65566   -0.82236   -1.0739    -0.03431    0.20104    0.10142
  0.49523    0.060386  -0.16403    0.49901    0.83614   -1.0412
 -1.1843    -2.057     -0.31616   -0.25205   -0.49776    0.70763
  0.14344    1.4584    -0.45777   -0.067186   0.15139    0.12534
  0.0097565  0.9613     1.0779     0.83506    0.77407    0.11595
  0.83235   -0.41617   -1.216      0.51259   -0.45869   -0.23631
 -0.38612   -0.63345   -0.19359   -0.20075  ]"
vinokourov,"[ 0.25844   -0.0070848  0.8927    -0.24558   -0.17226   -0.65067
  0.74674    0.16875   -0.56976    0.78118    0.16083    1.411
 -0.2686    -0.68584    0.38151   -0.45975   -0.05402   -0.052415
  0.25705   -0.5631    -0.16711   -0.46271   -0.071703   1.2463
 -0.26405    0.36325   -0.041041   1.4357     0.71259   -0.53667
 -0.85624   -0.092042  -0.26936    0.2153     1.2275     0.67274
  0.095527   0.58107   -1.3453     0.61083    0.51462    0.53111
  1.1489    -0.73285   -1.0451     0.49411   -0.67214    0.40926
  0.55381   -0.31334    0.4698     0.75451   -0.44703    0.16266
 -0.49327   -0.35092   -1.0703     1.0089    -0.0394     0.22183
  0.37001   -0.53232    0.85601    0.91348    0.7654     1.8658
  0.66422   -0.84075   -0.64588   -0.12512   -0.15191    0.13821
 -0.34076    0.39531   -0.79752    0.51761    0.51636   -0.2095
 -0.022888  -0.87176    0.4686    -0.10433   -0.97172   -0.086686
 -0.24456    0.28161   -0.57       0.93327   -0.15241   -0.088814
 -0.011408  -0.56574    0.38214    0.5745     0.46639   -0.16493
 -1.0285    -0.062506  -1.1225    -0.25456  ]"
9-5,"[-3.1067e-01 -5.7544e-02  9.9091e-01 -8.4952e-01 -1.6865e-01 -8.4732e-02
  7.5093e-01  5.5220e-01 -3.0613e-01 -4.7671e-01 -1.4881e-01  1.9162e-01
 -2.2529e-01  5.2167e-01 -5.0516e-02 -3.9790e-01  2.7490e-01  1.8835e-01
  7.3896e-01  7.1155e-01  7.3094e-01 -3.1512e-01  3.0884e-01  1.3092e+00
  1.3621e+00 -7.1566e-01  4.1181e-02  9.1544e-02 -5.6029e-01 -1.7816e-01
 -1.0174e+00  2.1037e-01 -3.8505e-02  2.8681e-01 -1.6382e-02 -5.4896e-02
 -5.8314e-01  2.7023e-01  8.6458e-01 -1.4680e-01  5.0784e-01 -8.8589e-02
 -5.4543e-02 -2.2087e-01  4.6160e-02 -8.7816e-01  7.5269e-01  2.3045e-01
 -2.7283e-01 -4.9443e-01  2.4016e-01 -1.8901e-02 -1.6265e-01  4.3975e-01
  8.5489e-02  4.0601e-01  4.4345e-01  1.0157e+00 -2.7158e-01 -1.9773e-01
 -8.4656e-01 -1.0763e+00  1.4704e-01  8.0272e-01 -3.3844e-01 -2.7389e-01
 -1.2098e+00 -1.2286e-01 -1.0794e+00  6.2751e-01 -1.1436e-03  3.7169e-01
 -6.3158e-01 -8.0932e-01 -2.4148e-01  1.3580e-01 -9.4514e-01 -1.0868e+00
  4.3956e-02 -2.1078e-02 -6.9864e-01  1.5535e-01 -2.2575e-01  3.5170e-01
  3.7861e-01  5.5301e-02  5.0894e-01 -1.9685e-02 -8.8769e-01  1.1379e+00
  4.7728e-01 -4.7816e-01  1.5788e-01 -4.0506e-01 -6.4194e-01 -5.0115e-01
 -5.4703e-01 -1.1659e-01  1.2867e+00  2.9087e-01]"
xenophobic,"[-0.12497    0.31376    0.024968  -0.98167   -0.23068    1.1968
 -0.4767    -0.78814    0.061186   0.85711   -0.79018   -0.14978
 -0.0040375 -0.33574    0.84153    1.1089    -0.52605   -0.88404
  0.35897    0.0081968  1.4688     0.77463    0.24864   -0.047723
 -0.2696    -0.48279    0.096436   0.27655    0.26006   -0.37356
  0.19146    0.77457   -0.093118   0.25772    0.093898   0.096286
  0.39009   -0.47607   -0.82913    0.051488  -0.77147    0.33791
  0.26827   -0.13455    0.16261    0.40292    0.86413    0.079586
 -0.11138   -0.087607   0.33701    0.62104   -0.15955   -0.31148
 -0.013506   0.25388    1.013      0.65167    0.21624   -0.28402
  0.10283    0.43308   -0.20718   -0.54216    0.80036    0.56127
  0.24177   -0.61211    0.43495   -0.73629   -0.10881   -1.052
 -0.2183    -0.61465   -0.37916   -0.11198    0.018874   0.1593
 -0.55168   -0.10565   -0.050115   0.1811     0.071726   0.087102
  0.23872   -0.33319   -0.72169    0.64996    0.11982   -0.046238
 -0.39974   -0.19179   -0.29753    0.74297    0.65038    0.13452
 -0.71408   -0.15744   -0.14978    0.061175 ]"
impeding,"[ 0.1719   -0.86902   0.13664   0.47638   0.16422  -0.25451  -0.38767
 -0.17834   1.1147    0.060702  0.01578   0.29804   0.11706  -0.38961
 -0.30492  -0.067438 -0.20205  -0.17545   0.26269  -0.13838  -0.73195
 -0.14843   0.83366  -0.087295  0.33381   0.81147  -0.58434  -0.21623
  0.18814  -0.37217  -0.45861  -0.75708  -0.073972 -0.049463  0.006722
 -0.69719   0.11632   0.22825  -0.15844   1.1851   -0.42718   0.45752
  0.39513   0.36534   0.11296   0.081065  0.53081  -0.44614  -0.17604
 -0.53435   0.32755   0.5997   -0.52762   0.46217  -0.44154   0.59597
  0.81711  -0.26636   0.17258  -0.24098  -1.0143   -0.44508  -0.048398
  0.97357   0.03306   0.089009  0.48126   0.24995   0.53122  -0.70978
 -0.028063 -0.4689    0.017653 -0.41735   0.74709  -0.22675  -0.011151
  0.10999  -0.15839  -0.50846   0.28871   0.63803  -0.45801   0.65916
 -0.43637   0.11817  -0.19557   0.34989  -0.35134  -0.7182   -0.33903
 -0.035675 -0.55101  -0.21369   0.54842  -0.43414   0.36119  -0.21924
  0.50726   0.36292 ]"
sympathize,"[-0.53261   0.88271  -0.33404   0.084554 -0.87414   0.45059  -0.70203
 -0.6751    1.057     0.25513  -0.090616  0.3145    0.51934  -0.95689
 -0.46388  -0.081075 -0.52618  -0.26599  -0.94831   0.36819  -0.22414
 -0.16141   0.46404   0.11431   0.21228  -0.088778  0.30719  -0.097664
  0.8589   -0.63538   0.043511  0.72375   0.29974  -0.22799   0.15705
  0.33779   0.3464    0.39554   0.94895  -0.3603    0.057016  0.34573
 -0.12879  -0.46405  -0.40229  -0.055499  0.56397   0.091026 -0.42689
 -0.13596  -0.32623   0.13289   0.17166   0.30041  -0.054435  0.52767
  1.0542   -0.52141  -0.47855   0.050757 -0.16025   0.20472   0.37038
 -0.45143  -0.35224   0.035683  0.48823   0.71716  -0.65187  -0.28509
 -0.082606 -0.42962   0.031903 -0.43474  -0.067799  0.006666 -0.062865
 -0.01122   0.36803   0.19879   0.050361  0.18882  -0.46203   0.52092
 -0.61356  -0.28262  -0.63511   0.59557  -0.99521   0.19676  -0.020318
  0.18643  -0.42767  -0.36519  -0.18082  -0.010207 -0.42092  -0.30947
 -0.21522   0.35162 ]"
eilat,"[-0.48993  -1.225    -0.19957   0.082488 -0.22382  -0.61987  -0.36297
  0.29252   0.33896   0.18404  -0.14008  -0.11661   1.0345    1.0874
  0.27336  -0.34302  -0.43359  -0.65796  -0.86594   0.25154   0.18347
  0.25724  -0.47197   0.72258  -0.15357   0.72317   0.47284  -0.36723
  0.15397  -1.0572   -0.72408  -0.3022    0.33754   0.86413   0.21573
  0.27744  -0.077381 -0.18381   0.67248  -0.085297  0.18665   0.0421
 -0.20685   0.39523   0.065622  0.60856   0.41295   0.66826  -0.01142
  1.0455   -0.25379  -0.23355   0.3329    0.5713   -1.3147   -0.27354
 -0.48271   0.22701  -0.01868   0.20398  -0.54439   0.68122   0.079338
 -0.056868 -0.77927  -0.10198   0.13475  -0.078782 -1.161    -0.52551
 -0.26308  -1.1007   -0.08278  -0.15869  -0.12888   1.0027    0.39925
 -0.19088  -0.35261   0.79966   0.090212  0.29268  -0.54369   1.0098
  0.59932   0.95701   0.1918    0.57287   0.74201  -0.43915   1.0655
  0.15494  -1.031    -0.63719  -0.015823  1.3912   -0.80075   0.74724
  0.67008   0.28851 ]"
cedras,"[-0.57162  -0.47421   0.69328  -0.042908  0.19685   0.14523   0.26498
 -0.11105  -0.30635   0.052689  0.3425    0.55396   0.12781  -0.14953
  0.26846   0.16034  -0.47913  -0.51807  -0.083312 -0.098425 -0.028758
 -0.6373    0.65575  -0.41544   0.44231   0.46913  -0.29407  -0.5143
  0.99746  -1.2241    0.93284   0.036598 -0.12125   0.053466 -0.32697
  1.2129    0.51177   0.62731  -0.31324  -0.79671  -0.19932   0.70143
  1.0499    0.1401   -0.47374   1.0312   -0.70224  -0.28436  -0.030666
  0.55556  -0.13231  -0.58118  -0.38912  -0.062099 -0.10911   0.56983
 -0.27975  -0.88577   0.29845   0.55765   0.018368 -0.33932  -0.11502
 -0.85448  -0.18973  -0.11288  -0.24615   0.21178  -0.87488   1.2785
 -0.12747  -0.62353  -0.79008  -1.3346    0.12829  -0.24057  -0.15405
  0.95352   0.66022   0.7386    0.64192  -0.71483   0.55104  -0.13728
  0.011901  0.36755   0.6713    0.20386  -1.0027   -1.1577   -0.20026
 -0.87341  -0.61265  -0.16414  -0.79418  -0.6622    0.5319   -0.75509
 -1.2086    0.60176 ]"
inhibits,"[-0.12821   -0.6948    -0.11851    0.3745     0.050607   0.16152
 -0.53101   -0.018959   0.64949    0.016968   0.016563  -0.22227
 -0.022963  -0.37115    0.63462    0.82824   -0.86468   -0.6259
  0.80263    0.68435   -0.67435   -0.97839   -0.079146   0.5103
  0.15693    0.99651   -0.073142  -0.14759    0.18722   -0.21182
 -0.0088036  1.1676    -0.12431    0.091673   0.32756   -0.14137
  0.32094   -0.12976   -0.57396    1.0277     0.50934    0.14686
 -0.21283    0.36201    0.42493   -0.25733    0.048861   0.33836
 -0.34938   -0.30615   -0.085795   0.24995   -0.2555    -0.13475
 -0.59279    0.30855   -0.69472   -0.60751    0.031244  -0.11989
 -0.56665   -0.037445   0.72478    0.028738   0.14754    0.50301
  0.40193   -0.53897    0.63034   -0.6008     0.81275   -0.79847
  0.73774   -0.16047    0.34437   -0.51209   -0.14189   -1.0785
 -0.073374   0.12194   -0.40027   -0.22672   -1.1582     0.54839
 -0.30552    0.59492    0.28741   -0.29615   -0.34282   -0.52658
 -0.49154   -0.56278   -0.085692   0.31739    0.67378   -0.47093
  0.41769   -0.90778    0.11433    0.13833  ]"
iom,"[ 0.4041    -0.022717  -0.17538   -1.4684     0.58799   -0.34249
  0.077835   1.1808     0.45273   -0.12836   -0.22368   -0.46454
  1.1757    -0.061699   0.50209    0.30085   -0.11505   -0.63449
 -0.088529  -0.13503   -0.41147    0.59161    0.41018    0.35139
 -0.24931   -0.0049826  0.21552   -0.3005    -0.36888   -0.10615
 -0.94265   -0.38417   -0.66536    0.82441   -0.23655   -0.022007
  0.46492    0.99785    0.098075   0.05796   -0.94341    0.62118
 -0.54141   -0.66359   -0.1023    -0.43425   -0.27273   -0.8365
 -0.93927    0.53453    0.50523    0.20374   -0.10408   -0.25916
 -0.77318    0.58416    0.22914    0.50367    0.089126  -0.18897
 -0.038732  -0.46718    0.29579    0.12339   -0.18242   -0.38721
 -1.4649     0.09472    0.91034    0.06483    0.40268   -0.35295
 -0.76346   -0.88       0.88521   -0.31633   -0.45122   -0.25436
 -0.90007   -0.3889    -0.31172    0.2796     0.063658   0.75801
 -0.22472    0.13291    0.36584   -0.01134   -0.36714    0.3781
  0.41036    0.26217    0.28094   -0.79567    1.0024    -0.46876
 -0.13408    0.20599   -0.48412    0.066228 ]"
qui,"[-0.52614  -0.18099  -0.049632 -0.33646  -0.67832   1.0013    0.41567
  0.95676   0.48363   0.52733  -0.2234    1.077     0.65759  -0.19275
 -0.78518  -0.98995   0.59049   0.091454 -0.16135   0.81628   1.265
  0.011862 -0.55011   0.46714   1.0735    0.11398  -0.32272  -0.038649
  0.0852   -0.60474  -0.31847  -0.13969  -0.56382  -0.34801  -0.21387
  0.44515   0.32206  -0.54661   0.13977  -0.15832  -0.24297   0.78349
 -0.6501   -0.17246  -0.65491  -0.5163   -0.89877  -0.033936 -0.53423
  0.018309 -1.055     0.64092  -0.017258 -0.78645  -0.95205   0.13384
  0.82249   0.3212   -0.33081  -0.96146  -0.52436  -1.1282   -0.33692
  0.18254  -0.38149  -0.20865   0.028392 -0.72454  -0.089112  0.58143
  0.17548   0.83419  -0.62049   0.047812  0.72948  -0.29741   0.57474
 -0.078138  0.11644  -0.55569   0.91964  -0.61907  -0.096818 -0.38421
 -0.024748  0.17774  -0.19582  -0.22909   1.0608   -0.043895 -0.46618
  0.28396   0.19707   0.80982   0.82325   0.65114  -0.6316   -0.93387
 -0.092102 -0.62043 ]"
mcclain,"[ 0.16928   -0.63647   -0.40632   -0.80369   -0.17686    0.19126
  0.30883    0.080217   0.41424   -0.12355    0.3329    -0.4807
 -0.078381  -0.14217   -0.46148   -0.83691    0.30136    0.28915
 -0.34537    0.76995   -0.27201   -0.046941   0.5824     0.54335
  0.47145    0.10726   -0.15562    0.36447   -0.50371   -0.54023
  0.13678   -0.036943   0.27203    0.60825   -0.44154    0.078929
  0.33477    0.79192    0.4703    -0.11798   -0.56096    0.27742
 -0.022784   0.56863   -0.4394     0.01633   -0.069489  -0.41365
  0.76       0.041698  -0.071183  -0.53362   -0.36666   -0.55781
 -0.076395  -0.040353   0.60562   -0.35886   -0.2737     0.91977
 -0.34123    0.038009   0.0037024 -0.070446  -0.13225   -0.69727
  0.55467    0.43232   -0.30107    0.0020045  0.094084   0.78836
  0.20921   -0.25395    0.92242   -0.48688   -0.24399    0.047018
  0.39402    0.20573    0.15201   -0.1121     0.17464   -0.083323
  0.91308   -0.41449    0.088991  -0.33415   -0.12922   -0.78615
 -0.29052    0.55376   -0.33175   -0.45752    0.20656    0.16797
 -0.033452  -0.051791  -0.54397   -0.43936  ]"
crouching,"[ 2.3485e-01  1.7132e-01  9.5557e-01  3.4771e-01  4.5118e-01  2.5820e-01
 -4.0159e-01 -6.7692e-01  1.7420e-01  6.1973e-02  4.3247e-01  8.8221e-01
  7.2191e-01  1.5093e-01 -4.7165e-01  3.6398e-01  7.1456e-02  6.9892e-01
  2.6748e-01 -2.5504e-01  8.9326e-01 -7.0881e-02  3.2323e-01  9.5754e-02
  6.3060e-01  7.9341e-01 -4.3349e-01 -3.4493e-01 -9.6711e-01 -6.2720e-01
 -3.9367e-01 -8.5342e-01 -8.2796e-04  3.8106e-01  6.8905e-01 -3.4589e-01
 -1.7499e-01  2.4712e-01  4.2873e-01 -2.5756e-01  3.1732e-01  1.1259e+00
 -5.1801e-02  6.5306e-01  4.1869e-01  6.6556e-02 -9.7981e-01  1.9598e-01
 -1.1768e+00 -1.8784e-01 -5.4494e-01 -5.5251e-01  2.4570e-01  1.0422e+00
  1.2878e-01 -1.0291e-01  7.7727e-01  4.7522e-01 -8.8037e-02 -3.6210e-01
 -1.6257e-01  1.0056e+00 -7.9023e-01  7.1258e-01 -5.9140e-01  4.6009e-01
  9.3493e-01  5.2078e-03 -9.6356e-02  1.5127e+00  8.2850e-02  1.1656e-01
 -1.8120e-01  2.9697e-01 -1.0616e+00  1.0177e-01 -2.0428e-01  9.8784e-01
  7.7391e-01  1.0763e-01 -9.8052e-02 -1.1793e-01  5.6965e-02 -4.8966e-01
 -3.3868e-02 -2.9364e-01 -2.3338e-01  2.2376e-01  1.1043e-01  3.5929e-01
 -2.6867e-02  6.8376e-02  3.0243e-02  5.9264e-01  2.6794e-01 -6.2754e-01
  9.1073e-02 -7.2992e-01 -9.5245e-02  1.9514e-01]"
low-cost,"[-0.25554   0.35631  -0.85934   0.60255   0.23155  -0.3625   -0.19085
 -0.62933   0.2219    0.3682   -0.058085 -0.75661  -0.10592   0.16526
  0.36094  -0.84289   0.30524   0.31007   1.1826   -0.15496  -0.14294
 -0.14836   0.4937   -0.052392 -0.25161  -0.21215   0.43662  -0.066572
 -1.1708    0.54827  -0.8405    0.7416   -0.54753  -0.4313    1.0336
  0.71708   0.22389   0.34518   0.38617  -0.23228   0.3422    0.3657
 -0.31566   0.71248   0.43451   0.10672   0.56867  -0.01545   0.10784
  0.72224  -0.76349   0.59498  -0.34081  -0.47917   0.34175  -0.31562
  0.22721   0.46363   1.1366   -0.82747  -0.34183  -0.34896   0.49034
  0.25362   0.1142   -0.68525  -0.57722  -0.77269   0.28105  -0.95801
 -0.40852  -0.44124   0.12008   0.25797   0.42702   0.54759   0.082967
  0.15612  -0.63831  -0.40281   0.015523 -0.35057   0.11777   0.55418
 -0.40802   0.12744   0.84334   0.4194   -0.6161   -0.18252   0.12661
  0.29803  -0.062105 -0.4793   -0.024446  0.039508  0.10445   0.20955
  0.19977  -0.18013 ]"
iec,"[-0.3929     0.15861    0.49782   -0.67441    0.12353   -0.28454
 -0.11515    1.3017     0.21928    0.56835    0.20388   -0.50178
  0.49896   -0.23357    0.0028454 -0.17145    0.5071    -0.17742
  0.55308    0.0018758 -0.45825   -0.82784    1.0415    -0.32446
 -0.59119   -0.54183    0.29974    0.15942    0.025131   0.74742
  0.68965   -0.36289   -0.49279    0.30341   -0.17778    0.14498
  0.1348     0.54499    0.18998    0.32165   -0.71231    0.43181
 -0.35583   -0.58931   -0.9832    -0.3946    -0.0958    -0.1959
 -1.0184    -0.259     -0.058546   0.10748    0.1663     0.48343
 -0.69605    0.39831   -0.2416     1.1052    -0.18004   -0.16357
 -0.0079107 -1.1282    -0.81453    1.5971     0.36993   -0.44139
 -1.0825     0.11182    0.3728     0.27295   -0.38623    0.40059
  0.241     -0.39565    0.2983    -0.75338   -0.023376   0.14128
 -0.2955    -0.84289    0.21339   -1.2052     0.47299    0.24541
 -0.42735    0.62615   -0.14585   -0.079846  -0.014381   0.80768
  0.55392    0.95194   -1.0791     0.37182    0.62916    0.41069
  0.006513  -0.25645   -0.48827    0.50729  ]"
unpopularity,"[-0.50587    0.45071    0.85185    0.0056007 -0.031334  -0.23092
 -0.66959   -1.0364    -0.3991     0.51886   -0.70624    0.36412
 -0.1653    -0.8548     0.25962    0.032378  -0.050481  -0.10965
  0.18546   -0.32859   -0.34275    0.072626   0.31431   -0.32744
  0.14965   -0.30979   -0.34788    0.16549    0.53208   -0.77665
  0.93305   -0.095441   0.36163    0.22931   -0.70401    1.1531
  0.40654   -0.11779   -0.5248     0.43226   -0.20063    0.29479
  0.34947   -0.17183   -0.12172   -0.39221    0.99943   -0.3414
  0.51239   -0.29972    0.17321   -0.45961   -0.39444    0.78773
  0.49772   -0.36418    0.88856   -0.52788   -0.64804    0.033261
  0.19076   -0.29793    0.98598    0.21323    0.33663    0.34921
  0.07746   -1.0254     0.40657   -0.015207   0.16718    0.49574
 -0.77959   -0.1764    -0.15338    0.48385   -0.35119    0.50425
 -0.22143    0.90119    0.33891    0.19241    0.11378    0.038192
  0.061041  -0.72025   -0.10909   -0.020797  -0.47809   -0.63428
 -0.67595    0.43016   -0.4042     0.45777    0.31344   -0.51517
  0.7004    -0.26947   -0.29166    0.0061398]"
aerobic,"[-0.43677    0.29618   -0.71106   -0.14788   -1.3171     0.34385
 -0.03965    0.93606   -0.81937    0.57324    0.64545   -0.83212
  0.28235   -0.83233    0.40671    0.11896   -0.50114    0.58501
  0.7406    -0.22202   -0.17539    0.45399    0.39331    0.55105
  0.41245    0.76385    0.033744  -0.62692    0.57936   -0.031551
 -0.68954   -0.045869   0.0034653 -0.3742     0.71261    0.68424
  0.20744    0.42106   -0.71701    0.16774    0.31462    0.80338
 -0.25001    0.10113    0.13606    0.703     -0.33235   -0.63465
 -0.22598   -0.72116    0.17682   -0.27484   -0.45311   -0.38321
  0.85974   -0.18912    0.55113   -0.035291   0.68061    0.56437
  0.28134   -0.37374    0.38569   -0.079543  -0.49493    1.2163
 -0.14463   -1.1389     0.81342   -0.55704    0.74021   -0.83315
  0.58611    0.63717   -0.16916    1.1522     0.15796   -1.0508
  0.38437   -0.13131   -0.72447   -0.038206  -0.33145    0.44297
 -0.1372     1.1614     0.9776     0.79085   -0.3005    -0.7933
 -0.091761  -1.1504    -0.11227    0.73536    0.56061   -0.65026
 -0.30781   -1.673      0.68542    0.57229  ]"
"62,000","[-0.058328   0.80667    0.5133     0.73723   -0.26573    0.55341
  0.060011   0.34827    0.50064    0.44589    0.65853   -0.27791
  0.25434   -0.76764    0.50525    0.25837    0.013788   0.2662
  0.62466    0.51555    0.86471   -0.2652     0.76565    0.24816
  0.08658   -0.9002     0.021581  -0.085557   0.51369   -0.28845
 -0.039601   0.1384    -0.13248   -0.023694   0.013155   0.091473
 -0.17658    0.55636   -0.25007   -0.08382   -0.028594  -0.3672
  0.185      0.046309   0.32212    0.082009   0.010212  -0.61119
  0.066359   0.33581    0.32139   -0.42677    0.054496   0.36961
 -0.63703    0.88679    1.0031    -0.92528    0.54024   -0.40156
  1.1396     0.85175    0.52574    0.0081055 -0.54321    0.45063
 -0.14881    0.10564    0.097093  -0.38106    0.55261   -0.040774
 -0.86822    0.10043    0.2169     0.4797     0.28       0.93207
 -0.038035   0.3783     0.6004    -0.52434    0.13248    0.21538
  0.26303   -0.24434    1.2232     0.70066    0.23059    0.07358
  0.49975    0.40898   -0.39015   -0.73952   -0.35006   -0.14447
  0.12387    0.8254     0.24883   -0.0036681]"
heskey,"[ 0.57233    0.067135  -0.40205   -1.0688    -0.47544    0.71008
 -0.15367    0.31583   -0.49756    0.17462    0.55004   -0.75553
 -0.56614   -0.1732     1.3497     0.19675   -0.17016    0.45501
 -0.043265   0.55124   -0.10338    0.13226    0.33274   -0.19774
  0.63705   -0.30364   -0.32509    0.23886   -0.97077    0.19748
  0.0059228  0.35409   -0.68159    0.24057    0.60512   -0.42704
  0.35985    0.18167   -0.73194    0.070242  -0.4503     0.95579
  0.61945   -0.2575     0.21477    0.92093    0.44602   -0.079253
  0.98115    0.30475    1.0301     0.038053  -0.23007    0.60288
  0.09401   -0.82941   -0.82417    0.20201   -1.2024    -0.49722
  0.71214    0.63412    0.08339    0.35388   -0.53371    0.46168
 -0.2257     0.31178   -1.0574    -0.66018    0.32765    0.63701
  0.63476   -1.0321     0.46409   -0.76785    0.17175   -0.21982
  0.63679   -0.085897   0.09333    0.21552   -0.013689  -0.066237
  0.23609    0.25677    0.2125     1.1222    -0.11935   -0.52361
 -0.8877    -0.065078  -0.75566    0.43847   -0.31604    0.13715
  1.3547    -0.0073572 -0.63023   -0.50801  ]"
specificity,"[-0.54894  -0.031963  0.66443   0.51522  -0.84548  -0.25497  -0.84541
 -0.32218  -0.45023   1.0083   -0.12127  -0.26105  -0.37647  -0.59203
  1.0197    0.40064  -0.49942   0.25118   0.37639   0.62343  -1.2031
 -0.20554  -0.14808  -0.13951   0.24292   0.055945  1.0401    0.33265
 -0.58392  -0.93757   0.27289   0.43907   0.010358  0.54248   0.61807
  0.071648  0.8456    0.33061  -0.26152   0.53231   0.33099  -0.15845
  0.12152  -0.3387   -0.35245  -0.41425   0.6178   -0.16289  -0.64502
 -0.17964  -0.1629    0.16269  -0.076862  0.9558   -0.47081   0.24567
 -0.54657  -0.87326  -0.065591 -0.47526  -0.34067   0.5766   -0.063819
 -0.097016  0.59719  -0.025986  0.018565 -0.21044   0.78271  -0.32639
 -0.39181  -0.40529   1.1511    0.10071  -0.064345  0.43773  -0.41389
 -0.97301  -0.34493  -0.19588  -0.8212    0.032125 -0.10141   0.061938
 -0.34042   0.71447   0.49871   0.23193  -0.23387  -0.10159  -0.44907
  0.2134   -0.18356   0.34372   0.43153   0.34579  -0.32243  -0.84405
 -0.026033  0.64969 ]"
chimneys,"[ 2.8344e-01  2.3315e-01 -2.4473e-01 -2.5868e-01 -9.3364e-02 -3.5527e-01
 -6.7378e-01  1.4247e-01  5.3710e-01  6.3936e-01  5.1349e-01  3.0919e-01
  3.2670e-01  9.7661e-01  1.8562e-01 -2.9929e-02 -5.6330e-01  1.5348e-01
 -8.3046e-02  2.8140e-03  1.0001e-01  1.2145e-03 -4.1343e-01 -1.6994e-01
  1.7723e+00 -6.0107e-01 -3.6753e-01  4.1438e-01 -1.1481e+00 -1.0730e-01
  5.6914e-01 -2.8460e-01  9.9593e-01 -1.3803e-01 -1.8520e-01  6.8405e-01
  7.4814e-02 -8.8403e-01  3.9397e-01  2.4168e-01  2.7230e-01 -2.7717e-03
 -5.2776e-01  3.6072e-01  8.2214e-01  2.2992e-01  1.0539e-01  1.3683e-02
  3.5365e-01 -5.1798e-02 -2.0630e-01 -9.0116e-01 -7.9155e-01  6.0831e-01
 -1.0707e-02 -7.4727e-03  5.0593e-01 -7.5237e-02 -4.5250e-01  5.3087e-01
 -3.3131e-01  7.2469e-01  4.9598e-02  7.9325e-01  4.8667e-01 -2.5776e-01
  6.9497e-01 -3.2034e-01 -2.2424e-02 -9.8989e-01  3.8522e-01  3.5512e-01
  3.7341e-01 -3.6598e-01 -2.1120e-01 -4.0832e-01  3.3630e-01  2.7711e-01
  4.6193e-01 -9.7110e-02 -1.3857e-01 -1.1350e-01 -5.0157e-01  3.7565e-01
  6.1737e-01  4.3124e-02  2.3514e-01  6.8849e-02 -1.1612e-02  3.8214e-01
  3.1173e-01 -7.0936e-01 -3.9511e-01  2.7461e-01 -5.6668e-01 -7.6081e-01
 -6.2980e-01 -5.4981e-02  8.7348e-01 -5.7105e-01]"
asymmetric,"[-0.2879     0.35573   -0.088891   0.56773   -0.16859   -0.20508
 -0.071354  -0.29383   -0.31549    0.4267     0.27199   -0.70972
 -0.35579    0.83099    0.90384    1.1622    -0.18833    0.1209
  0.71656   -0.99233    0.12867   -0.52489    0.55355    0.087905
  0.49713    0.24384    0.73069    0.20745   -0.25026   -0.2869
  0.067898   0.21772   -0.073957  -0.866      1.0715     0.0034991
 -0.17018    0.25176    0.10687    0.26536    0.68419    0.73966
 -0.51819    0.62967   -0.43798   -0.082972   0.67749    0.40021
  0.014623  -0.31027    0.23838    0.32174   -0.41987   -0.15767
  0.15077   -0.27316    0.99997   -0.61252   -0.32871   -0.12797
 -0.14774   -0.31047   -0.29574   -0.065664   0.52461   -1.1502
 -0.0090492 -0.28734    0.53997   -0.59117   -0.4292    -1.0424
  0.26399   -0.48684    0.0077486 -0.37037    0.73158   -0.53077
 -0.06534   -0.093197   0.48828   -0.33005   -0.29395    0.17721
 -0.34264    0.38209    0.97742   -0.56153   -0.18632   -0.34288
 -0.37515    0.46427   -0.62237   -0.031877   1.0321    -0.75547
  0.4893    -0.18317    0.5755     0.61291  ]"
omagh,"[-6.1792e-01  4.5163e-01  2.7422e-01 -7.8884e-01  1.9084e-01  6.6052e-01
  3.4741e-01 -7.7437e-01  5.4530e-01  3.6878e-01  2.0626e-01 -1.1862e-01
 -1.3901e-01  6.0367e-01 -3.2163e-01  7.1147e-01 -2.5027e-01  2.3626e-02
 -9.9390e-01  1.3714e+00  6.9892e-01 -6.2217e-02  8.5854e-01 -5.0277e-02
 -3.5357e-01 -1.5724e-01 -3.0236e-01  6.4247e-01 -5.5470e-01 -6.6053e-04
  4.8719e-01 -2.4165e-01  5.8754e-01  3.7256e-01 -3.5785e-01 -6.6499e-01
  1.1574e+00  3.5188e-01  5.0377e-01 -7.3703e-02  4.2486e-01  2.2182e-01
  1.2379e+00 -4.3803e-01 -4.6438e-02  7.5252e-01  1.1235e+00 -7.7772e-01
 -1.9029e-01 -3.3660e-01 -6.5840e-01  2.5216e-01  1.0390e-01 -3.9276e-01
 -1.3552e+00  4.2525e-01 -5.2529e-01 -3.0683e-01  2.6390e-01 -6.7809e-01
  2.3035e-01  1.0874e+00  3.1308e-01 -5.9452e-01 -4.6422e-01  5.7522e-01
 -9.1958e-01  6.7393e-02 -7.1140e-01 -1.6887e-01 -5.3652e-01 -4.6829e-01
 -8.0553e-02 -8.0231e-01 -1.5863e-01  3.7357e-02  1.5094e+00 -2.3586e-01
 -4.7827e-01 -5.3398e-01 -2.0034e-01  9.9499e-01  5.5994e-01  2.4717e-01
  4.6031e-01 -3.2325e-01 -2.3881e-01  2.6693e-02 -5.6853e-01  8.0448e-01
  6.0586e-01  3.5767e-01 -4.3583e-01  5.6216e-01  9.7040e-02  6.1259e-01
  1.2238e+00  9.0381e-01  6.3333e-01 -2.8590e-01]"
411,"[ 0.47225    0.60608    0.60928    0.13798   -0.44222    0.55266
  0.29897   -0.23572   -0.05531   -0.43543    0.45561    0.356
 -0.40512   -0.059856   0.69704    0.018296  -0.14645    0.28869
 -0.17015    0.15834    0.59432    0.21236    0.18651    0.19386
  0.11135   -0.48805    0.88902    0.72985   -0.055149  -0.47875
  0.23068    0.64344    0.0032372  0.38967   -0.30089    0.60571
 -0.7255    -0.31621    0.52556    0.26427    0.40162   -0.15109
 -0.37369   -0.25261    0.055556  -0.19394    0.013003  -0.40186
 -0.24503    0.77423   -0.59985    0.13977    0.25781    0.30872
 -0.87276    0.027975   0.39032   -0.29292   -0.1051    -0.073363
 -0.029796  -0.59547    0.10145   -0.041959  -0.6089     0.13624
  0.152     -0.4075     0.59036   -0.13221   -0.42208   -0.30723
 -0.45825    0.031884   0.090119   0.66739    0.2389     0.88628
 -0.57797   -0.39178   -0.03068   -0.17585    0.2798     0.51051
 -0.26024    0.062688   0.36718   -0.80085   -0.032034   0.328
 -0.037974   0.98818   -0.089177  -0.25455   -0.1808    -0.22971
  0.32574    0.10722    0.097522   0.064633 ]"
baptised,"[ 0.30041    0.221     -0.43874    0.24926   -0.43578    0.59043
  0.42133   -0.040776   0.73708   -0.4719    -0.26267    0.83845
  1.1512     0.24886    0.96153   -1.0881     0.33765    0.34773
 -0.69857    0.65953   -0.078163  -0.74607    0.70175    0.31917
 -0.19149   -0.7419     0.06778    0.54163    0.60101    1.1254
  0.23883    0.029182   0.38511   -0.13056   -0.17033   -0.0079539
 -0.51812    0.26475   -0.13122    0.20543   -0.10579    0.1814
  0.17436   -0.51242   -0.14945   -0.6176    -0.43825   -0.085762
  0.38926    0.44953   -0.14411   -0.2193     0.32735   -0.52768
 -1.2765    -0.17695   -0.65213   -0.69454   -0.53966   -0.66885
  0.76899    0.68636   -0.46444   -0.142     -0.68287    0.2032
 -0.16018   -0.081024   0.30467   -0.12504    0.013525  -0.56212
  0.43213   -0.19455   -0.07665   -0.40708    0.15099   -0.095962
  0.0035943 -0.70869   -0.35071   -0.41988    0.16509    1.0287
  0.19292   -1.0064     0.13599   -0.5214    -0.39109   -0.10364
 -1.0952    -0.16903    0.49655    0.68635   -0.73641   -0.39344
  0.049875  -0.22982   -0.53557   -0.53863  ]"
aunts,"[ 0.58451   -0.18105    0.26027   -0.020891  -0.61806    0.54074
 -0.71664    0.091189  -0.021465  -0.023508   0.11314   -0.23556
  0.019316   0.6898     0.51919   -0.50164   -0.57412    0.29344
 -0.61746    0.44246    0.22581    1.0996     0.17183    0.29596
  0.59539    0.27823   -0.84196   -0.44109    0.19182    0.36716
  0.5326    -0.30968    0.96222   -0.16146   -0.28769    0.84839
  0.5744     0.57936    0.92034   -0.014406   0.1116     0.78027
  0.19899   -0.50994    0.38181    0.10139    0.038483  -0.067745
  0.40169    0.018152  -0.89795   -0.05031    0.18599    0.40262
  0.18907    0.87999    0.1002     0.064186  -1.4336     0.49885
  0.28244    1.0932     1.0739    -0.30774    0.061051  -0.79926
 -0.70077    0.37152    0.34389   -0.87269   -0.1926     0.18344
  0.29712   -1.0244    -0.2905     1.3115    -0.24701   -0.88035
  0.20093    0.22487   -0.27176    0.28602    0.71051    0.66636
 -1.5056     0.23505   -0.0031578 -0.15412   -0.6112    -0.42254
 -1.0995     0.18521    0.92716   -0.45923   -1.3192    -0.58689
 -0.43857   -0.67786    0.075283  -0.11678  ]"
in-depth,"[-0.98161    0.10361   -0.33229    0.56319    0.27983    0.11106
  0.19904    0.2944    -0.23159    0.12698    0.65354   -0.15661
  0.052758  -0.30197    0.62531    0.35676    0.23924   -0.17196
  0.035508   0.30033   -0.58677   -0.1445    -0.60905    0.054638
  0.17279   -0.75058    0.5482     0.57706   -0.45388    0.29443
 -1.0876    -0.086003  -0.61012    0.15022   -0.070048   0.027909
 -0.134      0.22514   -0.48889    0.91109    0.12344    0.50531
 -0.49568    0.68715   -1.0192     0.049424   0.27049   -0.46643
  0.19477   -0.16619    0.027485   0.51854   -0.23237    0.029471
  0.21237   -0.11642    0.68167   -1.148      0.51279   -0.63428
 -0.25693    0.79687    0.34683   -0.30952    1.0909    -0.8307
  0.16961   -0.35141    0.36402    0.57946   -0.0028165  0.80835
  0.90762   -0.13173   -0.58207    0.34935   -0.55687   -0.40455
 -0.20152   -1.5742     0.15688    0.8835     0.45063   -0.049452
 -0.22786    0.012349   0.013688   0.3653    -0.29751    0.17498
  0.69417    0.040599  -0.13689   -0.92217    1.0514     0.32662
 -0.51852   -0.80902    0.086695   1.3439   ]"
solves,"[-0.78687    0.57243    0.46305    0.36327   -0.050271   0.55786
  0.15093    0.079435   1.5643     0.040249   0.34945    0.72082
 -0.7512     0.063714  -0.26738    0.38078   -0.47562    0.59687
  0.69294   -0.057276  -0.52561   -0.58889    0.20473   -0.47975
  0.75077   -0.64533    0.21756   -0.59047   -0.53156   -0.63676
 -0.65256    0.20133   -0.35303    0.07184   -0.44249    0.19081
 -0.21099   -0.028735   0.27902   -0.083985   0.1845     0.66091
 -0.067557  -0.74107   -0.97043    0.92827    0.76794   -0.19005
 -0.28547    0.39107   -0.05515   -0.16501   -0.49097    0.82325
 -0.34897   -0.10854    0.15481    0.33026   -0.50099    0.18989
  0.097263  -0.36175   -0.074868  -0.43922    0.33707   -0.0044597
  0.4033     0.22865   -0.12666    0.63843   -0.22411   -0.074443
 -0.40883    0.69429    0.78154   -0.23191   -0.34758   -0.22754
 -0.46992    0.53847    0.51612    0.33468   -0.51462    0.30811
 -0.50271    0.40127   -0.45123   -0.13403   -0.71826    0.12312
 -0.22696    0.54484   -0.39964   -0.29213    0.52127   -0.060136
  0.1151    -0.39917   -0.22788    0.17367  ]"
furry,"[-0.033475  -0.02747    0.4172    -1.1272    -0.27281    0.6989
  0.0037548  0.094121  -0.29428   -0.34986   -0.21921   -0.5295
  1.1886    -0.16075    0.4818     0.5268     0.17194    0.3269
  0.77882    0.10396    0.38441   -0.11965   -0.48469   -0.84808
  0.51281    0.87234   -1.0938    -0.11941   -0.55671    0.21011
  0.42937   -0.73437    0.146     -0.42381    0.24404    0.54846
 -0.015255   0.89289    0.17146    0.19029    0.32061   -0.30672
 -0.28512   -0.37892   -0.43937    0.061494  -0.14297    0.96728
 -0.11844    0.35055   -0.48162   -0.092056   0.39722   -0.22778
  0.1774    -0.21417    0.71462    0.02859   -0.34942    0.025466
  0.34565    0.60156   -0.22421    0.12594    0.40951   -0.26341
 -0.084663   0.068767   0.26757   -0.61651    0.1547    -0.24614
 -0.37053   -0.082806  -0.77828    0.50188   -0.32805   -0.548
  0.43234    0.54109   -0.29015    0.13789    1.1137     0.11877
 -0.39944   -0.44801    0.23089   -0.0014821 -0.068427   0.17811
  0.26952    0.093264   0.69169   -0.30511   -0.14714   -0.76825
 -0.86699    0.1167     0.10321   -0.006132 ]"
voluminous,"[-0.46668    0.089483  -0.11297   -0.44928    0.090778   0.40883
 -0.30252    0.32988   -0.24926    0.36347    0.29736    0.3802
 -0.13355   -0.12341   -0.42775    0.53099    0.54065   -0.2859
  1.1331    -0.66057   -0.66611    0.25395    0.31248    0.089918
  0.094568  -0.4157    -0.29608   -0.43082   -0.2372    -0.30744
  0.27645   -0.98873   -0.32323   -0.21927   -0.7367     0.43039
  0.038713  -0.19217    0.10341    0.45999    0.023169   0.33728
 -0.15201    0.11959   -0.27352   -0.77696    0.48682   -0.14131
  0.71367    0.18115    1.0106     0.46176    0.44466   -0.13836
 -0.18928    0.013238   0.58684   -0.26051    0.3752    -0.06908
 -0.312      0.59645   -0.056042  -0.10342    0.5097    -0.87486
  0.55252    0.24845    0.31457   -0.2195     0.55091    0.5556
  0.56303   -0.0060229  0.05658    0.60851   -0.25566   -0.63882
 -0.035084  -0.04554    0.40639    0.5723     0.2586    -0.22859
 -0.37209   -0.23486    0.82457   -0.32384   -0.54175    0.19458
  0.15066    0.21064   -0.21395   -0.45612    0.68185   -0.25264
 -0.60996   -0.69352   -0.066674   0.47051  ]"
backups,"[-0.68001   -0.015747   0.53803   -1.2133    -0.34296    0.23528
 -0.11702    0.15774    0.1988    -0.73195    0.32174    0.26799
 -0.029704   0.191      0.58289   -0.5054     0.48141    0.49189
  0.5037     0.18046   -0.11777    0.048418  -0.48401    0.33782
  0.20273   -0.7943    -0.052292   0.16291    0.2886     0.028775
  0.0393    -0.39845   -0.16558    0.07699    0.1474    -0.2847
 -0.17997   -0.009259   0.2984    -0.0049749  0.74001    0.34004
 -0.073263   0.011473   0.24742    0.23487    0.082924  -0.74347
  0.077901  -0.15476    0.42692   -0.27904   -0.54047   -0.06544
  1.137      0.37872    0.31161   -0.14456    0.10873    0.45504
 -0.98854    0.38379    0.46426    0.2978     0.17739   -0.20383
  0.76021   -0.70773    0.27156   -0.10971   -0.20196    0.06009
  0.231     -0.55976    0.53034   -0.13424    0.24776    0.61179
  0.60581    0.027298   0.86901    0.10627   -0.93301    0.28546
 -1.241      0.18287    0.62862    0.1713    -0.93505   -0.018259
 -0.45154    0.66434   -0.49878    0.13744   -0.0025293 -0.46758
  0.7621    -0.034593   0.55018    0.3154   ]"
zaidi,"[ 0.46884   -0.24608   -1.0036    -0.96671   -0.09295    0.33865
 -0.45709   -0.32135    0.54632    1.124      0.30826    0.092817
  1.6506    -0.27041   -0.40317    0.51587    0.058829  -0.89763
  0.098622   0.028699   0.21624   -0.5892     0.36971    0.010611
  0.47723    0.0095754  0.18351    0.60325   -0.32442    0.53143
  1.0424    -0.69061   -0.2864     0.021624  -0.064568  -0.13573
  0.074928   1.3369    -0.084469   0.38724   -1.0778     0.96378
  0.31849   -0.57692   -0.42874   -0.52709   -0.3244    -0.36377
  0.32131    0.70819   -1.1456     0.13295    0.66172    0.35237
  0.13081   -0.25508    0.10391   -0.48634    0.074514  -0.20208
  0.036673  -0.80975   -0.40371   -0.46285   -0.020896   0.069419
  1.0001     0.024229  -0.9138     0.91046    0.77227    0.24315
 -0.046412   0.23953    0.56185   -0.12546   -0.33749    0.084156
  0.12413    0.50401   -0.28258   -0.36185   -0.21468   -0.66394
  0.7429     0.070845  -0.11014    0.44101   -0.055753  -0.72334
  0.11707   -0.22731   -0.38725    0.50105   -0.79099   -0.34571
  0.48022   -0.07546    0.0019163  0.26226  ]"
mdnm,"[-0.73323    1.1321     0.076014  -0.23214   -1.0914    -0.021967
  0.27923    0.30119    1.3128     0.86421    1.2201    -0.3069
 -0.23313   -0.79921   -0.21962    0.54204   -0.74569   -0.96159
 -0.82796    1.0136    -1.0778     0.40699   -0.91059    1.3058
  0.60455    1.0566     0.84387    0.55289    1.0956    -0.99037
 -0.044305   0.93349   -0.28112    0.71691    0.24226    0.58845
  0.51593    0.68409    0.39677    0.7563     1.4303    -0.43535
 -0.61937   -0.27737   -0.15556   -0.37458   -0.35712    0.22005
  0.78398   -0.10814    0.77586   -0.20524   -0.17576   -0.29974
 -0.65895    0.67569    0.40775    0.24761   -0.19524   -0.82891
 -0.56805    0.37448    0.30884   -0.57399    1.1697     1.0855
  0.63409    0.046966   0.52313    0.15482   -0.63811    0.344
  0.06975   -0.33701    0.29362   -0.90487    0.11021   -0.011186
 -0.091898  -0.86757   -0.42425   -0.493      0.44165   -0.028702
  0.19245    1.2826     0.18085   -0.95634   -0.36633    0.14398
 -0.58826   -0.25636    0.097661   0.59348   -0.0078044 -0.64487
  0.047463   0.26255    0.11368   -0.1947   ]"
kilowatts,"[-3.2273e-01  6.2312e-02  1.0617e+00  2.3529e-01  7.0114e-01 -4.2545e-01
 -2.1150e-02  1.0843e+00 -2.0580e-03  1.0633e+00  7.8498e-01  7.8904e-01
 -2.9330e-01 -6.4780e-01 -5.6874e-02 -2.1662e+00 -5.0982e-01  6.5177e-01
  1.1163e-01 -5.2178e-01  9.5266e-02 -2.9496e-01  1.1576e-02 -1.0791e-02
  7.4039e-01 -8.3214e-01  5.4688e-01  2.1674e+00  4.2366e-01  7.4120e-02
 -5.4766e-03  2.9531e-01  2.3041e-01 -6.6994e-01 -2.3849e-01  2.4549e-01
  3.9989e-01 -3.1165e-01 -4.0205e-02 -1.6202e-02  8.3220e-01  4.1013e-01
 -5.2548e-01 -1.6725e-01  7.3796e-01 -3.9558e-01 -7.1032e-02 -1.3512e+00
 -4.7844e-02 -2.5643e-01 -7.0409e-01 -1.7580e+00  5.8987e-01  4.2602e-01
  7.4915e-01  1.7705e-01 -1.4395e-01 -1.6356e-01  3.2741e-01 -9.3914e-01
  4.8116e-01 -2.4919e-01 -2.3435e-01  2.8867e-01 -3.6631e-01  2.5858e-01
 -3.5990e-01 -9.5293e-01  9.0113e-01 -5.9968e-01  6.0864e-01  4.4121e-01
 -1.7044e-01  4.2249e-01  4.3795e-01  1.7230e-01  2.9243e-01 -4.3837e-01
 -7.8960e-02  4.0007e-01  9.1557e-01 -1.9197e-01 -8.8092e-01  2.5318e-01
 -4.0713e-01  1.4211e+00  9.4967e-01  8.9952e-01  1.5727e-01  6.3669e-02
  4.9435e-02  6.4958e-01 -4.3677e-01 -4.9291e-01 -7.3042e-01 -4.9249e-01
  2.3444e-01 -6.1556e-01  3.7437e-01 -3.4330e-01]"
fraternities,"[ 0.28755    0.67406   -1.0794    -0.19993   -0.75997    1.199
 -0.36452   -0.074481   0.27362    0.32936   -0.06061   -0.11455
  0.54393    0.86831   -0.57057   -0.38079    0.77356    0.41662
 -0.31024    0.19018   -0.44442    0.5241    -0.71023   -0.018505
  0.113     -0.69591   -0.33533   -0.38225   -0.33432    0.42468
  0.41665    0.19302   -0.16455    0.14497   -0.65709    0.046872
  0.43131    0.23649   -0.64743    0.065202  -0.48582    0.17109
 -0.45362    0.56063   -0.17517    0.36272    0.38866    1.4147
 -0.24518    0.55077   -0.6592    -0.046893  -0.74511    0.078179
 -0.15921    0.24536    0.51161   -0.4246     0.1319     1.4438
 -1.0324    -0.069427   0.0085185  0.0042293  0.22504    0.3639
 -0.011965   0.19568    1.5519    -0.30133   -0.060019  -1.0322
  0.18507   -0.093938  -1.1163     0.63814    0.22898   -0.74602
 -0.34923   -0.90075   -0.93939   -1.0012    -0.13211    0.1223
  0.090433   0.22878    0.17932   -0.16348    0.39577    0.13391
  0.019608   0.31569   -0.36792    0.029997  -0.28617   -0.10066
 -0.67853   -0.50745    0.59965   -0.018325 ]"
spiralling,"[-0.1447   -0.48505   0.16995  -0.21901   0.2893    0.24368  -0.7108
 -0.23695   0.67073   0.76982  -0.59578   0.50356   0.16644   0.30796
 -0.18215   0.40352  -1.4416   -0.33727   0.38794  -1.0795    0.27377
 -0.077066  0.56588   0.23704   0.38572  -0.22121  -0.31066   0.020376
 -0.58992  -0.31912  -0.53715  -1.1349   -0.41392   0.63528  -1.2932
  0.48926   0.056768 -0.13025  -0.097707  0.090985 -0.086905  0.27239
 -0.6218   -0.4732    0.51813   0.70925  -0.13966   0.47726   0.22352
  0.52182   0.060833  0.14816  -0.82302   0.76699   0.29442  -0.48433
  0.38458   0.014762 -0.19855  -0.51587   0.68323  -0.26214  -0.5022
 -0.50546   0.31792   0.47931  -0.049829 -0.60662   0.78275  -0.3147
  0.53256  -0.38488  -0.53105   0.82216   0.094859 -0.52916  -0.38135
  0.47998  -0.93092   0.34845   0.4611    0.25078  -0.18981  -0.082992
  0.15788  -0.9866   -0.14408  -0.02586  -0.40494  -0.16103  -1.0763
  0.91048  -0.93866  -0.19876   0.10495  -0.89178   0.81909   0.62086
  0.39515  -0.33313 ]"
claimant,"[ 4.5100e-01  6.9703e-01  4.1058e-01  4.6049e-01 -3.1430e-01  1.8835e-02
  1.2545e-01 -6.5441e-01  7.8950e-01 -1.2518e-01 -3.5171e-01  4.5439e-01
 -1.3226e-01 -5.5066e-01 -1.6511e-01 -4.4945e-01 -6.6076e-02 -7.1844e-02
  3.8235e-01  1.3584e-02 -2.9360e-01 -1.0570e+00  2.5945e-01  3.5296e-01
  3.9151e-01 -9.3699e-01  2.2693e-01 -5.6727e-01  2.7025e-01 -5.4033e-01
  7.2490e-01 -3.6533e-01  7.1071e-01 -2.2593e-01  6.5194e-01  5.9988e-01
 -3.7631e-01  2.2665e-01 -1.4822e-01 -4.8631e-01 -4.1795e-01  1.0649e+00
  3.8026e-01 -7.5803e-01  9.6720e-02 -4.4411e-01 -2.5265e-01 -2.7507e-01
 -3.6139e-01  4.1236e-02  1.1176e-01  5.5538e-01  5.2680e-01  9.4142e-02
  5.3072e-01  5.0473e-01 -3.8824e-01 -7.5973e-01 -2.4947e-01  4.1441e-01
  1.7257e-01 -6.5085e-01 -1.8638e-01  5.1996e-01  7.7210e-01  5.0592e-01
 -8.2106e-01  3.2701e-01 -3.7696e-01 -4.1772e-01 -9.8522e-02 -1.8373e-01
  3.2656e-01  1.2946e-01  7.7445e-01 -7.3402e-04 -2.3998e-01 -8.0640e-01
 -5.7836e-01  1.8477e-01  3.8560e-01  4.8071e-01  7.9295e-02  1.4772e-01
 -5.9530e-01 -6.4062e-01 -1.9829e-01 -1.1644e-01  9.7254e-01 -8.9473e-01
 -6.6351e-01 -5.3802e-01  5.5305e-01 -2.7005e-01  4.0201e-01  1.6490e-01
  4.5600e-01  2.9168e-03  1.7787e-01 -9.4757e-01]"
lilies,"[-0.47369   0.88729  -0.30036  -0.032227  0.10664  -0.26474   0.91481
  0.14169  -0.59513  -0.87224  -0.58624   0.507    -0.33634   0.99705
  0.19161  -0.17661   0.25753   0.66177   0.34745  -0.27541  -1.0832
 -0.39415   0.21799   0.62416   1.2989    0.35884  -0.94956   0.11838
  0.079138 -1.032    -0.33676  -1.3162    0.58546   0.28112   0.15442
  0.5856    0.44685   0.46623   0.51163  -0.1274    0.48111  -0.086237
 -0.2925   -0.040393  0.43516  -0.08993  -0.15976   0.51643  -0.62662
 -0.35462  -0.26692  -0.17865   0.42345   0.52649  -0.64566   0.36566
  0.3764    0.56591  -0.20356  -0.10383   0.034562  1.2058    0.038324
 -0.010916  0.42757  -0.010298  0.49476  -0.53362   0.68771  -0.62045
  0.3359   -0.064217 -0.43797  -0.66226  -0.27178   0.5884    0.45176
  0.34078  -0.4889    0.3828   -0.23603  -0.057564 -0.083855  0.61855
  0.16406   0.13633  -0.058372 -0.085215  0.44933   0.49317  -0.23157
 -0.48429   0.41716  -0.5217   -0.3607   -0.14585  -1.2844    0.47
 -0.66276   0.84521 ]"
u.s.-russian,"[-2.8507e-01  4.2054e-01  7.8175e-01  6.0679e-01 -3.9618e-01 -1.2604e+00
  4.5926e-01 -3.9154e-01 -9.8000e-02  9.3955e-01 -1.2023e+00  8.6285e-02
  1.0584e+00 -8.6710e-02 -2.3751e-01  4.6022e-01  1.3284e-01  6.7561e-02
  4.7839e-01 -1.1549e+00 -8.3250e-01 -1.5476e-01 -6.8186e-01  4.7704e-01
  8.2678e-01  2.7750e-02 -1.4296e-01  9.0458e-01  3.8881e-01 -1.7114e-01
 -3.1374e-01  6.2227e-02  1.7974e-02  2.7267e-02 -6.0221e-01  7.2965e-01
  6.8696e-01 -5.3929e-01  1.0934e+00  8.4983e-01 -1.9312e-02 -8.4112e-01
  8.8745e-01  6.0085e-01 -4.4907e-01 -3.3528e-01 -1.9128e-01  4.3455e-01
 -3.1205e-01  1.2282e-01  4.6318e-01 -4.8340e-02 -1.0852e+00  2.7953e-01
  3.1632e-01 -1.0577e+00  7.9769e-01 -1.0897e-01 -1.4092e-01  1.6352e-01
 -9.7807e-01  5.0285e-01 -8.9676e-04 -8.3956e-02 -8.0068e-01  5.1272e-01
  2.3761e-01  4.0561e-01 -3.6309e-01 -3.3449e-01  9.7878e-01 -5.7507e-01
  9.8255e-01  4.6722e-01 -6.5870e-01 -4.8439e-01 -3.2418e-01  5.7186e-01
 -3.1835e-01  4.1179e-01  4.9019e-02  6.9386e-01  1.2877e+00  1.0924e+00
 -1.9038e-01  1.2398e-01  9.3152e-01  2.3178e-01 -5.5790e-01 -8.1890e-01
 -3.1776e-01  1.6303e-02 -1.7267e-01 -2.5797e-01  5.8621e-01  1.9142e-01
  4.4761e-01  3.9561e-01  1.1299e-01  1.6416e-02]"
nitric,"[ 8.4892e-02 -9.6403e-02 -1.6693e-01 -3.6293e-01  7.6098e-02  3.3726e-02
  1.5169e-01  1.6520e-01 -5.9586e-01 -3.2782e-01  6.3263e-03  1.8708e-01
 -9.3174e-01  3.5366e-01 -5.3490e-01 -4.1092e-02 -4.7175e-01 -1.9519e-01
  1.3761e+00 -4.5440e-01  3.0166e-01 -1.0052e+00 -1.3912e-01  7.4961e-02
 -2.6359e-01  4.6686e-01 -2.7140e-01  3.2772e-01  4.5386e-01 -3.8242e-01
 -2.2891e-01  7.5165e-01 -6.7555e-01 -9.8567e-01  3.4531e-01 -5.1387e-01
  1.1361e+00  5.8987e-01  6.1323e-01  8.1605e-01 -3.2848e-02  2.2081e-01
 -5.9338e-01 -5.6929e-01  8.5614e-01  3.7069e-01 -5.5135e-01 -6.3475e-02
 -9.6985e-01 -6.5070e-01  1.3701e-01  4.0173e-01  4.3403e-01  6.8910e-02
 -1.0039e+00  6.7708e-02 -6.0814e-01 -7.9134e-01 -5.6607e-01 -2.3753e-01
 -1.7491e-02  9.3171e-01  1.5621e-01  2.0814e-01 -7.9376e-02  2.5251e-01
  9.1629e-01 -8.2836e-01 -6.6437e-02 -6.7966e-01  8.8475e-01 -4.7096e-01
  7.9732e-01  1.8557e-01 -4.0560e-01  1.3837e-01  1.1579e-02 -1.5371e+00
  7.3153e-02 -3.2692e-01 -1.5006e-03  2.0223e-01 -1.2610e-01  4.1208e-01
 -6.8295e-01  9.1486e-01  1.2200e+00 -6.0079e-01 -1.3481e+00  8.4628e-01
  1.1763e-01 -1.1207e+00 -7.0571e-01  4.6300e-01  4.0427e-01  5.7880e-01
  4.9432e-01 -6.5657e-01 -2.7966e-01  4.2078e-01]"
ara,"[ 0.090035 -0.3967   -0.4683   -0.12861  -1.2122   -0.66388   0.30938
  0.19736  -0.41582   0.52253  -0.24544  -0.34326   0.34833   0.35996
  0.69984  -1.0192    0.64531  -0.094572  0.1554    0.65529  -0.16713
  0.53456  -0.25096   0.704     0.4399   -0.29966   0.03419  -0.16411
  0.29783   0.30159  -0.38363  -0.38046   0.3333    1.3024    0.037968
  0.45907   0.74808   0.44052   0.023782 -0.58952   1.0261    0.24763
 -0.099675 -0.56872   0.94595   0.51571  -0.30665  -0.19787  -0.028877
  0.75443  -0.065672  0.42922   0.54614   0.2957   -1.0094    0.75313
  0.3467   -0.10763  -0.31109  -0.016287 -0.031588 -0.30103   0.1903
  0.27746  -0.034441  0.61398  -0.12929  -0.20007   0.21151   0.62675
  0.66599   0.39689  -0.076601 -0.61567   0.17794  -0.024894 -0.25695
  0.045836 -0.2676   -0.24196  -0.3631   -0.24227  -0.39401   0.28815
  0.20245  -0.25655  -0.57346   0.045637  0.59931   0.075831  0.23785
 -0.26687  -0.48899   0.14912   0.6786   -0.16876  -0.41937   0.12091
 -0.36981   0.76399 ]"
pacify,"[-0.7987    -0.29388    0.39205    0.17091   -0.11224    0.74099
 -0.8978    -0.6273     0.85648    0.7347    -0.3433    -0.042597
 -0.12355   -0.81476   -0.57973    0.10457   -0.30602   -0.30326
 -0.55029   -0.46251    0.53597   -0.63981    0.12909   -0.50394
 -0.040166   0.17      -0.40977   -0.024731   0.46647   -0.2775
  0.15031   -0.81132    0.37918    0.024375  -0.18492    0.20674
 -0.20836    0.15346    0.032889  -0.10997    0.039743   0.1251
 -0.44218   -0.37424   -0.3705     0.40263    0.037065  -0.040731
  0.22597   -0.14522   -1.2251     0.36834   -0.10214    0.40339
  0.15332    0.026037   0.10768   -0.84687   -0.23949   -0.44758
  0.10396    0.37386    0.12376    0.39417   -0.14454    0.14853
 -0.072698   0.069426   0.18111   -0.39648    0.48033   -0.4732
 -1.0596    -0.67361    0.086533  -0.2707    -0.27691    0.48164
 -0.69496    0.34976    0.028583   0.06211   -0.65225    0.59263
 -0.10922    0.58854    0.26177    0.61729   -0.58389   -0.23032
 -0.16652    0.53997   -0.56338   -0.31524   -0.29341    0.0034752
  0.091046   0.4268    -0.78004    0.39446  ]"
boyish,"[ 1.5338e-01  4.8295e-01  9.0964e-01 -3.8036e-01  1.1867e-01  5.2439e-01
 -1.8824e-01  2.3268e-01 -4.5080e-01  5.1269e-01 -7.6568e-01  4.7955e-01
  4.4739e-01 -6.5669e-01  7.5771e-01  3.0464e-01 -4.5691e-01  2.7471e-01
  9.3402e-01  4.4129e-01 -9.9557e-02  4.0392e-01 -9.0811e-02 -5.2938e-01
  5.3348e-01  5.5613e-01 -1.4758e-01 -1.2612e-01 -4.4164e-01 -7.9294e-01
 -1.3377e-01 -1.3963e-01 -5.2023e-01 -7.7190e-01 -2.6332e-01 -1.5067e-01
 -1.0773e-01 -4.2695e-01  5.8935e-01  2.1188e-01  7.7524e-01 -5.7470e-01
  4.8600e-01 -1.3415e-01 -1.1223e-01  3.0982e-01  7.2426e-01  5.3387e-02
  3.8210e-01 -1.3638e-01 -9.9919e-02 -6.9956e-01  4.9319e-01  2.8594e-01
  3.9414e-01 -3.4499e-01  4.4829e-02  9.0957e-04 -1.0262e+00 -4.2779e-01
  5.3578e-01  2.9023e-01 -5.7922e-01  1.8325e-01 -2.3196e-01  5.5244e-02
  1.3886e+00 -2.3646e-02 -2.5560e-01  2.2119e-01  1.2812e+00  7.4037e-03
 -1.6650e-01 -4.3047e-01  6.2584e-03 -1.3924e-01 -3.5980e-01 -2.0837e-01
  1.7026e-01 -7.4440e-01  5.5615e-01 -5.4911e-02  9.3471e-01 -4.1489e-01
 -1.1285e-02 -6.5171e-01  4.4812e-03  4.9552e-01 -4.4845e-01  9.6868e-02
  1.4450e-01  1.5952e-01  4.2017e-01  1.4040e-01 -9.5051e-02 -1.8446e-01
 -5.9492e-01 -8.7411e-01 -5.8013e-01  3.0995e-01]"
midget,"[ 0.14788   -0.29039    0.51564   -0.074273  -0.95423   -0.65288
  0.23026   -0.56226    0.052823   0.18367   -0.21826   -0.013969
 -0.53008    0.1768    -0.78014    0.58152    0.133      0.12645
  0.53732   -0.021943   0.82031    0.25971   -0.73422   -0.19163
  0.20182   -0.020428  -0.94903   -0.017957   0.47261    0.53771
  0.36581    0.43963   -0.22394   -0.31093    0.77339    0.051668
 -0.6258     0.45241    0.23747    0.5274     0.8022    -0.092811
 -0.5886    -0.22123    0.0021473  1.0258     0.40937   -0.051204
  0.14807   -0.32995   -1.0394    -0.11495    0.35978   -0.10685
  0.1185     0.096986  -0.21431    0.68032   -0.0043112  0.81349
 -0.43571    0.41796    0.19272    0.79515    0.15426    0.54565
 -0.081034   0.022956   0.41523    0.50728   -0.097847  -1.1121
  0.27312    0.74666   -0.89223    1.1814     0.53996    0.55329
 -0.45292   -0.96089    0.028252   0.3882     0.28871    0.5689
  0.90186    0.12708   -0.73646   -0.11047    0.43122    0.014548
 -0.89562    0.29045   -0.25006    0.036567   0.44145   -0.39161
 -0.67411   -0.38865    0.56063   -0.55262  ]"
hebert,"[-0.13655  -0.37515   0.13553  -0.73371  -0.31865  -0.35287  -0.097564
 -0.24635  -1.0662   -0.58085   0.032447  0.059239  0.064947  0.099153
  0.33609   0.2076   -0.42351   0.93209   0.035922 -0.20232  -0.52395
  1.0717    0.12547   0.55751   0.57836  -0.058355  0.014287  0.15243
 -0.060454 -0.092209  0.4008    0.49068   0.31293   0.34715  -1.0302
  0.047006 -0.21663  -0.42519   0.25655  -0.08592   0.15332   0.49428
 -0.41316   0.40586  -0.9178    0.12022   0.18437  -0.046783  0.31383
  0.62011  -0.012237 -0.16461  -0.67742  -0.086993 -0.11147  -0.21835
  0.30626   0.50903  -0.2932    0.21375   0.057118 -0.62077   0.16211
  0.49933  -0.26929  -0.32855   0.21007   0.52504  -0.69703   0.23432
 -0.27087  -0.40918  -0.073743  0.18683   0.80094  -0.16262  -0.5755
 -0.076856 -0.27956   0.90468  -0.42184  -0.035111 -0.33719  -0.75492
  0.25402  -0.062319  0.46597  -0.022021 -0.40511  -0.35878   0.31292
 -0.73191  -0.15444  -0.11227  -0.63509   0.26101  -0.43813  -0.4149
 -0.43932  -0.4497  ]"
regains,"[-0.018838  -0.33719    0.96052    0.46116    0.37816   -0.163
 -0.043308  -0.055494   0.97206   -0.437     -0.017975   0.57679
  0.41852   -0.18129   -0.089853   0.20561    0.23132   -0.32334
  0.71576    0.09229    0.27304   -0.55403   -0.047804   0.061505
  0.29592    0.27815   -0.35329   -0.89806    0.53902   -0.39988
 -0.46452    0.65819   -1.0151     0.67294   -0.71657   -0.4636
 -0.67165   -0.11331   -0.65429   -0.041802  -0.32006   -0.78145
  0.81953   -0.47352   -0.029782   0.6612     0.13252    0.46543
  1.0469    -0.45426   -0.13536    0.0040369  0.4129     0.73752
  0.61397   -0.46258    0.60912    0.12849   -0.29678   -0.10513
  0.70127   -0.2041    -0.17368    0.29692   -0.29047    0.6713
 -0.22851   -0.25709   -0.025097   0.24677    0.49435   -0.26875
 -0.087362   0.20455    0.22753    0.093867  -1.2764    -0.82987
 -0.087134  -0.067035  -0.20929   -0.30605   -0.30253    0.51656
  1.0692     0.032017   0.62947    0.3397     0.051566   0.48867
  0.31739    0.13927    0.57183    0.54001   -0.12099    0.13539
  0.90221   -0.013922  -0.12195    0.69843  ]"
louima,"[ 1.0371    -0.0091053 -0.45868    0.27482   -0.33407    1.2876
  0.91134   -0.67996   -0.011827   0.92485   -0.13922    1.1483
 -0.19099    0.26259   -0.28958    0.50736   -0.36641   -0.20419
 -0.071571  -0.66397    0.80218   -0.54083    0.97636    0.46683
  0.39691   -0.54519   -0.5093    -1.0996    -0.11921   -0.43163
  0.61325    0.58802    0.18954    1.4015    -0.3369     0.075609
  0.35994    0.28143    1.9883    -0.46658    0.22608   -0.75286
  0.39802    0.39041   -0.72659    1.1386    -0.41293   -0.70882
 -0.5332     0.22007    0.15853    0.40134   -0.61783    0.63143
 -0.74469    0.54728   -0.054628  -0.71988    0.19189    0.94896
 -0.090171   0.32202   -0.26328   -0.0068414 -0.87372    0.06036
 -0.040735  -0.10026   -0.70107    1.2238    -0.77636   -0.11064
 -0.0044396  0.13653    0.66106   -0.37433    0.24703    0.57908
 -0.51165    0.18717   -0.33131    0.72443    0.10995    1.1147
  0.056852  -0.77611    0.020406   0.60498   -0.25197   -0.60022
  0.8317    -1.3027     0.32266   -0.36706    1.6372    -0.61412
  0.011291   0.86957   -0.088063  -0.022274 ]"
synthesizers,"[-0.55727   0.19339   0.47177  -0.13141   1.0757    0.6286    0.20847
 -0.10697   0.21353   0.34711   0.31655  -0.59975  -0.72227   0.59496
  0.4844    0.061688 -0.45782   0.29215   1.3193   -0.016243 -0.043481
 -0.11826   0.98739   0.11552  -0.12669  -0.41035   0.20721   0.13791
  0.34042   0.3672   -0.12593   0.17276  -0.6161    0.54598  -0.10537
 -0.33575   0.12917  -0.17944   0.13324  -1.0591    0.17727  -0.11019
 -1.0347    0.80063  -0.99045  -0.34764   0.15637  -0.14921   0.080454
 -1.0181   -0.7742    0.57053  -0.060833 -0.42145   0.87222  -0.21425
 -0.22296  -0.25737  -0.74848   0.094829  0.4234    0.22545   0.38892
  1.2105   -0.36926  -0.37044   0.05354  -0.35991   0.014151 -0.61436
 -0.37264   0.1501    0.46357  -0.023826 -0.49317  -0.20965   0.11439
  0.69441   0.46475   0.30627   0.83948  -1.4722    0.057601  0.74004
 -1.0585    1.1197    0.99297  -0.65836  -0.7397    0.12579  -0.25796
  0.4421   -0.14001   0.36197   0.036023 -0.75955  -1.394    -0.89663
  0.32339   0.18278 ]"
p.v.,"[-1.2525    -0.40875    0.51318    1.0252    -0.50041    0.16595
 -0.26695   -0.18312   -0.26679   -0.52204    0.37941   -0.4536
 -1.1451     0.6014    -0.336      0.10439    0.28436    0.22663
 -0.55604    0.62938   -0.21649   -0.060761   0.07487   -0.10693
 -0.20997    0.38047    1.0784     0.64005   -0.72233    0.61384
  0.89095    1.1377     0.023054   0.04285   -0.65267    0.50889
 -0.1448    -0.18715   -0.27469    0.0028322 -0.70214    0.0884
  0.96044   -0.28023    0.036732   0.25621    0.232      0.20214
  1.186      0.31621    0.13511   -0.46267    0.53687    0.17014
  0.26658    0.23568   -0.85312    0.89633    0.10738    0.45611
 -0.070484  -0.26558   -0.086348   0.99819    0.33761    1.1131
  0.68654   -0.06591    0.23035   -0.72704    0.45933   -0.62626
 -0.49989    0.078443  -1.7727     0.6558    -1.0085     0.27089
 -0.32698    0.22541    0.020299  -0.078321   0.41409   -0.33823
  1.145      0.020499  -0.13863    0.35505   -0.77641   -1.002
  0.58416   -0.3088    -0.70752    0.41894    0.50388   -0.62471
  1.0877     0.14944    0.32445   -0.54011  ]"
spewed,"[ 0.30799    0.94062    0.21577   -1.2541     0.22256    0.47738
  0.56348   -0.24091    0.37577    0.23815    0.57736    0.31348
 -0.14334    0.45053   -0.14665   -1.1262     0.17324    0.081805
  0.5627    -0.51167    0.90398    0.54402    0.049347   0.3725
  0.30749    0.32475   -0.27371    1.5689    -0.49239   -0.21024
  0.49265   -0.29602   -0.48388    0.64553   -1.2451     0.33129
  0.1422    -0.52408   -0.52439    0.94343   -0.90755   -0.25296
 -0.58102   -0.1227     0.57978    0.4279     0.37126    0.23976
  0.34599   -0.048713   0.14211    0.31172   -0.10593    0.16695
 -0.89445   -0.26431    0.166     -0.056293   0.073999   0.090762
  1.0315     1.1378     0.055002  -0.48815   -0.30813    0.31936
  0.48551   -1.2088     0.26192   -0.46935    0.53331   -0.096528
  0.82732    1.0452    -0.59325   -0.10444    0.93662   -0.64646
 -0.19064    0.23096    1.0194    -0.046589  -0.74331   -0.19897
  0.89306    0.006422   0.93348    0.19487   -0.1223    -0.094346
 -0.091129   0.0091783 -1.2608     0.2578     0.45066    0.073096
 -0.38921    0.13037   -0.51684   -0.24639  ]"
lipper,"[ 0.10086    0.46062   -0.54819    0.24785    0.10897   -0.24495
  1.2932    -0.23322   -0.43345    0.21946    0.49445   -0.13274
  0.72275   -0.40343    0.42897    0.046475   0.643     -0.0039537
  0.30059   -0.068326  -1.1494     0.012047  -0.33036    1.5777
 -0.62296   -0.12388   -0.47746    0.80097    0.093619   0.35197
  0.47968   -0.28116   -0.53667    0.69599   -0.6977     0.59517
  1.0341     1.2146     0.30583    0.1361     0.51206    0.34653
 -0.98665    0.59155   -1.7476    -0.3469    -0.092617  -0.6256
 -0.33927   -0.19999    0.60499   -0.46696   -0.14419   -0.86485
  0.15422   -0.5538     1.4656     1.9036     0.82136    0.62554
  0.090354  -0.35642    0.38636    0.98986    0.096537   0.68234
  0.40348   -0.057253   1.8193     0.89132   -0.21899   -0.59461
 -1.1417     0.01562    0.013627  -0.60619   -0.27976   -0.39262
 -0.27944   -1.2689     0.72716    2.1174    -0.4481    -0.12676
  0.70943   -0.24277    0.27006   -0.073432  -0.14337   -0.27842
  0.010388   0.073229   0.71719   -0.15386    0.052983   0.11545
 -0.20132    0.18455   -1.6161     0.71618  ]"
crustaceans,"[-1.6323     0.28338    0.047503  -0.66486   -0.052327   0.40043
  0.089027  -0.22002    0.076916  -0.79245    0.057205  -0.29511
  0.074993   0.2854     0.81931    0.043073  -0.95017    0.092483
  0.37299    1.2226    -0.11591   -0.36227    1.0831     0.4458
  0.57664   -0.33173   -0.32932    0.45266   -0.33814    1.0818
 -0.90362   -0.46652   -0.19184   -0.54459    0.425      0.11919
  0.39497    0.79551    0.3784    -0.60473   -0.0062319 -0.21212
 -0.68504   -0.014759  -0.48132    0.0725    -0.035883   0.97429
 -0.060089   1.1693     0.246      0.27901   -0.050641  -0.0041103
 -0.8832     0.68864   -0.32038   -0.58694    0.10115    0.53457
 -0.30784    0.44652    0.60606    0.42467    0.75117    0.23949
 -0.1404    -0.79016    0.63231   -0.41909   -0.012502  -0.38985
  0.90047    0.50577   -1.4448     0.72986   -1.3422    -0.49135
  0.86676    1.5468    -0.42504   -0.077211  -0.56608    1.0786
 -0.46718   -1.1567     1.0737    -0.033124  -0.32331    0.042219
 -0.24161   -0.97731    1.0267    -0.78206   -0.15101   -0.021125
 -0.84816   -0.8095     1.209      0.11046  ]"
aniston,"[ 0.14523   -0.41195    0.33472   -0.90825    0.033403   0.28747
 -0.68558    0.47773    0.41253   -0.18722    0.003522   0.023072
  0.38831    0.50924    0.60344    0.2184     0.44067    0.26817
  0.68689    1.615     -0.076626   0.067444  -0.28802    1.0209
  0.78261    0.51304    0.50474   -0.61642   -0.031569  -0.25469
  0.03176    0.12205    0.84872   -0.63752    0.38767   -0.15441
  0.2273     0.0037025 -0.20208    0.62929    0.41556    0.282
 -0.31721    0.46739   -0.43425   -0.29011   -1.4455     0.21678
  1.1339    -0.25005    0.16972   -0.15711   -0.047575   0.27103
 -0.0050248 -0.40978    0.46155    0.10127   -1.1026     0.58486
 -0.60781    0.97598    0.096989   0.0096074  0.10912   -0.044731
  0.83982    0.59712   -0.13874   -0.10991    0.50091    0.05037
 -0.2924    -0.34055   -0.14931   -0.32734    0.4822    -0.088548
 -0.19647   -0.18589   -0.58921    0.33539    0.81766   -0.38169
  0.0155    -0.42749    0.56186    0.13157   -0.54316   -0.82167
  0.077964  -0.22395   -0.54574   -0.5834     0.15962    0.43481
  0.096516   0.41334   -0.50649    0.68702  ]"
comp,"[-0.30194    0.53983   -0.12882   -0.76136   -1.2414     0.13858
 -0.34543    0.14742    0.016791  -0.85054    1.0587     0.066334
 -0.98555   -0.23589   -0.17287    0.25036    1.1879    -0.18698
  0.61903    0.23643    1.0196     0.21142   -0.042368   0.75156
  0.06134   -0.32201   -0.046007   0.088525   0.40419   -0.12596
 -0.30208    0.38034   -0.36161    0.39419    0.011563   0.66566
 -0.26983    0.34218    0.040613  -0.11037    1.0816    -0.098879
 -0.84474   -0.54006    0.01884   -0.50462   -0.8061    -0.092216
 -0.01302   -0.17006   -0.75695    0.26679   -0.40545    0.37281
  0.020303   0.96924    1.2831    -0.14451    0.60502    0.09117
 -0.6187    -0.7679     0.0077795 -0.068675   0.4323     0.14048
 -0.10475   -0.43854   -0.098771  -0.040856  -0.52824   -0.10927
 -0.32867   -0.18923    0.42788    0.45246    0.44213   -0.77324
 -1.0054    -0.84517   -0.17971   -0.61292    0.83359   -0.19732
 -0.14978   -0.074397  -0.019457  -1.2129    -0.33059   -0.57813
  0.39878   -0.21724   -0.15856    0.58582    0.5412    -0.49805
  1.6545    -0.24504    0.17021   -0.20667  ]"
blazed,"[ 0.12645   -0.26368   -0.17634   -0.11529    1.2216     0.41658
  0.59656    0.4098    -0.63951   -0.35881    0.069349   0.50988
  0.2944    -0.47427    0.50936    0.094832   0.33277    0.61146
 -0.74175   -0.42985    0.84167    0.65011   -0.030307   0.282
  0.42083    0.28109   -0.37839    0.50515   -0.88778   -0.78738
 -0.10899    0.093139  -0.40658    0.54178   -0.068484   0.12488
 -0.57624   -0.72259    0.047728   0.82666   -0.65627   -0.01193
  0.15613   -0.19332    0.49359   -0.071852   0.51266    0.68626
  0.67786    0.092654   0.14152    0.465     -0.43072    0.97616
  0.30243   -0.28078    0.060862   1.0994    -0.12162    0.08269
  0.083999  -0.0023083  0.59169    0.40534   -0.34227    0.54527
  0.51923   -0.69139   -0.19437   -0.70216   -0.091417   0.54648
  0.61165   -0.33003   -0.074034  -0.82538    0.21882   -0.098744
 -0.21582   -0.67771   -0.031118   0.27994   -0.015609  -0.084421
  0.60914    0.017508   0.17105    0.026328  -0.60398    0.25905
  0.013982   0.15424   -0.96113    0.084954  -0.49356   -0.6728
 -0.25499    0.29942   -0.79351    0.7605   ]"
astrazeneca,"[ 0.90203   -0.43293    0.32437    0.0069782  0.44673   -0.73558
 -0.41838   -0.16266   -0.026212  -0.22805    0.26054   -0.19715
 -0.29573    0.22871   -0.13347    0.20208    0.065821  -0.35439
  0.52191    0.33879    0.57482   -0.90317   -0.36885    1.0512
 -0.29042    0.35762    0.87166   -0.45891   -1.172     -0.59759
  0.17242   -0.10918   -0.46472   -0.12938    0.40531    0.967
 -0.12969    0.36553    0.040049   0.38792    0.077271   0.63605
 -0.2689    -0.47118   -0.39457    1.0461    -0.31325    0.30952
  0.21273   -0.09065    0.14462    0.15868    0.37891    0.20446
 -1.0416     0.040644  -0.55594   -0.048262  -0.26635   -0.4122
  0.95283   -0.54719    0.47492    0.47315   -0.582      0.39517
  0.20088    0.8551     0.162     -0.5455     0.32728    0.5094
 -0.24571    0.16392   -0.47099   -0.43806   -0.037467  -0.53474
 -0.54432    0.053051   0.49281   -0.57579   -0.026274   1.7549
 -0.30789   -1.2296     0.53085   -0.11654   -0.87835    0.30223
 -0.045131  -0.72279   -0.1107    -0.042351   0.81117    0.77774
  0.25539    0.13203    0.5654     0.12503  ]"
congratulating,"[-0.41015  -0.47099   0.38083   0.31617   0.53028   0.92602  -0.28564
 -0.20101  -0.27934  -0.47874  -0.073497 -0.68481   0.085432 -0.51598
  0.00201  -0.13743   0.18566  -0.24883  -0.13735  -0.3948   -0.81821
 -0.2511   -0.67034  -0.13223   0.030608  0.43019  -0.33765   1.2266
  0.81147  -0.11767   0.50321  -0.3504    0.74688   0.049089  0.37362
 -0.023598 -0.52112  -0.037571 -0.66675  -0.15872  -0.11246   0.25102
  0.65279   0.4379   -0.58859   0.20546   0.059505 -0.064061 -0.3791
 -0.25121  -0.054678  0.2026    0.39187   0.49966  -0.78628   0.35315
  0.43046   0.25909  -0.11057  -0.32369  -0.47346  -0.24541  -0.049456
  0.35274  -0.86545   0.77674   0.46581   1.2411   -0.14074  -0.083805
 -0.42753   0.45228  -0.36239  -0.94591  -0.095148  1.0963    0.46176
  0.32187  -0.4342   -0.12257  -0.10051  -0.41658  -0.33277   0.24697
 -0.15185  -0.332    -0.013484  0.24131  -0.68333  -1.0134    0.084699
  0.094026  0.14617   0.063154 -0.44307  -0.42683   0.037855  0.34644
 -0.54019   0.41824 ]"
hendry,"[-0.6355     0.14453    0.7206    -0.23817   -0.001848  -0.14752
  0.37668    0.11501   -0.041362  -1.2379    -0.15843    0.73008
 -0.051223   0.10146    0.1349    -0.01246    0.047105   0.99226
 -0.66096    0.019578   0.24227    0.19093    0.441      0.096018
  0.99849    0.13085    0.30124   -0.098331  -0.31365    0.28998
 -0.36653   -0.016679  -0.1564    -0.20488    0.036427   0.37011
 -0.53564    1.0947    -0.15459   -0.07384   -0.34739   -0.41346
  0.2731     0.47711    0.41796    0.52408    0.44852   -1.1795
  0.1699    -0.16959   -0.16956   -0.65461    0.099038  -0.068001
  0.57475    0.079014   0.30953    0.28544   -0.86011    0.19269
  0.44713   -0.72961   -0.0050251  0.60983   -0.33749   -0.87754
 -0.36028    0.64972   -0.53371   -0.14718   -0.42035    0.94737
 -0.15354   -0.75167    0.39269   -0.63765    0.0046913 -0.13988
 -0.018748   0.43374    0.32656    0.015069  -0.23519   -0.0039848
  0.4657    -0.16098   -0.79432    0.33123   -0.099904   0.42864
  0.086936   0.31845   -0.23651    0.17444    0.041747  -0.002872
  0.18765    0.04412   -0.41772   -0.49245  ]"
arrowhead,"[-0.19221   -0.23392    0.23946    0.002937  -0.7396     0.10891
  0.72091    0.51104   -0.24795   -0.21978   -0.86461   -0.39748
 -0.17321   -0.22951   -0.15924   -0.22425    0.60015    0.41837
 -0.59767   -0.20283   -0.35286    0.22303   -0.36331    0.42685
  0.094313   0.30369   -0.412      0.29993   -0.87104    0.27884
  0.10314   -0.81554    0.55431    0.2023    -0.32723   -0.69598
 -0.058885   0.54845    0.9309    -0.53825    0.6101    -0.32778
 -0.055632  -0.51631   -0.26015    0.68677    0.25435    0.10626
 -0.1023     0.89397   -1.034     -0.2656     0.58262   -0.13335
 -0.10884   -0.58471   -0.12615   -0.23665   -0.44188    0.0021033
 -0.55204    0.43432   -0.0087328  0.67734   -0.76824   -0.43772
 -0.077963  -0.45077    0.064911  -0.098477  -0.17328   -0.39414
 -0.51123   -0.15138    0.21017    0.14675    0.37728    0.75598
 -0.65848    0.81714   -0.11369    0.035117  -0.717     -0.26583
  0.2284     0.67928    0.48539    0.45517    0.2819     0.73938
 -0.17579    0.071539  -0.4405    -0.063415   0.205     -0.2763
 -0.66754    0.63066    0.81093    0.75575  ]"
milled,"[ 7.1242e-02  8.6940e-01 -2.6780e-01 -2.8624e-01 -6.3186e-01  7.9699e-01
 -2.3836e-01  5.2985e-01  5.8088e-02 -2.1924e-01 -4.3920e-01  1.4899e-01
  4.1923e-01 -5.2746e-02  4.1386e-02 -5.0738e-01  2.3490e-01  9.6451e-02
  9.8546e-02 -1.3483e+00  3.3807e-01  7.9257e-01  5.1894e-01 -2.9478e-01
  1.5545e-01 -3.8360e-01  8.2866e-01  7.9634e-01 -1.2045e-01  3.0916e-01
 -9.9601e-02 -1.9822e-01  1.0183e-01  1.7718e-02  4.9755e-01 -1.0491e-03
 -2.4314e-01  3.4325e-01  7.4538e-01  7.8082e-03 -1.2091e-01 -9.0440e-01
  8.9816e-02  4.3618e-01  6.0568e-02 -1.8356e-01 -4.2242e-01  2.7822e-02
  4.4504e-02 -1.1677e-01  3.7518e-01 -8.5691e-02  5.2035e-01  8.2625e-01
 -5.2879e-01  8.3502e-01 -8.9530e-01 -1.0297e-01 -7.1019e-02 -7.9047e-01
  3.0618e-01  8.0212e-01  2.7964e-01  1.7179e-01 -3.4725e-01 -1.1702e+00
  8.4628e-01 -2.9730e-01  2.4298e-01 -4.2143e-01 -5.2666e-02 -1.7847e-01
  1.5516e-01 -9.1759e-02  5.3771e-02  5.4568e-01  5.1933e-01  2.8597e-01
  5.2463e-01  1.2351e-01  3.9227e-01  1.1432e-01 -6.5019e-01 -1.7360e-01
  2.5910e-01 -4.9244e-01  4.6818e-01  4.0278e-01 -6.0218e-01 -2.3945e-02
  1.3201e-01 -1.8001e-01 -8.3764e-01 -6.3277e-01 -5.3321e-01 -6.1742e-01
  2.8330e-01 -7.5711e-03  5.9659e-01  8.0479e-01]"
unseated,"[-0.44371    0.096521  -0.28456   -0.33832    0.77405    0.30956
  0.29839   -0.010179   0.30391   -0.28849   -0.25287    0.49845
  0.19944   -0.66265    0.45301   -0.10829   -0.29808    0.21967
  0.14984   -0.17279    0.34108   -0.46889    0.56164    0.12395
  0.44017   -0.6959    -0.26742   -0.11608    0.22546   -0.034121
  1.4641     0.57012    0.14842   -0.23297   -0.10727    0.44115
 -0.62531   -0.51425   -0.41176   -0.099626  -0.76841   -0.19026
  0.71808   -0.13653    0.26187   -0.030217   0.5939    -0.20977
  0.12331    0.11602   -0.94282   -0.39985    0.54627    0.25115
  0.29853    0.059946   0.24968    0.48325   -0.41821   -0.17671
  0.21189   -0.63114    0.57525    0.3932     0.54303   -0.11355
  0.24114    0.4338    -0.045336   0.2879     0.13561    0.0022503
 -0.97799    0.36532   -0.75153   -0.11024   -0.037893   0.13232
 -0.32784   -0.34855    0.064159  -0.25293   -0.18609    0.14016
  0.64897   -0.34446    0.52739    0.63056   -0.41035   -0.83359
 -0.023477  -0.015664  -0.46762    1.3386     0.032209  -0.44844
  0.10796    0.701     -0.23369   -0.57794  ]"
reprehensible,"[ 0.17849   -0.5278     0.10232   -0.52859   -0.6709     0.3165
  0.019167   0.20989   -0.15507    0.45308   -0.2299     0.062586
 -0.46315   -0.46489    0.13411    0.7076    -1.018      0.75817
 -0.81618    0.72782    0.66842   -0.048583   0.23011   -0.55501
 -0.20788    0.18592   -0.46942    0.63847   -0.25646   -0.28583
  0.32935   -0.19851   -0.37285    0.021114  -0.0015564  0.53046
 -0.33816   -0.25834   -0.13436   -0.26054    0.035057   1.1051
  0.1841     0.26563   -0.52197   -0.10102    0.74953    0.30396
 -0.70462   -0.61614    0.34028    0.23806   -0.0064277 -0.29298
 -0.71652    0.35966    0.94967   -0.016976  -0.034871  -0.20372
 -0.62242   -0.38083    0.32051   -0.49875    0.75068   -0.42048
  0.93782    0.56568    0.3642    -0.67103    0.26887   -1.263
  0.30625    0.41005    0.37113   -0.12247    0.26448    0.5827
 -0.27672   -0.034154  -0.0065306  0.75749    0.22238    0.61937
 -0.74614   -0.03671    0.23154    0.23193    0.047489  -0.89447
 -0.30818   -0.11089    0.33913    0.35822    0.96479    0.13126
 -0.98664   -0.49811   -0.15894    0.31802  ]"
doi,"[-1.0309   -0.44977   0.16765  -0.074435 -0.43007  -0.71398  -1.0428
  0.057064  0.76176   0.086744  0.57693   0.33286   0.042    -0.15374
  0.11712  -0.29253   0.85964  -0.19896  -0.92603  -0.21547   0.84969
  0.28812  -0.57551   1.4521    0.29944  -0.037346  0.27762  -0.34294
  0.53742  -0.27891  -0.30358   0.93745   0.52174   0.98343   0.30748
  0.1106    0.041945  0.076514  0.029866 -0.85386   0.15324  -0.29272
  0.14264   0.6007   -0.65658   0.23481  -0.61874   0.10485  -0.22683
  0.8361    0.20911  -0.4773   -0.3807   -0.016033 -0.35327   0.38022
  0.87435   0.53656  -0.078843  0.26849  -0.43624  -0.37291   0.25552
  0.72938   0.14542   0.16366   0.050659 -0.66352   0.47669   0.4104
  0.034439  0.43654  -0.38365   0.074617 -0.99125   0.3816   -0.57378
  0.18823  -0.13496  -0.21384  -0.54366  -0.71617  -0.17876  -0.7808
  0.05866   0.74593  -0.074253  0.23458  -0.11114  -0.34015   1.6806
  0.38428  -0.15324   1.3765    0.42932  -0.68887  -0.013387 -0.68171
  0.11949  -0.28342 ]"
einhorn,"[ 0.74066   -0.72768    0.53266   -0.59476    0.35953    0.33234
  0.5435     0.40193   -0.11543    0.3914    -0.34667    1.0828
 -0.59547    1.0376     0.34807    0.83355    0.025828  -0.08089
  0.28506   -0.35617    0.094583   0.074448   0.47293   -0.0060328
  0.6293     0.1952     1.0672    -1.0563     0.020316  -0.26366
 -0.28823    0.19069   -0.3144     0.50026   -0.17142    0.71636
  0.50887   -0.54953    0.34248   -0.061272  -0.75864    0.018741
  0.83672    0.37634    0.50891   -0.03822    0.49674   -0.2186
 -0.020594  -0.024323  -0.17538   -0.50994    0.50695   -0.26413
 -0.17059    0.64998   -0.29039   -0.63979    0.074479   0.044478
  0.31383   -0.0092118  0.31089   -0.26056    0.44324   -0.092843
  0.59018    1.0089    -0.52314    0.40043    0.066746  -0.46038
 -0.61281   -0.56078   -0.12697   -0.12896   -0.21244   -0.20446
  0.0678     0.29357    0.53256   -0.03061   -0.14156    0.099216
  0.45853    0.16015    0.58715   -0.088877  -1.0287     0.20284
 -0.079353  -0.93286    0.47138   -0.088148   0.21967   -0.17655
  0.93336   -0.1445    -0.5495     0.31356  ]"
hinton,"[-3.3801e-01 -6.3173e-01 -5.2613e-01 -2.0758e-01 -8.4856e-02 -1.9194e-01
 -6.9258e-02 -1.7041e-01  1.2256e-01 -6.0449e-01  2.2757e-01  3.2436e-01
  2.9516e-01  1.2153e-01  4.0491e-01 -1.0187e-02  1.2269e-01 -1.4295e-01
  7.5973e-02  4.3177e-03 -2.5585e-02 -1.5876e-02  7.4731e-01  2.2686e-01
  1.3647e-01  1.3832e-01  9.1219e-02  1.0941e-01 -4.2073e-01 -9.9475e-02
 -2.0659e-01  1.4328e-01  3.0974e-01 -8.9850e-02  1.9775e-04  4.1163e-01
  4.0939e-02  1.1822e-01  2.7464e-01 -1.0337e-01 -5.5463e-01  4.1077e-01
 -4.6594e-01 -1.4731e-01 -5.2065e-02  8.1967e-01  2.6105e-01 -7.3249e-01
  3.1711e-02  4.8073e-01 -4.9703e-01 -3.9028e-01 -6.1850e-01 -3.2308e-01
  2.0667e-01 -5.2732e-01  1.2012e-01 -6.1628e-01 -8.6314e-01  1.7012e-01
  4.6551e-01  2.1764e-01  1.5472e-01 -5.9497e-02 -3.6840e-01 -9.9161e-01
  6.3482e-01  1.9305e-02 -1.5109e-01  4.5093e-01  3.5315e-03  5.2383e-01
 -1.7323e-01 -4.1125e-01 -2.8012e-01  1.5987e-02  6.0006e-01  4.7648e-02
 -5.7194e-02 -9.4383e-02 -1.5778e-01 -1.3850e-01  3.2721e-01 -1.4082e-01
  4.1724e-01 -2.5489e-01 -1.1613e-02 -3.2299e-01  7.2290e-01 -7.3931e-02
 -5.7464e-01  3.9650e-03  1.3420e-02  2.8154e-01 -5.9676e-02 -2.5724e-01
  2.4103e-01 -5.7197e-01 -5.6441e-01  3.6971e-01]"
lansdowne,"[-0.39114   -0.20817    0.70256    0.37716   -0.7755     0.77028
 -0.26024    0.89832   -0.26891   -0.51359    0.17424    0.092001
 -0.94508   -0.022656  -0.060216   0.54609    0.83059   -0.086919
 -0.12541   -0.33648    0.65431   -0.55336    0.68947   -0.17222
  0.64203   -0.35654    0.17991    0.39653   -0.44151    0.67968
 -0.38372    0.053139   0.52629   -0.0095009  0.2842     0.15152
 -0.6079     0.26666    0.24375   -0.22122    0.13453    0.24579
  0.080069  -0.35022   -0.02501    0.13797    0.37098   -0.12828
  0.15958    0.38249    0.36658   -0.87457   -0.21674   -0.16421
 -0.3641    -0.80076   -0.28334    0.031494  -1.2408    -0.80476
 -0.44821   -0.1154    -0.22897    0.46641   -0.48836    0.29916
 -0.64778    0.18858    0.28536   -0.90444    0.04973   -0.01348
  0.1206    -1.1688    -0.15452   -0.83952    0.55168    0.48434
 -0.67396   -0.50483    0.030473   0.17797    0.30321    0.52087
  0.56512    0.041835  -0.57056   -0.47411   -0.46027    0.37389
 -0.82827   -0.57471    0.047182   0.33549   -0.20904   -0.13196
  0.11474    0.79916    0.70842    0.57059  ]"
rahal,"[-0.07426   -0.74469   -0.073451  -1.1845    -0.52407   -0.54321
  1.1044     0.88844   -0.11151    0.27913    0.52003    0.10699
  0.062613  -0.99345    0.33543   -0.14064    0.29004    0.35232
  0.078915   0.23313    0.1065     0.76692    0.32934    0.017817
  0.82717    0.091199   0.0066316 -0.20007   -0.159     -0.44924
 -0.70771    0.69741   -0.35129    0.39424    0.26086    1.0347
 -0.35393    0.53683    0.13375    0.8436    -0.27806    0.49263
  0.5164     0.12417   -0.54971    0.46761    0.12457   -0.082678
  0.087846  -1.0295    -1.052     -0.353     -0.55905    0.052514
  0.77233    0.095504  -0.47439    0.48823   -0.88576    0.25803
  0.48662   -0.17632    0.96795   -0.40126    0.82495    0.19794
  0.5242     0.83267   -0.20439   -0.0163    -0.14382    0.36312
 -0.40267   -0.44304    0.54797    1.1645     1.084     -0.24901
 -0.29135   -0.12975    0.51964    0.3515    -0.57243   -0.78256
  0.79939    0.71121   -0.3719    -0.053947   0.084521  -0.60161
 -0.83209    0.43323   -0.15041    1.1064    -0.47885   -0.82213
  0.2886     0.15193   -0.14962   -0.51454  ]"
tue,"[-9.4019e-01  5.3065e-01  5.5870e-01 -1.9511e-01  1.7249e-01 -3.6459e-01
 -1.7696e-01  9.0232e-01 -9.0390e-01  5.5057e-01 -1.4779e-01  3.9386e-01
 -7.4193e-01  4.2318e-01  1.9733e+00 -1.8902e-01  7.9482e-02 -5.0165e-01
 -6.8524e-01  5.7646e-01 -2.7644e-01  1.3796e+00 -6.5784e-01  9.0648e-01
  4.8940e-02  1.4814e+00 -2.0337e-02 -2.9045e-01 -1.0310e+00 -1.0407e+00
  3.5593e-01 -2.6121e-01 -5.6414e-01 -1.6827e+00  3.9970e-01 -1.0230e+00
  1.0202e+00  1.3347e-01  8.3210e-01 -2.2833e-01  2.8451e-01 -5.3599e-01
  4.6687e-01 -7.9225e-02 -4.1843e-01 -7.8359e-01 -7.6474e-01  3.5083e-01
  1.3184e+00 -2.1294e-01 -3.8210e-02 -4.1865e-01 -8.9159e-01 -7.1214e-04
 -5.5254e-01 -8.5059e-01  4.4385e-01  6.5660e-01 -9.4253e-02 -1.6718e-01
 -1.5369e-01  3.7757e-01  1.1536e-01 -5.5053e-01 -5.8211e-01 -9.1254e-01
  4.5039e-01 -7.9956e-01 -4.6671e-01 -4.8247e-02 -1.0637e+00  1.5506e-02
 -6.3488e-01 -9.1357e-02 -5.5818e-01 -7.1344e-01  3.8951e-01 -1.5945e-01
  5.4884e-02 -1.1256e+00  3.3720e-01 -1.4959e+00 -4.1721e-01 -8.9279e-01
  1.2974e+00 -2.8236e-01  9.4426e-01 -3.4611e-01  1.1095e+00  8.1617e-01
  3.4819e-01  1.0289e+00  6.4568e-01  9.8058e-01  2.0605e-01 -4.8746e-01
  6.9906e-01 -8.3689e-02  2.5745e-01  6.8040e-02]"
revitalized,"[ 2.2794e-02  1.5403e-01  2.0084e-01 -6.0340e-02  3.2783e-01  1.8973e-01
  1.1157e-02  4.8773e-03  5.2852e-01  3.5451e-01 -6.3148e-01  2.2485e-01
  2.3054e-01 -8.7700e-01 -1.8528e-01  9.3946e-02  3.2092e-01  1.4963e-01
  9.6123e-02 -3.9707e-01  1.0552e-01  1.7594e-01 -2.3966e-01 -9.6448e-02
  2.3535e-01 -3.1002e-01  1.1436e-02 -3.0119e-01 -5.7092e-01  1.9418e-01
 -2.4124e-01  6.1698e-01  9.1933e-03  1.3724e-01 -3.5601e-01  1.3744e-04
 -1.3469e-01 -3.1966e-01 -3.6258e-01 -2.2862e-01  3.4283e-01 -3.3220e-01
  4.0611e-01  7.9670e-01  5.5659e-01  4.5326e-01  7.3470e-01  5.3947e-01
  4.9017e-01 -4.9926e-02 -7.9180e-01  2.1783e-01 -2.8716e-01 -3.4552e-01
  1.1921e-01 -2.8802e-01  4.8388e-02  7.7724e-02 -3.7003e-01 -1.5209e-01
 -1.3399e-01  3.8605e-01 -1.7682e-01  9.1589e-02 -3.7094e-01  2.1476e-01
  1.3428e-01  1.7408e-02  1.7898e-01 -5.0427e-02  1.1265e+00  1.6501e-01
 -4.9763e-01 -3.4825e-01 -3.6066e-02 -6.8955e-01 -1.7612e-01  1.5978e-01
 -8.4959e-02 -3.5190e-01 -5.6158e-01  2.7404e-01 -2.3631e-01  7.4817e-01
 -2.9428e-01  3.3694e-01  5.5173e-03  3.4152e-01 -8.9115e-01 -3.6995e-01
 -1.3820e-02 -3.4326e-01 -4.3149e-01  2.2512e-01 -6.8182e-02 -4.0124e-01
  3.5932e-01  2.8928e-01  2.0862e-01  5.7659e-01]"
provenance,"[ 0.42906    0.34937    0.56677    0.17087   -0.42191   -0.10655
  0.18919   -0.81184    0.43326    0.27517    0.17858    0.99431
  1.022     -0.18556   -0.12365    0.12561    0.74328   -0.14834
  0.76963    0.30554   -0.72114   -0.11805   -0.011613  -0.52042
  0.14905   -0.3905     0.32144   -0.12719   -0.5463    -0.90026
 -0.2291    -0.8673    -0.58876   -0.12058   -0.26564   -0.10961
 -0.18493   -0.11547   -0.19162   -0.69699    0.46017   -0.03619
  0.032712   0.19122   -0.17899   -0.38638    0.58136   -0.14434
 -0.0053144 -0.18056    0.92621    0.63961    0.0089892  0.069832
 -0.20946    0.090456  -0.037198  -0.53842   -0.0075111  0.33366
 -0.3681     0.64772    0.31242    0.20699    0.64514   -0.54941
  0.15763   -0.52621    0.075863  -0.40481   -0.59809    0.29591
  0.46817   -0.080791   0.042785  -0.65124   -0.15098   -0.57055
 -0.82328   -0.076514  -0.13126   -0.095525   0.34439   -0.21598
  0.14342   -0.021942   0.12645    0.012977  -0.33297   -0.15463
 -0.32026    0.072078   0.79229   -0.30181   -0.15869   -0.034049
 -0.52341   -0.6594    -0.22001    0.42191  ]"
marsalis,"[ 0.20786   0.37472   0.9657   -0.38792   0.73421   0.151     0.38094
 -0.17687  -0.4091   -0.69213  -0.35486   0.017453 -0.36659  -0.34214
 -0.10086  -0.031025  0.46493  -0.036993  0.074965  0.022532 -0.30142
 -0.75431  -0.30333  -0.53489   0.60097   0.132    -0.65395  -0.046529
  0.048308  0.25723  -0.38542   0.20174  -0.25499   1.1308   -0.88759
 -0.80231   1.046     0.80468  -0.044047 -0.90056   0.41481   0.16813
  0.42065   0.068507 -0.30684   0.14451  -0.11373  -0.50693   0.19318
 -0.31891  -0.34044  -0.75804  -0.39083  -1.0629    0.1722    0.086735
  0.53663  -0.59059  -0.85885   0.60365   0.1985    1.4241    0.1497
 -0.49513  -0.28224  -0.40862   0.45009   0.37946  -0.015933  0.24282
 -1.0587   -0.26009  -0.30103   0.037879 -0.48465  -1.0412   -0.2432
  0.065378  0.61629  -0.90253   0.14695   0.33359   0.11102  -0.29649
  0.20578   0.5863    0.13067  -0.33907  -1.1318    0.010471 -0.55913
 -0.45299   0.06767  -0.23034  -0.1869   -0.12786   0.012122 -0.32099
  0.19983   0.503   ]"
plano,"[-0.075395  -0.45082   -0.085319  -0.6285     0.23886    0.31535
  0.83314    0.76892    0.15808    1.0458    -0.0079948 -0.65054
  0.16722   -0.019125  -0.025989  -0.049538  -0.077535  -0.067669
  0.09169    0.12181   -0.21106   -0.34275    0.20438    0.59748
 -0.24529   -0.057331   0.05867   -0.93356   -0.93759    0.35512
  0.15435   -0.55293   -0.68833    0.82226    0.094397  -0.39251
  0.48879    0.075654   1.0368    -0.048275   0.1126    -0.0036507
 -0.78672   -0.49556   -0.40423    0.16895    0.58245    0.20447
 -0.12578    0.27602   -0.53464   -0.28989    0.42468   -1.2111
 -0.29373   -0.044616  -0.073058  -0.68452    0.053354   0.065206
 -0.39426   -0.55454    0.3202    -0.75643   -0.62113   -0.25696
  0.91078    0.60068   -0.28874    0.72031    0.33411    0.43738
 -0.51602   -0.28147    0.17297   -0.24468    0.7845    -0.20506
  0.078936  -0.25845   -0.070075   0.13125   -0.43287    0.70597
  0.34616    0.050608  -0.18826   -0.19101    0.42723   -0.58777
 -0.7284     0.59171    0.14814    0.52951   -0.75338   -0.27479
  0.52168   -0.052209   0.32392    0.45136  ]"
pinched,"[-0.025443 -0.098713  0.60228  -0.61507   0.17038  -0.22809  -0.95139
  0.24659   0.29148  -0.22358  -0.43141   0.21198   0.66022   0.40803
  0.20943   0.36122  -0.8692    0.021816  0.41026  -0.44996   0.31836
 -0.12878  -0.12312   0.59686   0.58385   0.060941 -0.45236  -0.24171
  0.041007  0.08375   0.81829   0.30557   0.10256  -0.39008  -0.096095
  0.097457 -0.50853   0.18183   0.069031  0.20124   0.62262  -0.56387
  0.081471  0.077746 -0.24125   0.17196   0.85002   0.41987   0.58369
  0.23015  -0.64549   0.12473  -0.15675   0.10972  -0.30145  -0.012331
  0.60306  -0.25235  -0.33333  -0.13085   1.1135    0.65698  -0.88402
  0.088328 -0.77068  -0.29447   0.71378  -0.50341   0.25137  -0.49696
  0.23377   0.38748   0.23058   0.050028  0.098982  0.19748   0.10163
  0.13464   0.17799  -0.11692  -0.094008  0.37215  -0.86695   0.55168
 -0.4957   -0.72427  -0.036212  0.61449  -0.95893  -0.68581  -0.61473
  0.12345  -0.12981  -0.57597   0.14273   0.043169  0.95579   0.44123
 -0.067631  0.010289]"
winslet,"[ 3.9421e-01  6.6215e-01  5.7182e-01 -4.4431e-01  3.6676e-01 -1.0300e-02
 -2.2593e-01  6.8042e-03 -4.0617e-04 -6.3457e-01  1.6769e-01 -9.7234e-02
 -4.5401e-01  4.5400e-01  3.3643e-01 -2.0991e-01  9.8542e-01  1.7124e-01
  8.2416e-01  1.0889e+00  3.4809e-01 -7.8429e-01  3.0695e-01  3.0250e-02
  9.0092e-01  3.5821e-01 -1.1096e+00 -1.1074e+00 -1.4972e-01 -9.0780e-01
 -1.5591e-01 -2.3737e-01 -4.5045e-02  2.0289e-02  8.9058e-01 -1.7615e-01
  1.0626e+00  5.9351e-01 -1.0536e-01  9.3264e-01  1.5281e-02  4.6948e-01
 -1.1633e-01  3.1190e-01 -2.7952e-02  2.0819e-01 -5.7930e-01 -3.6525e-01
  2.8321e-01  7.3915e-01  5.9843e-01 -5.1739e-01  4.1553e-01  8.8121e-01
 -1.5479e-01 -6.8385e-02  3.9828e-01  4.7882e-01 -8.7210e-01 -4.9053e-02
 -5.2826e-01  7.6696e-01 -9.1333e-01  4.0479e-01 -2.9775e-01  2.3384e-01
  5.0794e-01  4.1910e-01  1.5901e-01  5.1498e-01  8.5498e-01 -1.0349e-02
  9.2860e-02 -7.6068e-02 -2.4690e-01 -3.6275e-01  2.2373e-01 -2.2442e-01
 -4.4237e-02 -5.3659e-01 -9.0231e-01 -2.2279e-02  7.5425e-01  1.1615e-01
 -4.0054e-01 -4.9344e-01  1.1301e-01  7.3040e-01 -5.2272e-01 -3.1261e-01
  9.9028e-02  2.1948e-02  3.0141e-01  4.5125e-02  5.1589e-01  2.7161e-01
  6.4260e-02  3.7246e-01 -6.9755e-01  7.2785e-01]"
dara,"[-0.54763   -0.27365   -0.034455  -0.39737    0.53241    0.014845
 -0.62706   -0.069984   0.5851     0.021757  -0.12119    0.77377
 -0.055269  -0.79603    0.18656   -0.79065   -0.092059  -0.30706
 -0.56477    0.53559    0.24217    0.19793    0.58637    0.67055
 -0.56501    0.078303   0.13244   -1.081     -0.40876   -0.60615
 -0.97537   -0.52832    0.23173    0.10058    0.53821   -0.3375
 -0.20881    0.59461    0.08892    0.018248  -0.64043    0.28506
  0.37526    0.070576  -0.20331   -0.08324   -0.41129   -0.43939
  0.27956   -0.0053467 -0.96634    0.47463    0.06789   -0.098955
 -0.50909    0.12988   -0.22877    0.46516   -0.82894    0.17601
  0.25483    0.71263    0.57556    0.80756    0.053481   0.029265
  0.22732   -0.20642    0.016744   0.69994    0.0023618 -0.097773
  0.05935   -0.82773    0.46969    0.32622   -0.28005   -0.33955
 -0.40435    0.19266   -0.12653   -1.0431     0.48794   -0.59799
  0.45519    0.47189   -0.39744    0.32648    0.53335    0.42722
 -0.11881    0.53516    1.048      0.32322    0.80028    0.18219
  0.16146   -0.16669   -0.38589   -0.33717  ]"
kitten,"[ 4.0426e-01  3.4333e-01  5.2827e-01 -1.3720e+00 -8.3427e-01  4.0149e-01
 -2.4264e-01  2.1031e-01  3.9864e-01  1.1325e-01 -1.7185e-01 -3.3623e-04
  2.7276e-01  2.8304e-01  4.7282e-01  6.3091e-01  2.8343e-01  5.9559e-01
  3.3465e-01 -1.9396e-01  1.8381e-01  3.4475e-01 -4.2357e-01  1.0097e-01
 -8.7075e-03  1.0592e+00 -4.2209e-01 -3.3987e-02 -5.7889e-01 -3.2845e-02
  1.5716e-01 -1.8543e-01  1.5193e-01  5.3179e-01  4.4770e-01  4.3272e-01
  6.1678e-02 -1.5050e-01  4.0444e-01 -5.6810e-01 -1.1688e-01  3.5196e-01
 -8.5246e-02 -2.7122e-01 -5.6367e-01  2.3651e-01 -2.4863e-01  4.0010e-01
  5.5024e-01  4.6702e-01 -6.7697e-01  6.1511e-02  1.4481e-01  3.6518e-01
 -8.6856e-02 -4.4492e-01 -4.7911e-01  6.6879e-02 -4.3191e-01 -3.5856e-01
  1.0042e+00  3.6779e-01 -2.5936e-01  1.4426e-01 -1.3840e-02  4.9649e-01
  2.9907e-01  1.1857e-01  3.1049e-01 -1.3303e-01 -4.2503e-02 -9.5625e-02
 -2.6158e-01  5.3504e-01 -3.3216e-01  7.7520e-01 -3.1945e-01 -8.8555e-01
 -1.8871e-01 -4.8200e-01 -7.9324e-01 -7.4286e-02  8.0362e-01  4.1324e-01
  1.7047e-02 -4.2622e-01  7.0535e-01  1.8440e-01  2.0241e-02 -2.7551e-01
 -1.1603e-01  3.0603e-01  2.7544e-01  2.8506e-01  4.3701e-01 -5.6953e-01
 -8.4232e-01  2.0875e-02  4.0783e-02 -5.6058e-01]"
radioed,"[ 1.7973e-01 -1.3555e+00  4.5600e-01 -4.6512e-01 -5.2329e-01 -1.7991e-01
 -4.1729e-01 -1.5478e-01  1.6051e-01  1.5103e-01  7.8806e-01  4.9557e-01
  1.5334e-01 -6.4444e-01  5.6713e-02 -6.2136e-01 -2.3739e-01  8.4252e-02
 -5.4944e-01 -4.0857e-01 -3.5696e-01  4.1516e-01 -2.4395e-01 -6.7711e-01
  1.1837e-02 -2.1787e-03 -5.1387e-01  8.6154e-01  5.5941e-01 -3.7754e-01
 -6.3910e-01 -2.3861e-01 -6.0243e-01  8.4001e-01 -3.3324e-01 -1.5040e-01
 -9.7157e-03  3.7855e-01  1.4951e+00 -3.2263e-01 -7.7909e-01  3.8482e-01
  1.9377e-02  8.9693e-02 -3.0733e-05  9.0794e-01 -6.7467e-01 -2.1335e-01
  6.4646e-01  4.1019e-01  7.2506e-02  6.2311e-01 -4.3514e-01  6.1235e-01
  5.3509e-01 -2.8536e-01  9.9838e-02  1.2834e-01  1.3068e-01  3.4772e-01
  4.2306e-02  2.3086e-01 -1.7946e-01  1.4382e-01 -7.6973e-01 -5.5743e-01
 -4.0415e-01 -5.0189e-02 -6.0552e-01  7.0482e-01 -4.5977e-01  2.9880e-01
  5.3621e-01 -8.5866e-01  5.3645e-01  5.8589e-01  5.3662e-02  4.8050e-01
 -5.2470e-01  3.6026e-01 -6.1509e-01 -4.7939e-01 -7.3193e-01 -7.9498e-02
 -4.9117e-01  1.7763e-01  1.4313e+00 -2.6617e-02 -5.5754e-01 -1.4656e-01
  9.9310e-02  4.9342e-01  2.8921e-01  3.0064e-01  2.2641e-01  8.0516e-02
  1.7953e-01  2.3003e-01 -9.6180e-01  6.9521e-01]"
1.79,"[ 0.9918     0.66978    0.47583    0.011452   0.059531  -0.20223
  0.20201    0.051164   0.39322    0.38863    0.29494   -0.14114
 -0.84173   -0.37377    0.42555   -0.39864   -1.0306    -0.44046
  0.27439    0.42584    0.47288   -0.40073   -0.09706    0.62729
  0.8753    -0.66058    0.21922    0.52612   -0.12081   -1.0383
 -0.36571   -0.36773   -0.046328  -0.080033   0.030667   0.68003
  0.29914    0.061085  -0.10194    0.80088    0.046327  -0.91488
 -0.46803    0.076029  -0.81122    0.21124   -0.42725    0.25176
 -0.60811   -1.1226    -0.22      -0.22179    1.2316    -0.22109
 -1.0563     0.59736   -0.066828  -0.21616    0.61079    0.082399
  0.19249   -0.55929   -0.58637    0.47431   -1.1839    -0.57112
  0.020925  -0.28891    0.58609    0.041549  -0.7259     0.065211
 -0.35697    0.49141   -0.6856    -0.0085225 -0.54386    0.15541
 -0.44241    0.26567   -0.82862    0.33531    0.070997   0.86688
  0.37421    0.15392    0.15041    0.70662    0.35087    0.11196
 -0.41694    0.64763   -0.049499  -0.60001   -0.40189   -0.13734
 -0.48797   -0.061696  -0.10293   -0.40862  ]"
razavi,"[ 1.2675    -0.43896    1.4368    -0.11502    0.9766    -0.1214
 -0.75294    0.89154    1.3798     0.54849   -1.0969     0.17666
  0.75274    0.86533    0.21409   -0.039137  -0.33432   -0.35988
  0.54639   -0.82275    1.2095    -0.60241    1.0864    -0.40864
 -1.4612     0.84843    1.4731     1.4441     0.262      0.16027
  0.5421     0.08183    0.2547     0.74527   -0.80375   -2.4628
 -0.39696    0.46147    0.44779   -1.9061     1.2453    -0.26292
 -0.76509   -1.31      -0.17457   -0.93473    1.6429    -1.4926
 -0.69002   -1.2786    -0.25252    0.19601    0.48123   -0.85024
 -1.7143     0.0025202 -0.25669   -0.33049   -1.1553     0.95637
  0.23651   -1.4819     1.9119     0.14598    0.24346   -0.30755
  0.28706    0.78609    0.11417    0.71309    0.10261    1.7788
  0.14013   -0.28109    0.13714    0.71724    0.44894    0.075825
  1.0726    -0.60385   -0.77925    0.19542   -0.78902   -1.5546
  0.31401    0.83885   -0.38923    0.86192    0.058972   0.54019
  0.46098    1.1466     1.5413     0.23192    0.15978    0.26825
 -0.37163    0.6025     1.0255    -0.89617  ]"
rotates,"[-5.8274e-01  7.9868e-01  8.2198e-01  2.4540e-01  4.0405e-01  6.7283e-01
  3.3665e-02  9.8220e-01  1.9676e-01 -6.3354e-01 -2.2997e-01 -3.7022e-01
  1.0325e+00 -2.1844e-01  2.2381e-01 -4.8293e-01 -8.9026e-02  4.1560e-03
  4.5668e-01 -1.1214e+00  1.9905e-01 -4.2618e-01 -1.1211e+00  3.4009e-02
  1.0548e+00 -3.6744e-01 -1.7083e-01  3.6805e-01  1.0606e+00 -4.1406e-01
 -7.9977e-02  7.2758e-01 -1.8584e-01 -3.4097e-01 -5.4332e-01  5.6539e-01
  1.4291e-01 -6.5583e-01 -5.8899e-01 -5.8062e-01 -6.9827e-01  5.1678e-01
  4.1694e-01  1.6264e-01 -9.2058e-01 -5.9893e-02 -1.2152e-01 -2.2886e-01
 -9.3774e-02  2.2475e-01 -2.2444e-01 -3.0010e-01 -1.5776e-01  9.7180e-01
  1.2352e-02  5.6166e-03 -1.0845e-03  2.7041e-01  3.1761e-01 -9.3391e-03
  2.0046e-01  3.9775e-01  5.2617e-01  5.3513e-01 -4.8598e-01  3.8297e-01
 -1.8264e-01  9.3386e-02  1.1112e+00  6.1998e-01  6.5306e-01 -3.6825e-01
  4.2367e-01  3.3088e-01  6.0761e-01 -1.2117e+00 -2.7992e-01 -9.0085e-01
  8.8137e-01  2.9548e-01 -9.6441e-04  1.5782e-01 -6.8995e-01 -5.2316e-02
  7.6355e-01 -1.2636e-01  6.9863e-01 -5.2187e-01  7.6981e-01 -5.5883e-01
 -3.4921e-01  1.2463e+00  9.2451e-02  1.9756e-01  4.9799e-01  2.5528e-01
  3.3131e-01 -2.8675e-01  7.7555e-01  2.4986e-01]"
bruin,"[ 0.34591   -0.14839    0.074891  -0.58757   -0.80385    0.79023
  0.68807   -0.24629   -0.34424    0.20762   -0.019309   1.0006
 -0.32372    0.39204    0.13172   -0.33538   -0.33784   -0.011566
 -0.28614   -0.23571    0.19119    0.56653   -1.5671     0.63768
 -0.042882  -0.46522   -0.56116   -0.9381    -0.076083   0.0030762
 -0.49988   -0.30579   -0.20524    0.73342    0.3492    -0.57953
  0.029141   0.50293   -0.032375  -0.78557   -0.01577    0.38909
 -0.15213   -0.14145   -0.1122     0.68536   -0.042008  -0.66772
 -0.05886    0.75475    0.32261   -0.47348   -0.78908   -0.76083
 -0.061275  -0.21896   -0.41902    0.69807   -0.016619   0.018712
 -0.50877   -0.74816   -0.41084   -0.094804   0.63985   -0.29769
  1.018      0.64073    0.037917   0.8795     0.94094   -0.38307
  0.13893    0.15377    0.033081   0.046846  -0.51882   -0.11664
 -0.032223   0.29574   -0.24686   -0.33645    0.78664   -0.43469
  0.36232   -0.53473    0.50018    0.80802    0.60388   -0.36363
 -0.25776   -0.0079332  0.33858    0.23208    0.10955   -0.11186
 -0.70143    0.16334   -0.24624   -0.015678 ]"
issuer,"[ 0.24612  -0.42441   0.60916   0.39879  -0.024334  0.41531  -0.54648
 -0.833     0.41726   0.07123  -0.30751   0.7581   -0.086489 -0.36727
 -0.1652    0.25296   0.8803    0.35816   0.77899  -0.25981  -1.1728
  0.31153  -0.59579   0.66863   0.34029  -0.030322 -0.013393  0.12764
  0.1103   -0.2669    0.61693   0.72155  -0.29973   0.62668   0.53153
 -0.10198   0.43662  -0.36303   0.48826  -1.0206    1.3542   -0.088122
 -0.40163   0.045515 -0.15766  -0.05015   0.59546  -0.18697  -0.49311
 -0.35132  -0.67298   0.16481  -0.068837 -0.21172   0.1125   -0.11657
  0.25365  -0.55406   0.8232    0.60681   0.32866  -0.78796   0.3541
  0.46076  -0.16956  -0.67539  -0.12485   0.44961   0.67619  -0.027763
 -0.93273  -0.1131   -0.17584   0.099597  0.52693   0.50758  -0.66491
 -0.55936  -0.94838  -0.61944   0.64976  -0.33177  -0.76428  -0.04089
 -0.20214  -0.73423  -1.1062   -0.31181   0.75344  -0.63854  -0.6802
  1.7302    0.12443  -0.86982   0.2112    0.59546   1.417    -0.38571
 -0.50939  -0.062683]"
tod,"[ 0.26077  -0.89089  -0.57524  -0.6725   -0.81737   0.056465  0.15921
 -0.055848  0.39654  -0.2143   -0.33762   0.15309  -0.43556   0.43877
  0.087434  0.029548  0.66859   0.3581   -0.42183  -0.03817   0.17434
 -0.17859  -0.28072   0.26021   0.33358   0.19891   0.051368 -0.31028
 -0.090397  0.37847  -0.56227  -0.23994  -0.09914   0.15087  -0.065942
  0.53738   0.71821   0.177    -0.024387  0.55778   0.2271   -0.20597
 -0.63455   0.99866  -0.67691   0.39183  -0.49438  -0.12621  -0.73563
  0.58339   0.49928  -0.62794  -0.22444  -0.73302  -0.54159  -0.14028
 -0.22998   0.56098  -0.4058   -0.16476   0.82527  -0.22083  -0.23665
  0.92005   0.13247  -0.63785   0.18007   0.71338   0.86314  -0.050701
 -0.010515 -0.45096  -0.36472  -0.24787   0.22111  -0.32278  -0.33904
  0.063048 -0.1288    0.47112   0.086671 -0.15671  -0.035208  0.22041
 -0.2016   -0.2864   -0.92146  -0.52778  -0.38544   0.36323   0.29794
 -0.13971  -0.36741   0.59316   0.69451  -0.45611   0.43771  -0.31724
 -0.50757  -0.30546 ]"
gondola,"[ 0.44353   -0.15581    0.42618    0.57294   -0.18195   -0.36137
 -0.38311    0.92683    0.31476   -0.065965   0.3475     0.35802
 -0.27887   -0.3409     0.11299    0.047688   0.0029427  0.036852
 -0.14178   -0.066373  -0.25007    0.46881   -0.23439   -0.3724
  0.69974   -0.039928  -0.65751    1.0523    -0.088581  -0.63992
  0.60848    0.15574    0.050926  -0.0056388  0.50498    0.7832
  0.18273    0.097558   0.67738    0.033874   0.33207   -0.012341
  0.45304   -0.29721    0.36924    0.78877    0.43496   -0.41173
  0.74456    0.77809   -1.1456     0.55932   -0.15826    0.4928
 -0.042847  -0.54443    0.58275    0.94925    0.92081    0.12522
  0.40243    0.52129    0.80184    0.25866   -0.95876    0.34946
 -0.36333   -0.63934   -0.34699   -0.50038   -0.13068   -0.64561
  0.95045    0.64462    0.47164    0.36031    0.9114     0.60365
  0.29509   -0.78504   -0.41968   -0.42711    0.096109   0.27657
  0.67576   -0.46201    0.23663    0.51122    0.24578   -0.13887
  0.033381   0.092764   0.028846  -0.36117    0.57622   -0.57056
  0.49114   -0.39063    0.066932  -0.6944   ]"
ramírez,"[ 0.32393   -0.38605   -0.96213   -0.41484    0.3466    -0.14522
 -0.16076   -0.21778    0.049841  -0.20092    0.45337    0.087063
  0.2473    -0.21015    0.78174    0.31583    0.04592    1.1702
  0.62678    0.12953   -0.71178   -0.90317    0.43963    0.90585
  0.30793    0.34341    0.098792  -0.39221    0.83958    0.25123
 -0.43844   -0.13039    1.1495     0.43744   -0.030768   0.38765
 -0.16702    0.06979    0.29977    0.2462     1.0647    -0.040855
  0.44259   -0.46664    0.042941  -0.25591    0.31622   -0.18463
 -0.23316    0.54343   -0.49463    0.54175   -0.30581    0.20185
 -0.766      0.1971    -0.069405   0.092597  -0.70668    0.99351
  0.24222    0.21715   -0.5323    -0.21913    0.40118   -0.24438
  0.32049   -0.46101   -0.40313    0.10212   -0.037212   0.1416
 -0.3948    -0.5788    -0.0046593  0.27557   -0.89494   -0.030129
 -0.65326    0.52953    0.035732   0.1387    -0.61624   -0.21901
  0.53168    0.020169  -0.60715   -0.23917   -0.086799  -0.95854
 -0.68446   -0.55283   -0.50274   -0.35945   -0.15735    0.64768
 -0.71138    0.34229   -0.67751   -0.13602  ]"
eisenberg,"[ 0.12968   -0.54964   -0.44425   -0.43948    0.084428  -0.30367
  0.09277    0.24456   -0.058517  -0.39012    0.6017    -0.35733
  0.28018    0.26227    0.85911    0.21459    0.28799   -0.30319
  0.15542    0.71641    0.56699   -0.12019    0.4076     0.48565
 -0.0064077  0.40991    0.5528    -0.95916   -0.1085     0.076849
  0.11465    0.50851    0.12588    0.11867   -0.22137   -0.49113
  0.64951    0.23718    0.33022    0.48933   -0.34629    0.65217
 -0.11568    0.40298   -0.18364    0.012371   0.14049    0.11232
  0.51702    0.47063    0.30144   -0.63942    0.25973   -0.026349
 -0.27693    0.30752    0.06308   -0.019311  -0.74179   -0.34485
  0.20159    0.41212    0.15209   -0.081503  -0.096167  -0.16951
  0.88888    1.0174    -0.10443   -0.082386   0.47145   -0.33234
 -0.039318  -0.70339   -0.017399  -0.3272    -0.38269   -0.3396
 -0.042877   0.064793  -0.091432  -0.25604    0.25556   -0.36891
  0.33756    0.0054858  0.61598   -0.44568   -0.37993   -0.3389
  0.78494   -0.36005    0.44882   -0.10978    0.39692    0.080856
  0.60278    0.073877  -0.02675    0.8518   ]"
basements,"[ 0.51487   0.7811    0.056533 -0.18998  -0.003244  1.0376   -0.57265
  0.57962   0.78537   0.68993   0.55761   0.046024  0.15517   0.45041
 -0.06486  -0.46955  -0.83269   0.40017  -0.49671  -0.39722  -0.45562
  1.485     0.7765   -0.295    -0.38107  -0.93975  -0.3181    0.3657
 -0.46744   0.27391   0.53569  -1.3205   -0.67836   0.52368  -0.33324
  0.85638   0.019317 -0.31546   0.57682   0.079113  0.42798  -0.021804
 -0.44964   0.018105  0.64939  -0.096905 -0.23209   0.11232   0.69134
 -0.28028  -0.61834  -0.047696 -0.42866   0.23756   0.043163 -0.14457
  0.76899  -0.64442  -0.13683   0.23028  -0.59409   0.76565   0.41167
  0.52748   0.14725  -0.25392   1.126    -0.40171   0.28097  -1.1694
 -0.40922  -0.59817   0.37898  -0.55737   0.13232   0.1919    0.45442
 -0.14209  -0.12237   0.28822   0.18708   0.6677   -0.79534   0.819
 -0.12186   0.63667   0.10992   0.14954  -0.28361   0.8538    0.60427
  0.30448   0.4634    0.39727  -0.21589  -0.24106   0.18143   0.35945
 -0.18919   0.022555]"
leavenworth,"[ 4.3366e-01  1.5162e-01 -3.6937e-02 -2.8462e-01  1.8485e-01  9.8907e-01
 -2.0069e-01  3.4676e-01 -5.3883e-01  2.1610e-01 -9.4088e-02 -1.7953e-01
 -7.2827e-01  4.9451e-01 -8.5223e-02  2.3688e-01  6.9594e-01 -6.9288e-02
 -1.0772e+00 -9.7588e-01  1.1527e-01  1.4126e-01 -2.8796e-01  3.9426e-02
 -7.7419e-01  1.8641e-01 -2.0376e-01 -1.1827e+00 -3.4334e-01  5.1019e-01
  4.5912e-02 -8.1117e-01  3.4331e-01 -3.3948e-01 -4.2903e-01  6.5363e-01
 -7.5320e-01 -5.2047e-01  2.5198e-01 -1.4577e-01  6.8982e-01 -1.2306e-01
 -4.1981e-02  4.1327e-02  4.1219e-01  6.6066e-01  9.2119e-01 -1.0958e+00
  2.7926e-01  6.0893e-01  3.6043e-01 -6.7915e-01  7.8323e-01 -1.2052e-01
  3.0802e-01  6.0636e-01  7.2690e-01 -1.4408e+00  1.7995e-01  4.2844e-01
 -2.0994e-01  1.2472e-01 -2.0285e-03 -2.2049e-02 -6.9535e-01 -4.7137e-01
  2.7290e-01 -1.7212e-01  5.3669e-03  1.6755e+00  4.5762e-01 -4.5102e-01
 -5.1058e-01 -6.9342e-01  3.8412e-01  3.0332e-01  8.2706e-01  4.1161e-02
 -4.2054e-01  1.2718e-01 -8.4553e-01  2.0131e-01 -7.8510e-01  2.0024e-01
  8.3251e-02  3.7341e-01  1.4179e+00 -3.5890e-01  2.2032e-02  9.3267e-02
 -5.4619e-01 -5.9843e-01 -7.9065e-04  5.4451e-01 -6.9611e-01 -2.9970e-01
  1.1085e+00 -5.7598e-01 -1.2563e-01  1.8832e-01]"
b-sides,"[-1.0803e+00  4.0972e-03  6.6114e-01 -7.1648e-01  1.5980e+00  7.0457e-02
  2.7686e-01  5.1121e-01  5.0271e-01 -5.9076e-01  1.4026e+00  5.6827e-01
  1.1840e-01  5.8663e-01  8.8686e-01  7.6627e-01  2.1017e-01  7.6105e-02
 -1.6684e-01  6.0137e-01  1.0475e+00 -2.8601e-01 -2.3845e-02  2.9530e-01
 -2.8159e-02 -3.7965e-01  2.4497e-01  1.3665e-01  3.9929e-01  8.5353e-01
  1.2256e-01 -1.1433e+00 -7.7171e-01  9.1041e-01  3.6874e-02  9.2507e-01
  5.1390e-02  4.2862e-01 -4.2772e-01 -9.7676e-01  1.2160e+00  4.2879e-01
  1.7652e-03  5.3351e-01 -3.3711e-01  5.0431e-02 -1.1142e-01  1.5187e-01
  7.0692e-02 -1.9793e-02  3.7778e-02  5.5910e-02 -6.1637e-04 -4.3253e-01
  6.7731e-01 -1.4013e-01  7.6531e-01 -3.6754e-01 -5.1733e-01  9.8182e-01
 -2.7373e-01  4.2842e-01 -2.8824e-01  3.6352e-01  1.4017e+00 -6.9596e-01
 -1.0590e-01 -7.5695e-03  5.1746e-01 -1.8586e+00 -5.1381e-01  6.4561e-01
  1.4126e-01  6.6004e-01  2.3069e-01  1.4180e+00  7.4278e-02 -3.1199e-01
  3.1056e-02 -8.5378e-01 -8.2312e-02  3.0928e-01  1.2692e+00  2.5666e-01
 -7.3739e-01  5.4150e-01 -2.7867e-02 -2.4295e-01 -4.8572e-02  1.3146e+00
 -5.6945e-01 -1.3821e-01 -3.1012e-01  6.8670e-02  1.8039e-01 -5.9489e-01
 -9.4134e-01  1.5830e-01  8.2572e-01 -9.0359e-02]"
dijon,"[ 0.22964    0.18059   -0.26076    0.017737  -0.37065    0.32785
  1.1007     0.11034    0.02729    0.38006   -0.3529    -0.44933
 -0.62235    0.77922   -0.34054    0.84559   -0.080635  -0.98159
 -0.34014    0.21328   -0.68705    0.6941    -0.36979   -0.54743
 -0.54321    0.42491    0.36818   -0.24109   -0.059543  -0.10548
 -0.44441   -1.0283    -0.62171   -0.45659    0.029343   0.97373
 -0.52108    0.40102    0.0071358  0.66368    0.40067   -1.9366
 -0.13687   -0.19862   -0.07803    0.51417   -0.030803  -0.13162
  0.31283   -0.5359    -0.52649    0.27018   -0.56218    0.71429
 -1.3597    -0.56938   -0.67867   -1.2254    -1.0597    -0.71914
  0.18033   -0.16662    0.17439   -0.46898   -0.12141   -0.66831
 -0.16944    0.031114  -0.60275    0.57598    0.080348  -0.40688
 -0.37389   -0.21087    0.10269   -0.16155    0.98763   -0.54489
  0.36238    0.38243   -0.2009    -0.27967   -0.65079    0.52615
  0.51414    0.74675    0.21585    0.28616    0.21516   -0.0049587
 -0.47695    0.060336  -0.79591    0.41258   -0.41202   -0.34363
 -0.49573   -0.38959   -0.46861   -0.045516 ]"
paok,"[-0.46473    0.0065097  0.12689    0.43867   -0.51685    1.7636
  0.82307   -1.1745     0.54969    0.23994   -0.098039  -0.48148
 -0.025953   0.031714  -1.3231    -0.38999   -0.43009    0.12191
  0.54384    0.68106   -0.090254  -1.0104    -0.15178    1.2297
  0.049099  -0.82267   -0.53792    0.6715    -0.28529   -0.61127
 -0.8624     0.80408   -1.2887     1.0417    -0.78075   -0.24281
 -0.15569    0.74038   -0.59302   -0.14732    0.50408   -1.0009
  0.088792  -0.24878    0.08328    0.4471     0.24714    0.1498
  0.56827    0.42919    0.89033    0.073532  -0.21869    0.42195
 -1.1704    -0.16855   -0.055271  -0.094515  -0.79352    0.28498
 -0.50053   -0.57795   -0.89292    0.6707    -0.0051887  0.55568
 -0.74252    0.25753   -0.61363   -0.44325   -0.75402   -0.75861
  0.17431    0.17907    0.082098  -0.10296   -0.40354   -0.44703
 -0.059346  -0.43917    0.31065   -0.068932  -0.62622   -0.47851
  0.83621    0.30199   -1.1748     0.70063    0.40708   -0.13989
 -0.097627   0.015806  -0.73532   -0.03466   -0.13442   -0.043813
 -0.60391    1.0178     0.29907   -0.17107  ]"
fleece,"[ 0.088741 -0.073052  0.15802  -0.32532   0.068905 -0.39971  -0.11932
  0.039147 -1.2828    0.10942  -0.2893   -0.082634  0.18999   0.088953
 -0.050045 -0.07074   1.2735   -0.33737   0.83213  -0.24597  -0.15445
 -0.18877   0.18844   0.17437   1.1173    1.0858   -0.58131  -0.10727
 -0.40522  -0.95922   0.84331  -0.26683  -0.33643  -0.52757   0.030753
  0.66167   0.1465    1.0269   -0.35932   0.24403   0.42773   0.10684
 -0.15401  -0.42842  -0.6382   -0.28364   0.29479   0.24853   0.18062
  0.3456   -0.88223   0.29612  -0.45782   0.59385  -0.84032   0.46611
 -0.18302   0.42333   0.55391  -0.098042 -0.06562   0.32304  -0.23421
  0.68334   0.42499  -0.10629   0.3329   -0.484    -0.1595   -0.61897
 -0.059219 -0.44865   0.57639   0.22587  -0.31827   0.45058   0.2443
 -0.16556   0.046594  0.29619  -0.36548   0.19301  -0.29313  -0.34293
  0.63894   0.047249  0.24298  -0.35237   0.05524   0.018416  0.22837
 -0.76886   0.4278   -1.3766   -0.058963 -0.4016   -0.22023   0.22002
 -0.74086   0.0801  ]"
24.7,"[ 1.0448     1.0723     0.53488   -0.68331    0.045237   0.58278
 -0.089956   0.029347   0.021757   0.50613    0.7897     0.73996
 -0.48698   -0.68529    1.7075    -0.2855    -0.31821    0.058376
 -0.74468   -0.0034445 -0.30997    0.83986    0.62564    0.86713
 -0.34684   -0.49374    0.85019    0.70981   -0.14694   -1.3519
  0.56031   -0.10748    0.59026   -0.556     -0.35824    0.8062
  1.2841    -0.040039  -0.7318     0.50485   -0.0055983  0.33183
 -0.12851    0.6999     0.21742    0.20369   -0.48443   -0.82112
 -0.3832    -0.7144    -0.28738   -0.53296    0.20041    0.19344
 -0.38091    0.41357   -0.42357   -0.72626   -0.058545  -0.3851
  0.41356   -0.45945   -0.70381    0.81249   -0.56054    0.30196
  0.19173   -1.0495     0.20838    0.50968   -0.3441    -0.082456
 -0.064065   0.25385   -0.61518    0.40706   -0.6659     0.13987
 -0.33794   -0.33121   -0.11508    0.047551   0.17911    1.502
  0.43958   -0.023904   0.35203   -0.23539    0.52342   -0.052476
  0.18512   -0.24711   -0.52253   -0.80536   -0.1769    -0.58598
 -0.19213   -0.50401    0.0083014 -0.36577  ]"
biometric,"[ 0.11024    0.010619   0.62376   -0.43539    0.5121    -0.18865
 -0.60552   -0.29393    0.72847    0.28323   -0.85056   -0.59853
  0.074794   0.22793    1.0834     1.1713     1.9297     0.86017
  0.36411   -0.54423   -1.0929    -0.80251    0.27982   -0.045204
  0.68214   -0.74373    0.9734     0.0066894 -0.28169   -0.54696
 -0.41663   -0.28242   -0.82644    0.41383    0.68516   -0.70617
 -0.27073    0.0085392 -0.047736  -0.50065    0.27235   -0.66001
  0.64617    0.57295   -0.94281   -0.070272   0.23566    0.69744
 -0.13123   -0.11509   -0.010479   0.31353   -0.22335    0.22506
  0.2537     0.38731    0.57477    0.26872    0.37806   -0.23748
  0.32643    0.84451   -0.43982    0.18688    0.045413   0.029908
 -0.47078    0.50356    0.81207   -0.53162   -1.0557    -0.050006
 -0.25566   -0.30899   -0.036768   0.62095    0.50849   -0.1197
 -0.78883   -0.96665    1.5382    -0.68525    0.12412   -0.04014
 -0.27       0.37031    1.5753     0.22625   -0.4759     0.88435
 -0.33551    0.98269    0.20871   -0.62094    0.43374    0.32607
  0.67488   -0.44913   -0.072221   0.26029  ]"
shrugging,"[ 0.029499  0.088261  0.46694  -0.34468  -0.47385   0.11667  -0.96109
  0.14065   0.062246 -0.074084 -0.042887  0.40134   0.49763  -0.37599
  0.36983   0.1691   -1.3954    0.40123   0.54398  -0.50966   0.02905
  0.44391  -0.15805   0.62845   0.36467   0.85259  -0.61166   0.11154
 -0.20774   0.051602 -0.2826   -0.60628  -0.4847    0.3585   -0.45355
  0.032502  0.24714  -0.28215   0.14014   0.064632 -0.39631  -0.089225
  0.35825   0.32466  -0.54033  -0.32612   0.37673   0.28425  -0.47268
 -0.57286   0.27787   0.31732   0.13692  -0.059445 -0.41523  -0.40467
  0.2244    0.073445 -0.066462 -0.1914    0.30151   0.076537 -0.28747
  0.3842   -1.0051   -0.38949   0.56578  -0.10773  -0.028574  0.33449
 -0.06409   0.42913  -0.069602 -0.39675  -0.48435   0.25267  -0.58752
  0.47916   0.13961  -0.43103   0.10713  -0.26479  -0.3521    0.24947
  0.026598 -1.2747   -0.44294   0.39879  -0.46742  -0.36869  -0.29698
  0.097296 -0.11859  -0.40963  -0.4403    0.35837   0.44103  -0.086128
 -0.26435   0.78301 ]"
allardyce,"[-0.47792    0.081572   0.80318   -0.67405   -0.76087   -0.28196
  0.16341    0.42078    0.31015   -0.15005    0.3826    -0.13698
  0.0094885 -0.83817    0.54414    0.055651   0.022367   0.1689
 -0.013982   0.39691    0.57609    0.10235   -0.87172   -0.73985
 -0.76054    0.82672    0.028265   0.44058   -1.0288     0.21268
 -0.12232    0.43373   -0.46082   -0.66936   -0.19551    1.1975
 -0.26619   -0.13247   -1.1389    -0.45356   -0.26411    0.22763
  0.82743   -0.12957    0.72587    1.2901    -0.56063   -0.3596
  0.82411   -0.41404    0.41658   -0.82216   -0.22812    0.36673
  0.42976   -0.18433   -0.44641   -0.67381   -1.3546     0.23841
  0.42605   -0.28768   -0.36757   -0.27311   -0.10436    0.16411
  0.71879    0.87691   -0.49325   -0.14824   -0.032158   0.31094
 -0.052728  -1.422     -0.1121    -0.20187    0.26811    0.23901
 -0.05898    0.64583    0.44605   -0.0078048 -0.33291   -0.75681
  0.077468  -0.039997  -0.060296   0.44013    0.21486   -0.10812
 -0.69819    0.30148    0.049623   1.3289     0.42325   -0.29429
 -0.47099    0.50826   -0.31173   -0.66021  ]"
8-5,"[-0.029259   0.15064    1.2431    -0.67187   -0.29128    0.052961
  0.37247    0.39354   -0.4963    -0.62148    0.23579   -0.013007
 -0.24847    0.2974     0.0032734 -0.20426    0.49172    0.10121
  0.44682    0.07751    0.60409   -0.039938   0.075965   1.1251
  1.1353    -0.52906   -0.19373    0.64225   -0.22394   -0.28184
 -0.79346    0.13681    0.14983    0.43727   -0.37874   -0.20935
 -0.73237    0.3316     0.16226    0.36729    0.83028    0.30588
 -0.25541   -0.64332    0.45388   -0.96228    0.45177    0.16529
  0.039715  -0.5262     0.2051    -0.041386   0.50203    0.20206
 -0.18511   -0.02935    0.97591    0.27075   -0.11025    0.43359
 -1.0688    -0.87761    0.50933    0.51377   -0.38124   -0.35721
 -0.405      0.12842   -0.94393    0.37068   -0.34933    0.35639
 -0.54628   -0.41443   -0.26981    0.13147   -1.3371    -0.64904
  0.44797    0.0039308 -0.51257    0.439     -0.75264    0.088012
  0.43763    0.066896   0.34263    1.0678    -0.40665    0.97523
 -0.018101  -0.68814   -0.27957    0.13572   -0.57874   -0.7343
 -0.47095   -0.038699   0.60799   -0.096179 ]"
rinpoche,"[-0.34148    0.18661   -0.16428    0.54314    0.7996     0.12254
 -0.34633   -0.35795   -0.16193    1.0443     0.30345    0.87607
  0.83628    0.021437   0.33716   -0.64091   -0.84561    0.01343
 -0.49212   -0.64012   -1.3644    -0.071516  -0.040567   1.4372
 -0.45395    0.13249    0.63055    0.8608     0.67577    0.5669
 -0.99181    0.22089    0.13819    0.83874   -0.4655     0.93184
 -0.45437    0.18245   -0.026872  -1.2149    -0.94139    1.6655
  0.80843   -0.6743     0.37308   -0.93395    0.052863  -0.29945
 -0.088627   0.55889   -0.69954    0.038385  -0.27472   -0.031729
 -0.60627    0.58108    0.26504    0.45102   -0.71702    0.060687
 -0.10763   -0.41609    0.75784    0.24131    0.33689   -0.28686
  0.42074   -1.0073     0.13547    0.64912    0.096852   0.54915
 -0.25522   -0.060522  -0.2476    -0.045941  -0.40581   -0.33965
  0.23159    0.11434   -0.17051    0.14587   -0.44902   -1.2548
  0.013397   1.1273    -0.14099   -0.60557   -0.089175   0.36927
  0.26702   -0.51187    0.47278    0.0092667 -0.5504    -0.51198
 -0.24409   -0.83997   -1.5444    -0.52776  ]"
burley,"[-0.14494    0.043343   0.38395   -0.50282   -0.56333   -0.016709
  0.50267    0.24126    0.13588   -0.45528   -0.37448   -0.028641
 -0.35816   -0.20997   -0.46353    0.10007    0.49978    0.3485
 -0.53308   -0.028536  -0.19242   -0.10458   -0.2178    -0.12919
 -0.25939    0.81228    0.55737    0.24304   -0.97684    0.065727
 -0.2105     0.26931    0.24549   -0.69349    0.05259    0.81711
 -0.89714    0.20939   -0.69537   -0.10469    0.02355   -0.033463
  0.19254    0.17066   -0.0076595  1.4696    -0.15197   -0.42668
  0.27768    0.17551    0.66867   -0.73408   -0.055364   0.056033
 -0.046207  -0.44476   -0.7982    -0.6523    -1.2215    -0.52931
  1.0268    -0.47025    0.17961    0.60516    0.19231    0.1946
  0.28137    0.14382   -0.073216   0.069346  -0.039678   0.082557
 -0.10783   -0.2807    -0.27328   -0.46759   -0.1026     0.50856
 -0.1331     1.1126     0.38181    0.052437  -0.28759    0.45471
  0.7626    -0.26968   -0.03814    0.49357   -0.17622   -0.29337
 -0.31826   -0.20211   -0.75425    0.42532   -0.37421   -0.10616
 -0.50002    0.20808    0.075098  -0.60633  ]"
gaylord,"[ 2.2889e-01 -3.7550e-01  3.3429e-02 -4.3755e-01  4.1883e-02  6.1269e-02
  3.6760e-01 -6.3315e-01 -2.6165e-02 -1.5701e-01  9.8343e-01 -4.1432e-02
 -8.4773e-01 -2.9671e-01 -3.3410e-01 -9.7508e-01  1.0406e+00 -3.9333e-01
 -3.7881e-01 -3.4375e-01 -1.9627e-02 -1.6116e-01  2.1202e-01 -1.6580e-01
  7.6824e-02  1.1665e-03 -2.0342e-01  2.7150e-01 -3.8849e-01 -4.5908e-01
  4.3674e-01  1.1892e-01  9.7061e-01  6.9678e-01 -1.6150e-01  5.3253e-01
  5.4092e-01  6.0920e-01 -3.4411e-01 -1.6555e-01  4.4493e-02 -5.9939e-02
 -1.2300e-01  5.9396e-01 -4.5745e-01  9.3878e-01 -6.5957e-01 -4.8994e-01
 -5.4819e-01 -1.3901e-01 -6.3198e-01 -6.7404e-01  1.9393e-01 -1.0283e+00
  8.8689e-01  9.7463e-02 -1.0620e-01 -7.8730e-01  6.1364e-03  3.1371e-01
  2.8259e-01  2.1922e-01  2.2170e-01 -8.4174e-01 -3.5358e-01 -4.8527e-01
  9.4072e-01  2.7186e-01 -2.6810e-01  1.5351e-02 -4.3364e-01 -5.8243e-01
 -8.1981e-02  3.7064e-01 -9.9445e-02 -2.0395e-02  3.2877e-01 -1.9415e-01
  4.4244e-02  1.0283e+00 -2.9580e-01 -6.2785e-01 -1.9604e-01  4.0343e-01
  9.3564e-01 -8.4606e-02 -8.5295e-04 -2.3174e-01  2.7952e-01 -9.6347e-01
  1.4535e-02  3.0243e-03 -8.0508e-02  5.1028e-01 -1.0261e-01 -4.5015e-01
  3.3997e-01 -3.1631e-01  6.4349e-01  3.6479e-01]"
murakami,"[ 4.4477e-01  6.1344e-01 -2.2718e-01  6.3740e-02  2.1246e-01  1.1132e-01
 -5.1770e-02 -7.0472e-01 -2.3527e-01 -1.4301e-01  7.2441e-01  1.0681e+00
  9.2281e-02 -1.6954e-01  2.3398e-02  2.4938e-01  8.7340e-02  3.7005e-01
  1.5574e-01 -2.3734e-02 -2.4560e-01  3.7483e-01 -1.2965e-02  5.4991e-01
 -1.9013e-02 -1.9946e-01 -4.4380e-01  5.0321e-02 -3.0238e-01  4.7567e-01
 -1.5601e-01  4.4571e-01 -5.1791e-01  4.6288e-01 -5.6979e-01  2.8661e-01
  3.5992e-01 -3.4361e-01  3.1355e-01 -9.0261e-01  3.7496e-01 -1.6748e-02
  2.9290e-01  2.5558e-01  5.0498e-01 -5.0371e-02  5.2075e-01 -1.1413e+00
  2.5666e-01  4.9719e-01 -2.5787e-01  4.6709e-02  6.0871e-01 -1.4052e-01
 -6.1034e-01  1.7276e-01 -1.4486e-02  1.1405e-01 -3.5618e-01  8.9414e-01
 -5.8183e-01  1.2928e-01 -3.3453e-01  5.5633e-01 -4.1039e-01 -4.5337e-01
 -2.6907e-02  6.2923e-01  2.3767e-01  9.0229e-02  3.4796e-03 -1.3689e-01
 -8.8449e-01  5.5463e-02 -4.7143e-01  2.6677e-01 -7.7434e-01  1.8686e-02
 -2.7405e-01  2.4637e-01  3.1438e-01  3.8141e-01  1.8284e-02 -2.2879e-01
  2.9378e-01  3.8941e-01 -1.0785e+00  3.7765e-01  2.9609e-02 -1.3388e-01
  7.5152e-01 -1.0649e-03  7.2552e-01 -9.8532e-01  1.4873e+00  1.3441e-01
 -6.8028e-01 -4.4860e-01 -6.6171e-01  4.1721e-01]"
transmits,"[-4.1155e-01 -5.0360e-02  4.7899e-01 -2.5962e-01  4.7028e-01  3.8410e-01
 -2.6782e-01  7.4769e-02  6.4863e-01 -3.2044e-01  3.6409e-01  2.1165e-01
  1.2330e-01  2.4247e-02  1.1526e+00  8.0875e-02 -7.9203e-02 -5.7512e-01
  8.6425e-01 -1.1387e-01 -7.3910e-01 -4.6353e-01  4.5134e-01 -5.1773e-01
  5.2232e-01 -3.5518e-01  3.5449e-01  1.0659e+00  3.0174e-01 -1.0797e-01
 -8.3011e-04  1.3724e+00 -5.2153e-01  9.1247e-01 -1.9599e-01 -5.3633e-02
 -6.5351e-01 -7.4249e-01 -9.5646e-02  1.9857e-01  2.6682e-01  4.4276e-01
 -8.0954e-01  2.9844e-01 -4.0768e-01  3.5365e-01  3.8328e-01 -2.6576e-01
  9.5620e-02  3.8225e-01 -1.3467e-01  3.9818e-01  5.4825e-01 -1.3745e-01
  2.2272e-01 -1.9811e-01  1.6026e-01 -7.4451e-02  7.1988e-01 -3.5463e-01
  1.0417e+00  2.8830e-01  4.9063e-01 -2.8342e-01 -5.7371e-01  4.2493e-01
 -2.5357e-02 -5.1245e-01  3.8549e-01  4.3398e-01  3.2326e-01 -6.5272e-01
  8.2217e-01  1.6484e-01  1.2919e+00  1.4375e-01  7.8362e-02 -8.8614e-01
 -1.3294e-01  2.0009e-01 -6.9823e-03 -1.8917e-01 -1.1032e+00  3.6765e-01
  9.8492e-02  1.1330e-01  6.5157e-01  4.2483e-01  3.6159e-01  3.7452e-01
 -2.4828e-01  1.2557e-01 -1.1604e-02 -1.3784e-01  2.0141e-01 -4.5097e-01
  2.0138e-01 -8.9770e-01  8.8267e-02 -1.4360e-03]"
beltre,"[ 0.56345    0.22255    0.79038   -0.13548   -0.0090596  0.49874
  0.13674   -0.053222   0.52654    0.22377   -0.25974    0.087202
  0.26816    0.13294    0.53982   -0.28531    0.08674    1.2627
  0.56269   -0.12031    0.02728    0.1696    -0.41256    1.1011
  0.8635     0.31316    0.29505   -0.33497   -0.11682    0.50491
 -0.49304    0.68424    0.56171    0.29215    0.23707    0.42995
  0.069266   0.3387    -0.3117     0.31242    0.617     -0.010211
 -0.013816  -0.30364   -0.34968    0.15223    0.17887   -1.1679
  0.73051    0.6241    -0.011819   0.22116   -1.9465    -0.16015
 -0.58416   -0.1728     0.16886    0.12234    0.027238   0.64759
 -0.92646   -0.17907   -0.033815   0.22973    0.074125  -0.2914
  0.6092    -0.91817   -0.7657     0.13042    0.061231  -0.046268
 -0.91133   -0.87514    0.81976    0.36027   -0.44047   -0.69863
 -0.1633     0.091865  -0.59398    0.8219    -0.19535   -0.90053
  0.26012   -0.411      1.0252     0.16433   -0.6556     0.0076477
 -0.20021   -0.73691   -0.73553   -0.70139    0.02039   -0.12236
 -0.090571   0.61336   -1.0203    -0.48873  ]"
nemtsov,"[-0.88623   -0.44167    0.64304   -0.16059    0.60977   -0.048077
  0.53862   -0.36412    0.81321    0.23925   -0.94132    0.45985
 -0.18562    0.72503    0.20187   -0.33255    0.020561   0.21121
 -0.43197   -0.234     -0.35638   -0.28592   -0.81408    0.61297
  0.13936   -0.4385     0.79135    0.77642   -0.052439   0.38058
 -0.16976    0.072309   0.022269  -0.22159    0.0092329  0.74198
 -0.12673   -0.3551     0.086533  -0.09504   -0.071466   0.24127
  0.6794     0.091803  -0.78914    0.058901   0.47348   -0.7908
  0.29149    0.9996     0.15059   -0.076838   0.23455    0.75144
 -0.32548    0.32053    0.31321    0.78609   -0.85634    0.22391
  0.11648   -0.53067   -0.70565    1.1957     0.15677    0.13623
  0.78851    0.22157    0.28995   -0.069971   0.2491    -0.70882
 -0.29399    0.30401   -0.64878   -0.35838   -0.30169    0.46935
 -0.066493  -0.74349    0.70956    0.43571   -0.015076  -0.83373
 -0.25736   -0.42992    0.15323    0.76081    0.29325   -0.80305
  1.8104    -0.8307    -0.39161    0.32641   -0.86256   -0.43923
  0.21426    0.090239  -0.075329   0.52603  ]"
undulating,"[-1.0561     0.2639     0.5485     0.96608    0.11395    0.49834
 -0.62866    1.0054    -0.72393    0.86492    0.24496    0.66153
  0.30832   -0.94491    0.77459    0.59706   -0.67961   -0.18527
  0.63262   -0.29883   -0.087053   0.44658    0.34987   -0.65513
  0.28396   -0.14082   -0.53631   -0.1517    -0.32787   -0.48894
 -0.59321   -0.48778    0.50042   -0.53555   -0.34082   -0.15853
  0.34542    0.44757    0.0088429  0.21068    0.06144   -0.26958
 -0.44462    0.39235   -0.37569    0.077014   0.38152    0.44679
  0.24814    0.27829   -0.26334    0.050802   0.44421    0.47312
  0.34097   -0.36057    0.79104    0.88644   -0.093883  -0.15847
  0.31411    0.64864    0.62048    0.34418    0.34386   -0.62026
  0.5129    -0.074712  -0.039521  -0.85447    0.040082   0.093075
  0.12485   -0.3841     0.051443  -0.21212    0.087198   0.78669
  0.97603   -0.18521    0.23632    0.36393   -0.64199    0.6884
  0.5938    -0.32804    0.15954   -0.26311    0.44491    0.43679
 -0.28075   -0.14425   -1.2565     0.18657    0.32207    0.21377
 -0.96238   -0.49843    0.30563   -0.1934   ]"
1680,"[ 3.9024e-01 -6.3888e-01 -1.0050e-01  4.6262e-01 -7.2025e-01  3.8627e-01
  5.9546e-01 -4.6366e-01  4.9092e-01 -2.1981e-01  3.9489e-01 -2.8023e-01
 -1.7448e-01 -8.5741e-02  8.0790e-01 -1.2794e-01 -2.3589e-01 -1.7392e-01
 -5.4138e-01 -9.4622e-02 -1.0279e-01 -5.6819e-01  5.4792e-01  9.7424e-03
  2.9007e-01 -7.0962e-01 -5.1432e-01 -5.9901e-02  1.8333e-01 -2.3875e-01
 -2.1649e-01 -3.9577e-01  1.4530e-01 -5.0393e-01 -9.7719e-01  2.0169e-02
 -1.5183e-01 -3.4612e-01  4.0349e-01 -1.8469e-01 -1.0501e-01 -9.5683e-02
  4.0922e-01 -7.5637e-01 -9.0952e-02 -8.4145e-01  2.4108e-01 -9.3299e-01
  1.2362e-01  1.6861e-01 -7.2927e-01  1.2488e-01  5.9905e-01  3.8633e-02
 -1.0211e+00 -9.9686e-02  1.2088e-03 -9.2770e-01 -8.8638e-01 -4.6062e-01
 -1.5538e-01  4.0112e-01 -3.4318e-01  2.0209e-01  2.8869e-02 -4.7512e-01
 -3.7326e-01 -2.7748e-01  3.9347e-01 -2.8387e-01  7.2977e-01  2.6322e-01
  1.8833e-01 -2.4713e-01 -4.7188e-01 -8.3083e-01  4.0122e-01  3.7816e-01
 -7.9491e-01 -1.4796e-01 -1.5500e-01 -6.1691e-01  2.1874e-01  6.2128e-01
  8.2027e-01  1.8656e-01  6.0680e-01 -1.3257e+00 -4.5064e-01  1.3403e-01
 -1.3382e-01  2.3835e-01  3.5818e-01  4.0495e-01  7.9096e-02  1.5414e-01
 -4.8153e-01  9.3523e-02 -2.3695e-01 -9.0096e-01]"
sherif,"[-0.5514   -0.72969  -0.43269   0.018003  0.22612  -1.043     0.49645
  0.10139   0.88183   0.29734   0.50702  -0.23611   0.32245  -0.12515
  0.51588   0.18431  -0.25407  -0.30834  -0.19315  -0.58611  -0.14218
 -0.10805   0.48399  -0.062897  0.14657   0.30175  -0.45494  -0.26602
  0.16975   0.136     0.65587  -0.91706  -0.37461   0.8774    0.20082
 -0.057248 -0.5847    1.117    -0.043235 -0.47038  -0.32885   0.20187
 -0.31457  -0.6935    0.32597  -0.1096   -0.40258  -0.10394   0.23904
  0.66132  -0.26653   0.28104   0.55958   0.29991  -0.96452   0.80092
 -0.036892  0.68998  -0.2938    0.21157  -1.0067   -0.53466   0.36086
 -0.91846  -0.39286   0.19992   1.2852    0.15102  -0.3669    0.032109
  0.55252   0.28678   0.44138  -0.82999   0.058309  0.27468   0.17566
 -0.76334  -0.47205  -0.18462   0.63728   0.41106   0.36985  -0.95449
  0.35309   0.28822   0.38955   0.12702   0.59938  -0.4274    0.046345
  0.20023   0.051745  0.3808    0.01883  -0.61161   0.026594 -1.323
 -0.56826  -1.0337  ]"
cottbus,"[-2.0587e-01  3.3125e-01  4.6498e-01 -7.6193e-02 -2.6757e-01 -2.4191e-01
 -6.0547e-01 -9.2194e-02 -3.3116e-01 -4.4062e-01  4.4100e-01 -7.4291e-01
 -2.6591e-01 -2.6126e-01 -8.2685e-02  8.3412e-01  8.1569e-01 -3.1476e-01
 -3.8670e-01  4.5429e-03  2.2516e-01  1.5572e-01 -3.4350e-01  9.9870e-01
 -1.7740e-01 -6.6094e-02 -3.3607e-01  7.8641e-01 -7.4955e-01 -4.6875e-01
 -7.8752e-01  1.0498e-01 -5.3374e-01 -1.7646e-01 -2.6281e-01  2.3522e-01
  1.3151e-01  3.2043e-01 -5.0437e-01  2.2968e-01  7.0772e-01 -1.0832e+00
 -3.7201e-01  2.3136e-01  2.9740e-02  1.6256e-01  8.2375e-01  4.8389e-01
  7.7081e-01  5.7002e-01 -2.4879e-01 -2.9139e-01 -1.0100e+00  1.6154e+00
 -6.9890e-01  2.5678e-01  2.4341e-01 -3.3652e-01 -1.2823e+00 -1.9402e-01
 -2.4073e-01  7.2004e-01 -7.2863e-01 -2.1394e-01 -5.5885e-02  4.7382e-01
 -2.5974e-01  9.3644e-01 -9.2074e-01  3.8903e-02 -7.2529e-01 -4.2686e-01
  1.5305e+00  1.6759e-01 -5.0426e-01  3.2092e-01  5.1135e-01 -3.5725e-01
 -2.0917e-01  1.4989e-01 -6.0187e-01 -4.4526e-01 -1.1446e+00  3.1518e-01
  1.2641e-03 -7.2612e-01 -5.0086e-01  1.0719e+00  6.5390e-01  1.1152e-04
  1.6966e-01  3.8382e-01  1.9642e-01  1.0635e+00  1.6207e-01 -7.3671e-01
  4.3633e-01  4.8338e-01  2.6096e-01 -8.3172e-01]"
scribe,"[ 0.47681   -0.2764    -0.052245  -0.41167   -0.064362   0.62635
  0.15571   -0.37353   -0.034909   0.12087   -0.4059     0.038283
  0.10649   -0.3997    -0.44006   -0.073441   0.64051   -0.50627
  0.17576    0.041838  -0.38479   -0.45312   -0.93949   -0.29404
  0.8181    -0.90063    0.045304   0.044062  -0.070704   0.14864
 -0.056513  -0.22345   -0.40615   -0.068612  -0.088195   0.17071
 -0.50812    0.21348    0.67102   -0.47481   -0.051866   0.48893
 -0.16322   -0.14427   -0.031138  -0.23427   -0.48936   -0.44557
  0.17198    0.21804   -0.0090912  0.4362     0.47696    0.40207
 -0.91844    0.15562   -0.76816    0.063676  -0.39892    0.34182
  0.5843     0.1609     0.012481   0.38252    0.56795   -0.57714
  0.28818    0.30003    0.15112   -0.26175   -0.56183    0.17418
  0.44079   -0.32058    0.15402   -0.27736   -0.10956   -0.14352
  0.14429   -0.2297    -0.42403   -0.58338   -0.15522    0.1316
  0.042742  -0.10066    0.03824   -0.52516   -0.034948  -0.21079
 -0.24777    0.50758    0.34091   -0.011598   0.20852    0.022556
  0.40897   -0.96191   -0.49596    0.08837  ]"
excelsior,"[ 7.0884e-02 -6.2642e-01 -4.3745e-01 -2.1921e-01 -2.3476e-01  4.8790e-01
  9.8811e-02  3.0539e-01  2.0315e-01 -1.1819e-01  7.8149e-01 -1.1952e-01
 -1.5338e+00  2.4801e-01 -2.7205e-01 -2.6423e-01  5.3127e-01 -9.5525e-01
  1.3856e+00  1.4121e-01  3.7007e-01  2.1051e-01 -1.0722e+00  7.2120e-02
  2.4650e-01 -4.5805e-01  2.0524e-01  1.1600e-01 -5.8187e-01  4.9284e-01
 -6.9384e-01 -2.7486e-01 -2.1438e-01  1.1159e+00 -5.7234e-01  4.9485e-01
 -8.0409e-02  4.9775e-01  2.2449e-01 -1.3178e+00  4.7983e-03 -5.8680e-01
 -6.2474e-01 -9.8320e-01  1.4124e-01 -1.4410e-01  5.1604e-01  1.8026e-01
  3.7112e-01  6.4069e-01 -6.2335e-01 -2.6014e-03 -4.9140e-01 -4.1035e-02
 -4.7562e-01 -1.5873e-02 -9.9871e-03 -1.2650e-01 -3.9659e-01 -1.6163e-01
 -3.7016e-01 -1.4315e-01 -3.7846e-01  6.2862e-02 -2.6476e-01 -1.9179e-01
 -3.0385e-01  2.3671e-02 -1.7037e-01  2.4429e-01  2.1946e-01 -1.0883e-03
  6.0205e-01  1.6118e-02 -3.9553e-01 -1.7632e-02  4.4378e-01  1.6160e-01
 -7.2152e-01 -1.4527e-01  1.6448e-01 -1.9612e-01 -1.9910e-01  3.1961e-01
  4.5625e-01 -4.6196e-01 -1.5823e-01  3.5207e-01  2.0532e-01  2.1582e-01
 -5.5243e-01 -4.1907e-01  9.3983e-02  5.9040e-01 -1.6784e-01 -3.1423e-01
 -8.1911e-02  1.2282e-01  6.5279e-01 -3.8429e-01]"
ackermann,"[ 0.57452   -0.62746   -0.81075   -0.072012   0.11557   -0.47575
 -0.13762   -0.10246   -0.50622   -0.57592    0.40833    1.2467
 -0.35156    0.26809    0.23014    0.20781   -0.13744    0.0085098
 -0.058018  -0.22202    0.19526    0.23206   -0.78411    0.99529
  0.14973   -0.81233    0.28787    0.518      0.087171  -0.39967
  0.3182     0.082453  -0.71376   -0.15496   -0.74659   -0.28006
  0.74087    0.94047   -0.077534  -0.0049099  0.032384   0.21729
  0.92593    0.49292   -0.67326    1.1557     1.2069    -0.50242
 -0.034411   0.35279   -0.11954   -0.088594   0.2176     0.50281
 -0.67824   -0.33369   -0.35615    0.63709   -0.38636    0.37795
 -0.1763    -0.79837    0.18252    0.18656    0.49735    0.14827
  0.35359    1.1834     0.74341   -0.23525   -0.51026   -0.20765
 -0.076701  -0.20115    0.86209   -0.33441   -0.96386   -0.25515
  0.78827   -0.26411    0.22675   -1.1738    -0.74637    0.76001
 -0.38221   -0.3305    -0.76771    0.38209    0.51774    0.13718
 -0.11353   -0.15881    0.82078    0.18177    1.4126     0.0088763
  0.18451   -0.32112    0.13192    0.50209  ]"
projective,"[-0.23098   0.62277   0.18442   0.80734   0.091154  0.31662  -0.062263
  0.32377  -0.12095   1.0354    0.55638  -0.36761   0.014269  0.34859
  0.11745   0.74272   0.11475   1.3704    1.1714   -1.1931    0.22057
 -0.69331  -0.14767  -1.7182    0.46199   0.045928  2.0083    1.0847
 -1.2747   -1.0484   -1.5665   -0.014576 -0.16413  -0.11981   0.95261
  1.2651    0.17134   0.70842   0.26719   0.34982   0.44716  -0.89491
  0.3788    0.3251   -0.044615  0.70788   0.2061    0.7074    0.50155
  1.2373    0.92405   0.34124   0.23731   0.57884   0.5745   -0.013741
  0.87226   0.83744   0.86701   0.021346  0.15794  -0.33594  -0.64424
 -1.3799    1.0656    0.55132  -0.076523  0.39367  -0.26277   0.44764
 -2.0985   -0.17513   0.33767  -0.59206   0.20478  -0.31964   0.075324
 -0.18348  -0.1372    0.49603   0.024501 -1.4933   -0.75024   0.21686
  0.32979   0.54224   0.70216   0.21111   0.44651  -0.59886  -0.71744
  0.043428 -0.7851   -0.14293   0.22763  -0.05217  -0.62894  -0.19311
 -0.78002  -1.1868  ]"
mustapha,"[-1.0796e-01 -4.7006e-01 -7.5883e-01 -9.4097e-01  5.5624e-01 -2.1150e-01
 -5.0670e-01  5.5563e-01  6.4168e-01  5.2245e-01  6.2518e-02  4.4259e-01
 -3.7198e-01 -3.0157e-01  6.2050e-01  2.5497e-01 -6.4501e-01 -5.3487e-01
 -4.4622e-01 -4.6427e-01 -2.5207e-01 -1.1058e-02 -4.9699e-01  4.7688e-01
 -2.5939e-01  2.2568e-01  1.3395e-02 -7.4402e-01  4.6614e-01  2.9966e-01
 -1.2946e-03 -7.9356e-01 -3.2430e-01  6.7403e-01 -4.6138e-01 -2.5122e-02
  2.9480e-01  1.6799e+00 -4.9692e-01  1.5669e-01  8.2165e-01  5.2279e-02
  6.3435e-01 -3.9360e-01  1.7618e-01 -3.3177e-02  2.7163e-01  1.3664e-01
 -9.3805e-01  7.4688e-01 -6.5846e-01 -4.3052e-01  9.6365e-02  9.8041e-01
 -8.8250e-01  6.3739e-01 -5.8775e-01  2.9710e-01 -1.0386e+00  7.7367e-02
  5.2498e-02  2.7320e-01  1.6288e-01 -2.7008e-01  1.4813e-01 -2.3210e-01
  2.2410e-02  3.8900e-01 -5.0775e-01  6.0316e-01  5.5004e-01 -3.4227e-01
  4.9906e-01 -9.7564e-01 -9.1503e-02  5.7911e-02  1.5436e-01 -9.8017e-02
 -9.9780e-02 -3.5256e-01 -7.9233e-02 -5.5364e-01 -1.8929e-01 -1.9810e-03
  2.4872e-01  1.6561e-01 -3.6734e-01  1.6361e-01  9.9120e-01 -9.7070e-01
  2.6650e-01 -1.0277e-01 -5.6338e-01 -2.8651e-01 -8.4615e-02 -1.4108e-01
  4.4607e-01 -6.0782e-01 -3.1378e-02 -7.7567e-01]"
castaneda,"[ 0.23953   -0.46511    0.19554   -0.087142   0.54427   -0.0071691
  0.12693    0.26218    0.48178   -0.016125  -0.23309    0.047812
 -0.17561    0.19847    0.14735    0.20758    0.23076    0.070321
  0.13122   -0.50843   -0.28359    0.65078    0.27664    0.26178
 -0.064488   0.76788    0.42501   -0.66848    0.55712    0.34242
  0.25912    0.66034   -0.55746    0.53994   -0.81361    0.85326
 -0.012543   0.093146  -0.10353    0.44564   -0.26639   -0.27184
 -0.084006   0.37883    0.41582    0.055271  -0.026812  -0.5465
 -0.52699    0.72078    0.31713    0.11597    0.27887    0.10113
 -0.3259     0.30894   -0.29957    0.19656   -0.39302    0.89636
 -0.27472    0.10461    0.79548   -0.99877   -0.059763  -0.014795
  0.68096    0.1437     0.073715  -0.04537    0.079842   0.28532
  0.17934   -0.39892   -0.19153   -0.078021  -0.4632    -0.16521
 -0.8773     0.45702   -0.68672   -0.37842   -0.10508   -0.92934
  0.10289    0.27547   -0.33059    0.54835   -0.8345    -1.3806
  0.60509    0.21404    0.014166  -0.56918   -0.41479   -0.4327
 -0.23531   -0.72781   -0.95617    0.44171  ]"
kenney,"[ 0.29412  -0.71589   0.18505  -0.44709  -0.27387  -0.46815  -0.53116
 -0.21891   0.19379  -0.2317   -0.097325 -0.48892  -0.20418   0.58573
  0.053017 -0.037753 -0.16553  -0.088294 -0.60525  -0.61497   0.22599
  0.092781  0.4337    0.52449   0.12524   0.19691   0.1017   -0.34173
 -0.044488  0.61256  -0.56498   0.085957  0.44109   0.21965   0.065377
  0.12865   0.26662   0.29183  -0.23909  -0.43133  -0.3763   -0.4608
  0.053034  0.81006  -0.45585   0.38307  -0.30818  -0.60742   0.16618
 -0.43434  -0.016704 -0.63854  -0.041258 -0.53971  -0.20466   0.21558
  0.18239  -0.29505  -0.30309   0.18285   0.74185   0.064571  0.44701
  0.60168   0.19401  -0.27885   0.53461   0.534     0.002837  0.082454
  0.077995 -0.15843  -0.069431  0.038707 -0.37065   0.15091   0.025086
 -0.22861   0.069159  0.22583   0.2694   -0.10252   0.055453 -0.77168
  0.6853   -0.12542   0.40848  -0.15383   0.12698  -0.31316   0.36032
 -0.31205   0.30855  -0.085619  0.60571   0.11982  -0.020414 -0.38298
 -0.72509   0.14808 ]"
yannick,"[ 0.70624   0.44977  -0.28577  -0.74012  -0.11519   1.1058    0.67218
 -0.14732   0.2996   -0.1255    0.01556   0.26655  -0.18413   0.21276
  1.0867   -0.1151   -0.80656   0.58086  -0.87664   0.51417  -0.13237
 -0.014865  0.11589   0.61825   1.9093   -0.43899  -0.13621  -0.36928
  0.029848  0.11842  -1.6686   -0.58596  -0.6746   -0.060481 -0.13906
 -0.89814   0.51205   1.7626   -1.1258   -1.0036    0.63607   0.27956
  0.053665 -0.81343  -0.18485   1.3652   -1.0293    0.20522   0.2367
  0.22039   0.13898  -0.12251  -0.43421   0.347    -0.14906  -0.25127
  0.61385   0.45529  -1.2842   -0.16183   0.72776   0.066436  0.6083
  0.64608   0.63213   0.16505  -1.0692    0.25587  -0.53482   0.24236
  0.27153   0.1925   -0.75921  -0.20282  -0.4072   -0.2427    0.14382
  0.52444   0.55671   0.87645  -0.1766   -1.0009   -0.31303   0.92549
  0.73037   0.43982   0.50955   0.81981  -0.22501  -0.77388   0.54688
  0.17063   0.42254   0.3296    0.47051   0.53723  -0.25853  -0.23225
 -0.7192   -0.27092 ]"
panesar,"[-0.23236   0.70951  -0.15463  -0.77991  -0.382     0.73895   0.25077
  0.26751  -1.1697    0.17207   0.83276   0.28936   0.11074   0.76476
  0.9495   -0.4563   -0.1307    0.92575   0.79989   0.53595   0.47423
 -0.86305   1.0471   -1.2106    0.46353   1.2027   -0.70245   1.4386
 -1.1065    0.19491  -0.071815 -0.6298   -0.26474  -0.29216   0.12412
 -0.41107   0.78596   0.3658   -0.59293   0.49466  -0.87737   0.61547
  0.48164  -0.3447   -0.46216  -0.37836   0.35534   0.35668   0.85805
  0.38568   0.10784   0.94114  -0.082595 -0.47203  -0.44995  -0.8743
 -0.66622   0.03291   0.019426  0.46038   0.11967  -0.72178   0.31543
  0.45405   0.27653  -0.63358   0.88017   0.24485  -0.24716   0.39612
 -0.47805   0.34297  -0.32605  -0.04136  -0.20097  -1.2784   -0.7879
 -0.456     0.86713  -0.34638  -0.077085  0.14421   0.27077  -0.99654
 -0.16156  -0.5305    0.37465   0.24413  -0.91977   0.86684  -1.4279
 -0.16887   0.32069  -0.23989  -0.084117 -0.26146   1.2011    0.75204
 -1.6517   -0.30341 ]"
ditched,"[ 0.068411  -0.066225   0.056703  -0.040065  -0.27663   -0.19474
  0.28066    0.33833    0.27159    0.36597   -0.025017   1.1775
  0.076015  -0.37169    0.06201   -0.63116    0.0097509  0.1463
  0.39253   -0.10764   -0.042942   0.32723    0.35452    0.23307
  0.53558   -0.024289  -0.65057    0.0313    -0.21359   -0.18768
  0.20791    0.47334   -0.36579    0.031775  -0.14651    0.48945
  0.17959   -0.20483   -0.10117    0.049894  -0.75419   -0.023846
  0.31272    0.33574   -0.19825    0.56195    0.014194   0.54557
  0.47936    0.21514   -0.49305    0.52351    0.13932    0.2713
 -0.18961    0.0026268  0.23717    0.23554    0.068657   0.16939
  0.55982    0.26665    0.19946    0.39962   -0.47901   -0.15889
 -0.056183   0.13966   -0.44602    0.064755  -0.19009   -0.2321
 -0.057817  -0.24766   -1.0652    -0.19659   -0.23703   -0.1279
 -0.28672    0.18713   -0.60796   -0.1068    -0.16726    0.3061
  0.089358  -0.26765    0.39765    0.27692   -0.84834   -0.075299
 -0.11233    0.050779  -0.053788  -0.056825  -0.14052   -0.024382
 -0.40563    0.5355    -0.14537    0.15133  ]"
shilling,"[-0.02526   0.60195  -1.041    -0.61758  -0.14633   0.20236  -0.11611
 -0.47914  -0.69336  -0.55789   0.1468    0.58837  -0.56441   0.35284
 -0.15205  -0.022749  0.17256  -1.0384    0.52367  -0.083538  1.0142
  0.1673    0.14543   0.23875   0.81055   0.5364    0.66193  -0.77853
 -0.84561   0.021609  0.5518    0.63834   0.13704  -0.23692  -0.30302
 -0.029479 -0.1554    0.4713    0.12312  -0.32598   0.33561   0.32948
 -0.067334 -0.2933    0.31126   0.7326    0.059902 -0.80499  -0.42065
 -0.80267  -0.21497  -0.19472   0.57869   0.76965  -0.22069   0.56243
  0.22342  -0.5426    0.35678   0.35639   0.20242  -0.40757  -1.0769
  0.44335  -0.68754   0.29645  -0.52771   0.94197   0.62644  -0.71033
 -0.5843   -0.1196    0.46445   0.28393   0.3164   -0.31615  -0.25191
  0.20597  -0.74492   0.16596  -0.25656  -0.36139  -0.22484  -0.76726
  0.88459   0.24195  -0.39513  -0.7587    0.51199  -0.93851  -0.26281
  0.69121  -0.46986  -0.4086   -0.71347   0.25517   0.56603   0.1865
 -0.66202   1.1046  ]"
glock,"[ 1.0361    -0.60598   -0.04021   -0.2803    -0.010655  -0.5217
  1.1773    -0.10178    0.11087    0.58642    0.7012     0.064117
  0.10817    0.23766    0.063863   0.14989    0.93784    0.99902
 -0.74577   -0.34809    0.30671   -0.45949    0.0058486  1.9521
  0.50272    0.36704    0.18321    0.40434   -0.32731    0.30212
 -0.35045    0.028466  -0.7305    -0.1611     0.66263   -0.0041624
  0.32741   -0.29234    0.66914    1.0337     0.21134   -0.61549
  0.77444    0.060789  -1.7347    -0.91078    0.64362    0.18505
  0.32729    0.16539   -0.0072828  0.27126   -1.8333    -0.1086
 -0.16841   -0.04736   -0.65195    0.35748   -0.061862  -0.63497
  0.41513    0.59266   -0.22183    1.3576    -0.63624   -0.41199
  0.068419   0.20333   -0.50657    0.23589   -0.63169   -0.32375
  0.34708    0.30049    0.60798    0.75504   -0.018843  -0.73549
 -0.54704   -1.4108     0.40896   -0.75994   -0.0063138  0.58603
  0.69453   -0.94495   -0.23005   -0.14858    0.24425   -0.44094
 -0.067742   0.6788     0.35622    0.15069   -0.083593  -0.54213
 -0.24839    0.038979   0.31698   -0.32059  ]"
hahr,"[-0.41137    0.28991    0.899     -0.5302     0.021735  -0.99407
  0.27696   -0.52077   -0.94022   -0.69828   -0.464     -0.49056
 -0.2553     0.11721    0.3126     1.3039     0.25212   -0.05413
  0.9775    -0.4352     0.65633    0.35278   -1.4562     1.571
  0.17578    0.56745   -0.084623   0.48906   -0.76535    0.16773
  0.63381    0.32195   -0.64147    0.71798    0.068012  -0.70455
 -0.47918    0.43869   -1.4268     0.056061   0.62874   -0.61113
 -0.43064   -0.26475    1.0362     0.0081641 -0.81012    0.72695
  1.8454    -0.86034   -0.93228   -0.029319  -0.79486    0.93734
 -0.79708    1.1299     0.90236    1.3388    -0.49611   -1.7121
 -0.33793   -0.2439    -0.41588   -0.74869   -0.95789    0.54348
 -0.56502   -0.3238    -1.5103     0.25052   -1.4924     0.22604
 -0.85124   -0.44416   -0.74938   -1.0128     0.73427   -0.68275
  0.32226   -0.051528  -0.10969    0.70327   -0.09626   -1.0128
 -1.01      -0.16266    0.20172    0.1302    -0.74698    1.0854
  0.33907    0.98767   -0.090071   0.38646    0.90761   -1.276
  0.19519   -1.402      0.40198   -1.6069   ]"
breen,"[ 0.029765  -0.32841   -0.40555   -1.2226    -0.33177    0.21121
 -0.24245   -0.18631    0.008451  -0.23219    0.26649    0.075917
  0.14583    0.18257    0.086573  -0.19834    0.39289    0.2377
 -0.21885   -0.28492    0.41774    0.20521    0.49379    0.3611
  0.26631   -0.094373   0.053168   0.23436   -0.18413    0.049143
 -0.2892     0.25667   -0.29745   -0.12388   -0.49571    0.2036
  0.1668     0.5496     0.09924    0.023218  -0.27427    0.37422
 -0.0071544  0.37386   -0.24814    0.69953   -0.20908   -0.70507
  0.26223    0.081151   0.43104   -0.35492   -0.12444   -0.1184
  0.41615   -0.14156   -0.048336  -0.26223   -0.7653    -0.29449
  0.15299   -0.2953     0.080407   0.20012   -0.25511   -0.38182
  0.5412     0.72591   -0.090733   0.16543   -0.33559    0.26469
  0.41396    0.090647   0.58463   -0.93618    0.54177   -0.14644
 -0.5663     0.28304   -0.21618   -0.59888   -0.12147   -0.2229
  0.30101    0.059645  -0.09329    0.27001    0.0609    -0.41706
 -0.28703    0.023056   0.22278    0.32542    0.36034   -0.18473
  0.48747    0.074716  -0.50778    0.30883  ]"
revivals,"[ 0.24633    0.42534   -0.53953   -0.012919   0.31902    0.32973
  0.16667   -0.52224   -0.93134    0.068684  -0.49964   -0.59018
  0.36774    0.66896    0.31932    0.50134   -0.79136    0.28623
  0.19157    0.70939    0.42802    0.13971   -0.11676   -0.38692
  0.37173   -0.49766   -0.28646    0.12074   -0.42547    0.014651
 -0.56198   -0.68127    0.22767    0.28053   -0.0086051  0.68935
  0.27751   -0.60521   -1.0275    -0.26185    0.22869    0.59639
 -0.64813    0.68981    0.43598   -0.72275    0.21895   -0.59814
  0.30227   -0.29555   -0.93421    0.20882    0.15177   -0.2423
  0.25157   -0.42529   -0.028885   0.12736   -0.58338    0.48522
 -0.40299    1.0628     0.59556    0.2094     0.14372   -0.78793
  0.07131   -0.69371   -0.20757   -0.46386   -0.045036  -0.20059
 -0.11205   -0.29085   -0.36909   -0.75818    0.06068    0.05358
 -0.0029097 -0.025676  -0.57535   -0.65015    0.38224    1.0572
 -0.76376    0.067982  -0.18732   -0.94198   -0.7178    -0.36565
 -0.065247  -0.38617   -0.17636    0.089381  -0.87315   -0.78872
  0.48455   -0.040423   0.14388    1.0937   ]"
hiram,"[ 0.10687    0.085467  -0.27263    0.17461    0.11045   -0.22516
  0.18293   -0.33775   -0.43699   -0.21777   -0.26962    0.1631
 -0.45205   -0.18906   -0.36179   -1.1679     0.40716    0.40612
 -0.41802   -0.080365   0.088765  -0.12567    0.61177    0.18561
  0.32237    0.34536   -0.4032    -0.44639   -0.64952    0.40596
  0.50432   -0.46874    0.89063    0.18357   -0.24931    0.10948
 -0.34574    0.10398   -0.068095  -0.3293     0.3342     0.074541
  0.62008   -0.65814   -0.54031    0.13001   -0.042197  -0.48082
  0.66437    1.0975    -0.0016141  0.20237    0.15838   -0.7494
  0.071341  -0.30228    0.063587   0.12921   -0.52873    0.44012
 -0.29994    0.12069    0.58686    1.2436    -0.042374  -0.23168
 -0.44183    0.080687   0.0058481  0.63543   -0.22676   -0.63865
 -0.52562   -0.4987    -0.48342    0.38603    0.40888   -0.1422
 -0.1308    -0.51963    0.095886  -0.17093   -0.6415    -0.45205
  1.1611     1.0457     0.034128  -0.6555    -0.12567   -0.9335
 -0.15834    0.024393   0.22652    0.23075   -0.15848   -0.18831
 -0.18179   -0.41031   -0.89766    0.12844  ]"
guarantor,"[ 0.29943   -0.49971    0.84232   -0.0058803  0.51644    0.14622
 -0.60863   -0.66184   -0.050401   0.14054   -0.1552    -0.078865
 -0.26973    0.42675   -0.23041   -0.087206   0.90997    0.72869
 -0.23214    0.15459   -0.61391    0.19925    0.14443   -0.33259
  0.86038   -0.40491   -0.68571    0.31103   -0.62756    0.040087
  0.47256   -0.41197   -0.52077    0.31948    0.66608    0.44919
  0.75996   -0.19013   -0.045973  -1.0973     0.31561    0.82021
  1.4054     0.028602   0.47142    0.67085   -0.24251   -0.19785
 -1.1997     0.35116   -0.98087    0.13359    0.20875    0.66649
 -0.23651   -0.083587   0.85893   -1.211     -0.12898   -0.16635
 -0.2326    -0.83523   -0.79028   -0.1094    -0.31961    0.35325
 -1.0017     0.52175   -0.024956  -0.55279    0.56525   -0.6173
  0.50975    0.6265     0.057912  -0.56585   -0.43075   -0.4438
  0.11447   -0.01397    0.31309    0.23923    0.40767    0.31047
 -0.051785   0.6909    -0.13821    0.34264    0.10233   -1.0196
 -0.55863    0.15088   -0.33498   -0.11172   -0.65883    0.44508
  0.43986   -0.53411   -0.050792   0.54689  ]"
malden,"[ 0.38478    0.82061   -0.18817   -0.61486   -0.38696   -0.70032
 -0.066692   0.19343   -0.38085    0.2987    -0.67119   -0.869
 -0.77424    0.31145    0.38303   -0.65692    0.49059   -0.11248
 -0.11628   -0.066573  -0.29093    0.60571    0.28913   -0.28098
  0.068187  -0.39516   -0.11104    0.042256  -0.34081    0.4832
  0.54182    0.094389   0.74676   -0.072862  -0.28766    0.013847
  0.18491   -0.44363    0.23519    0.2312    -0.40079    0.18295
 -0.084955  -0.2431    -0.28813    0.5723     0.45358   -0.47741
  0.12837    1.1593    -0.25856   -0.37655    0.63892   -0.67973
 -0.21351    0.072636  -0.44635    0.13054   -0.099241  -0.7192
 -0.25292   -0.0090111 -0.15195    0.55408   -0.44714   -0.48115
  1.2356     0.31041   -0.14185    0.25109    0.26996   -0.29456
 -0.18095   -0.05161    0.39361   -0.72636   -0.12889   -0.15392
 -0.46245    0.35748   -0.43213   -0.062057   0.16532    0.40423
 -0.068771  -0.50231    0.11917   -0.11992   -0.20475    0.107
 -0.38495   -0.4965     0.64794    0.89739   -0.25439   -0.34021
  0.86398    0.337      0.44488    0.44142  ]"
1625,"[-0.43314  -0.081992 -0.43996   0.65795  -0.29803   0.75704   0.69365
 -0.70842   0.45493  -0.78822   0.58926  -0.13215   0.064199 -0.51702
  0.63813  -0.47883  -0.23277   0.069337 -0.3949   -0.024615 -0.34024
 -0.040945  1.0056   -0.28125   0.15122  -0.56111   0.16468  -0.32025
  0.36742   0.017544 -0.3241    0.27765   0.092402 -0.49875  -0.9519
  0.49003  -0.33566  -0.31476   0.16205   0.21938  -0.093539 -0.86838
  0.69658  -0.76939  -0.28832  -0.95842   0.38313  -1.0396    0.02022
 -0.007387 -0.92123   0.39541   0.42072   0.13671  -1.0632    0.097304
  0.19613  -0.7759   -0.98007  -0.15581  -0.18374   0.39512  -0.38974
  0.35358  -0.43009  -0.074317 -0.24446  -0.66518   0.14723  -0.53178
  0.38845  -0.085153  0.48178  -0.30481  -1.0271   -0.67087   0.49449
  0.65799  -0.5066   -0.1468   -0.099252 -0.63166   0.72115   0.49823
  1.1845   -0.27939   0.67638  -1.0568    0.26261   0.08705   0.26652
  0.27009   0.93484   0.87227  -0.12778   0.38374  -0.024962  0.15468
 -0.28994  -1.098   ]"
ascendancy,"[ 3.0799e-01 -2.6471e-01  6.9457e-01 -1.6213e-02 -2.8946e-01  2.9489e-04
  1.2837e-01 -9.1340e-01 -6.5623e-02  1.4293e-01 -5.2324e-01 -2.1923e-01
 -1.7966e-01 -1.4552e-02  5.1141e-02 -3.1921e-01 -1.0304e-01 -1.8447e-01
  3.2734e-01 -1.4596e-01  5.0347e-01 -2.1417e-01 -4.2984e-02 -3.6438e-01
  2.0519e-01 -2.9867e-01  3.6230e-01  4.2086e-01  5.7845e-02 -7.0788e-01
  8.2608e-02 -3.6016e-01  1.0247e-01 -2.7101e-02 -9.7858e-02  1.5394e-01
  1.5163e-01  5.7465e-02 -5.4575e-01  2.6582e-01 -4.4209e-01  1.2948e-02
  3.3777e-01  2.3026e-01 -4.0216e-01 -6.4449e-01  9.9244e-01  2.6453e-01
  7.0753e-01 -1.5364e-01 -4.0413e-01 -3.1408e-02 -2.7824e-01  4.1971e-01
  4.5477e-01 -4.2059e-01  1.4689e-01 -2.8424e-01 -3.2868e-01  7.4541e-02
  2.8374e-01 -1.4045e-01  1.6943e-01  1.6021e-01  1.5553e-01  1.3914e-01
 -7.1086e-03 -6.9584e-01  1.5690e-01 -2.0735e-01  8.0868e-03  8.9438e-02
 -2.1230e-01 -5.6866e-01 -4.5910e-01 -6.9253e-01 -7.9473e-01 -4.8147e-01
 -1.8310e-01 -1.2632e-01 -7.1451e-01 -2.2999e-01  2.9925e-01  5.0001e-01
  1.1296e-01 -3.7300e-01  3.2308e-01 -2.3510e-01 -1.6502e-01 -6.0746e-01
 -7.5820e-02  1.6197e-01 -1.8660e-01  5.3670e-01 -8.6708e-02 -8.0362e-01
  3.8199e-01 -2.8657e-02 -3.5859e-01  5.8364e-01]"
0.84,"[ 1.0509     0.67569    0.30178    0.36445    0.15621   -0.6056
 -0.11107    0.18605    0.74003   -0.027695   0.13851    0.14356
 -1.2576    -0.70235    0.72307   -0.18079   -0.94811   -0.99943
  0.8228     0.89304    0.76529   -0.3556     0.328      0.26496
  1.4658    -0.56986   -0.022722   0.075244   0.0023758 -0.56099
 -0.30319   -1.0608    -0.59261    0.35833   -0.086069   0.48358
  0.69227    0.1122     0.09516    1.1919    -0.69732   -0.73961
 -0.95566    0.34372   -0.70568   -0.1196    -0.5812     0.76954
 -0.14247   -1.4074    -0.65283   -0.25165    0.38894   -0.12875
 -0.96779    1.1373    -0.53186   -0.36168    0.51665    0.66622
 -0.17095   -0.4249    -0.26249    1.0857    -0.79378   -0.89076
 -0.070764  -0.56762    1.0435     0.34635   -1.6809    -0.037759
 -0.26252   -0.11371   -0.16475    0.19861   -0.42403   -0.38563
 -0.19492   -0.44256   -1.0478     0.19136   -0.16525    0.93152
  0.20597    0.038192   0.10392    1.3488     0.86502    0.78493
 -0.30956    0.4212    -0.014394   0.10108   -0.38016   -0.3901
 -0.18979   -1.0149    -0.18095   -0.11766  ]"
easley,"[-0.64947   0.16378   0.87368  -0.6351    0.71414   0.2       0.020318
 -0.20386   0.29358   0.11613  -0.21611  -0.54055  -0.19815   0.024827
  0.097046 -0.23711  -0.2854    0.58914  -0.49546  -0.17769   0.51868
  0.023894  0.37595   0.40079  -0.61845   0.52622  -0.15024   0.13535
 -0.29077  -0.2944   -0.087629  0.013758  0.62398   1.5866   -0.83605
  0.49596  -0.19234  -0.11457  -0.031088  0.38887   0.18775  -0.10873
  0.33389   0.55397  -1.2398    0.50226   0.64719  -1.595     0.63228
  0.75945  -0.62746  -0.27793  -0.3108   -0.74338  -0.24419   0.19252
  0.1026   -0.7701    0.13793   0.46351   0.24252  -0.66259  -0.10714
  0.34936   0.37406  -0.1166    0.13527   0.83787  -0.76206   0.32907
 -1.3738    0.14117  -0.080852 -0.046512  0.25255   0.53141  -0.24098
  0.58316   0.28465   0.26409  -0.8672    0.040191 -0.14641  -0.15005
 -0.086045  0.043273  0.30979   0.18618   0.31193  -0.86125   0.34939
 -0.47164  -0.35381  -0.16739   0.15651  -0.12702  -0.24971   0.24031
  0.017675 -0.72591 ]"
pehr,"[-1.4297    -0.60503   -0.029695   0.0029772 -0.64483   -1.468
  0.18135   -0.90363   -0.82289   -0.73118   -0.32972    0.29667
 -0.068807  -0.19787    0.5113    -0.34839   -1.2375     0.53034
  0.0091479 -0.43429   -0.036433   0.9932     0.18571    0.6704
  0.018032  -0.02873   -1.0579    -0.8661    -0.12172   -0.56818
  1.1102    -0.076451  -0.85569    0.21861   -0.28492   -1.0272
 -0.73821    1.0526    -0.72906   -0.18498    0.32873    0.74234
  0.11932    0.76512    0.1512     0.097848  -0.89441   -0.098595
  1.2181    -0.22396   -0.91661   -0.121     -0.020071  -0.61984
 -1.2961     1.3806     0.46176    0.61719   -0.34918   -1.1642
  0.33547   -0.76831    0.21232   -0.85382   -0.23534    0.04352
 -0.05316    0.47412   -1.527      0.29932    0.40187    0.81267
 -0.95405   -1.0741    -0.84365    0.061173   1.2015    -1.227
 -0.18393   -0.28649    0.58412    0.32885    0.71252   -0.12029
 -0.39801    0.29894   -0.3219     0.086151   0.48006    0.72231
 -0.16433   -0.23141    0.37097    0.2437     1.242     -0.58806
  0.50189   -1.2768    -0.12804   -0.9964   ]"
audacity,"[-0.017016   0.10466    0.49697    0.19204    0.15411    0.0032095
 -0.43693   -0.28344    0.046582   0.67139    0.41059    0.39883
 -0.68087   -0.82168    0.02493    0.23933   -0.36982    0.80304
 -0.4863     0.066718  -0.079543  -0.33909   -0.93688   -0.71006
  0.12443    0.79976    0.23637    0.2341     0.31284   -1.4224
  0.52426   -0.11986   -0.098235   0.34787   -0.37179    0.26347
 -0.31368   -0.075952   0.24642    0.38341   -0.087328   0.35878
 -0.12441    0.11303   -0.23966    0.0021267  0.83724   -0.44156
  0.4741     0.33776   -0.17907    0.39785    0.24437    0.69612
  0.12193   -0.22369    0.16604   -0.066484  -0.80295   -0.77223
  0.13668    0.049487  -0.29875   -0.37096    0.018141  -0.2367
  0.32083    0.011901  -0.081224  -0.56059    0.26648    0.18989
 -0.34783   -0.21302   -0.69349    0.62704    0.088073  -0.071046
 -0.33734   -0.26555   -0.20332    0.28976   -0.18262    0.24614
 -0.37946   -0.33717    0.31508   -0.069898  -0.31841   -0.034736
 -0.34172    0.19997    0.34362    0.22153    0.14509   -0.66886
 -0.41574   -1.0123     0.11587    0.70985  ]"
connacht,"[-0.86376   -0.38928    0.63227   -0.22703   -0.038596   1.4169
  0.4148    -0.37147    0.088723  -0.54595   -0.35567    1.097
 -0.57698    0.9159    -0.87545   -0.80599   -0.076607  -0.27043
  0.057568   0.37142    0.14612   -0.90868    0.077772   0.18767
 -0.064839   0.0081628  0.13685   -0.21315    0.23904   -0.24278
 -0.18673   -0.18287    0.12445   -0.34891    0.42154   -0.22347
 -0.20812    1.2319    -0.83377   -0.23519    0.22512    0.52724
 -0.1954    -1.0993     0.34925    0.53016    1.1877    -0.3757
  0.34926    0.53721   -0.29037    0.05386    0.089019  -0.63654
 -0.069392   0.22506   -0.12087   -0.41382   -0.96844    0.25441
 -0.14956   -0.44816   -0.52916    1.1329     0.54624   -0.40566
 -1.4741     0.65293    0.16513    0.98626    0.01722   -0.376
  0.40944   -0.25579   -0.45256    0.11274   -0.60625    0.29406
 -0.87352   -0.55567    0.49718    0.031747   0.10882   -0.13156
  0.39844    0.35198   -0.72926   -0.44831    0.21546    0.70928
 -0.71198    0.61388   -0.57028    0.50605   -0.79097   -0.32157
 -0.60032    0.73987    0.95983   -0.34992  ]"
bradman,"[-0.29287    0.020851   0.26991   -0.14369   -1.3029     0.12803
  0.12756   -0.093614  -1.8898    -0.60757    0.029819  -0.24692
 -0.4385    -0.55164    0.44942   -0.036747   0.75293    1.1406
 -0.49043   -0.62771    0.66967   -0.33048    0.36953   -0.89665
  0.78168    0.2916    -0.05268    0.22754    0.39949    0.42398
 -0.23041    0.5926     0.1917    -0.097864  -0.3552     0.9168
 -0.56446    0.37335   -1.1975     0.16453   -0.13303    0.35398
  1.086      0.2404     0.27624    0.2825     1.1877    -0.24507
  0.17643   -0.3369     0.068655   0.42804    0.63996    0.044118
 -0.12388    0.18725   -1.3365    -0.027867  -0.54499    0.12152
  0.13563   -0.18918    0.51269    0.78584   -0.24285    0.020703
  0.2223     0.20022    0.35657   -0.12598    0.12913    0.68083
 -0.5184     0.14683    0.15265    0.099001  -0.19372    0.0096031
 -0.13188    0.75685    0.4642     0.35325    0.42824   -0.50979
 -0.024046   0.16606   -0.52253   -0.3445    -0.018108   1.0821
 -0.54259   -0.2768     0.027586  -0.96868    0.29663   -0.079998
 -0.2949    -0.53023   -1.4097     0.0049103]"
viz,"[ 0.055258  -0.82705    0.054006   0.13681    0.25866    0.49826
 -0.40388    0.11825    0.38115   -0.34386    0.40421   -0.58555
  0.45781    0.047306   0.132      0.38795    0.028486   0.29982
 -0.25631    0.19772    0.21403    0.10836    0.47144    0.14294
  0.24419    0.64896    1.114      0.49134    0.093662   0.67945
  0.34327   -0.18717   -0.47936   -0.29856   -0.14028    0.43586
 -0.0076837 -0.21762   -0.54299    0.36198   -0.14053    0.51753
 -1.0416     0.51588   -0.12364   -0.069227   0.18122    0.14343
  0.57664    1.034     -0.81826    0.27396    0.11685   -0.072986
 -0.028856   0.18814   -0.28938   -0.22685   -0.1405    -0.1186
  0.069799  -0.3697    -0.32028   -0.13589    1.1729    -0.067223
  0.10901    0.26017    0.6269    -0.059996   0.2441     0.65019
  0.25197   -0.037991  -0.72032    0.95753    0.19652    0.29517
 -0.56321   -0.93611    0.0021374 -0.62651   -0.80723    0.85855
 -0.14651    0.24368   -0.28493   -1.2209     0.47459    0.43493
  0.0070073  0.41263   -0.41407    0.13441   -0.011881   0.2667
  0.12306   -0.31231    0.8724    -0.029041 ]"
respectability,"[ 0.38384    0.31446    0.39458    0.15681   -0.25088    0.51041
 -0.021457  -0.91214    0.014571   0.46989   -0.29433    0.05483
 -0.096012  -0.14548   -0.076913  -0.039786   0.31914    0.27947
  0.42943    0.46296   -0.11274    0.12783   -0.23891   -1.0674
  0.83244   -0.0039055 -0.28361   -0.37786   -0.36418   -1.143
  0.15986   -0.40082   -0.98015   -0.043531  -0.49557    0.41757
  0.052577   0.57742   -1.0174     0.15625   -0.48189   -0.55492
 -0.22459   -0.017599  -0.16202   -0.14429    1.0137     0.49637
  0.41156    0.080248  -0.57525    0.026548  -0.32518    0.88029
  0.0833    -0.27949   -0.12215   -0.29932   -0.0027415  0.017156
 -0.35228   -0.41451   -0.60589    0.1152    -0.33811   -0.16048
  0.22805   -0.25819   -0.2136    -0.2107     0.11938   -0.32527
  0.082392  -0.51905    0.023033   0.15923   -0.80901   -0.49378
 -0.080329  -0.51817   -0.53997    0.2988     0.30552    0.024691
  0.30767    0.2518     0.15197   -0.1254    -0.65797    0.15682
 -0.19379    0.23578    0.11326    0.04208    0.26272   -0.32407
  0.51488    0.19426   -0.0042286  0.94431  ]"
ferran,"[ 0.40277   -0.78716    0.57592   -0.14796    0.12385   -0.0037383
  0.50814    0.45039    0.023728   0.31877    0.13123    0.30196
  0.13749   -0.96715   -0.40516    0.23823   -0.66716    1.0952
 -0.20038    0.25793    0.45136    0.28169   -0.23098    0.6182
  0.7877    -0.4692    -1.0375    -0.6255     0.16534   -1.1689
 -1.0988    -0.7361    -0.24931    0.89469    0.49432    0.81142
 -0.0085449  0.56923    0.10306    0.56114   -0.30127   -0.12619
  0.35824    0.29777   -0.78259   -0.01634   -1.099      0.19084
 -0.39417   -0.47518   -0.33948    0.16363   -0.93485   -0.27829
 -0.2338     0.072519  -0.24991    1.2834    -0.74291    0.74194
  0.020582  -0.74857    1.1389    -0.053934   0.090214  -0.14967
  0.28292   -0.10714    0.22559    0.48052    0.17222    0.63561
 -0.50567   -0.40251   -0.089762   0.39572   -0.098021  -0.31842
  0.23806    0.33421    0.071029  -0.8684    -1.5961     0.76819
  0.54903    0.62264    0.14012   -0.0042683  0.21851   -1.2287
 -0.37808    0.23599   -0.020615   0.40466    0.21756   -0.034778
 -0.57595    0.21969   -0.3029     0.10319  ]"
genomics,"[ 4.1319e-01  1.2253e+00  8.0832e-02  4.3999e-02  4.2510e-01 -7.3829e-01
 -1.8821e-02 -6.5215e-01  4.5314e-03  5.4923e-04 -8.0960e-02  4.0187e-01
  3.6534e-01 -2.0348e-01 -1.9549e-01  9.3633e-01  5.6177e-01  1.4158e+00
  9.0334e-01 -5.0499e-01 -3.7605e-01 -2.9448e-01  1.0444e-01  8.3396e-01
 -3.7849e-01  7.4294e-01  6.7298e-01 -2.1749e-01 -1.8806e-01 -5.6519e-01
 -6.4017e-01  6.6968e-01 -1.9087e-01  1.8300e-01  9.9220e-03 -1.6081e-01
 -2.9931e-01  1.2114e+00 -4.3796e-01  1.0141e-01  4.6707e-01 -1.9148e-02
 -6.4612e-01 -4.8343e-01 -1.2349e+00  4.4133e-01  7.0482e-02  7.8084e-01
 -1.0380e+00  7.0333e-01 -1.9220e-01 -4.5463e-01 -2.7404e-01  6.2721e-02
 -1.9800e-01  9.1253e-02 -5.0540e-01 -1.0361e-01  4.6721e-01 -2.6286e-01
 -2.8786e-01 -1.6140e-01  6.1075e-01  3.1862e-01  2.2930e-02  5.3045e-01
 -4.7619e-01 -2.5958e-01  6.4524e-01  5.4965e-01 -5.6617e-01  7.0813e-01
 -3.2793e-01 -5.5224e-01 -8.4304e-01 -4.3474e-01  2.2010e-01  6.4309e-01
 -9.1471e-01 -1.6002e-01 -2.7316e-02  4.3885e-01 -1.1184e-01  1.0402e+00
 -3.6573e-01  5.5485e-01  1.0479e+00 -2.7523e-01 -1.1297e+00 -4.2449e-01
  7.3133e-01 -2.6794e-01 -3.6152e-01  4.6520e-01  4.1603e-01  1.0092e-01
  1.7106e-01 -9.3021e-01  2.5480e-02  5.2355e-01]"
rumour,"[ 0.27717  -0.17677  -0.2569   -0.47958  -0.37693   0.70226   0.38359
 -0.8025    1.0194   -0.31737   0.093392  1.4372    0.16241  -0.21028
  0.69855  -0.14583  -0.44871  -0.52377   0.28344  -0.29819  -0.025556
  0.39077  -0.1215   -0.1941   -0.17576  -0.15296   0.77963   0.58459
 -0.83841   0.28906  -0.51638   0.17433   0.33163  -0.27088  -0.67408
  0.11534  -0.16387  -0.65158   0.46803  -0.77882  -0.68191   0.94421
 -0.55619  -0.31195   0.3899   -0.24661   0.31411  -0.42126   0.51146
 -0.77371  -0.027988  0.6637    0.09685   0.27336  -0.24135  -0.41523
 -0.34571   0.091602 -0.38944  -0.064077  0.1189   -0.23373  -0.16121
  0.39919   0.4573   -0.090758  0.59789  -0.60893   0.055122 -0.42839
  0.042936  0.031255 -0.33867  -0.37245  -0.014003  0.84248   0.68268
 -0.25246  -1.1864    0.48047   0.38309  -0.2458    0.20106  -0.040135
  0.057078 -0.77892   0.12412  -0.17269   0.24579   0.39186  -0.33408
 -0.21561  -0.72471   0.054713  0.40244  -0.56493  -0.10666  -0.54423
 -0.43036   0.59366 ]"
speciality,"[ 4.0165e-02  1.4164e-01 -7.6092e-01  2.8852e-01 -1.6209e-01 -4.3841e-02
  6.0354e-01 -6.2171e-02  1.6592e-01  7.9830e-01 -1.1588e-01 -3.0804e-01
  3.4053e-01  3.2335e-01 -7.0123e-01  5.3073e-01  2.6667e-01 -2.6988e-02
  4.0986e-01  1.1835e-02  5.1803e-02  4.6501e-01  1.2227e-01 -3.3071e-01
 -4.6862e-01  7.9440e-02  7.3024e-01 -4.6028e-01 -6.7985e-01 -2.6752e-01
 -2.3589e-01 -4.2486e-01 -3.2036e-01 -3.8676e-01 -4.8906e-02  3.6959e-01
 -8.9175e-01  6.6947e-01 -6.5204e-01 -7.3835e-02  9.4981e-01  5.5305e-01
  6.1107e-02 -5.2116e-01  2.7505e-02  4.2263e-01 -1.4940e-01  5.3259e-01
 -5.6789e-02  7.5104e-02 -3.0156e-01 -6.0718e-03  2.9437e-01 -2.8589e-01
 -7.2275e-02 -9.2122e-04 -2.2266e-01  3.0615e-01  5.2787e-02 -4.1921e-02
  3.7311e-01  1.1157e-01  9.8976e-01  5.5930e-01 -1.4239e-01 -1.6108e-02
  6.1073e-02 -4.6382e-01  4.9948e-01 -4.6555e-01 -6.5407e-01 -3.0857e-01
  3.7598e-01  5.7996e-01  2.0580e-01  3.5433e-01 -3.0205e-01 -2.5945e-02
 -3.5966e-01 -7.9604e-02 -2.9271e-02 -2.9295e-01 -4.6446e-01  3.3330e-01
 -3.5075e-01 -3.5016e-01 -2.0503e-01 -3.6306e-02 -9.2146e-03  2.6189e-02
  9.8046e-02  5.1557e-01  3.3562e-01  1.5919e-01 -3.5684e-01  2.8092e-01
  1.8095e-01 -3.8742e-01  9.4196e-01  7.3498e-01]"
sash,"[-0.13189  -0.045765 -0.4005   -0.69595   0.60489   0.41545  -0.60889
  0.53837   0.23297   0.55993   0.11475   0.20878   0.91507   0.56598
  0.31426  -0.04188  -0.16901   0.28411   0.91096  -0.86208  -0.68202
 -0.48161   0.11556   0.13766   1.05      0.40513  -0.47527  -0.39019
 -0.21855  -0.92132   1.4783   -0.30354   0.53254   0.45483   0.47433
  0.59906  -0.51953   0.10856   0.43687   0.11455   0.35587  -0.52714
  0.23529   0.15372  -0.4786   -0.14467   0.16333   0.43057   0.07139
 -0.098086 -0.35577   0.35823  -0.51269   0.47016  -0.08503  -0.48354
 -0.24781   0.68976   0.50166   0.64095  -0.2075    0.19818  -0.34575
  1.1431   -0.65157   0.085252 -0.17394   0.025296  0.20832  -0.086427
  0.16755   0.37006   0.16194  -0.56432   0.4691    0.70378  -0.3252
  0.37952   0.67428  -0.71738  -0.37273  -0.83153  -0.10437  -0.36993
  0.30309   0.10558  -0.15709  -0.30717   1.1967   -0.27818   0.20993
 -0.16812  -0.045339  0.26464   0.43352  -0.51015   0.40866  -0.043458
  0.092452 -0.23971 ]"
dampening,"[-0.16582   -0.45488   -0.23588    0.31261    0.31699   -0.62466
 -0.84013   -0.88879    0.33364   -0.12093   -1.008     -0.40798
 -0.47348   -0.53868    0.57055   -0.0027098 -1.0548     0.039096
  1.238     -0.21334   -0.14583   -0.26636    0.31765    0.34501
 -0.34701    0.098109  -0.61453    0.27371   -0.91695   -0.32102
 -0.045805  -0.63353   -0.28506    0.26583   -0.75509   -0.61644
  0.14388    0.20522    0.034176  -0.39645   -0.27124   -0.38494
  0.097445   0.40208    0.50122   -0.34389    0.576     -0.21009
 -0.29623   -1.3465    -0.36898    0.079553  -0.39462   -0.0054548
  0.029133  -0.153      0.21125   -0.3424    -0.43018   -0.19183
 -0.01324    0.14404   -0.7467     0.87165   -0.69486    0.27103
 -0.15297   -0.71742    0.040934  -1.0998     0.72823   -0.34808
 -0.046502  -0.26421    0.045846   0.24081    0.88871   -0.38354
 -0.097933  -0.24544   -0.056567  -0.19657   -0.21559    0.4044
  0.21768   -0.665      0.12515    0.31918   -0.18839   -0.50105
 -0.92967    0.25271    0.009531  -0.12502   -0.18572    0.066389
  0.44579   -0.14186    0.45186    0.19956  ]"
somers,"[-8.6796e-01 -5.3373e-01  6.3056e-02 -2.9908e-01 -5.9905e-01 -4.5293e-01
 -1.7178e-02  6.0805e-01 -2.0036e-01 -5.2380e-01 -2.0500e-01 -5.3626e-02
 -5.3062e-01  6.2646e-01  5.1881e-02 -7.6535e-01  6.4871e-01 -3.2864e-01
 -5.2851e-01  4.0889e-01  3.9162e-01 -3.4012e-02  2.5645e-01 -1.2107e-01
  3.8309e-01  5.0445e-01  1.5984e-01 -8.9265e-02 -4.8356e-01  3.3525e-01
  3.6335e-01 -1.3660e-03  1.8286e-01 -3.1892e-01 -3.3636e-01  2.4507e-01
 -7.7654e-01  6.6580e-01  7.4004e-01 -2.4727e-02  5.2066e-01  7.2182e-02
 -2.9177e-01 -4.4409e-02 -4.0042e-03  3.7906e-01  3.7965e-01 -7.1645e-01
  2.5571e-01  8.3387e-01 -4.2557e-01  3.2284e-01  1.9977e-01  2.0138e-01
 -4.2509e-01 -6.6769e-01  3.2389e-01 -4.9934e-01 -9.5082e-01 -2.0253e-01
  7.2287e-01 -4.6485e-01  1.7378e-02  3.2395e-01 -5.4380e-01  3.4530e-04
  2.0906e-01 -9.4115e-02 -6.4849e-02 -4.2047e-01  5.5359e-02 -5.2473e-01
 -5.9768e-01 -9.4678e-02 -4.5254e-01 -3.6259e-01  2.2579e-01 -4.3694e-02
 -3.4524e-01  5.5371e-02 -5.2400e-01  3.6017e-01  3.0466e-03 -4.7062e-01
  5.1483e-01 -3.4516e-01 -1.1965e-01 -3.6958e-01 -1.2996e-01 -8.2371e-02
 -9.0493e-02 -1.8366e-01  8.4826e-01 -5.2046e-01 -5.4371e-02 -2.8142e-02
 -1.7446e-01  3.0697e-01 -1.6462e-01  7.7224e-01]"
intersecting,"[-0.2476   -0.10708   0.53475   0.93163   0.93603   0.52825  -0.14566
  0.73995   0.7259   -0.28778   0.35575   0.12554   0.94069   0.44376
  0.45959   0.018314 -0.076632  0.51023   0.55935  -0.28867   0.29888
  0.3146    0.28067  -0.069088  0.40978   0.49579   0.21759  -0.15454
  0.31004  -0.144    -0.30694  -0.020684 -0.14602  -0.81186  -0.56764
 -0.18608   0.2424   -1.2686    0.503     1.0422   -0.028334 -0.67997
 -0.33854   0.59538   0.3322    0.32688   0.17225  -0.1172   -0.39811
  0.78665  -0.22454   0.1641    0.4169    0.42503   0.40487  -0.36385
  0.89298  -0.099309 -0.22785   0.41206  -0.5538    0.57389   0.71391
  0.1248   -0.29108  -0.1079    0.47213  -0.25883  -0.22799   0.24436
 -1.2913   -0.046914  0.022131 -1.0745    0.64379  -1.0038    0.30803
  0.12149  -0.065811 -0.39799  -0.23895   0.68735  -0.29955   0.080669
  0.09112   0.46841  -0.6109   -0.72961   0.30377   0.18865  -0.36701
  0.61171  -0.72856  -0.021232 -0.53061  -0.44432  -0.070427  0.20953
  0.38647   0.82541 ]"
hoopla,"[-0.20532   -0.026933   0.72218   -0.57503   -0.57152    0.57552
 -0.12305   -0.31341    0.09977   -0.20835    0.28958    0.59423
  0.23015   -1.2433     0.23906   -0.13594   -0.12449    0.53118
  0.42283   -0.25512   -0.9356    -0.096356  -0.31846   -0.32834
  0.32483    0.51268    0.35354    0.7526    -0.39808   -0.91845
 -0.1758    -0.87698    0.38729    0.35743   -0.50297    0.25526
  0.27385   -0.16384   -0.7532     0.2732     0.090218  -0.21907
 -0.21019   -0.20876   -0.33464   -0.28193    0.57253   -0.22765
  0.71018   -0.74344    0.069225  -0.17685    0.23291   -0.088999
  0.1011    -0.45213    0.024839   0.57062   -0.40534   -0.24618
 -0.2844     0.85764    0.1016     0.45151   -0.23314   -0.0032719
  0.65508   -0.44346    0.083729   0.03631    0.1809    -0.50881
 -0.38873    0.25505   -0.74685    0.57679    0.14554   -0.049424
 -0.27913    0.86441   -0.16186   -0.47854    0.55969    0.63481
 -0.42268    0.40055   -0.48987   -0.56035    0.065059  -0.41965
  0.59859    0.30795   -0.69598   -0.27603    0.25705   -0.11543
  0.27714    0.26497    0.20194    1.0894   ]"
inglewood,"[ 0.8982    -0.32161    0.81584   -0.24559   -0.27579    0.31761
 -0.3967     0.77235    0.362      0.37668   -0.2119    -0.39275
 -0.2704    -0.93153    0.34868    0.12668    0.71162    0.29386
 -0.72723   -0.43754    0.28746   -0.2543    -0.43609    0.12567
 -0.04542   -0.43442    0.021199  -0.19461   -0.51365    0.28406
 -0.18885   -0.17807    0.58953    0.309      0.17974   -0.17032
 -0.13391    0.15422    0.37429    0.064126   0.074988   0.54234
 -0.40211   -0.99931   -0.12135    0.30084    0.14909   -0.052766
 -0.18947    0.47656   -0.36924   -1.135     -0.32439   -1.0149
 -0.0045496 -0.29247   -0.2345    -0.13113    0.16926   -0.27768
 -0.6638     0.4288     0.26994   -0.23484   -0.80545   -0.39589
  0.20643   -0.12879    0.14192    0.67425    0.36388    0.44831
 -0.45548   -0.62022   -0.40402   -0.43652    1.4161     0.028903
 -0.33733   -0.020381  -0.32226    0.20615    0.14498    0.12501
  0.49173    0.3476     0.038612   1.0102    -0.37063    0.49386
 -0.81382   -0.95793   -0.2427     0.55062   -0.061217   0.25992
 -0.14139    0.022252  -0.067029   0.045656 ]"
submits,"[-5.0929e-01  2.5806e-01  8.0051e-01  1.3998e-01  2.0830e-01  9.6286e-02
 -5.6756e-01  9.2698e-01  6.0951e-01  2.2911e-01  3.4878e-01  2.8273e-01
 -5.9525e-01  2.3977e-01 -2.6801e-01  5.4016e-01  1.8065e-01  6.3857e-01
  4.4013e-01 -2.9754e-01 -1.2259e+00 -6.4624e-01 -5.6424e-01  4.3863e-01
 -4.2522e-01 -3.7067e-02 -5.0049e-01  2.0312e-01 -7.8854e-02 -4.5677e-01
 -8.5582e-02  6.5989e-01 -7.5904e-01 -2.6160e-01 -4.0349e-01  3.8345e-01
 -1.6693e-01 -7.4951e-01 -5.3858e-01  5.4669e-02 -4.3364e-01  1.0131e+00
  7.1433e-01 -9.4019e-02  1.9902e-02  1.0811e-01 -6.5449e-01 -3.4990e-01
 -1.3332e-01 -3.3185e-02  5.5217e-01  1.9820e-01  6.7059e-01  2.2744e-01
 -8.1930e-01  3.1707e-01  3.8219e-01 -5.5902e-02  2.2149e-02 -2.7402e-01
  4.2617e-01 -3.5840e-01  1.0623e-01 -2.4823e-01  2.6350e-01 -3.5073e-01
 -1.2615e-02  3.7278e-01 -2.9519e-01 -3.2990e-02  4.0152e-01  1.4828e-01
 -8.2522e-01 -4.9040e-01 -6.2859e-02  4.3096e-03 -8.8167e-01 -4.9851e-01
 -4.7435e-01 -4.8540e-01 -3.2011e-01  2.7343e-01 -2.0215e-01  1.1705e-01
  4.6084e-01 -6.4011e-01  8.9585e-01  1.8156e-01  4.6805e-01 -2.7275e-02
  6.1759e-01  4.1649e-01 -3.5365e-01 -6.8091e-04  2.3447e-01  1.9456e-01
  2.7221e-01  1.1667e-01  3.6526e-01 -3.6067e-01]"
lizzie,"[-7.3261e-02 -2.9110e-01 -4.1582e-01 -2.7936e-01 -6.2364e-01 -5.9538e-04
 -2.2180e-01  2.5025e-01  4.2411e-01 -6.9450e-01  1.9499e-01  1.1330e-01
 -6.6957e-01  1.3371e-01  3.3587e-01 -3.0691e-01  1.4285e-01 -2.2748e-01
  4.7871e-01  1.0283e+00 -2.4647e-02  6.0603e-03  3.0078e-01  6.3950e-02
  8.5833e-01  6.4329e-01  2.3241e-01 -3.4970e-01 -2.0236e-01  2.1938e-01
  4.0656e-01  6.3687e-01  6.0742e-01  2.0213e-01 -3.6554e-01  2.5653e-01
 -3.9670e-02  1.5784e-01  1.2101e-01 -4.0192e-02  1.0105e-01  1.8692e-01
 -9.4143e-02  1.7158e-01 -2.9232e-01  8.7475e-01 -5.2984e-01 -6.4007e-02
  2.7269e-01  2.2800e-01 -3.4947e-01 -1.3301e-01  9.0639e-01  9.3969e-01
 -3.7736e-01  9.1828e-02 -3.1130e-01  9.6181e-02 -9.6835e-01 -3.4780e-01
 -5.6482e-02  8.4115e-01  2.5635e-01  5.2455e-01  1.9162e-01  3.6727e-01
  5.3704e-01  2.4422e-01  1.4800e-01 -2.1641e-02  3.1514e-01 -4.6192e-01
 -5.5752e-01 -1.2476e-01 -6.6656e-02  3.7245e-01  4.7813e-02  7.2555e-03
 -3.0716e-02  3.6471e-02 -5.4072e-01  1.6228e-01  6.2820e-01  4.5913e-01
 -1.7582e-01 -2.7073e-01  1.0942e-01 -8.5586e-03 -4.2054e-03  9.8302e-02
 -5.3056e-01  5.0707e-02  5.9771e-01 -2.1936e-01  2.3810e-01 -3.6870e-01
  6.3202e-01 -6.8247e-02 -7.4597e-01  8.5442e-01]"
katzenberg,"[ 0.46092   -0.71847    0.25593    0.40934    0.51962   -1.0103
 -0.21833   -0.50713   -0.22527    0.12391    1.3012    -0.041464
  0.88261   -0.72789    0.36295   -0.35957   -0.56891    0.0044678
  0.017238   0.35585    0.47167    0.50003   -0.33538    0.65488
 -0.013814   0.70199    0.78833    0.28902    0.12091   -1.1133
  0.53797    1.1336    -0.86708   -0.28363   -0.85384    0.57543
  0.091986   0.1546     0.61184   -1.0866     0.53624    1.129
 -0.049647   0.58511    0.29844    0.25864   -0.51531    0.03381
  0.062295   0.06791   -0.15292   -1.4838    -0.0057462 -0.14189
  0.17143   -0.33288    0.28531   -0.23111   -0.52165    0.53125
  0.64731    1.498      0.7067    -0.19869    0.052507  -0.91982
  1.2056     1.107     -0.44577   -0.4975     0.4411     0.15442
 -0.60567   -0.18977   -0.92344   -0.3598    -0.32551   -0.34097
 -0.01349    0.70895    0.33004   -0.30105    0.1716     0.063404
 -0.29491    0.5737    -0.57427    0.87966    0.10572    0.017533
  0.51691   -0.89464   -0.25627   -0.14363    1.1463    -0.19063
  0.76736    0.39311    0.26801    0.15236  ]"
valentina,"[ 0.64584   -0.14469    0.13865    0.67755   -0.42944   -0.38199
  0.1509     0.65382    0.27152    0.45012    0.24813   -0.16854
 -0.32951    0.3263    -0.33976   -0.80961    0.049027   0.022723
 -0.51336   -0.2312    -0.83232   -0.15498    0.086143   0.90063
 -0.19392   -0.051475   0.1582     0.065652   0.24898    0.22665
 -0.15337   -0.10006    0.37558    0.23137   -0.25791   -0.36352
  0.046251   0.49821    0.42774   -0.38377    0.40899   -0.017674
  0.1628    -0.50234    0.22918    0.1648    -0.52746   -0.26072
 -0.090403   1.1883    -0.034438   0.14566    0.26494    1.2
 -0.31856   -0.15585    0.51519    0.8199    -0.93306    0.19018
  0.069225   0.12329    0.25554    0.52001    0.16033    0.77266
  0.62406   -0.038253   0.058199  -0.2959    -0.046694   0.40141
  0.068986   0.78386    0.37869    0.10258   -0.71812   -0.28253
 -0.0075743 -0.72791   -0.56843   -0.68962   -0.030088   0.28645
  0.40863   -0.90647   -0.47696    0.94347   -0.051711  -0.87826
  0.89613   -0.14908    0.51826   -0.24804   -0.14649    0.22025
  0.07165   -0.16165   -1.2167     0.079132 ]"
diaper,"[-0.35971    0.32342   -0.070351  -0.60326   -0.74293    0.42029
  0.33631    0.86061    0.3835     0.0029707 -0.23617   -0.68729
 -0.16594   -0.11658    0.86666    0.060573   0.49435   -0.040436
  0.51883   -1.5759    -0.51177    0.14447    0.1877    -0.15465
  0.39756    0.86169    0.30918   -0.99524   -0.32193    0.091333
  0.38066   -0.066872   0.55894   -0.027827  -0.46364    0.5059
 -0.81413    0.021422   0.072985  -0.073682   0.35031   -0.17888
  0.1601    -0.53787   -1.4187     0.995     -0.58616    0.69329
 -0.30503   -0.51477   -0.49044    0.41125   -0.0065757  1.271
  0.15848    0.12202   -0.0026036  0.6528     0.10511   -0.2421
  0.68495   -0.25141   -0.34699    0.29834    0.44248    0.45494
 -0.088212  -0.99759    0.15416   -0.46732   -0.54548   -0.36671
 -0.38058    0.40695    0.15469    0.26254    0.30162   -0.24801
 -0.37744    0.025634   0.089537  -0.60517    1.2743     0.74262
 -0.70535   -1.0391     0.25398   -0.81315   -0.59965   -0.10898
  0.4332     0.54122    0.44914   -1.0808     0.048913  -0.30455
  0.084649   0.38714   -0.56342   -0.024213 ]"
winemakers,"[ 0.1474    0.15456   0.40363  -0.13057  -0.59592   0.21024   0.22963
  0.087942 -0.4056   -0.47475  -1.0928   -0.52766   0.083116 -0.51444
 -1.1304    0.095111  0.59873   0.2899   -0.20763   0.47747  -0.33134
  0.37216   0.21622  -0.50775  -0.11342  -0.12649   0.063842 -0.73029
 -0.22625  -1.2576   -0.23534  -0.26479  -0.40423  -0.81737   0.60393
  0.51438   0.096622 -0.087641  0.42272  -0.70892  -0.57285   0.37816
 -0.34042  -0.1415    0.32197  -0.24047   0.29195  -0.32512   0.55124
 -0.20987  -0.26539  -0.2148   -0.96076   0.012855 -0.18628   0.53679
 -0.80358   0.15345  -0.026019 -0.5056    0.41174   0.80686   0.51541
  0.17338   0.065296 -0.2557   -0.053675 -0.036055  0.49341  -0.6096
  0.34825   0.57414  -0.23938  -0.35498  -0.79335  -0.29455   0.43012
 -0.66145  -0.1576    0.010671  0.4909   -0.2399   -1.0168    0.39272
  0.025856 -0.21853   0.0904    0.072858 -1.0845   -0.097697 -0.48002
 -0.065533 -0.81731  -0.72604  -0.80381   0.12706  -0.76855  -0.29753
  0.55904   0.065482]"
salamander,"[-0.15934    0.085163   0.53359   -0.37521   -0.32832    0.021319
  0.44259   -0.35004   -0.20312   -0.50556   -0.26126    0.87409
  0.1473     0.25343   -1.1791     1.0638     0.22888   -0.16041
  0.10121    0.66557    0.063689  -0.052403  -0.55006    1.6632
  0.27138    1.035     -0.72568    0.20977   -1.4079     0.38102
  0.32802    0.18384    0.31966   -0.25694    0.17552    0.42953
 -0.34351   -0.20113    1.2728     0.63894   -0.13471    0.71287
 -0.0080341 -0.18792    0.40399    0.079509   0.64463    1.1499
  0.0070185  0.91393    0.1812    -0.32969    0.28215    0.15717
 -0.34069    0.11545    0.59483   -0.44694    0.10469    0.14319
  0.3858    -0.029756   0.53689    0.29836    0.58441    0.88311
  0.2791    -0.74447    0.58712    0.14789    0.17743    0.15429
  0.073552  -0.79077   -0.51543    0.43775    0.039138  -0.077783
  0.39265    0.47294   -0.61274   -0.33588   -0.48369   -0.0052208
  1.0478     0.25827    0.59307   -0.16237    0.59928    0.42199
  0.037781  -0.33768   -0.1236    -0.064142   0.28279    0.50299
 -1.4709    -0.65629    0.53135   -0.4086   ]"
subtlety,"[-0.018557  0.21811   0.68721   0.34205  -0.25542   0.27454  -0.37567
 -0.40669  -0.17615   0.69518   0.065853  0.23439  -0.31435  -0.26171
 -0.046921 -0.035308 -0.52388   0.31452   0.1467    0.39385  -0.13662
 -0.21499  -0.37839  -0.91366   0.5465    0.67483   0.088413 -0.056194
 -0.31401  -0.90794  -0.25348  -0.37237  -0.59191  -0.14991  -0.056592
  0.10378   0.23885   0.32012  -0.018181 -0.14612   0.46021  -0.14998
 -0.11199   0.17456  -0.68063   0.24687   0.81245  -0.53356   0.33417
 -0.025418  0.13737   0.14545   0.096169  0.80796   0.29626   0.056677
  0.14032  -0.41763  -0.6157   -0.45264   0.19878   0.55858  -0.35253
  0.2195   -0.2158   -0.32706   0.59634  -0.43577   0.035706  0.15422
 -0.28338  -0.13137   0.43106   0.048322  0.32423   0.44808  -0.38162
 -0.57099   0.10087   0.29356  -0.54421  -0.4244    0.31337   0.13874
 -0.65447   0.55866   0.37808   0.33763  -0.15467  -0.62993   0.18818
 -0.077459 -0.44989   0.084815  0.22509  -0.084754 -0.47757  -1.0639
 -0.064092  1.0555  ]"
slough,"[-0.26612   -0.46792    0.32696   -0.7385    -0.072413   0.38451
 -0.11577    0.32673    0.12433   -0.50918   -0.13185    0.046471
  0.20088   -0.24339    0.624      0.19326    0.53641    0.26435
  0.59664    0.84432   -0.43204    0.33783    0.3059    -0.83948
 -0.43622    0.066001  -0.55752    0.28925    0.27738    0.44821
  0.22235   -0.30949   -0.035379  -0.04634   -0.40962   -0.0076217
  0.049982   0.14229    0.5236    -0.49553   -0.43019   -0.28006
 -0.63953   -0.5563     0.15897    0.79423    0.64895    0.24721
  0.29141    0.55144   -0.72074   -0.061998   0.29278   -0.5764
 -0.84778   -0.46191    0.15806   -0.54584    0.003461  -0.20056
  0.17581    0.049618   0.23987    0.43233   -0.033316   0.17661
 -0.033129  -0.66921    0.053861  -0.21521   -0.23021    0.079308
  0.47594   -0.84791   -0.63873   -1.2879    -0.31215    0.040071
 -0.4022     0.026048   0.17697    0.55468    0.20971    0.55197
  0.54282   -0.63434    0.24581   -0.34199    0.49577    0.73798
 -0.68892   -0.44824   -0.61051    0.67183   -0.40939    0.53141
  0.59812    0.54708   -0.085746  -0.050453 ]"
informers,"[ 0.55554   -0.7149    -0.04915   -0.6956    -0.15334    0.79295
  0.068288  -0.76754    0.41641    0.35135   -0.33813    0.2021
  0.66082    0.81359    0.43576    0.10881    0.74128   -0.58227
 -0.61204    0.2666     0.15483    0.11902   -0.045347  -0.29396
  0.099083  -1.1941     0.41091    0.45959   -0.40731    0.0042883
  1.0473     0.33187   -0.58845    0.21429    0.47961    0.037415
 -0.4702    -0.0074545  0.5648     0.31028   -0.058756   0.6829
 -0.21768    0.7226     0.26845   -0.6576    -0.19129   -0.034735
 -0.39999    0.11953   -0.0044621 -0.16588    0.043506   1.3263
 -0.62758    1.0764     0.19232   -0.51489   -0.049519   0.23323
 -0.4085     0.51654   -0.16566    0.2159     0.33876   -0.1433
  0.4925    -0.092867   0.86627   -0.090292   0.10339   -0.87286
 -0.071702  -0.58937   -0.24644   -0.097784   0.49008   -0.17257
 -0.0026459  0.12508    1.3201     0.69821   -0.10179   -0.24955
 -0.78619    0.61101    0.25686    1.0631    -0.58073    0.50786
 -0.41987    0.17171   -0.32798   -0.47657   -0.027122  -0.54029
  0.51244    0.54971   -0.32581    0.081044 ]"
krzyzewski,"[ 0.026728 -0.38362   0.90639  -0.78147  -0.8371    0.10464   0.69503
  0.11594  -0.92614  -0.42973  -0.2784   -0.022536 -0.10155   0.12901
 -0.067224 -0.68185  -0.42072   0.058299 -0.52381   0.20018  -0.45231
  0.40716  -0.89741   1.1939    0.24362   0.23502  -0.23202   0.2498
  0.20553  -0.53106  -0.051584  0.080192 -0.29301   0.42951  -0.083552
  0.33891  -0.88412   0.054386  0.086735 -0.36001   0.05736   0.45227
 -0.1435   -0.40393  -1.5974    1.1049    0.43493   0.023004  0.43776
 -0.45217   0.54673  -0.97745  -0.38053  -0.29074   0.038989 -0.48482
  0.4227   -0.31149  -0.71923   0.52795   0.18947  -0.1496   -0.075656
  1.0312    0.12362   0.033901  0.26853   0.66355  -0.021473  0.9293
  1.1909   -0.69422   0.38537  -0.040689 -0.32335   0.27172  -0.12936
  0.11707   0.18799   0.38871   0.42717  -0.4553   -0.15174   0.12945
  0.048121  0.58568   0.034447 -0.55516   0.56209  -0.081147 -0.32978
 -0.42415  -0.046628  0.063368  0.42127  -0.37826  -1.3235    0.37825
 -0.28932   0.45444 ]"
reconstructive,"[-7.4885e-01  1.8219e-01 -8.4961e-01  7.7665e-02 -1.7029e-01 -2.6863e-01
 -3.1543e-01  4.3597e-01 -7.9256e-02  7.1905e-01 -1.1419e-01 -1.1426e+00
  1.0550e+00  5.1128e-01  5.2163e-01  3.1363e-01  1.8863e-01  1.0256e+00
  3.8655e-01 -3.5476e-01 -4.0464e-01 -4.4208e-01 -6.5541e-01  6.4468e-01
  5.7817e-01  6.7649e-01 -9.8120e-02 -1.2770e+00  2.2057e-01 -7.3221e-01
 -8.0311e-01 -3.1396e-01 -1.3953e-01  5.2454e-02 -7.4231e-01  5.3092e-02
 -8.0181e-01  7.0081e-01 -7.9744e-01 -2.0420e-01 -4.0543e-01  2.7130e-01
  6.0052e-01 -2.4365e-01 -1.0815e+00  2.8852e-01 -5.1729e-01 -1.3491e-01
 -2.2910e-01  2.9842e-01 -2.9964e-01 -4.6198e-01  1.5624e-01 -5.5705e-01
  6.2402e-01 -2.7936e-02  1.4945e-02 -9.6780e-01  6.5724e-01  1.3009e+00
  2.0808e-01  1.3376e+00 -8.6094e-02  1.1197e+00 -1.4262e-01 -4.5308e-01
 -8.8294e-06 -2.8911e-01 -8.8712e-01 -6.0407e-01 -8.5478e-01  1.0775e+00
 -7.0352e-01  1.1673e+00 -3.0068e-01 -4.8403e-01 -6.1864e-01  1.3420e+00
  3.1972e-02 -3.2265e-01  2.9108e-01  3.7552e-01  3.2180e-02  9.1364e-01
 -6.1616e-01 -3.8013e-01  8.4027e-01  5.2054e-01 -1.4184e+00  9.3596e-02
 -1.6305e-02 -4.5690e-01  1.6951e-01  2.4487e-01 -2.0047e-01 -2.7506e-01
  1.0025e+00  6.8559e-02  1.4271e-01  1.6669e-01]"
hyperbolic,"[-0.78922    0.069752  -0.52246    0.38891   -0.28268    0.38003
 -0.17402    0.04756   -0.16385    0.54054   -0.5872    -0.37362
  0.7257     0.09236    0.080197   0.17727   -0.98604    0.75895
  1.6214    -0.019372   0.51354    0.30544   -0.4016     0.16025
  0.97604   -0.41271    0.77021    0.56573   -0.38838   -1.1044
 -0.027099   0.13819   -0.86988   -0.097739  -0.36239    1.1122
  0.062702   0.64676    0.95071    0.011251   0.31571    0.058095
  0.62202    0.22413   -0.90218   -0.10282    0.4002     0.43808
 -0.39317    0.89536    0.59281    0.27634    0.32142    0.15821
  0.2921    -0.0059782  1.5276     0.5227     0.94545    0.4937
 -0.54879   -0.67142   -0.31371   -0.416      0.29652   -0.096038
  0.4975    -0.38011    0.32461    0.072335  -0.88991   -0.66932
  0.42154    0.31046   -0.188     -0.6449     0.13546    0.23991
 -0.4735     0.083313  -1.1449     0.079295  -0.56007   -0.12488
  0.17851    0.28388    0.7984    -0.6289    -0.34803   -0.28479
 -0.33673    0.45842   -0.31488   -0.48       0.79752   -0.47962
 -0.67746   -0.19319   -0.30794   -0.47468  ]"
kalam,"[-9.4184e-01 -9.0075e-01 -1.7133e-01  8.6574e-01 -1.9455e-01 -2.0972e-01
  6.3293e-01  3.2451e-01 -6.1852e-01  8.2678e-01 -7.0385e-01 -7.2939e-01
  4.6790e-01  2.4292e-01  1.4205e-01 -4.1041e-01  6.6236e-01  6.0860e-01
 -5.6730e-01 -3.4980e-01 -1.6906e-01 -4.0142e-01  5.2872e-01  2.6210e-01
 -4.4894e-01  1.2578e+00  9.4400e-01  2.0439e-01 -3.0856e-01 -1.8941e-01
 -9.0680e-02  8.1145e-01 -2.8411e-01  5.7863e-01 -4.3758e-01  5.1884e-01
 -1.7584e-01 -4.8475e-01  5.5505e-02  5.4763e-01 -6.5506e-01  5.5927e-01
  6.5477e-01  1.5860e-01  1.1562e-01 -5.4596e-01 -1.2987e-01  1.1277e+00
 -4.5370e-01 -2.2627e-02 -2.7169e-01 -1.0283e-01  6.7995e-01  2.6639e-01
 -4.4102e-01  6.3402e-01 -9.7568e-01  5.0664e-01 -2.0984e-01 -9.0144e-02
  4.0247e-01  3.5206e-01  5.2636e-01 -4.8244e-02 -4.5528e-03  8.1808e-01
  6.9910e-01  2.4245e-01 -1.7215e-01 -6.4087e-01 -6.5152e-04 -3.0970e-01
  1.9971e-01 -5.6441e-01 -1.0298e+00  5.8023e-01 -5.8168e-01 -3.1481e-02
 -9.8024e-01 -5.4321e-01  1.4702e-01 -6.8419e-01 -1.1599e-03 -7.9962e-01
  8.7991e-01  2.6981e-01 -4.9171e-01 -9.6940e-02  5.3235e-02 -6.8837e-01
  2.0712e-01  2.8940e-01  2.3452e-02  4.4777e-01 -7.8749e-01 -6.2538e-02
  3.5888e-01 -6.6079e-01 -5.4312e-01  6.7300e-01]"
d'arcy,"[-0.38159  -0.70559  -0.078697 -1.4847   -0.1436    0.20936  -0.40286
  0.17533  -0.28608   0.015248 -0.21458   0.38499   0.35301   0.28835
 -0.90912   0.067475 -0.24011   0.33801  -0.78939   0.28884   0.11794
 -0.028608  0.64127  -0.15396   0.78277   0.36292   0.24042   0.67491
 -0.2572    0.55482  -0.39502  -0.27992  -0.62939  -0.39459   0.28582
 -0.16067   0.1929    0.24377  -0.75363   0.027211 -0.40723   0.2884
 -0.1769   -0.27657  -0.75224   0.30678  -0.42364  -1.0807    1.0388
 -0.15258   0.86469  -0.3739   -0.47     -0.39283   0.15399  -0.75371
 -0.084963 -0.25865  -1.4978   -0.13604   0.47004  -0.63574   0.4088
  1.3344    0.2873   -0.5562   -0.26215  -0.20716   0.07296   0.78056
 -0.24031   0.36406  -0.51466  -0.46386   0.45074  -0.68878   1.1882
 -0.81782  -0.17      0.22442   0.25189   0.082834  0.70771  -0.13736
  0.89585  -0.26018   1.1755   -0.28907  -0.02953  -0.50699  -0.59756
  0.11309   0.075267 -0.18952  -0.032739 -0.29999   0.57324  -0.22366
  0.049441 -0.33305 ]"
boomerang,"[ 0.068819   0.35619   -0.40674   -0.72181   -0.21227    0.017294
  0.38127    0.22911   -0.39262   -0.24172   -0.40276    0.34003
  0.33698    0.035569   1.1581     0.31141   -0.3773     0.31364
  0.060563   0.33426    0.16114    0.096451  -0.12086    0.09617
  1.2702     0.62714    0.20746    0.39945    0.0070213  0.37446
  0.41508    0.846     -0.4622     0.33877   -0.15522   -0.060311
 -0.31071    0.29736   -0.0022208 -0.95373   -0.76625    0.37626
 -0.50585    0.16181    0.15229    0.35512    0.82355    0.051826
 -0.25363    0.35153   -1.1506     0.75802    0.27934    0.28019
 -0.13325   -0.39363    0.05608    0.32334   -0.019931   0.19862
 -0.12963    0.21304    0.082881  -0.34913   -0.031448  -0.0066737
 -0.68745    0.02633   -0.3684    -0.21476    0.56295   -0.63073
  0.33814    0.041921  -0.1225    -0.36888    0.49172    0.54632
  0.26807    0.60192   -0.65923   -0.914      0.23322    0.5445
  0.038606  -0.41254    0.68716    0.027136   0.28318    0.048142
 -0.45935    0.74747    0.16557   -0.71439    0.33768   -1.0855
  0.15584    0.050748   0.50113   -0.062293 ]"
kubica,"[-3.6026e-01 -4.6944e-01  9.5463e-01 -1.1152e-01 -8.1683e-01 -1.3895e+00
 -1.3674e-01  4.2111e-01 -5.8509e-01 -3.2275e-01 -6.5319e-02  1.3235e+00
 -5.2930e-01  8.0496e-01 -1.2128e-01  6.3406e-02  1.1434e-03 -8.3381e-02
 -5.2571e-01  4.6928e-01  6.7623e-02 -2.0280e-02  2.1449e-01  9.5041e-01
  7.1928e-01 -1.1467e+00  6.7453e-01  1.1024e+00  8.6585e-01  8.7224e-02
 -7.7080e-01  2.5282e-01 -8.6825e-02 -4.2316e-01  1.1654e+00  1.9044e-01
  3.5871e-01  7.7560e-02  2.5940e-02  1.1822e+00 -5.1194e-01 -4.4233e-01
  1.4984e+00  2.5609e-01 -1.7272e+00 -8.8525e-02  5.1834e-01 -5.9474e-01
  3.8144e-02 -2.5074e-01 -1.0041e-01 -1.0326e+00 -2.0396e+00  6.3301e-01
 -6.4626e-01  5.0713e-02 -9.8297e-01  1.2244e+00 -3.4812e-01 -9.8433e-01
  3.8088e-01 -2.8031e-01  8.3194e-01  6.8678e-01  9.7387e-01 -1.4786e-01
  5.3108e-01 -5.2716e-01 -3.0976e-01  3.8119e-01 -1.0319e-01  3.3786e-02
 -1.6492e-01 -7.1705e-01  2.2728e-01  9.0218e-01  4.7586e-01 -1.1349e-01
  2.4030e-01 -3.1609e-02 -1.2725e-01  8.0017e-01 -9.4998e-01  1.4931e-01
  7.8663e-01 -1.5103e-01  1.6710e-01  8.3916e-02 -6.2936e-02  1.8192e-01
 -9.2305e-01 -6.6134e-02  3.5219e-01  1.1082e+00  1.4791e-01 -9.1710e-01
  3.8604e-01 -6.8493e-01 -4.5942e-01 -7.9276e-01]"
cuny,"[ 0.59029  -0.19792  -0.25184  -0.26471  -0.34188   0.52789   0.54002
 -0.35629   0.23307   0.48269  -0.48844   1.2819    0.46115   0.63599
 -0.23968  -0.063083  0.083192 -0.41549  -0.47717   0.94485  -1.693
  0.37977   0.35679  -0.0922   -0.012476 -0.70081   0.19669  -0.69451
 -0.84734  -0.25852   0.19359   0.74429   0.055382  0.22349  -0.48112
 -0.096961 -0.42472  -0.16973   0.33102   0.43879  -0.85991  -0.00811
 -0.93446   0.32741  -0.27045   0.45707   0.53211  -0.18924  -0.20819
  0.6668    0.017929 -0.60559  -0.23106  -0.36918  -0.82317  -0.46587
  0.89249  -0.40141  -0.034399  0.49568  -0.21188   0.34456   0.25417
  0.70182  -0.44579   0.20103  -0.73906   0.77693  -0.20594   0.52577
 -0.058144 -1.0313   -0.31482   0.084925  0.056321 -0.21499   0.053846
  0.53473  -0.3983   -1.0004   -0.45224   0.42416   0.032805 -0.99284
 -0.40712   0.52008   0.37262  -0.35718  -0.024713 -0.35523   1.2886
  0.58341   0.13528   0.10036  -0.53502   0.21295   0.32554   0.4325
 -0.14746   0.5048  ]"
apertura,"[ 0.1328    -0.79586    0.63442    0.27266    0.098012   0.31309
  1.0937     0.80751    0.32705    0.39108    0.24603   -0.29231
  0.14213   -0.32704   -0.44623    0.29754    0.27491    0.065902
  0.41766   -0.31129   -0.28063   -0.47964   -0.040839   1.1635
 -0.76123    0.0097121  0.040121  -1.512      0.15927   -0.48311
 -0.84878    0.30531    0.065029  -0.25471    1.0782    -0.59599
 -0.54132   -0.15612   -1.5559    -0.62128    1.0902    -0.49914
 -0.3592     0.22957    0.2853     0.17109   -0.27736    0.019201
 -0.7446    -0.28716   -1.731      0.42552   -0.12133   -0.11613
 -0.2515    -0.59076    0.42041   -0.35114   -0.78075    1.17
 -1.1092     0.087707   0.30711   -0.56444    0.61028    0.44683
 -0.91735   -0.62132   -0.51171   -0.33681    0.97076    1.6133
  0.33834    0.20412   -0.69718    0.88123   -0.35902    0.27263
  0.010313  -0.59755    0.17769   -0.15436   -0.7706     0.34025
  0.62262   -0.61641   -1.3291     0.23935    0.58588    0.031824
 -1.1169     0.66949   -0.83741    0.58433    0.46219   -0.17706
 -0.41469    0.35182    0.70791   -0.53543  ]"
particulars,"[ 0.27274    0.047188   0.47797    0.043591  -0.49062    0.4454
 -0.23491   -0.48532    0.21801   -0.21447    0.46457    0.41759
 -0.070576  -0.25045    0.21613    0.19179    0.15777    0.40635
  0.13386   -0.084454  -0.24512   -0.26211    0.096552  -0.20586
 -0.21145   -0.26485    0.19993    0.09839   -0.74089   -0.48361
  0.11639   -0.55698   -0.031817  -0.3556    -0.48119    0.64321
 -0.070097  -0.13924   -0.38628    0.078558   0.28403    0.0023147
  0.26805    0.13551   -1.2241     0.65573    0.1852    -0.093165
 -0.021984  -0.17341    0.98766    0.18738    0.11304    0.3807
 -0.24571    0.67507    0.46019   -0.73784   -0.14213   -0.073165
 -0.098198   0.72907   -0.026134  -0.094859   0.81769   -0.33676
  0.090112   0.27056   -0.31882   -0.6572    -0.22647   -0.39222
 -0.0081125 -0.45083    0.25828    0.22749   -0.060084  -0.48641
 -0.55862    0.061289  -0.56135   -0.021241   0.68307   -0.26204
 -0.5174     0.10364    0.0057337 -0.22251   -0.2047     0.1307
 -0.35478    0.2693    -0.24034   -0.34951    0.13542   -0.16845
 -0.24887   -0.3146     0.19372    0.47786  ]"
endures,"[ 0.017505   0.88458    0.50664   -0.047135  -0.056083   0.40723
 -0.22836   -0.059428   0.59033   -0.42823   -0.28918    0.16361
  0.22432    0.0094519 -0.11746   -0.48652   -0.21682    0.021223
  0.24214    0.20535    0.065067  -0.024282  -0.2634     0.52984
  0.4499     0.37735   -0.42066   -0.44362    0.50111   -0.59657
 -0.2623     0.15926   -0.1845     0.2741    -0.4219     0.29093
  0.12727   -1.0884    -0.34704   -0.17071   -0.31805    0.76239
  0.41068   -0.28246   -0.45764   -0.055793   0.96828    0.093691
  0.2815    -0.1412     0.17941   -0.58022   -0.11318    0.70986
  0.43483    0.12393    0.22352    0.0068344 -0.39313    0.1014
 -0.1591     0.35089    0.19223   -0.79577   -0.27334    0.055566
  0.50288   -0.75466    0.04756   -0.085925   0.16559    0.067812
  0.14226    0.80252    0.49094    0.069257  -0.15361   -0.34499
 -0.31299    0.043887   0.10938    0.30298    0.09397    0.79498
  0.35614   -0.073467  -0.64994   -0.24162   -0.035292   0.094094
  0.54434    0.73944   -0.030491   0.050666   0.27067    0.058022
  0.57122   -0.45787   -0.18802    0.606    ]"
zine,"[-0.31874  -0.21604  -0.35048  -1.1311    0.36335   0.58153   0.80403
  0.79462   0.56566   0.55133  -0.246    -0.91868  -0.94958  -0.78484
  0.22517   0.019638  0.5064   -0.17075   0.24443   0.12192  -0.45842
 -0.40209  -0.52918  -0.060406 -0.14663  -0.52752  -0.04663  -0.85203
  0.5159    0.2179    0.061882 -0.63178  -0.67596   1.2185   -0.47538
 -0.046954  0.38164   0.45834  -0.19322  -0.3761    0.095046  0.41204
 -0.22384   0.22256  -0.20777  -0.64031  -0.33182   0.49724   0.25626
  0.70156  -0.62534   0.52899  -0.33999  -0.1127   -0.26324   0.12033
 -0.16042   0.78302  -0.191     0.68956   0.29082  -0.026837 -0.64922
 -1.4884    0.16915  -0.048022  1.3401    0.40794   0.2293   -0.70786
  0.8008    0.3635    0.12112  -1.2091   -0.95308   0.28106   0.54248
 -0.20307  -0.69507   0.2179   -0.16498  -0.15988  -0.82112  -0.55278
  0.76127  -0.061514 -0.25855  -0.17004   0.44903  -1.0295    0.50955
  1.2547   -0.64818   0.30865   0.71398   0.67571  -0.27554  -0.33816
  0.1808   -0.28568 ]"
26.8,"[ 0.97202    1.2612     0.6541    -0.77477    0.0097939  0.49898
 -0.025292  -0.072205  -0.15702    0.55468    0.50605    0.69007
 -0.39313   -0.56012    1.8182    -0.40586   -0.38335   -0.12962
 -0.29265   -0.081916  -0.36306    0.77023    0.69788    0.86037
 -0.4903    -0.31837    0.543      0.80187   -0.13866   -1.3576
  0.62887   -0.35472    0.60546   -0.52943   -0.43292    0.93605
  1.4758     0.42704   -0.73638    0.36822    0.12067    0.42429
 -0.24434    0.63951   -0.029605   0.046473  -0.5456    -0.7248
 -0.42466   -0.81189   -0.34824   -0.51281    0.0056225  0.14129
 -0.3436     0.54513   -0.3785    -0.73681    0.0050469 -0.19038
  0.13866   -0.30159   -0.74011    0.86551   -0.77193    0.32217
  0.047718  -1.2253    -0.14502    0.82571   -0.42995   -0.35088
 -0.074985   0.13756   -0.42428    0.47219   -0.58892    0.10788
 -0.18629   -0.40828   -0.041268   0.29921    0.46185    1.3913
  0.21677   -0.14859    0.48414   -0.22329    0.65604   -0.10287
  0.22086   -0.07174   -0.52315   -0.7933     0.28001   -0.45308
 -0.3981    -0.42371   -0.12642   -0.3093   ]"
675,"[ 0.55715   0.38085   0.10272   0.2483   -0.25888   0.53803   0.38037
  0.2716   -0.17689  -0.026335  0.78034   0.49674  -0.043987 -0.29545
  0.28788  -0.40877   0.15855   0.092874  0.071848  0.19015   1.0421
 -0.24138   0.23135   0.81848   0.092787 -0.37503   0.48882   0.69672
 -0.44956  -0.72191  -0.41838  -0.1739   -0.23215  -0.093586 -0.33235
  0.23293  -0.15853  -0.3493   -0.013653  0.83161   0.21084  -0.39094
 -0.073443 -0.26329  -0.13569   0.045225  0.25701  -0.46429  -0.61796
  0.34419  -0.31343  -0.37019   0.15655   0.010947 -0.67774   0.070019
  0.20564  -0.63414  -0.072369 -0.70924   0.27517  -0.12084   0.3522
 -0.035076 -0.59988  -0.24017   0.50835  -0.011633  0.48656  -0.30064
 -0.023483 -0.23124  -0.57798   0.12684   0.18347   0.54844   0.38575
  0.59586  -0.16494  -0.07335   0.22482  -0.32413   0.33385   0.27434
  0.35845   0.58406   0.71273  -0.50624   0.10371  -0.043909 -0.15505
  0.98894  -0.17765  -0.63928  -0.39469   0.22175   0.25076   0.011348
  0.080714 -0.24418 ]"
gminas,"[-0.43519   0.1846    0.55088  -0.8879    1.528     1.4577   -1.6332
  0.87622   0.38142   0.50721  -0.261    -0.50973   0.010863 -1.2553
  0.45585   0.053423 -0.1122   -0.43784  -0.25077   0.74415  -0.19728
  0.34173  -0.84847  -0.33284   1.5929   -0.3443    0.92217  -0.65887
 -0.42197   0.076336 -0.92879  -0.4132    0.40575  -1.6364    0.11864
 -1.7988    0.020821 -0.53471  -0.75997   1.1654   -0.16666   0.90018
 -0.85614   0.54965  -0.4251    1.0332    0.72101   1.1405   -0.34313
  1.058    -1.5047   -1.7653   -0.25957   0.056384  0.12034   0.20405
 -0.45188   0.40568   0.13371  -0.3907   -0.33937  -0.14518   0.3452
  0.5503    1.2388   -1.3131   -0.3305   -0.052918 -0.15044  -1.9379
 -1.1572    0.65154   0.71774  -0.061276  0.79687   0.62577  -0.012078
 -0.66437  -0.70253   0.42861  -0.16037   1.0132   -0.013906  1.1324
 -0.016151  1.4622   -0.88152   0.10602   1.0784   -1.4301   -0.67102
  0.69143  -0.29347  -0.55262  -0.37606  -0.13547  -0.90445  -0.41781
 -0.25139  -1.4796  ]"
dismembered,"[ 1.2707e-01 -1.6187e-01  3.0754e-01 -1.7056e-01  1.0695e-02  9.0690e-01
  5.1662e-01  5.8362e-01  7.0556e-01  3.3833e-01  6.2567e-02  9.0042e-01
  1.3746e+00  1.7114e-01 -2.4072e-02  5.8384e-01  3.7499e-01  2.5475e-01
 -4.2965e-02  3.8101e-01  9.2740e-02  9.4014e-02  5.0772e-01  5.0394e-01
  7.7654e-02  1.0256e-01 -2.7587e-01 -1.3620e-01  1.2612e-01  7.1813e-01
  1.4776e+00 -9.1824e-01 -4.8984e-01 -1.1025e-02 -7.6836e-01 -5.9242e-01
  4.5161e-01 -4.4008e-01  6.0722e-02 -2.4959e-01 -2.8572e-01 -5.0399e-01
  5.5029e-01 -1.4116e-01 -3.3171e-01  8.1133e-01  1.8549e-01  1.0994e+00
 -2.4339e-01  4.3701e-01 -6.7179e-01  4.9078e-02 -1.5350e-01  5.6850e-01
 -4.1037e-01  4.5246e-01 -7.2184e-01 -3.7648e-02 -1.8041e-01  3.1364e-01
  4.9777e-01  1.1540e+00  3.2278e-01  7.1686e-01 -1.1540e-03 -3.9419e-01
  1.4275e-01  2.7403e-01 -2.4484e-01 -2.5356e-01  3.5988e-01  6.3324e-02
  7.6631e-01  6.9205e-01  5.4171e-01 -2.0653e-01 -2.3724e-01 -3.9622e-01
 -3.4074e-01 -3.4658e-02 -6.1508e-03  1.0345e+00  3.2429e-01  4.9267e-01
  6.1377e-02 -1.1552e+00  3.7452e-01  1.3594e-01 -9.4531e-01  8.2194e-02
  3.9797e-01 -5.2151e-01  4.8597e-01  3.5704e-01 -2.4162e-01 -2.2372e-01
 -1.1323e-01 -4.0010e-01 -1.4760e-01 -2.6168e-01]"
unplugged,"[ 0.035896  -0.43699    1.0432    -0.29426   -0.086013   0.17536
  0.5741     1.3844     0.26361    0.23536    0.31667   -0.0441
 -0.086294   0.34826    0.040762   0.22105    0.60537    0.42976
  0.58755    0.31383    0.43068   -0.25549    0.43184    0.50152
  0.61442    0.19739    0.10916    0.95774    0.52379    0.54677
  0.7311    -0.077271  -0.31898    1.266      0.33303    0.032905
  0.22699    0.020944  -0.16126   -0.98439    0.2939     0.62347
 -0.13795    0.86759   -0.54947    0.016979  -0.38351   -0.15113
  0.23406   -0.6356    -0.90569    0.39112    0.21046   -0.66826
 -0.69475   -0.71546    0.72027    0.17677   -0.11397    0.76181
 -0.014033   0.048323  -0.35645   -0.077725   0.2079    -0.5803
  0.34125   -0.87018    0.24612   -0.19462    0.20053    0.045547
  0.006832   0.48592   -0.38482   -0.10857    0.22225   -0.16108
  0.67587   -0.69817   -0.18276   -0.16051    0.28666    0.42935
 -0.3297     0.73783    0.41041    0.32649   -1.1406    -0.0064148
  0.095644   0.37774    0.50523    0.10407    0.39717   -0.67023
 -0.047992   0.31201    0.20307    0.42425  ]"
vertebrates,"[-4.8395e-01  7.1870e-01  3.5655e-01  1.1759e-01 -1.8904e-01  6.3372e-02
 -4.8600e-02 -1.7223e-01 -1.1881e-03 -8.0631e-01  1.1852e-01  1.7463e-02
  3.5863e-01  6.8004e-02  8.9311e-01 -8.6300e-02 -8.5630e-01  8.5200e-01
  6.0341e-01  9.3664e-01  1.0461e-01 -4.5600e-01 -3.0672e-01 -3.0959e-01
  9.3672e-01 -5.4422e-01 -3.3272e-02  3.4815e-01 -4.0226e-03  5.8131e-01
 -2.5304e-01 -4.7531e-01 -2.9818e-01 -4.3027e-02  8.1436e-01  5.2918e-01
 -5.0144e-01  7.2921e-01 -2.1483e-01 -2.1666e-01 -1.3750e-01 -3.6820e-01
 -8.4628e-01 -1.1758e-01 -2.0117e-01  3.8194e-01  8.7734e-01  7.2333e-01
 -8.3682e-01  3.3249e-01  1.8824e-01  1.6192e-01  7.0862e-01 -5.4143e-01
 -5.1489e-02  9.5520e-01 -3.6545e-01 -4.7339e-01 -7.8345e-02  5.5107e-01
 -5.0475e-01  7.8825e-01  9.8142e-01  1.0471e-01  5.8277e-01  3.8987e-01
 -2.4476e-01 -5.2186e-01  8.1174e-01 -3.6697e-01  5.9311e-01 -2.1704e-01
  8.9745e-01 -3.3051e-02 -9.3761e-01 -1.8518e-01 -1.1517e+00 -4.0838e-01
  8.8689e-02  6.6127e-01 -4.7523e-01  1.4634e-01 -2.4808e-01  9.0821e-01
 -2.9324e-01  3.7041e-01  4.9070e-01 -2.2915e-01 -3.3509e-01  3.8394e-01
  5.8850e-02 -1.0313e+00  1.7206e-01  3.6290e-01 -7.0519e-01  1.3890e-02
 -8.0520e-01 -1.1930e+00  7.1511e-01 -6.7213e-01]"
airship,"[-1.2953e-01  1.8356e-01 -2.2831e-01  3.3633e-01 -8.2493e-01 -3.7455e-01
  6.9816e-01 -1.2035e-01 -2.2962e-01  6.5883e-01  4.1523e-01  1.5429e-01
 -2.8501e-01 -1.9817e-01 -2.7420e-01 -1.4376e-01  1.2680e+00  6.4050e-02
  6.4531e-01 -2.6683e-01 -2.1287e-01  1.7922e-01 -3.9434e-01 -1.0863e-01
  1.1594e+00 -4.7539e-01 -7.6155e-02  6.3728e-01  1.6270e-01 -3.3713e-01
 -9.8034e-01  4.0253e-01  1.1041e-01 -2.9841e-02 -3.6364e-01  1.0564e+00
  4.4980e-01 -9.7154e-02  3.8266e-01 -5.2348e-02 -4.9605e-01 -2.8745e-02
 -1.3263e-01  8.0034e-01  6.4166e-01 -1.1923e-02  3.2631e-01  3.6309e-01
  4.2505e-01  6.2650e-01  2.7677e-02  2.8344e-01  2.5939e-01  8.1016e-01
  1.8052e-03  3.5115e-01  7.2050e-01  3.5872e-01  6.4926e-01  7.8461e-01
  2.9157e-01 -1.4334e-01  1.2506e-01  1.9282e+00  2.7297e-01 -2.1939e-01
 -2.5056e-01 -4.9411e-01 -4.2054e-01 -4.4017e-02 -7.3806e-02 -9.0396e-01
 -7.1797e-02 -5.3876e-02 -3.3700e-01 -4.0692e-02  1.0897e+00  7.0994e-02
 -8.2768e-02  2.5586e-01 -5.5807e-03 -5.6878e-04  3.4854e-01  9.4532e-01
  2.3646e-01 -4.6280e-01  3.9343e-01 -7.5733e-01 -4.2542e-01  3.9206e-01
  1.3044e-01 -2.7673e-02  3.3199e-01 -2.0407e-03  1.2028e+00 -1.5051e-01
  2.2195e-01 -4.3959e-03 -2.9202e-01 -1.1887e-01]"
devolution,"[-0.68713    0.26659    0.23659   -0.3543     0.14596   -0.023614
 -0.24199   -0.43846   -0.12319    0.18451   -0.63003    1.1529
 -0.81411    0.31255    0.23217    0.089314  -0.2922     0.066292
  0.23205    0.6562    -0.41924   -0.36776    0.11749   -1.4192
  0.54117   -0.46284    0.028448   0.52772   -1.3267    -0.35609
 -0.11529    0.20402   -0.2539    -0.87503   -0.32542   -0.69001
  0.38762   -0.16255   -0.63701   -0.75662   -0.48688   -0.15527
  0.79417   -0.37346   -0.74838    0.13255    0.44087   -0.90065
  0.52344    0.31086   -0.3711     0.31996   -0.048677   0.69436
 -0.25796   -0.058561   0.53095   -0.50344   -0.23194   -0.32561
  0.36796   -0.33135   -0.65151   -0.60678    1.0966     0.29057
 -1.4065    -0.0015435  0.3782    -0.23165    0.29393   -0.28721
  0.082445  -0.49728   -0.70518   -0.46384   -0.73118    0.42408
 -0.13414   -0.25158   -0.34672   -0.25438    0.94227    0.56202
 -0.037091   0.94343    0.94284   -0.059007  -0.071182  -0.14729
 -0.18148   -0.64985   -1.2752     0.66158   -0.13645   -0.27662
  0.8126     0.28457    0.46348    0.10123  ]"
chiayi,"[-0.15528    0.1685     0.58996    0.11572    0.53839    0.65224
  0.17879    0.71172    0.16203    0.9275    -1.295     -0.53437
  0.55952   -0.25183    0.018104  -0.86478    1.5478    -0.23583
  0.037417   0.095926   0.53538   -0.0089797 -0.63239    0.42988
 -0.68106    0.13065    0.32712    0.11798   -0.40838   -0.2423
 -0.23482   -0.34752    1.2772     0.91207   -0.76675   -0.23107
  0.34574   -0.31765    0.024483  -0.43434   -0.43225   -0.40593
 -0.24996    0.013463   0.34898    0.18706    0.697     -0.75639
  0.51812   -0.46845   -0.80981   -0.46187    0.12445   -0.057767
  0.13704    1.0003     0.67599    0.026641   0.29112    0.21709
 -0.70382    0.6897     0.51764    0.75204   -0.99678    0.23636
 -0.037397   0.75279   -0.27499    0.6567    -0.32269    0.04403
  0.6084     0.025561   0.15149    0.13018    0.27236    0.37426
 -0.0064913  0.42132    0.031116   0.49316   -0.46984   -0.15067
  0.021056   0.47071   -0.050785   1.3621     1.0194     0.24087
  0.89269   -0.046827  -0.70205    0.54852   -0.093074   0.84879
 -0.0083458 -0.14643    0.76745   -0.52408  ]"
righteousness,"[ 4.6925e-04 -1.5708e-01  2.8235e-01 -1.6533e-01  3.0525e-01  8.8230e-01
  4.7602e-03 -5.1510e-01  2.5867e-01  4.8446e-01  1.5272e-01  3.6935e-01
  6.6051e-01  3.0645e-01 -8.7476e-02 -6.2762e-01  4.7455e-01  2.2618e-01
 -7.2640e-01  3.6525e-01  6.5646e-01 -8.3128e-01 -4.1718e-01 -3.0720e-01
  5.2016e-01  9.8569e-01 -2.0816e-01  1.8084e-01 -1.7231e-01 -8.0848e-01
  2.8516e-01 -5.2447e-01 -1.0555e+00 -5.0490e-01 -2.0335e-01  6.4575e-02
 -5.4485e-01  2.9710e-01  5.9215e-01 -3.2565e-01 -2.8804e-01  4.6975e-01
  1.3861e-02 -4.2095e-01 -4.1579e-01 -7.3969e-01  2.9407e-01  9.2197e-02
 -7.1833e-02 -2.5961e-01 -1.0038e-01  2.0386e-01 -1.9548e-01  8.0520e-01
  5.7346e-02  2.6298e-01  1.9349e+00  3.9323e-02 -2.5622e-01 -1.7972e-01
  1.2581e+00  9.2978e-02  2.9331e-02  4.8785e-02 -7.2731e-02 -2.4577e-01
  3.8849e-01 -4.2381e-01  1.2743e-01 -6.0349e-01  9.0328e-01  6.1227e-02
  2.7849e-01 -7.2187e-01  4.9274e-01 -5.7330e-02  4.6548e-01 -8.4181e-01
 -3.9717e-01 -4.9929e-01 -6.1030e-01  5.4758e-01 -4.1540e-01  2.2440e-01
  1.3937e-01  3.1129e-02 -2.9849e-01  1.2529e-01  4.6462e-01 -7.3090e-02
 -7.0111e-01 -6.2934e-01 -3.0358e-01  9.8463e-01  2.8727e-01 -8.2800e-01
  4.7994e-01 -5.2321e-01  2.3112e-01  1.1275e-01]"
ncr,"[-0.45226   -0.33816    0.78333    0.22729   -0.2741    -0.43474
  0.27526    0.096145  -0.035197   0.050459   0.11554   -0.1806
  0.3846    -0.066594  -0.41424    0.0712     0.90773    0.21679
  0.43104   -0.40317   -0.34159    0.11011    0.45066    0.6743
 -0.29683   -0.16569    0.25365    0.42888   -0.53511   -1.1728
  0.8352     1.0928    -0.67483   -0.9943    -0.43428   -0.32335
  0.33186    0.26028    0.31972   -0.021737   0.2315     0.64475
 -0.12309   -0.40404   -0.81138    0.85436    0.74102    0.75148
  0.38489    0.365     -0.16376   -0.28914    0.51608   -0.26642
 -0.0042322 -0.014639  -0.32929    0.27563    0.16557   -0.49004
  0.50594   -0.20696   -0.43885    0.37354   -0.55657   -0.089757
  0.52837    0.69616    0.67858    0.99642   -0.23041   -0.10869
 -0.7455    -0.47695    0.0023983 -0.32127    0.39146    0.401
 -0.54766    0.18083    0.69472   -0.35279   -0.084322   0.55143
  0.015773   0.83439    0.4447    -0.55823   -0.32747    0.51468
  0.2843     0.99265   -0.057734  -0.020234  -0.67079    0.072823
  1.1081     0.4276     0.3144     0.58213  ]"
remission,"[ 0.62783    0.26807   -0.10419    0.13051    0.30778    0.71589
  0.52716    0.69746   -0.12704    0.19433   -0.12058    1.5844
  0.2949     0.6352     1.2137    -0.61296   -0.65195   -0.273
  0.63053    0.0064316 -0.50084    0.33094   -0.91901    0.77623
  0.046815   0.77594    0.33426   -0.32397    0.11555   -0.69151
  0.27144   -0.54044   -0.57924   -0.074303  -0.247      0.93089
  0.18148   -0.26831   -0.85804   -0.69187    0.079942   1.0052
  0.075066  -0.26077    0.18156    0.067849   1.0708    -0.53365
 -0.025676  -0.13283    0.46343   -0.55956   -0.18468   -0.12801
 -0.19911   -0.33218    0.47115   -0.87534   -0.068419   0.67795
  0.41841   -0.030518   0.10042   -0.23881    0.30942    0.55451
 -0.018744  -0.90605    0.17768   -0.35849   -0.090759   0.16381
 -0.1042     0.11902    0.069135   0.040792  -0.76502   -0.99332
  0.012048  -1.224      0.35977    0.67021    0.070029   0.47357
 -0.58415    0.65411    0.45003   -0.26906   -1.3641     0.04583
 -0.98238   -0.71639    0.34747    0.54146    0.06407   -0.20846
  1.1308     0.1398    -0.61009   -0.34031  ]"
sigmund,"[ 0.072993   0.13226   -0.11833    0.77832   -0.57951    0.08318
  0.44372   -0.83862   -0.42722   -0.52947    0.021595  -0.11606
 -0.1578     0.14669    1.2988    -0.078267   0.10656    0.4165
 -0.8974    -0.4319     0.0417    -0.5501    -0.50378    0.39448
  0.19451   -0.4368    -0.16395   -0.97829    0.27621    0.66869
 -0.5249     0.32628   -0.38156    0.59889   -0.75093    0.0084701
  0.64755    0.29354   -0.48654   -0.93187    0.39908    0.60713
 -0.1082     0.15998   -0.27707   -0.26517   -0.10401    0.41255
  0.15285    0.89494    1.0861    -0.12392    0.068507  -0.14892
 -0.37475    0.03212    0.05279    0.034608  -1.3571    -0.52621
  0.71436    0.74853    0.069515   0.9662     0.37932    0.09963
  0.40189    0.51837   -0.49664   -0.15713   -0.20904    0.020956
  0.57822   -0.25299   -0.92809   -0.26753   -0.049546  -0.29864
 -0.42857    0.2742     0.12947    0.75871    0.074469   0.22839
 -0.16909    0.11459   -0.36063   -0.42228   -0.10792   -0.55994
  0.77871    0.016484   0.70112   -0.19499    0.51207    0.33691
  0.0055612  0.077375  -0.071365   0.22468  ]"
20.9,"[ 0.90103    1.089      0.55682   -1.0374    -0.017441   0.43309
 -0.063156  -0.0018539 -0.32623    0.64837    0.53655    0.56937
 -0.77255   -0.44026    1.7218    -0.43005   -0.20865   -0.068039
 -0.53398    0.078921  -0.074574   0.58908    0.30037    0.68439
 -0.49259   -0.68548    0.31776    0.66412    0.14576   -1.298
  0.61565   -0.22076    0.27399   -0.70152   -0.25138    0.58223
  1.1544     0.082323  -0.46063    0.34167    0.058559   0.36339
 -0.091657   0.57879    0.064607   0.2655    -0.31968   -0.78458
 -0.43266   -0.94176   -0.046386  -0.41383    0.17974   -0.1056
 -0.40056    0.53152   -0.19426   -0.5734    -0.18824   -0.20408
  0.32901   -0.59756   -0.66293    0.67505   -0.66505    0.51282
  0.23453   -0.90839    0.20141    0.6937    -0.55016    0.016795
 -0.034181   0.22914   -0.47799    0.52842   -0.85037    0.27339
  0.072263  -0.62701   -0.052923   0.27865    0.26506    1.4284
  0.24144   -0.077985   0.27934   -0.22394    0.50178   -0.10789
  0.20028   -0.060473  -0.65179   -0.86948    0.14758   -0.22751
 -0.25532   -0.39125    0.13185   -0.66304  ]"
glastonbury,"[ 0.51113   -0.25124   -0.14128   -0.15652    0.56573   -0.29079
 -0.50371    0.71457   -0.7581     0.13516   -0.74946   -0.097387
  0.17255   -0.21904    0.26422   -0.055893   0.36914   -0.36161
  0.021921   0.76145   -0.035438  -0.16509    0.74966    0.27779
  0.31038    0.077474  -0.12916    0.60154   -0.22145    0.28036
 -0.11312   -1.2221     0.37655    0.42456   -0.37341    0.037604
 -0.084065   0.12692   -0.20786   -0.93534    0.14027    1.3512
 -0.17525   -0.15443   -0.24694   -0.13213    0.41823   -0.27351
  0.5941     0.2955    -0.0058665 -0.12378    0.35514   -0.48348
 -1.321     -1.2026    -0.54858   -0.071417  -1.0619    -0.36976
  0.23144    0.50008   -0.30939    0.46128    0.20696    0.35307
  0.3008    -0.66721    0.49209   -0.39186    0.11606   -0.08781
  0.3308     0.043435  -0.90406   -0.76647    0.73183   -0.56543
  0.50526   -0.58285    0.73187   -0.38177    0.27941    0.71982
 -0.36597   -0.38708   -0.095092  -0.27424    0.60952    1.5081
 -0.85848   -0.57743    0.18879    0.2324     0.18302   -0.36849
  0.26314    0.81989    0.69071    0.4018   ]"
subside,"[ 0.10047   -0.35951    0.067716  -0.16202   -0.56972    0.34498
 -0.0080636 -0.01488    0.6014    -0.21814    0.0093856  0.71561
  0.30176   -0.28382    0.20086   -0.80093   -0.80751    0.266
  0.22343   -0.76514    0.09588   -0.68561   -0.031557   0.36228
 -0.31583    0.72506   -0.14864   -0.58062    0.57682   -0.26029
 -0.50273   -0.75905   -0.4346    -0.2581    -0.97159    0.26279
  0.2849    -0.87423   -0.13739   -0.5502    -0.23122   -0.075385
 -1.1818    -0.0019394  0.73411   -0.1022     1.1348    -0.15286
  0.70674   -0.95972   -0.025657  -0.30225    0.040596   0.57804
  0.22523    0.069666  -0.10653   -0.51068   -0.26563    0.030925
 -0.32429    0.903      0.1981    -0.057729   0.080971   1.1691
  0.05861   -0.098792   0.22545   -0.75692    0.10122   -0.25528
 -0.19624   -0.37737    0.18269    0.20673   -0.66947    0.30623
  0.69998   -0.34802   -0.12678   -0.76079   -0.1587     0.25775
  0.20088   -0.14169    0.60142    0.19731   -0.29478   -0.041846
  0.048255   0.084082  -0.84986   -0.10363   -0.23946    0.67228
  0.55396    0.50303   -0.25771    0.4007   ]"
counselling,"[ 0.52738    0.17812   -1.1495    -0.079237  -0.36016    0.7158
 -0.22081    0.33124   -0.30935    0.024276   0.32591   -0.33768
 -0.36985    0.7145     0.77342   -0.44092   -0.029008  -0.6415
 -0.51402    0.58817   -0.62653   -0.28427   -0.16349   -0.016053
 -0.40241   -0.19404    0.57109    0.11172   -0.51591    0.60388
 -0.78274   -0.11318   -0.31617    0.59204    0.19464    0.21425
 -0.39991    0.44343   -0.74881   -0.3061    -0.11171    0.54748
 -0.088346  -0.84959   -0.71658    0.033516   0.24494    0.379
  0.62436    0.0080666 -0.3147     0.13315   -0.42028    0.41676
  0.18417    0.14991    0.52753   -0.82854    0.57175    0.47178
  0.81207   -0.51251    0.37171   -0.46251   -0.186      0.29216
 -0.20757   -0.40723    1.0615    -0.37203   -0.64428   -0.02355
  0.01506   -0.33138    0.13381    0.93967   -0.089812   0.06648
 -0.33668   -1.0163    -0.19522    0.7186     0.62655    0.084072
 -1.4788     0.73543    0.47916    0.66392   -0.70583   -0.31406
 -0.057888  -0.036358   0.40459   -0.014808   1.6923     0.55265
  1.0954     0.24911   -0.24557    0.84889  ]"
1.82,"[ 1.1424     0.49339    0.39029   -0.015939   0.15278   -0.29959
 -0.044023  -0.055388   0.26362    0.51282    0.45932   -0.30909
 -0.8547    -0.55265    0.47908   -0.41886   -1.0298    -0.37627
  0.18609    0.29253    0.22796   -0.20301    0.17038    0.85597
  1.2514    -0.66914    0.46926    0.60044   -0.13769   -0.77854
 -0.39892   -0.074968  -0.065201  -0.055049   0.021876   0.62808
 -0.050941  -0.0093834  0.076311   1.2197     0.12919   -0.64863
 -0.47878    0.15753   -0.68525    0.11707   -0.25352    0.36013
 -0.18421   -0.88425   -0.21033   -0.24304    1.4213    -0.10106
 -0.78028    0.53541   -0.15497   -0.12035    0.62575    0.30816
  0.080488  -0.50904   -0.11831    0.23013   -1.191     -0.38591
  0.13237   -0.5909     0.55504   -0.075696  -0.52471    0.08402
 -0.20268    0.19968   -0.50803   -0.030197  -0.42124    0.41473
 -0.27354    0.13467   -0.6521     0.2244     0.071101   0.63094
  0.55401   -0.02514    0.25849    0.75712    0.34423    0.47569
 -0.22135    0.82711    0.047152  -0.78956   -0.51902   -0.33287
 -0.42376   -0.47621   -0.20205   -0.36783  ]"
hopewell,"[ 4.2376e-01 -1.7364e-01  1.2544e-03 -2.3261e-01 -1.0806e-01 -6.6565e-01
 -8.0998e-01  3.0590e-01  2.0655e-01  5.9515e-02 -1.0135e+00  6.7109e-01
  3.8663e-01  1.8937e-01 -4.9764e-02 -1.2819e+00  1.1052e+00 -7.1286e-01
 -1.1306e-01  3.9059e-01 -1.2619e-01 -3.6980e-01 -7.3685e-01  3.4205e-01
 -6.7795e-02 -2.9499e-01  7.9006e-01  4.8951e-01 -7.2291e-01  5.8662e-02
 -5.1108e-01  9.0992e-01  4.4728e-01 -9.8201e-02 -1.7782e-01 -9.9595e-02
  6.7481e-01 -3.9682e-01 -1.0457e-02 -4.5642e-01 -7.1565e-01 -2.4494e-01
  3.6164e-02 -1.2834e-01 -4.9471e-01  3.4409e-01  6.3779e-01  6.5118e-01
  5.4364e-01  9.6003e-02 -3.2484e-01 -5.7821e-01  1.9487e-01 -9.8574e-01
 -7.4196e-01 -3.0820e-01  3.0027e-01 -5.8761e-01  4.5138e-01  2.5356e-01
 -6.6029e-02  1.8337e-02 -1.7427e-01  8.9872e-01 -6.2905e-01  1.8312e-01
  1.1254e+00  4.5613e-02  2.3619e-02 -5.1327e-01 -1.3613e-01 -2.0062e-02
  1.6519e-01 -4.8264e-01 -3.4192e-01 -3.6817e-01  2.1554e-01  9.8936e-02
 -2.5756e-01  3.2583e-01 -2.0994e-01  4.4567e-01  2.1023e-01  6.3708e-01
  5.5990e-01  2.6711e-01 -6.6347e-01 -6.7660e-01  5.0497e-01  6.7624e-01
  1.8504e-01 -1.1689e-01 -2.9624e-01 -2.9200e-01 -5.3366e-01 -1.1309e-01
  7.5145e-01 -6.7326e-01 -1.1166e-01  2.9399e-01]"
trevino,"[-0.34702   -0.54136   -0.19004   -0.18801    0.2231    -0.062953
  0.44578    0.24413   -0.10996    0.29813   -0.0027117  0.31595
  0.16491    0.24844    0.47703    0.15833   -0.3112     0.98446
  0.026422   0.16808    0.5253     0.31511    0.11125    0.71872
 -0.24578    0.48923   -0.055356  -1.1851     0.43015   -1.0862
 -0.68239    0.33145    0.12463    0.46255    0.05342    0.093326
 -0.3476     0.6293     0.41082   -0.041417  -0.1946    -0.10403
  0.41099    1.0964    -0.011906   0.23967    0.067463  -0.45838
 -0.61423   -0.20462   -0.37141   -1.0301     0.087971  -0.36338
 -0.015865   0.38525    0.23081    0.13651   -0.89182    1.3541
 -0.10257    0.12204    0.44519    0.46415   -0.55582   -0.43049
  0.81889    0.97035   -0.26945    0.47997   -0.18523    0.57831
 -0.21222   -0.11079    0.16484    0.16664    0.25903   -0.073308
 -0.10134    0.70912    0.17832   -0.2244    -0.21173   -0.082862
  0.17647    0.509     -0.87301    0.55414   -0.24581    0.1197
 -0.15862    0.041945  -0.097923  -0.22881    0.3615     0.15894
  0.044551  -0.17136   -0.77517    0.075771 ]"
r&d,"[ 0.11791    0.043712  -0.4064     0.45618    0.67292   -0.88202
 -0.02476    0.57664   -0.083304   0.90276    0.73033   -0.39438
 -0.29373   -0.51286   -0.68604    0.41191    0.76111    0.55329
  0.19176    0.23616   -0.40772    0.24528   -0.12286    0.37123
 -0.754      0.43253    1.2798     0.29525   -0.50935    0.12415
 -0.72634    0.45935   -0.34177    0.2507    -0.63381    0.26629
 -0.77       0.1053    -0.48961   -0.014088   0.77405   -0.15201
 -0.3783     0.42704    0.49413   -0.24968    0.42353    0.56872
 -0.4153     0.028794  -0.17661    0.10612   -0.8597     0.2357
  0.029383  -0.15728    0.22388   -0.36272   -0.10669    0.34657
  0.39596   -0.30553    0.11264    1.292      0.14801   -0.0092256
 -0.22409   -0.44304    1.375      0.59942    0.53972   -0.22967
 -0.36247   -0.53321   -0.27464   -0.44455   -0.040074   0.068972
 -0.057925  -0.22034   -0.11209    0.60203    0.17887    0.60269
 -0.84306    0.7174     0.66147   -0.32125    0.17971   -0.37605
  0.011824   0.31203    0.011961  -0.32749    0.68518    0.22779
 -0.15517    0.0057559  1.2555     0.025033 ]"
croatians,"[ 8.6872e-02  9.7814e-01  1.8530e-01 -8.1366e-02 -4.3955e-01  9.9380e-01
  2.0957e-01 -1.9752e-02  4.9851e-01 -3.0236e-01 -3.6960e-01  4.5676e-02
 -1.1100e-02 -4.6417e-01 -5.8090e-02  2.7443e-01  1.9612e-01 -1.3081e-01
 -4.9617e-01  8.8111e-02  7.2632e-01  5.0162e-02 -6.5147e-02  3.7069e-01
  4.9641e-01 -1.1797e+00  2.4678e-01  3.1919e-01 -6.9228e-02 -7.5338e-01
  3.0217e-01 -3.4498e-01 -3.1877e-01 -1.3299e-01  8.6635e-01 -3.5175e-01
  1.0698e+00  4.8731e-01  1.4939e-01 -1.8578e-01 -1.0500e+00  4.2229e-01
  6.1872e-01 -6.8875e-02  1.7758e-01 -4.1904e-01  6.0622e-02 -7.9471e-01
 -3.3031e-01 -3.6410e-01 -1.9520e-04  2.8181e-02 -5.1156e-01  4.3795e-01
 -7.8994e-02  1.0110e+00  5.5641e-02  1.5874e-01  6.2499e-02 -6.0213e-01
 -2.5637e-01  5.7767e-01 -2.9726e-01  3.7622e-02 -3.9216e-01  2.6545e-01
 -3.7603e-02  6.3759e-01 -5.4118e-01 -4.9434e-03  5.1629e-02 -2.6884e-01
  3.2425e-03  8.7022e-02 -5.2497e-01 -1.0019e-01 -3.9306e-01  6.9337e-01
  2.9636e-01  2.4788e-02  2.5307e-01 -5.9390e-02 -6.2556e-01  9.3028e-01
 -5.8943e-01 -3.9530e-01 -1.5883e-01  5.7911e-01 -3.8680e-01 -1.4884e-01
 -1.3607e-01 -2.5266e-01 -3.0573e-01  3.4069e-01 -5.1399e-01 -6.3880e-01
  1.7895e-01  4.5946e-01 -4.3375e-02  5.3266e-01]"
barbaro,"[ 0.40613   -0.053698  -0.26594   -0.60532   -0.45498   -0.33973
  0.8888    -0.19267   -0.074182  -0.58167    0.23307    0.33044
  0.89552   -0.9269    -0.42966   -0.048197  -0.2494     0.20756
  0.63184   -0.026551   0.43073    0.0052067 -0.24188    0.41784
  0.49055    0.14233   -0.90462   -0.48119   -0.11396   -0.48853
  0.077696  -0.759      0.1363     0.98936   -0.017178   0.35127
  0.2104     0.71099   -0.93271    0.33184    0.12484    0.60078
  0.2484    -0.88252   -0.60963    0.25084   -0.239     -0.9468
  1.204      0.21801   -0.045303  -0.17319    0.15525    0.020135
 -0.39519    0.091239   0.31142    0.045626  -0.99218   -0.15576
 -0.13933    0.50223    0.57012    0.40462    0.65545    1.0105
 -0.37909    0.48777   -1.1362     0.35512   -0.50346    0.54825
  0.45211    0.3527     0.99072   -0.34555    0.10986   -0.34207
  0.12792    0.22379    0.1895     0.48348   -0.085754   0.04125
  0.20354    0.06178   -0.49475    0.697     -0.37551   -0.92403
 -0.38494   -0.36262    0.33672    0.48206   -0.21769   -0.30397
  1.3749    -0.19148    0.22932   -0.39604  ]"
ashrawi,"[-1.1531   -0.49999  -0.48897  -0.71931   1.1102   -0.8944   -0.68613
  0.013867  1.2679    0.68505  -0.9197   -0.29409   0.37603   0.16932
 -0.22727  -0.45047  -1.253    -0.18876   0.03544   0.17136  -0.83078
  0.66893   0.020911  0.1387    0.90557   0.052756 -0.35829  -1.049
 -0.084269  0.30111   0.56092  -0.51851  -0.27852   0.083105 -0.51301
  0.17227  -0.8348    0.92818   0.35482   0.2773   -0.76052  -0.047217
 -1.0528    0.57059  -0.14994   0.60081  -0.23207   0.98788   0.093618
 -0.12697   0.57728  -1.1723    0.18051   0.88524  -1.0098    0.32429
  1.1413    0.49283  -0.4666    0.34321  -0.28487  -0.95103   0.23882
 -0.152     0.79866   0.43288   1.598     0.3525    0.10058  -0.83097
  1.0309   -0.37748   0.18264   0.22725   0.13874   1.1779    0.45709
 -1.3273    0.011537 -1.376    -0.27584   0.13058   1.1742   -0.48172
  0.26633  -0.29491   0.65318   0.11598   1.2365    0.27368   0.14524
 -0.77542  -1.3973    0.72179  -0.37512  -0.11043   0.56175   0.13368
 -0.13203  -0.23523 ]"
1753,"[ 0.08369   -0.73723   -0.09704    0.50691   -0.88864    0.0246
  0.81906   -0.31682    0.094834  -0.50849    0.062147  -0.14574
  0.11279    0.39189    0.89114    0.14027    0.1686     0.12698
 -0.23722   -0.14202   -0.30414   -0.26378    0.78122    0.31315
  0.37021   -0.3453    -0.57877   -0.1452     0.36815    0.23175
 -0.33706   -0.16243    0.24679   -0.77204   -1.1774     0.18732
 -0.54917   -0.66844   -0.06865    0.035756   0.47189    0.019926
  0.27146   -0.0026403 -0.36092   -0.989      0.44987   -0.49837
 -0.21326    0.58967   -0.81445   -0.1525     0.84647    0.0055317
 -1.2582    -0.011075  -0.19355   -1.4642    -0.98555   -0.11373
 -0.33172    0.35178   -0.17475    0.56193    0.33891   -0.38651
 -0.79788   -0.17761    0.3342    -0.22278    0.026738   0.26641
 -0.18391   -0.39839   -0.42837   -0.32911    0.43489    0.28297
 -0.65861   -0.026527  -0.66671   -0.6458     0.32081    0.51458
  0.63738   -0.29091    0.6675    -1.1268    -0.552      0.0072072
 -0.16416   -0.2133     0.67347    0.218     -0.10577    0.36348
 -0.49308   -0.51154   -0.24681   -0.8679   ]"
ω,"[-0.83952   0.31669   0.48236   0.96181  -0.33106   0.88218  -0.31608
  0.4194   -0.81417   0.30977   0.74869  -0.22645  -0.25886   0.35334
 -0.013141 -0.1214   -0.44236   0.54258   0.40588   0.29475   0.59811
 -0.92212  -0.21276  -0.06705   1.1029    0.75646   1.1894    0.29454
  0.47209  -0.46112   0.06681   0.78796  -0.54397   0.89604   0.60874
 -0.41921   0.57131   0.065847  0.6689   -0.20104   0.62264  -0.39486
  0.76518   0.26095  -0.4777   -0.35369   0.011378  1.1205   -0.025267
  0.8878    0.34336  -0.092467  0.42817  -0.10756  -0.75593  -0.02167
 -0.070804 -0.18584   0.14849   0.73099  -0.16292  -0.67227  -0.86808
 -0.26822   1.0017    0.95464   0.51507   0.22504   1.1578   -0.68776
 -0.16065  -0.035793  1.2041   -0.56214   1.0708   -1.0447    0.097537
  0.045956  0.10285  -0.16178  -0.19079  -1.7598   -0.64406  -0.84785
  0.6486    0.87186   0.066296 -0.30034  -0.055792 -0.22736  -1.1122
  1.2784   -0.14625   0.19884   0.526    -0.079989  0.82755   0.25871
 -0.51124  -0.41363 ]"
herbie,"[-0.08484   0.31415   1.1264   -0.94319   1.1823   -0.35203   0.012416
  0.014573 -0.56513  -0.77249   0.53641   0.80368   0.18884   0.47356
  0.12226  -0.064039  0.47205   0.44461   0.60055   0.076171 -0.32559
 -0.45347   0.3019   -0.28669   0.04558   0.55333  -1.2092   -1.0329
  0.54867   0.61059  -0.76646  -0.91318  -0.093267  0.46606   0.23088
  0.80697   0.92182   0.34108   0.2395   -0.18108   0.16716   0.22747
  0.54759   0.65008  -0.54997  -0.067983 -0.55527  -0.65896  -0.083672
  0.27028  -0.80107   0.42018   0.4138   -0.54129   0.44918   0.38265
  0.091965  0.28333  -0.43847  -0.24794   0.10304   0.86255  -0.46781
  0.27436   0.74882  -0.75854   0.27836   0.16928  -0.16426   0.48001
 -0.78335  -0.60542  -0.73719   0.3637   -0.15757  -0.06171   0.21922
 -0.53684   0.35749   0.030857  0.70967  -0.069127 -0.29424   0.098268
  0.435     0.39134  -0.55269  -0.23802  -1.2552    1.1431   -0.3518
 -0.22101   0.09415  -0.53681   0.60032   0.063463 -0.068225 -0.41867
 -0.22366   0.28858 ]"
telmex,"[ 0.82439  -0.51544   0.82241   0.60875  -0.22307  -0.66124  -0.14166
  0.7      -0.28738  -0.86496   0.23411   0.62996  -0.27077  -0.31997
 -0.71047  -0.090539 -0.13512   0.12499   1.3714    0.3642    0.72422
 -0.78383   0.80539   1.4792    0.48019  -0.19145  -0.5535   -0.75648
 -0.16196  -0.6643    0.71682   0.60851   0.28799  -0.017502  0.49297
  0.43307   0.40441  -0.079641  0.057276  0.57882   1.2118   -0.72766
 -0.03379  -0.65768  -0.84752   0.53713   0.27361   0.043481 -0.2231
  0.041341 -0.95469   0.7633    0.92001  -0.28809  -0.044929  0.59078
 -0.10689   0.17516   0.47653   0.13852  -0.73867  -0.85865  -0.046835
 -0.6682   -0.21053  -0.049939 -0.25077   0.15666   0.80674   0.80276
  0.12355   0.17783   0.099368 -0.62431  -0.15101   0.073934  0.69213
 -0.48495  -0.23975   0.17007   0.33579  -1.5309   -0.48598   0.48891
 -0.3614   -0.072664 -0.52466   0.066779 -0.26589  -0.5899    0.4649
  0.39637  -0.20235  -0.35952   0.067925  0.34979  -0.069146 -0.4617
  0.36675   0.47672 ]"
latitudes,"[-0.50352    0.7992     0.96294    1.0538    -0.54363   -0.69024
  0.42419   -0.068851  -1.2172     0.37295   -0.66605   -0.31459
  0.61069    0.089574   1.172     -0.64787   -0.80795   -0.15043
  0.6084    -0.054025   0.58218    0.32249    0.68206   -0.85777
 -0.19563    0.72355    0.48667    0.1071     0.3144    -0.49916
  1.0831    -0.72499    0.23296   -0.41747    0.48302    0.99125
 -0.14301   -0.58416   -0.90086   -0.058942  -0.36556    0.031016
 -1.2734    -0.052052   0.22567    0.28264    0.79115   -0.17631
  0.36763    0.13729    0.038145   0.19678   -0.43006   -0.0067695
 -0.34661    0.0073365  0.18749   -0.37223   -0.058424  -0.020757
  0.0064158  0.94052   -0.42184   -0.91905    0.66252    0.85696
 -0.20421   -0.19689    0.76304    0.066448  -0.39499   -0.92334
  0.64537   -0.59092   -0.38256   -0.95875    0.7016    -0.7232
  0.80731    0.1477    -0.58475    0.24867   -0.61516   -0.26165
  0.58999    0.13303   -0.17983   -0.44063    0.86544    0.51362
 -0.48268    0.34387   -0.029589   0.52573   -0.3776     0.53486
 -0.28756   -0.098075   0.3889    -0.20301  ]"
redd,"[-0.10658   -0.47142   -0.10554   -1.1893     0.25156   -0.60397
  0.53759   -0.1155    -0.030334  -0.21539   -0.33168   -0.3125
 -0.63835   -0.53465    0.61707   -0.12087   -0.20412   -0.044185
 -0.4672     0.52515   -0.36913    0.35977    0.31742    0.51472
  0.24088    0.42852   -0.16185    0.087333  -0.35299   -0.39106
  0.092731   0.90477    0.71678    0.58386    0.021926  -0.16647
  0.71462    0.079794  -0.23232    0.7937    -0.22062    0.70574
 -0.24323    0.91075    0.1202     0.92362   -1.3792    -0.51126
  0.078865  -0.40415    0.12591   -0.74528   -0.38654   -0.30067
 -0.42504    0.16495   -0.10622   -0.17187   -0.72876    0.52739
 -0.49405   -0.13092   -0.12461    0.71964    0.43195    0.85575
  0.035966  -0.0032238  0.20007    0.24908   -0.25705   -0.45255
  0.0026925  0.26171    0.45418    0.23972   -0.18229   -0.039716
  0.4774     0.22824    0.64743    0.39651   -0.013256   0.41565
 -0.39581    1.2188    -0.18802   -0.009376  -0.087053   0.55427
 -1.1518    -0.72045   -0.6236     0.26761   -0.18164   -0.52915
  0.91293   -0.67326   -0.43671    0.38178  ]"
watercolor,"[ 0.17575    1.2154    -0.65175    0.0089024  0.70585    0.0058735
  0.25169    0.084613  -0.41545    0.24303   -0.37429   -0.50848
 -0.0035795 -0.87783   -0.1405     0.87018    0.61619   -0.61443
  1.2353    -0.53813   -0.47786    0.41506    0.65941   -0.55637
  0.21663   -0.36943   -0.30148    0.13835   -0.72345   -0.9087
 -0.64619   -0.25667   -0.69626    0.083299  -0.95151    0.42312
 -0.24239   -0.12788   -0.043951  -0.63851   -0.19218   -0.51845
 -0.78057    0.28544   -0.62472   -0.40553   -0.10212   -0.17885
 -0.20951   -0.18853   -1.2875     0.55002    0.2788     0.48328
 -0.60808   -0.35258    0.29835   -0.45581   -0.35503   -0.24455
  0.40647    1.3782     0.0035825 -0.17336    0.46653   -0.1588
  0.74824   -0.090223  -0.54855   -0.58467   -0.56348    0.71586
  0.75454    0.14629    0.016884   0.41843    0.37832    0.68074
 -0.27151   -0.39234    0.20698    0.32616    0.13064    0.2656
  0.28695   -0.46115    0.23588   -0.074825   0.47701   -0.76696
 -0.049071  -0.85927    0.738     -0.35185   -0.18604    0.20705
 -0.63237   -0.81252   -0.77285   -0.57381  ]"
pundit,"[-1.0267     0.066869  -0.22475   -1.2675    -0.092648   0.26025
  0.16258   -0.17514   -0.12389    0.42935   -0.4486    -0.36587
  0.18975   -0.42179   -0.37815   -0.50167    0.26516   -0.26268
  0.29328    0.41652   -0.56578    0.65209   -0.59271   -0.58914
  1.0514    -0.37555    0.18151    0.31839   -0.40015    0.39127
  0.15813    0.90829   -0.048543  -0.0083674 -0.12897    0.54218
 -1.2246    -0.015119  -0.23907   -0.14959   -0.73092    0.52818
 -0.56278    0.14381   -0.53221   -0.48966   -0.049226  -0.53332
 -0.55446    0.18998    0.10783    0.089909   0.44508    0.20728
  0.32223   -0.37702   -0.13346    0.47641   -0.3913     0.17121
  0.49173    0.11728   -0.10915   -0.17028    0.26583   -0.019659
  0.20388   -0.1368     0.16332    0.72917   -0.27412   -0.060332
  0.40458    0.039795  -1.1241    -0.67913    0.72894   -0.0046392
  0.60979   -0.13388   -0.39905   -0.7785     0.44516    0.22947
  0.18599   -0.58697   -0.90317    0.86221    0.34389   -0.7355
  0.18017    0.54233   -0.42741   -0.0034376  0.23057    0.14613
  0.69856    0.028938   0.04856    0.15956  ]"
cobbled,"[-0.30138    0.56989   -0.22448    0.17103    0.74525    0.43129
 -0.57974    0.77627    0.28778    0.061685   0.4081     0.81217
 -0.28035   -0.43313    0.083448   0.60142    0.3609    -0.55935
 -0.0038297 -0.70331    0.34247    0.39397    0.58406   -0.34601
 -0.28856   -0.95793   -0.43225    0.1063    -0.49097   -0.52353
  0.54214   -0.46866   -0.0095173 -0.61028    0.3563     0.47187
  0.26488    0.10243    0.28667    0.34794    0.29445    0.073748
  0.093145   0.31168   -0.34864   -0.074409  -0.31599    0.81151
  0.53778    0.71537   -0.34497   -0.30389    0.59845    0.19168
 -0.1125    -0.75418    0.21107    0.65475   -0.061928   0.34892
  0.10727    0.31362    0.017968   0.46615   -0.6845    -0.50197
 -0.043052   0.096328  -0.24696   -0.89441    0.086384  -0.070887
 -0.40384   -0.48264   -0.64018   -0.62593   -0.57979    0.12479
  0.42271   -0.24332   -0.044914   0.65144   -0.27187    0.47706
 -0.34021    0.62316    0.067063  -0.63089   -1.2383     0.22882
 -0.19903   -0.046661  -1.06      -0.059307   0.13837   -0.4808
  0.53029    0.078199   0.12362    0.86093  ]"
ha'aretz,"[-1.0935e+00 -1.7788e+00 -6.1834e-01 -2.1506e-01 -6.6505e-01  8.8695e-02
 -7.4808e-02 -1.4342e-02  1.3146e+00  3.3734e-01  8.5097e-02 -2.5616e-01
  1.8024e-01  3.1324e-02  1.4388e-01 -7.2918e-02  5.6274e-01 -2.1438e+00
 -5.4173e-01  2.1286e-01  5.5472e-01 -1.3685e-01 -1.8254e+00  8.0111e-01
  9.5925e-01 -6.0954e-01  4.2548e-01  4.9498e-01 -4.5952e-01  4.2274e-01
 -2.4081e-01  4.3588e-02 -4.4703e-01 -3.6673e-01 -1.8010e-01  2.3436e-01
 -5.2994e-01 -6.3573e-01 -4.0573e-01 -5.6885e-01 -1.4121e-01  8.1372e-01
 -8.4327e-01  8.1514e-01 -1.7794e-01 -6.5294e-01  2.1263e-01 -3.1188e-01
 -4.7179e-01  5.1047e-01  1.0638e+00  2.2708e-01  6.7238e-01  5.5102e-01
 -5.3206e-01  3.5279e-01 -1.6856e-01  2.3158e-01 -2.2438e-01 -2.4212e-02
 -6.2463e-01 -4.9363e-01 -2.9527e-01 -2.3710e-01  8.4015e-02  4.3207e-01
  1.5241e-01  1.6794e-01  2.4546e-01 -4.3448e-01  4.7956e-01  2.8729e-01
  4.2020e-01 -1.3673e-01  6.3498e-02  4.5363e-01  2.5793e-01  5.5142e-01
 -1.7718e+00 -4.2422e-01  1.4984e-01  1.3316e-01 -1.5230e-01 -6.6350e-04
  5.8411e-01 -9.7504e-01  1.1597e-01  1.2509e+00 -1.2624e-01  3.5101e-01
  5.4278e-01  3.4213e-01  5.2149e-01  5.2212e-01 -7.3712e-01  2.5748e-01
  1.2966e+00 -3.4297e-01  1.7097e+00  1.2203e+00]"
haneya,"[-1.1138    -0.94126    0.43755    0.23287    0.5978     0.3532
  0.059086  -0.064593   0.63464    0.46691   -0.37444    0.2441
  0.96849   -0.20724    0.92509    0.1174    -0.39501   -0.34816
 -0.35865   -0.082501  -0.23973   -0.95508   -0.40633   -0.21646
  0.2132     0.60463   -0.19043    0.34822    0.36054   -0.055485
  0.69383    0.63407   -0.10284   -0.21476   -0.48456    0.031667
 -0.017912   0.54281   -0.71123   -0.17167   -0.43294    0.35113
  0.58636   -0.058933   0.88069    0.14015   -1.1704     0.82871
  0.3035     0.41061    0.043123  -0.067549   2.405      0.28501
 -0.30343    0.84938   -0.11708    0.39755   -0.34072    1.2581
 -1.7325    -0.88564   -0.55102    0.19624    0.068199   0.93901
  0.66015   -0.097783  -0.32252   -0.30921    0.58702   -0.31882
 -1.0026    -1.3407     0.077523   0.65666   -0.9575     0.69147
  0.0057044 -0.70781    0.054282  -0.32772   -0.40197    0.22611
 -0.098827   0.79184    0.15382    0.1846     0.090671   0.25049
  0.67889    0.43216   -0.55042    0.17724   -0.075082  -0.30309
  0.34863   -0.42956    0.92217    1.2262   ]"
resentful,"[ 2.8787e-01  3.6088e-01  5.1861e-01 -3.7671e-01 -1.0996e+00  9.2448e-01
 -1.0870e+00 -3.5848e-01  1.0705e+00 -6.7629e-03 -4.9307e-01  1.8101e-01
  6.6596e-01 -5.2888e-01  3.1314e-01 -5.5509e-01 -4.9753e-01 -7.4369e-01
  4.0196e-01  1.3587e-01  4.2079e-01  5.3842e-01  3.8492e-01  2.1624e-01
  4.4996e-01  1.0973e-01  3.1382e-01  7.8935e-02  8.8903e-01  8.9131e-02
 -5.7132e-04  1.4099e-01  4.7353e-01 -7.4551e-01 -2.0911e-01  3.0240e-01
  4.3569e-01  1.1403e-02  4.0871e-01  1.4692e-02 -4.5022e-01 -2.5139e-01
  1.6275e-01 -1.6110e-01  2.9092e-03 -2.2047e-01  7.5625e-01  9.9109e-01
  4.1660e-01 -1.2289e-01 -1.0212e-01 -7.0556e-01  9.6070e-02  4.0459e-01
  3.7135e-02  2.8368e-01  5.2265e-01 -4.6296e-01 -5.9872e-01 -5.5592e-01
  4.9722e-01 -1.2701e-01  4.4693e-02  3.2857e-01 -5.1661e-02 -5.6851e-01
  5.7115e-01  4.7600e-01  2.8194e-01  7.5015e-02  2.6544e-01 -6.5136e-01
 -5.7530e-01 -5.9086e-02 -3.8334e-01  4.2537e-01 -1.7131e-01 -2.6656e-01
 -4.1323e-01 -2.1183e-01  5.9697e-02  1.8428e-01 -3.3556e-01  5.3028e-01
 -6.6493e-01 -9.4645e-02 -2.1802e-01 -1.7939e-01 -7.9808e-01 -8.6849e-01
 -3.2034e-01  5.6521e-02  4.9734e-02 -1.8176e-01  4.4517e-03 -2.4408e-01
 -7.5420e-01  1.1765e-01 -1.9074e-01  3.3529e-01]"
346,"[ 0.52811    0.5414     0.47689    0.063457  -0.07154    0.48212
  0.58479   -0.051465  -0.2948    -0.10755    0.66184    0.20262
  0.3806    -0.13084    0.40456    0.017144  -0.23601    0.23135
 -0.12916    0.32209    0.99803    0.063348   0.50292    0.075023
 -0.025126  -0.4946     0.77347    0.66464   -0.61378   -0.56288
 -0.033973   0.065572   0.044114   0.014352  -0.70724    0.44654
 -0.38476   -0.37612   -0.054225   0.49326    0.031507  -0.33499
  0.01277   -0.11596    0.36769    0.014423   0.167     -0.63727
 -0.49985    0.4741    -0.32354   -0.098539   0.21125    0.39355
 -0.98774    0.446      0.4117    -0.23693   -0.44247   -0.14742
 -0.41983   -0.41604    0.17208    0.57849   -0.86856    0.39162
  0.16201   -0.15248    0.39177   -0.067205  -0.35373   -0.20996
 -0.30356    0.092277   0.16094    0.40227   -0.43267    0.39778
 -0.57068   -0.29217   -0.25681    0.088018   0.23913    0.64474
  0.0074072  0.064218   0.67841   -0.43395   -0.27739    0.42808
 -0.03479    0.52521   -0.43779   -0.15506   -0.42636    0.087905
  0.034701  -0.22655    0.1361    -0.516    ]"
prost,"[ 0.47836   -0.915      0.19857   -0.059822  -0.14384   -0.33187
  0.059834  -0.13181    0.7094    -0.63895    1.1154     0.93411
 -0.53079   -0.33577   -0.57798    0.58792    0.87002    0.19971
  0.51799   -0.34192    0.13501    0.32228    0.042141   0.26101
  1.0223    -0.85365    0.040139  -0.40778    0.095385  -0.88437
 -0.50017   -0.057469  -0.36198   -0.57383   -0.0070765  1.4428
  0.53819    1.0038    -0.57894    0.85847   -0.11055    0.021806
  0.28282   -0.43707   -0.35712    0.68015    0.6521     0.05535
  0.051971  -0.49308   -0.018549   0.16461   -1.2293     0.75803
  0.040436  -0.05441   -0.42837    1.4923    -0.75608    0.21171
  0.37272   -0.52062    0.8498     0.18566   -0.096144   0.15334
  0.43781    0.7473    -0.70239   -0.098435  -0.61968   -0.071476
 -0.7949     0.17255   -0.16507    0.37494   -0.082362  -0.28046
  0.14719   -0.51035    0.56812    0.50728   -0.14047    0.18578
  0.51593    0.32187    0.51745   -0.28003   -0.6982    -0.26648
 -1.0621    -0.14236   -0.1908     1.3536     0.082828  -0.039826
 -0.1355    -0.1307    -0.22332   -0.93488  ]"
humiliate,"[-0.45919   -0.17989    0.17793   -0.14126   -0.31942    1.1881
 -0.61983   -0.26658    0.75477    0.45706    0.26644    0.31975
 -0.12644   -0.1218     0.019495   0.53755    0.11362    0.012672
 -1.169      0.56631    0.19326   -0.59886   -0.1228     0.16006
  0.081775   0.11462   -0.59723   -0.063438   0.77478    0.04601
  0.65566    0.43762   -0.060612   0.15123   -0.45286    0.12697
 -0.1195    -0.071756  -0.51113   -0.06214   -0.19152    0.151
 -0.56388    0.068257  -0.58276    0.5234     0.79356    0.22251
 -0.93378   -0.92437   -0.76764    0.29635   -0.18066    0.80626
 -0.30389    0.24955    0.09929   -0.37718   -0.53822   -0.57663
 -0.42881   -0.22369   -0.18096    0.32362    0.25929    0.27766
  0.69995    0.83778   -0.054937  -0.43583    0.46879   -0.34239
 -0.025747  -0.46487    0.34381    0.28029    0.33155    0.1909
  0.40069    0.33834   -0.34287   -0.0075992 -0.33066    1.2246
 -0.41292    0.054727  -0.13463    1.6035     0.41429   -0.60195
 -0.071098  -0.14875    0.56333   -0.51031    0.15256   -0.7244
  0.052255   0.18291   -0.54294    0.39245  ]"
s.korea,"[-0.57751    1.1847     1.2104     0.53821   -0.83091   -0.47469
 -1.0164     0.11026    0.57386   -0.51583    0.5297     0.52786
  0.18953    1.1485    -0.074142   0.95095    0.48495   -0.24487
 -0.0018125  0.063687   0.58565    0.086094  -0.12111    1.0582
 -0.40924    0.14939   -1.0088     0.91546    0.060506   0.098093
 -0.67022    0.85033   -0.11547   -0.080403  -0.064617   0.39245
  0.0067443 -0.70695   -0.0026934 -0.24888   -0.22281    0.55596
 -0.41462   -0.1976     0.38721    0.24309   -1.052      0.32031
 -0.0725    -0.55363    0.78992    0.029808   0.013812   0.33196
 -0.02268   -0.035533   0.32753   -0.69027    0.044445  -0.20941
 -0.97958   -0.19431    0.15311    0.43487   -0.83822    1.4788
 -0.1846     0.33642   -0.80824    0.20228    0.84437   -0.26159
 -0.81201   -0.46483    0.14873    1.0593     0.50553   -0.29906
 -0.32331   -0.2475     0.52518   -0.12657    0.56005    0.15309
  0.507     -0.22055    0.082798   0.45701    0.98466    0.092595
  0.46399    0.61536   -0.40818   -0.43647    0.47581   -0.015251
  0.0018015 -0.65706    0.114      0.018206 ]"
consented,"[ 0.82533  -0.11731  -0.1041    0.88546  -0.57092   0.56279  -0.17446
  0.93655   0.94284  -0.11953  -0.066585  0.48215   0.28057   0.075985
  0.31062  -0.28982   0.24871   0.35743  -0.16736  -0.057856 -0.42024
 -0.24599  -0.13391   0.14783  -0.11471   0.304     0.1702   -0.51556
  0.40302  -0.043209  0.60419   0.31324  -0.24984   0.12704   0.26468
  0.2197    0.17762  -0.33973  -0.24536  -0.028832 -0.43498   0.72739
  0.30967  -0.19096  -0.61271   0.3743   -0.20562  -0.26279   0.78555
 -0.4508    0.29024   0.10394   0.43832   0.13332  -0.065004  0.21231
 -0.085928 -0.82057  -0.49107   0.22372  -0.1896   -0.59859   0.080223
 -0.019754  0.25854  -0.26294   0.17117   0.72556  -0.28118  -0.22471
 -0.12683  -0.60501   0.33989  -0.21484  -0.61401   0.072377 -0.74765
 -0.54392  -0.50071  -0.21525  -0.16381  -0.30303   0.47552   0.32768
 -0.40798  -0.38028   0.518     0.12823  -0.27075   0.032352 -0.046483
 -0.63131   0.15058  -0.42356   0.21461   0.12775  -0.13782  -0.084455
 -0.37265  -0.12131 ]"
samara,"[-0.0055913 -0.49001    1.0713     0.11108   -0.10659   -0.31007
  0.099951  -0.16485    0.55473    0.31007   -0.74359    0.004472
  0.47585    0.17746   -0.30158    0.2858     0.48198   -0.24943
 -0.32754   -0.5331    -0.3479    -0.11938   -0.44433    1.092
 -0.18578    0.17071   -0.43174    0.33414    0.066599   0.27693
 -1.0179    -0.41298    0.19237    0.16295   -0.19302    0.21997
  0.42046    0.49888    0.53763    0.39291    0.52508   -0.63016
 -0.045027   0.36337   -0.15838   -0.36806    0.30041   -0.048222
 -0.015335   1.0844    -0.46749    0.19261   -0.34866    0.67329
 -1.3142     0.12487    0.23959   -0.27996   -1.2741    -0.18025
  0.36173    0.48624   -0.30493    0.65155   -0.18277    0.32069
 -0.4411     0.14023   -0.50924    0.55592   -0.014828  -1.0138
  0.14428   -0.15847   -0.078927  -0.010174   0.30729   -0.42411
 -0.50141    0.31621   -0.081473   0.34455   -0.64223   -0.38131
  0.13034    0.47006   -0.57753    0.17029    0.42042    0.26435
  0.83322   -0.0052861 -0.37904   -0.53401   -0.64199    0.082037
 -0.24272    0.25356    0.43834   -0.27915  ]"
whittle,"[-0.22092   -0.39905   -0.48108   -0.6368    -0.11384   -0.63489
 -0.31226   -0.53547    0.085124  -0.41476    0.60378    0.71736
 -0.26089   -0.080338  -0.33883   -0.5603     0.27544    0.60284
  0.22888    0.16725   -0.24941   -0.071853   0.88256    0.29368
  0.092909  -0.041338  -0.63769    0.36803   -0.066641   0.32156
 -0.0019634  0.37582   -0.017334   0.33999   -0.78671    0.20185
  0.098533  -0.25814   -0.1193     0.66148   -0.44303   -0.24043
 -0.80346    0.13111   -0.47518    0.78841   -0.033188  -0.25887
  0.062315   0.41866   -0.093554  -0.48129   -0.043667   0.021889
  0.43881   -0.40612   -0.028575  -0.068188  -0.19926    0.1028
  0.49958   -0.18376   -0.20812    0.64923    0.005419  -0.17379
  0.15071    0.36409   -0.33821   -0.13296    0.54824   -0.27042
 -0.096193  -0.52149   -0.52642    0.032645  -0.36909   -0.20034
  0.25081    0.15614   -0.19567   -0.17345   -0.16802   -0.14372
  0.15854   -0.25419    0.50396   -0.058516  -0.50084   -0.26678
 -0.40322    0.29531    0.17698   -0.1772    -0.2691    -0.56992
  0.40546   -0.21052   -0.031681   0.17369  ]"
statehouse,"[-0.451      0.50337    0.50809   -0.72858   -0.35319    0.34415
 -0.87377   -0.29061   -0.33734    0.32829   -0.029651   0.69905
  0.015019  -0.8376    -0.81606   -0.2839     0.61878    0.29843
  0.6167    -1.6954     0.52388    0.39528    0.0031529 -0.26317
 -0.37598   -0.29965   -0.91771   -0.25863    0.01836   -0.3907
  0.73772   -0.42114    0.83557    0.5478    -0.42641    0.45042
 -1.1874    -0.49564   -0.094133   0.16686   -0.14798   -0.51224
 -0.036572   0.02623   -0.71159    0.1009     0.732     -0.27907
 -0.09038    0.10791   -0.43064   -0.5116    -0.069882   0.17327
  0.26451   -0.20552   -0.10391   -0.91801    0.77536    0.28743
 -1.329      0.24983    0.47981    0.4718    -0.38842   -0.030258
  0.060374   0.27057   -0.22988    0.46272   -0.38561   -0.2469
  0.059073   0.14451   -0.53641    0.25438    0.75009   -0.2181
  0.019232  -0.0046365 -0.80149   -0.30961    0.83232    0.54237
  0.68938   -0.26614    0.69744    0.061792   0.84258   -0.47564
  0.73957   -0.79645   -0.048135   0.90638   -0.52731   -0.49542
 -0.27306   -0.010657   0.5929     0.66729  ]"
schrempp,"[-0.080979 -0.37094   0.55572   0.023818  0.15728  -1.1181    0.60005
 -0.051742  0.61294  -0.11157   0.6023    0.51463   0.23013  -0.43554
 -0.1389   -0.020507 -0.22252  -0.080757 -0.6529   -0.06753   0.52595
 -0.035948 -0.83128   1.0429    0.31323  -0.14892  -0.10592   0.80396
  0.22183   0.11732   0.82749   0.1494   -0.89933  -1.4648   -0.61866
  0.4865    0.17459   0.13588   0.14881   0.12478   0.27268   0.3079
  0.23744   0.28521  -0.90832   1.8687   -0.13206  -0.86158   0.095269
 -0.24704  -0.60321  -0.77604  -0.74958   0.40276  -0.69025  -0.081845
  0.16721  -0.06527  -0.79738  -1.0201    0.7275    0.08308   0.3085
 -0.016287 -0.5973   -1.0989    0.88223   1.0786   -0.37186  -0.29291
  0.58043  -0.32242  -0.41812  -0.87294  -0.5437   -0.52297   0.16369
 -0.69363  -0.59728  -0.057547  0.96117  -0.64366   0.22234  -0.047773
 -0.32184  -0.67778  -0.34009  -0.53694  -0.25923  -0.15232   0.93065
 -0.44026  -0.4041    1.0587    1.0943   -0.036609  1.0035   -0.35538
  0.041344  0.90205 ]"
1747,"[-0.02228   -0.83453   -0.25042    0.57294   -0.4108    -0.060552
  0.24227   -0.32859    0.35752   -0.16351    0.5473    -0.64695
  0.023111   0.095382   0.84699    0.4521     0.07145   -0.3108
 -0.55553   -0.44404   -0.38148   -0.30693    0.94041   -0.10537
 -0.098175  -0.15442   -0.36064   -0.22314    0.20876    0.11626
 -0.084931  -0.49249    0.15937   -0.71412   -0.91809    0.28164
 -0.19496   -0.25828   -0.0098274 -0.15806    0.13494    0.23997
  0.55126   -0.66371   -0.5415    -1.0108     0.14889   -0.36274
  0.15983    0.35119   -0.71512    0.18437    0.66395    0.38195
 -0.85666   -0.2714    -0.090815  -1.1922    -0.97316   -0.43327
  0.024216   0.20312   -0.09096    0.53177   -0.11429   -0.36463
 -0.75913   -0.21563   -0.053048  -0.095854   0.63851    0.13354
  0.26449   -0.070962  -0.46513   -0.8037     0.37834    0.49928
 -0.72996   -0.34154   -0.0064525 -0.73335    0.57532    0.14064
  0.44115   -0.17538    0.63398   -0.96286   -0.42288    0.4306
 -0.41287    0.59154    0.34103    0.59944   -0.31858    0.25892
  0.012065  -0.19466   -0.48954   -0.73928  ]"
λ,"[-0.464      0.65332   -0.2294     1.0742    -0.61606    1.0351
 -0.003615   0.23851   -0.23799    0.39782    0.73132   -0.52103
 -0.35758    0.087808   0.34043   -0.59193   -0.78823    0.2279
  0.7123    -0.17902   -0.14894   -1.0538    -1.1962     1.0021
  0.37954    0.6905     1.0869     0.15022    0.28736   -0.59664
  0.19869    0.23209    0.693      1.3408     0.66836   -0.16795
  0.75938    0.87321   -0.0068523 -0.25828    0.83873   -0.48621
 -0.28978   -0.81549   -0.62012   -0.26622   -0.33106    0.80073
 -0.44043    1.2195     0.91177   -0.10838   -0.17009    0.45895
 -0.52303    0.20562    0.1594     0.51687   -0.16965    0.44317
 -0.10219   -0.76208   -1.2748    -0.31142    1.2765     0.82568
  0.29703    0.40598    0.57978    0.12438   -0.084192  -0.41569
  0.49315    0.5287     1.1591    -0.67741   -0.5953    -0.05879
 -0.28063   -0.44181   -0.23699   -1.7502    -0.86546   -0.57919
  0.27901    0.4209    -0.24963   -0.20475    0.51405   -0.9494
 -0.92628    0.69614   -0.11854    0.17357    0.01046   -0.67811
  0.11752    0.19887   -0.6419     0.26095  ]"
coelho,"[ 0.23138    0.071633   0.2975    -1.0594    -0.30055    0.22056
  0.90509    0.31465    0.63934   -0.18616    0.22628   -0.33041
 -0.68725   -0.62874   -0.43066    0.25998    0.70238    0.14559
 -0.028331  -0.038354  -0.22698    0.14786    0.061375   0.38315
 -0.24458   -0.23361   -0.84691    0.11309   -0.097291  -0.24372
 -0.2749     0.057809  -0.11867    0.16241   -0.6852     0.74483
  0.62719   -0.15419   -0.25898    0.7604    -0.70604   -0.053313
  0.28852    0.029743  -0.16587    0.65561   -0.13206   -0.9047
 -0.49301    0.52413    0.20227    0.0092273  0.36648   -0.70793
 -0.49383    0.075781  -0.33424    0.48434   -0.87145    0.053158
  0.22933   -0.029037  -0.04402   -0.34941    0.099108   0.06775
  0.45814   -0.081196   0.97267    0.036087   0.18798    0.77005
 -0.25315   -0.3524    -0.29323   -0.37051   -1.2291     0.9051
 -0.027625   0.79884    0.22014   -0.92147   -0.71246   -0.13944
  0.44835   -0.36444   -0.74604    0.78578   -0.44173   -1.3756
 -0.18612    0.057368   0.37479    0.33874    0.40474    0.14918
 -0.34458   -0.19806   -0.16851    0.020233 ]"
dissipate,"[-4.2431e-01 -2.5603e-01  1.8762e-01 -1.2084e-02 -3.1789e-01  1.6573e-01
  2.7367e-02 -1.6445e-01  7.9942e-01 -4.9067e-02 -1.3624e-01  3.2227e-01
 -3.3700e-01 -9.1189e-01  1.1752e-01 -1.3859e+00 -5.5771e-01  7.2960e-01
  2.6389e-01 -6.6147e-01 -1.3263e-01 -5.3758e-01  1.5947e-02  2.2483e-01
 -4.0409e-01  6.3281e-01 -7.5946e-02  1.4968e-01  5.3117e-01 -3.7956e-02
 -2.8021e-01 -4.0121e-01 -7.0842e-01 -6.8073e-02 -1.2753e+00  1.3508e-01
  3.6201e-01 -6.9517e-01  1.0808e-02 -3.9919e-01 -4.3982e-01 -5.7826e-01
 -1.0182e+00  1.4879e-01  2.3323e-01 -8.3659e-02  7.0627e-01  5.7247e-01
  2.4433e-01 -7.8284e-01 -1.9950e-01 -1.0160e-01  1.2952e-02  5.9401e-01
  8.1470e-01  8.0711e-03  1.5774e-01  2.6774e-02 -1.3183e-03  2.7309e-02
 -2.4170e-01  1.0082e+00  1.1721e-02  3.0314e-01  1.4784e-01  5.3354e-01
  4.8370e-01 -4.2816e-01  1.4228e-01 -7.6339e-01  4.5755e-01 -5.2464e-01
  1.4904e-01 -2.3270e-01  1.2402e-01 -8.2400e-02 -3.5278e-01 -4.2514e-01
  2.6854e-01  3.0391e-01 -1.5089e-02 -5.3944e-01 -7.3309e-01  5.6062e-01
  6.6998e-01 -2.2055e-01  3.8939e-01  5.2608e-01 -2.5376e-01 -8.7200e-03
 -4.4047e-01  1.9545e-01 -6.9135e-01 -3.0537e-02 -1.3947e-01  7.4386e-02
  6.0295e-01 -2.8819e-01 -2.7847e-01  1.7589e-01]"
scrubbed,"[-0.63942   0.088111 -0.070346 -0.33002  -0.33579   0.059967  0.17601
  0.97349   0.10802   1.3873    0.4185    0.69002   0.64229   0.074431
 -0.16245  -0.33633  -0.16395   0.72367   0.080927  0.053346 -0.75531
  0.44183   0.17604   0.42612   0.15148   0.559    -0.42157   0.70303
 -0.71654  -0.28013  -0.095024 -0.3089   -0.3758    0.60342   0.041962
  0.2803   -0.49713  -0.52722  -0.016095  0.34665  -0.4845   -0.64061
 -0.12316   0.11328   0.091141  0.47188  -0.34356   0.45052   0.5897
  0.15089  -0.1463   -0.40889   0.052006  0.35358  -0.93445  -0.18709
  0.024359  0.59001   0.45221  -0.44537  -0.24825   0.69628  -0.15148
  0.26183  -0.27567  -0.51716   0.08753  -0.3097    0.061623 -0.74446
  0.70378   0.3715   -0.2948    0.15166  -0.52291   0.27987  -0.43335
  0.29634   0.27648  -0.69668  -0.20446  -0.61733  -0.077295  0.90141
 -0.43682  -0.39207   0.54765   1.0762   -0.8894    0.1709    0.10405
  0.096824  0.10901   0.048397 -0.32571  -0.16766  -0.021613  0.55682
 -0.7002    0.29835 ]"
orgy,"[ 0.27791    0.14336    0.030537  -0.17104   -0.50774    1.3062
  0.13526    0.57506    0.23408    0.47643   -0.4631     0.55897
 -0.29896   -0.11638    0.56311    0.97556   -0.1397    -0.065538
  0.089961  -0.2659     0.94015   -0.15609   -0.53928   -0.29136
  0.45869    0.30155    0.14548    0.83595   -0.6401    -0.63242
 -0.22868   -0.72543   -0.20425    0.30493   -0.21624   -0.92291
  0.19399   -0.29369   -0.33248   -0.37389    0.3802     0.57963
 -0.35928    0.01912    0.003541  -0.18683   -0.31481   -0.22681
  0.26855   -0.42806   -0.089351  -0.014613  -0.13237    0.14322
 -0.40684   -0.57829   -0.19005   -0.17725    0.18711    0.4317
  0.0071833  0.056376   0.36578   -0.37711    0.3351     0.11794
  0.39419   -0.80489    0.29344   -0.28772   -0.021297  -0.85267
 -0.29126    0.73363   -1.2777     0.020467  -0.25161   -0.093069
 -0.84476   -0.51642    0.38806    0.60162    0.61434    0.54177
  0.30888    0.085935  -0.64057   -0.13799   -0.44497   -0.45032
  0.060647  -0.066048   0.253     -0.089601   0.93291   -1.0699
  0.15773   -0.25445   -0.16321    0.22658  ]"
petar,"[-4.7982e-01  9.8510e-01  6.4389e-04  2.4715e-01 -1.7557e-02  2.4359e-01
 -1.9547e-01  2.0771e-01 -3.2259e-01 -5.1002e-01 -3.2488e-01  4.4849e-02
 -1.9827e-01 -1.0961e-01  6.0465e-01 -1.4966e-01  4.9959e-01 -9.5027e-02
  1.1162e-01  1.2931e-01 -1.5259e+00  1.6101e-01  3.3155e-01  1.0698e+00
 -1.4810e-01 -2.2802e-01 -2.6350e-02  9.4172e-01  1.1127e+00  1.3214e-01
  2.5524e-01 -1.1117e-01  3.4438e-01  4.7274e-02 -1.0804e-01  2.3425e-01
  6.5568e-01  2.7152e-01  4.4074e-01  2.7490e-02  3.6124e-01  4.0865e-01
  7.3672e-01 -3.5717e-01  7.2258e-02 -7.5739e-01 -1.5738e-01 -8.9210e-02
  3.2327e-02  1.0054e+00 -1.2038e-01 -6.4996e-02 -6.3182e-03  7.2828e-01
  2.0197e-02  7.6788e-01 -5.4448e-01  1.1136e+00 -2.3520e-01  7.6378e-03
  2.4774e-01 -4.1091e-01 -5.0487e-01  2.7699e-01 -2.9971e-01 -2.3304e-01
  1.7611e-01 -3.8235e-01  1.6613e-01 -1.4104e-01  6.8530e-01 -4.2532e-01
  7.7302e-01 -6.7203e-01  1.3649e-02  8.7793e-02 -9.9441e-01  2.7747e-01
 -3.6690e-01 -8.5652e-02  5.4960e-02 -6.7314e-01 -6.3471e-01 -2.6856e-01
  3.3857e-01 -2.9024e-01 -3.9117e-01 -1.2215e-01 -4.6221e-01 -5.8423e-01
  7.4928e-01  2.3640e-01 -7.0852e-01  9.8770e-01 -2.9185e-01 -2.7756e-01
  7.1224e-02  2.5208e-01 -7.2870e-01 -4.0456e-01]"
stalker,"[ 0.50854  -0.34841   0.55795  -0.30934  -0.076009  0.60667   0.15736
 -0.10514   0.53772   0.099916 -0.41917   0.37381  -0.34113   0.12717
  0.15832   0.44752   0.015788  0.11218   0.057344  0.60411  -0.035337
 -0.50868  -0.099536  0.32223   0.60751   0.59481   0.13182   0.029643
 -0.42643   0.068654  0.57886  -0.27247   0.21741  -0.1219    0.24372
 -0.2802   -0.39396  -0.48254   0.59096   0.35811  -0.18546   0.54994
 -0.012996  0.11973   0.19031   0.043568 -0.15776  -0.39655   1.1542
  0.3361   -0.36555  -0.016763  0.7875    0.39757  -0.33273  -0.28359
  0.56064   0.3944   -0.51749   0.43492  -0.099404  0.31264  -0.34769
  0.10805   0.396    -0.14213   0.4751    0.093688 -0.010362  0.64109
 -0.30453  -0.99085  -0.054914  0.13476  -0.44116  -0.39171   0.51393
 -0.34614   0.2362   -0.015602  0.039628  0.052089  0.050835 -0.15556
 -0.19511  -0.29794  -0.22883   0.51853  -0.16203   0.099805  0.016551
 -0.034897  0.93495  -0.037857  1.099    -0.46679   0.13793  -0.1873
 -0.27348  -0.25002 ]"
raya,"[-0.11147  -0.04938  -0.92148  -0.25458  -0.07569   0.38056  -0.096562
  0.542     0.027875 -0.23493   0.36336   0.64021  -0.2181    0.067287
 -0.49625  -0.98182  -0.034862 -1.074     0.31307   0.2894    0.003638
 -0.45011   0.13286   1.4811   -0.91083   0.30008   0.27098   0.9808
 -0.11708  -0.28422  -0.73573   0.148     0.73351   0.75997   0.25928
 -0.28506  -0.22204  -0.60264   0.60394  -1.1455    0.050999  0.40444
  0.27068   0.19333   0.099027 -0.031486  0.30177  -0.53088   0.64003
 -0.13406  -0.52003  -0.038339  0.878    -0.72198  -0.78886   0.28536
  0.33808   0.97678   0.038188 -0.20423  -0.56419   0.44782  -0.067296
 -0.34096  -0.74767   0.28053   0.17905  -0.36874  -0.26225  -0.1892
  0.21338  -0.73568   0.72549  -0.84364  -0.61352  -0.30092  -0.91352
 -0.095476 -0.56142  -0.050001  0.87882  -0.057837  0.17511   0.14373
  0.66329   0.75654  -1.486    -0.88505   0.089482 -0.30126   0.04668
 -0.64742   0.49855   0.14257  -0.20239  -0.38667   0.077183 -0.23752
  0.15138  -0.10959 ]"
mecklenburg,"[ 0.087795  -0.38149    1.121     -0.10765   -0.29377    0.50753
  0.59647    0.070655   0.026246  -0.086921  -1.1093     0.06952
 -0.44017    0.85002    0.29177   -0.19293    0.34518   -0.5219
 -0.89638   -0.41325   -0.062484   0.1494    -0.13754    0.64625
 -0.61166   -0.30975   -0.077661   0.018781  -0.44765   -0.12905
  0.19865   -0.27934    0.63343   -0.18972   -0.57085   -0.57704
  0.57723   -0.63957   -0.037378   0.11908   -0.58596   -0.4554
 -0.3608    -0.45277   -0.36209    0.032543   1.2576     0.36296
  1.1484     0.72415   -0.53131   -0.16316    0.094732  -1.116
 -1.0033     0.10952    0.69797   -0.1312    -0.23939   -0.46629
  0.34552   -0.19603   -0.15605    0.73161    0.16169    0.34377
  0.10657    0.95064   -0.487      0.42174   -0.17489   -0.56637
  0.33116   -0.4526     0.0071772  0.4932    -0.13132    0.38466
 -0.050953   0.10052    0.067522  -0.066106   0.34278    0.67253
  0.010238   0.35493   -0.087166  -1.1721     0.54855   -0.25612
 -0.048872  -0.42177    0.33634    0.45786    0.052195   0.671
 -0.43073   -0.15304    0.67922   -0.77765  ]"
32-bit,"[-0.25144   0.95932  -0.22505  -0.023328  0.61398   0.91894  -0.037373
 -0.42472   0.16814   0.6832   -0.11434   0.18374   0.67323  -0.71243
 -0.10477   0.10116   0.061792  1.6835    0.62662   0.56363  -0.30411
 -0.5145    0.13419   0.86181   0.28925   0.43742  -0.19281   0.52098
 -0.63212   0.95774   0.55687   0.65765  -0.28763   0.37686   0.35243
 -0.28805  -0.56763  -0.16125   0.61149  -0.41637   0.53905  -1.3337
  0.84555   0.79544  -0.67066  -0.23136   0.78845  -0.55745  -0.20644
  0.40096  -0.072696  0.31154   0.55211  -0.71445   0.57571   0.3321
  0.32296   0.2483    1.139     0.51007  -0.59216  -0.39296  -0.8306
  0.74971  -0.43574  -0.11051  -0.45531  -0.60318  -0.34204   0.27668
  0.26583   0.51251   0.35925  -0.47986   0.10571   0.50825  -0.67903
  0.28202   0.46514  -1.2057   -0.019178 -1.004    -0.95775   0.71049
 -0.55036   1.409     0.60358  -0.8144    0.40368  -0.077729  0.10586
  0.81556  -0.38333  -0.12751  -0.3931   -1.0546   -0.39142  -0.35908
  0.59981   0.19094 ]"
protestantism,"[ 0.32919    0.55106    0.018087   0.26482    0.12442    0.99943
  0.40341   -1.1638     0.49753    0.50586   -0.81021    0.34564
 -0.55399    0.78151    0.88367   -0.89471   -0.097583  -0.12247
 -0.52087    0.062098   0.63125   -0.114      0.16714    0.10942
 -0.0026793 -0.37768    0.56626   -0.61072    0.14516    0.072712
 -0.31488    0.57119   -0.26949   -0.51148    0.1393     0.20139
  0.31033   -0.019398  -0.91543    0.4127    -1.3125     0.37272
  0.41496    0.42515   -0.62843   -0.86731    1.3394     0.50947
  0.19605   -0.4987     0.20649    1.2167    -0.27863   -0.32633
 -0.15971   -0.25849   -0.062941  -0.24383   -0.15941   -0.067522
  0.26541   -0.26155    0.96943   -0.016073  -0.43315   -0.077557
 -0.5143    -0.66353    0.6542    -0.26542    0.10781   -0.19324
  0.6908    -0.015074  -0.053109  -0.83585   -0.35203   -0.35128
  0.10064    0.047921  -0.83493   -0.52465   -0.3061     1.0771
  0.24727   -0.4311    -0.27809   -0.57303   -0.49269    0.28998
  0.0037076 -0.74234    0.0015282  0.52062   -0.7465    -1.18
  0.0057741 -0.92484   -0.14354    0.26184  ]"
cooperates,"[-0.36928    0.87741   -0.028318  -0.12777    0.25922    0.25476
 -0.014657   0.53003    0.95016    0.080373   0.70341   -0.13374
  1.3436    -0.15198   -1.0124     0.72816    0.10558    0.17077
 -0.14571   -0.65729   -1.468     -0.12496    0.040825  -0.49732
  0.083359   0.37593   -0.58528   -0.90322   -0.42699    0.21695
 -0.27111    0.12515   -0.71366    0.19947    0.2884     0.2904
  0.98113   -1.3821    -0.81065    0.16985   -0.70253    0.42258
 -0.14479    0.64477    0.016518  -0.54518   -0.060178   0.13182
 -0.17382   -0.95385    0.17679   -0.29482    0.26962    0.039295
 -0.13113    0.41249    0.55257   -0.36027   -0.22309   -0.26533
  0.43523    0.043043  -0.023277  -0.19253   -0.19999    0.29729
 -0.70095    0.88011   -0.1365     1.3245     0.34979   -0.79728
  0.25991   -0.23409    0.98727   -0.58931    0.019392  -0.70436
  0.22469    0.040569   0.97637    0.15761   -0.52063    1.3267
  0.17721    0.10577   -0.19631    0.2942    -0.081502   0.011646
  0.0048103 -0.03532   -0.24052   -0.15832    0.26902    0.42487
  0.18805   -0.010836  -0.01938    0.36226  ]"
aw,"[-0.57024   -0.041355   1.0065    -0.82864   -0.70778    0.085416
  0.95734    0.20543   -0.46521    0.21708    0.53865   -0.56253
  0.079511  -0.81074    0.67089    0.16318   -0.044713  -0.41805
 -0.43194    0.056972   0.58458    0.36545    0.36714   -0.32372
  0.50316    0.45912    0.57836   -0.39695   -0.32379   -0.79069
 -0.40466    0.6213     0.20499    0.43535   -0.60981    0.7995
  1.0386     0.3266     0.44235   -0.18644   -0.17874    0.40513
  0.037808  -0.26403    0.31737    0.17622   -0.26149    0.15477
 -0.029157  -0.012131  -0.54003   -0.23016    0.30321    0.012986
 -0.56591    0.52575    1.1816     0.44296   -0.31071   -0.5928
  0.62277    0.19677   -1.1885     0.20201    0.0039369  0.66396
  0.32665   -0.68758   -0.07356    0.23594    0.2247    -0.13003
  0.099676  -1.1316    -0.13491   -0.34271   -0.22812   -0.23266
  0.055469   0.3665     0.069164  -0.61102   -0.040885   0.6354
 -0.75392    0.17296    0.44877   -0.36472   -0.27375    0.73555
 -0.026749   0.047274   1.2311    -0.32568    0.83097    0.2394
  0.38856   -0.50419   -1.1177     0.11386  ]"
mclennan,"[-0.12071   -0.53339    0.091121   0.37964   -0.030088   0.35964
  0.36444    0.22308   -0.86328   -0.70813   -0.20256   -0.066653
  0.14934   -0.28189   -0.18972    0.18477   -0.011802   0.13435
 -0.52458    0.50413   -0.50811    0.16243    0.31546    0.91536
  0.21679    0.46711   -0.22627    0.20823   -0.99314   -0.61196
  0.64597    0.034509   0.44069    0.02127   -0.46876   -0.4087
 -0.45259    0.16585    0.56399    0.060493   0.23149    0.71747
 -0.83224   -0.30454   -0.76244    0.66807   -0.56245    0.1126
  0.8659    -0.32268   -0.63675   -0.456     -0.30763   -0.61483
 -0.15519   -0.026031   0.019972  -0.65444    0.026747   0.3519
  0.39041   -1.1643    -0.0041947  1.1627     0.23423   -0.55631
  0.49379    0.17168    0.42352    0.098395  -0.90139    0.71189
 -0.96373   -0.015478   0.7273    -0.80544   -0.055808   0.20199
 -0.373      0.27349    0.27687    0.038747   0.34266    0.64934
 -0.14722    0.031055   0.071987  -0.28111    0.35954   -0.067458
 -0.32255   -0.6521    -0.41783   -0.45085   -0.30597    0.47973
  0.38508    0.91144   -0.4072     0.69179  ]"
teodoro,"[-0.51589   -0.56965   -0.25357   -0.69783    0.21781    0.69646
  0.091261   0.008122  -0.7198     0.15827   -0.17585    0.73434
 -0.088905  -0.75855   -0.19413   -0.19459   -0.063643   0.20829
 -0.030668   0.54847   -1.1509     0.019303   0.734     -0.069629
  0.085218  -0.10246   -0.20271    0.44428    0.3081     0.060701
  0.049003  -0.261      0.74194   -0.013892   0.52163    0.64092
  0.25584    0.59375    0.31273   -0.25392   -0.63142   -0.47102
  0.25022    0.067053  -0.037964   0.55285   -0.16283   -1.0901
 -0.38299    0.60915   -0.89528   -0.006098   0.5221     0.30575
  0.49487    0.55815    0.036399   0.66004   -0.28748    0.043987
 -0.27929   -0.33448    0.3928    -1.0441     0.11672   -0.31839
  0.4471    -0.026738   0.1834     0.605      0.30531    0.27903
  0.201     -1.0989    -0.74995   -0.71903   -0.5199     1.3407
 -0.99701    1.7263     0.51494   -0.70298   -1.1604     0.35919
  1.1623     0.08177    0.62952    0.66324    0.47524   -0.39447
  0.29095    0.3088     0.0031758  0.037826   0.25531    0.27109
 -0.87908   -1.0453    -1.2871    -0.40071  ]"
allentown,"[ 0.57836   0.090204  0.34358  -0.59059   0.23625  -0.099653 -0.1949
  0.49117  -0.14982   0.43451  -0.79008  -1.4688    0.19186   0.096001
  0.031349 -0.56959   0.76513  -0.28928  -0.66989  -0.43597  -0.020932
  0.013819 -0.40833   0.15653   0.061116 -0.52308  -0.028755  0.45367
 -0.049395 -0.031396 -0.20693  -0.17265  -0.15936   0.63588  -1.01
  0.020637  0.06546  -0.27012   0.40274   0.099739  0.65032   0.24459
 -0.24632  -0.24668  -0.57426  -0.15814   0.5571    0.34353   0.43127
 -0.015744 -0.38055   0.020024  0.79147  -1.0335   -0.62575  -0.14883
  0.14217  -0.62884  -0.34812  -0.34291   0.58735  -0.095357 -0.061368
  0.14624  -0.49009  -0.16342   1.0397   -0.26962  -0.25295   0.096207
 -0.43199  -0.54313  -0.32718  -0.17971   0.1984    0.28631   1.2151
 -0.08687  -0.42482  -0.7259   -0.33354   0.1986   -0.51618   0.32458
  0.29056   0.3055   -0.20499  -0.40034   0.47658   0.73172  -0.063893
  0.10633  -0.26581   0.59237  -0.66523  -0.21622   0.78362   0.61919
  0.44816   0.2893  ]"
göttingen,"[ 0.70803  -0.12095  -0.31673   0.30295   0.43727  -0.094619 -0.3427
  0.16129  -0.19981   0.33486   0.38986  -0.36102  -0.20605   0.92758
  0.24531  -0.37299   0.61536  -0.84321  -0.023559 -0.78142  -0.28404
  0.65334   0.010786  0.16046  -0.36977  -0.90943   0.63862  -0.32353
  0.4481   -0.14727  -1.4116   -0.3034   -0.048708 -0.5177   -1.408
  0.69668   0.051938 -0.60277  -0.71171   0.15812  -0.42621   0.084909
 -0.47176  -0.17214  -0.65247  -0.31664   1.3281    0.21577   0.16249
  0.95664  -0.12734  -0.56834   0.39033   0.17588  -0.91159   0.044371
  0.25798  -0.76107  -1.032    -0.010968  0.73485   0.54956  -0.93106
  0.55824   0.032611  0.11174  -0.75141   0.28385   0.59866   0.2774
 -0.31924  -0.40232   0.86828   0.092152 -0.89504  -0.11353   0.4895
 -0.67901   0.50245  -0.20233  -0.10572   0.46868  -0.9865   -0.28156
 -0.29107   0.34585   0.55122  -0.5134   -0.36231   0.1345    0.24781
 -0.80172   0.72279   1.2405    0.39647   0.1953    0.62848   0.082834
 -0.11728  -0.32654 ]"
affidavits,"[ 0.53849   -0.31644   -0.22231   -0.33477    0.58211    1.0907
 -0.21176    0.028285  -0.4487     0.14196    0.67908   -0.012387
 -0.27334   -0.16339    0.22388   -0.18765    1.0175     0.34691
  0.21816    0.011949  -0.12448   -0.69037   -0.15489    0.74125
 -0.32512   -0.94328    0.73502    0.17563   -0.62408   -0.49109
  0.99799   -0.712     -0.12141    0.28919   -0.11577   -0.27609
  0.081263  -0.62819    0.26068   -0.031206  -0.28621    0.55362
  0.28738   -0.4193    -0.25701   -0.66778   -0.59342   -0.31929
 -0.018214  -0.5916     0.53649    0.0063492  0.60494    0.14318
  0.40016    1.2528     0.17122   -1.2637     0.11839    0.38519
 -0.75049    0.70719   -0.10575    0.15528    0.070498  -0.24686
  0.61625    0.72494   -0.39859   -0.50906   -0.0073955  0.61235
 -0.081456  -1.3488     0.3756     1.1475    -0.13612   -0.08158
 -1.175     -0.62665    0.72702   -0.11944   -0.11213   -0.37489
 -0.11871   -0.36567    0.73981    0.35401   -0.54297    0.15938
 -0.19482   -0.74136   -0.64031   -0.050396   0.77335    0.38958
 -0.34234    0.071749  -0.59247    0.40171  ]"
shit,"[-0.37574   -0.10383    0.52039   -1.1504    -0.55426   -0.017097
 -0.21759   -0.64172    0.49247    0.14471    0.56871    0.27526
  0.6568    -0.094775  -0.050067   0.48207   -0.56989    0.51531
  0.30024    0.64186    0.93506    0.77713   -0.59465   -0.69196
 -0.20684    0.75437   -0.77203    0.40892    0.4452    -0.056593
 -0.31997   -0.46734    0.69741    0.31802   -0.72044    0.34231
 -1.1161     0.24753    0.049667  -0.87491    0.55635    0.23405
 -0.61198   -0.47953   -1.0386    -0.56809   -0.24548   -0.033099
  0.60501    0.30201   -0.88587    0.096716   0.54245    0.36945
 -1.523      0.045649   0.51114    0.64111   -0.28734   -0.13575
  0.66615    0.36746   -0.64976   -0.26978    0.44283    1.1016
  0.56055   -0.39111   -0.67591   -0.6114    -0.20713    0.30708
  0.19623    0.51275   -0.033476   0.55123   -0.15772   -0.66392
 -0.11983    0.23749    0.095966  -0.24355   -0.1384     0.19362
 -0.69016    0.46218   -0.15934   -0.43543    0.51522    0.17739
 -0.42285   -0.60007   -0.64399   -0.0083785  0.3224    -0.52101
 -0.16218   -0.30997    0.18528    0.064939 ]"
spec,"[-0.13625    0.9488     0.49592    0.011872  -0.75528   -0.55904
 -0.3465     0.12145   -0.52275    1.0191     0.81119   -0.30209
 -0.80294    0.1521    -0.40469    0.58293    0.45513    0.10411
  0.53957    0.68941    0.64962   -0.001387   0.25578    0.60044
  0.40797   -0.33574    0.14193    0.0069893 -0.41623    0.16794
  0.60141   -0.077695  -0.33075   -0.078843   0.87693    0.46929
 -0.076024  -0.41182    0.41576   -0.48846    0.28683    0.20125
 -0.0020555  0.22909   -0.11039   -0.20203   -0.56771   -0.25283
  0.17422   -0.17346   -0.62283    0.51911   -0.17383    0.093932
 -0.014432   0.062552  -0.35391    0.32737    0.12389   -0.19102
  0.1572     0.37914   -0.061594   0.20308    0.68778    0.15345
  0.24322    0.8807    -0.41135    0.35537   -0.044355  -0.22807
 -0.1468    -0.36155   -0.31301    0.57328    0.49678    0.78863
 -0.32524   -0.74493   -0.49905   -0.098235  -0.2813    -0.82746
  0.96811    0.84941   -0.0021499 -0.99111   -0.91679   -0.021948
 -0.0049364  0.22359   -0.1445     0.46401    0.65224   -0.0047285
  0.34469    0.16689   -0.18229    0.081485 ]"
xavi,"[ 4.8015e-01 -2.9731e-01 -3.0890e-01 -1.2391e+00  4.0796e-01  2.6861e-01
 -8.0759e-01 -7.1011e-02 -4.4656e-01 -8.5894e-01  1.0533e+00  5.3386e-01
 -6.0104e-01 -8.9992e-01  6.8027e-01  3.0991e-01 -1.8730e-01 -1.2632e-01
  4.3822e-01  4.9051e-01 -5.9362e-01  6.5362e-01  2.0718e-01  5.2431e-01
  1.0169e-01  2.5513e-01 -4.0802e-01 -1.9447e-01  5.0099e-01 -2.8305e-01
 -8.6402e-01 -2.0562e-01 -3.0663e-01  1.3110e-01  1.2886e+00  1.5692e-01
 -8.2601e-01  9.3161e-01 -5.5539e-01 -8.5235e-01  4.5104e-01  8.4928e-02
  6.5044e-01  2.5101e-01  2.7093e-02  5.0203e-01  3.7633e-02  4.3457e-01
 -4.0340e-01  5.8700e-01  4.7601e-01  9.8879e-01 -2.9285e-01  4.1844e-01
 -2.8140e-01 -6.7308e-01 -8.5790e-01  5.4477e-01 -1.1964e+00  6.1339e-01
  1.6096e-01  2.5858e-01  5.5212e-01  3.1494e-01 -5.4054e-01  4.8939e-01
  6.8336e-02 -1.1924e+00 -3.1820e-01 -1.0267e+00  2.3861e-01  3.8193e-01
  7.0693e-01 -1.6394e+00 -2.6897e-01 -3.8408e-01  1.1868e-01 -1.8184e-01
 -2.5609e-02 -1.6209e-01  9.0474e-01 -2.2127e-02 -7.0100e-01 -1.6252e-03
  2.4801e-01  5.3882e-01  1.1301e+00  6.4143e-01  1.0465e-01 -1.0500e+00
 -7.3178e-01  2.0498e-01 -1.2804e+00  4.9393e-02 -3.2526e-01  8.7520e-01
  2.2467e-01  4.6928e-02 -4.0163e-01 -3.7790e-01]"
kasuri,"[-1.0902    -0.70223    0.41849    0.93493   -0.39098   -0.67048
 -0.47506    0.9523    -0.26608    0.705     -0.64919    0.23453
  0.23749    0.39197    0.54612    0.05706   -0.70314   -0.57556
 -0.44212   -0.70139   -0.47054   -0.58292    0.23706   -0.72319
  0.11457    0.91673    0.85302    0.86622    0.66973    0.076906
 -0.069743   0.16722   -0.22687   -0.12063   -0.038757   0.26931
  0.090817   0.54132   -0.21175    0.86898   -0.16646    0.53151
  0.47205    0.044795   0.25113   -1.2153    -0.0050891  0.42488
  0.27076    0.018227  -0.046533   0.053995   1.343     -0.2304
 -0.25983    0.19215   -0.64601   -0.074522  -0.93757    0.38829
 -0.74631   -0.2045     0.063949  -0.94952   -0.71756    0.51943
  0.88866    1.1551     0.53435   -0.80488   -0.17452   -1.0081
  0.90367   -0.69866    0.31677    0.418     -1.0675     0.73212
 -0.091535  -0.12997    0.5392    -0.57434    0.5134    -0.6199
  0.31169   -0.084834  -0.57616   -0.12048   -0.97839   -0.49202
 -0.38343    0.66502   -0.5202     0.10586    0.15538    0.43241
  0.4791     0.11559   -0.50044    1.1875   ]"
silvery,"[-3.0655e-01  3.7561e-01  1.4856e-01 -2.9326e-01  1.3013e-01  6.0906e-02
 -2.7616e-01  4.4734e-01 -8.7061e-02  3.6450e-01 -5.8361e-01  1.7350e-01
  4.8388e-01  3.5109e-01  4.3049e-01 -1.5511e-01  5.1683e-01 -1.6903e-01
  1.4859e+00 -3.8048e-01 -1.2630e-01  4.0400e-02  1.0090e-01 -3.4337e-02
  1.0587e+00  6.3466e-01  1.7654e-01  3.0630e-05 -4.9744e-01 -2.9956e-01
  3.0875e-01 -7.7832e-01 -7.1383e-02 -3.7642e-01  1.4504e-01  2.4576e-01
  3.5805e-01  1.2681e-01  5.1910e-01  3.9287e-01  2.7178e-01 -9.9761e-01
 -5.0807e-01  4.5805e-01 -2.6695e-01  4.4264e-01  3.6091e-01  4.3140e-01
  7.1099e-02  6.5954e-01  2.3659e-01 -4.0482e-02  9.3208e-02  5.5677e-01
 -2.7116e-01 -2.2263e-01  2.7762e-01  7.0001e-01  7.4946e-02 -4.0340e-01
 -5.7185e-02  6.3924e-01 -1.2058e-01  3.4062e-01 -3.0928e-01 -2.2234e-01
  9.2668e-01  1.9708e-02 -2.4211e-01 -5.2462e-01  5.0816e-01 -1.8728e-01
  2.1888e-01  3.5002e-01 -4.2558e-02  8.5758e-03 -3.1709e-01 -4.1969e-01
  1.1184e+00 -4.3035e-02 -9.8199e-02 -1.5893e-01  1.8445e-01  9.1930e-02
  1.0523e-01 -5.9168e-01  8.4448e-01  6.0021e-01  5.0475e-01  7.4760e-01
 -2.3087e-01 -3.0680e-01 -4.0066e-01  6.6706e-02  9.7844e-02 -3.0017e-01
 -1.5097e+00 -3.7099e-01 -3.0156e-01  4.7652e-02]"
greenway,"[-0.020053   0.34838   -0.33476   -0.35956    0.77001    0.015339
 -0.17716    0.35604    0.30073   -0.94593   -0.12072    0.59991
 -1.3883    -0.33432   -0.47649   -0.55939    0.48867   -0.18731
  0.030834  -0.24566   -0.037751  -0.038986  -0.39985   -0.096735
  0.24667    0.25056   -0.49941    0.06681   -0.72668    0.10415
  0.31162    0.50082    0.62078    0.10971    0.22082    0.8396
  0.61645    0.18036    0.32796    0.72668   -0.26791    0.71148
 -0.13216    0.38005    0.38307    0.65026    0.49031   -0.52699
  0.91345    0.85447   -0.21978   -0.16157    0.52143    0.23373
  0.45364   -0.5261     0.54133   -0.037442   0.016399   0.20506
 -0.37763    0.15839    0.81043   -0.11574   -0.1686     0.26115
 -0.35544   -0.24265    0.34395    0.27712   -0.2707    -0.11099
  0.17016   -0.88749    0.38058   -1.4999     0.29226    0.35044
 -0.40862   -0.84241   -0.55855    0.96085    0.1513    -0.18834
  1.0584     0.39158    0.14629   -0.50896    0.29787    0.11524
 -0.19357   -0.55751   -0.7705    -0.15976   -0.0030996  0.15732
  0.28223   -0.56045    0.18329    0.65039  ]"
stepdaughter,"[ 0.58473    0.27325    0.25553   -0.33062    0.27427    0.75557
 -0.050639   0.34412    0.1621     1.0105    -0.18527    0.73643
 -0.37341    0.42643    0.2094    -0.31163   -0.42213   -0.32424
 -0.35502    0.60465   -0.4318     0.095676   0.2688     1.2795
  0.66289    0.43128   -0.47302   -0.95764   -0.24144    0.51836
  0.52038    0.09911    0.58005   -0.093556  -0.44158   -0.12834
  0.20352   -0.52826    0.86423    0.25673    0.11977    0.40763
  0.52759   -0.46474   -0.092511   0.23854   -0.40427   -0.22621
  0.50798    0.32455   -0.052159  -0.34123    0.095038   0.38297
  0.31049    0.064561  -0.058856  -0.14497   -1.0135     0.054911
 -0.14187    0.13685    0.30597   -0.035832  -0.20237   -0.27414
  0.61702    0.32619    0.047355  -0.17473   -0.18689    0.35148
  0.27226    0.032444  -0.057026   0.28327    0.079963  -0.5054
 -0.56508   -0.42476   -0.11237    0.23049    0.97051    0.068786
 -0.28046   -0.42521    0.45126    0.0013558 -0.28319   -0.38472
  0.056304   0.043652   0.75507    0.051701  -0.35758   -0.27639
  0.0029203 -0.44351   -0.60832   -0.1649   ]"
loner,"[ 0.061072   0.35378    0.80936    0.0065739 -0.836      0.80945
  0.13521   -0.65783    0.55907    0.32511   -0.78606    0.03874
  0.30999   -0.66782    0.21891    0.59349    0.14252    0.14926
  0.025468   0.64525    0.31204    0.48209   -0.17777   -0.35864
  0.42094   -0.14195   -0.79236    0.092353  -0.60954    0.46753
 -0.15677    0.11877   -0.12732    0.033944   0.1026    -0.0013601
 -0.052399  -0.25722    0.80378    0.05037   -0.14992    0.36263
  0.59297   -0.061353  -0.29811   -0.26805    0.42423    0.83847
  0.43687    0.25677   -0.2362    -0.51845    0.31127    0.5482
 -0.13431   -0.019976   0.35875   -0.086761  -0.38378    0.33469
  0.73636    0.32297   -0.64423    0.02543    0.31162   -0.042097
  1.1616    -0.058203   0.035104   0.56756   -0.29024   -0.4981
 -0.21147    0.21335   -0.62982    0.09624    0.64527   -0.59965
  0.38984   -0.87356    0.342      0.40647    0.31359   -0.15396
 -0.35681    0.14673   -0.030644   0.023842  -0.5392    -0.87822
 -0.3163    -0.0036503  0.29112    0.30071    0.3283     0.35068
 -0.41394   -0.32061   -0.74063   -0.20325  ]"
gaffe,"[-0.49903  -0.24352   0.57613  -0.14214  -0.8334    0.14957   1.1031
 -0.33542   0.78107   0.32671   0.40573   0.33434  -0.72025   0.14595
  0.089453  0.010331  0.036805 -0.48621   0.51579  -0.57483   0.1551
  0.22014  -0.51443   0.21991   0.37943  -0.11846  -0.80867   1.2521
 -0.1982   -0.65395   0.25372   0.28818   0.5853   -0.13033  -0.41062
  0.14726  -1.0061   -0.33883  -0.66215  -0.12876   0.24189   0.54486
  0.18006  -0.24456  -0.15809   0.098425  1.0662   -0.15822  -0.28291
 -0.33651  -0.13057   0.14158  -0.14071   0.41435  -0.2718   -0.27966
  0.28843   0.24463  -0.22808   0.014621 -0.31342  -0.22013   0.57917
  0.19379   0.21039  -0.25756   0.24284  -0.38219   0.011361 -0.25289
 -0.4346   -0.23199  -0.16869   0.11577  -0.27148   0.14466   0.12923
  0.39408   0.061469  0.76492   0.38565  -0.28794   0.8582   -0.34819
 -0.41249  -0.24862  -0.3117    0.50509  -0.21826  -1.3294    0.19838
  0.14909  -0.085354  0.11842   0.80047  -0.06781  -0.018485 -0.38743
 -0.17887   0.075238]"
hoffenheim,"[ 0.084372  0.2893   -0.20942  -0.059266 -0.37065  -0.56696   0.40789
 -0.56566  -0.35651  -0.32869   0.95779  -0.49497   0.11404   0.71006
  0.44786   1.2523    0.098978 -0.29126  -0.18152  -0.16209   0.33388
  0.066827  0.03319   0.15666   0.15606  -0.85774  -0.014144  0.085416
 -0.4638   -0.4223   -1.3981    0.39193  -0.48318   0.21028  -0.95032
  0.69008  -0.13145   0.42363  -1.1291    0.15472   0.84231  -0.60951
  0.75797   0.4177    0.097117  0.42988   0.83782   0.93311   0.43342
  1.0257    0.16861  -0.5169   -0.99499   0.87245  -0.14329   0.65967
 -0.27328  -0.38269  -1.0827    0.025733  0.085982  0.037155 -0.77025
 -0.48662   0.28875   0.54428  -0.32512   0.54765  -0.010893 -0.56742
 -1.0287   -0.49155   0.48913  -1.244    -1.042     0.30367   0.20741
 -0.4776    0.15489   0.043812 -0.61115  -0.75389  -1.6155    0.16515
  0.16338  -0.75844  -0.11497   0.46556  -0.027383 -0.40647   0.43333
 -0.24026   0.26614   0.76007  -0.21602  -1.4605    0.86703  -0.10766
  0.50139  -0.4321  ]"
sideshow,"[ 0.16624   0.3703    0.56921  -0.69894  -0.08166   0.48898   0.44983
  0.31963   0.77737  -0.56419  -0.47992   0.20202   0.22562  -1.1655
  0.2891    0.026736  0.11679   0.59353   0.7737    0.24641   1.3164
 -0.34763   0.27943  -0.7583    0.59615  -0.32456  -0.49243   0.819
 -0.45622  -0.59205  -0.25484  -0.72096  -0.14594   0.18568  -0.57629
  0.49647  -0.41533  -0.089919 -0.35381  -0.54515   0.075977  0.53489
  0.16654  -0.21109   0.032868  0.34194  -0.18364   0.10702  -0.14493
 -0.42717  -0.45961  -0.1999   -0.049948 -0.215     0.16763  -0.36024
 -0.12402  -0.19263  -0.42986   0.34058  -0.51558   0.023983 -0.22261
  0.065546  0.30192  -0.16195   0.78475  -0.032762  0.55171   0.17202
 -0.33238  -0.96006  -0.3186    0.58987  -0.33349  -0.71998   0.71037
 -0.015424  0.68888  -0.061641 -0.83281  -0.12519   1.0861    0.33129
 -0.57606   0.64735  -0.66962   0.34483  -0.087913 -1.0282    0.59198
  0.1473    0.016617 -0.046168  0.72987  -0.41147   0.014988 -0.15122
  0.55749   0.25173 ]"
piotr,"[-0.60697  -0.25207   0.03827  -0.57563   0.14799  -0.63614  -0.41358
 -0.68776  -0.36888   1.1923    0.35507   0.028232  0.006316  0.561
  0.51733   0.26246  -0.49231   0.17654  -0.62521   0.065261 -1.3956
  0.28719  -0.022505  0.51462   0.068136 -0.31532   0.036727  0.70201
  1.0565    0.17669  -0.76056  -0.33293  -0.13535   0.29178  -0.093972
 -0.65092   0.35224   0.54708   0.25587  -0.3435    0.55975   0.29071
  0.14449   0.38098  -0.44266  -0.64581   0.6559   -0.31795   0.19384
  1.3529    0.53526  -0.94839  -0.63598   0.21379  -0.81447   0.17339
 -0.45272   0.60612  -0.69977   0.17921   0.6372    0.7074   -0.44201
  0.35381   0.57346  -0.18628  -0.081822  0.27352   0.52328   0.087416
  0.17648   0.050102  0.44269  -0.4455    0.031188  0.32193  -0.18109
 -0.10521   0.092022  0.64133   0.29277  -0.40902  -0.22583   0.087063
  0.65132  -0.8366    0.36808   0.63787   0.12835  -0.24153   0.16537
 -0.068669  0.354    -0.19169   0.31701  -0.44466   0.74309  -0.041838
 -0.52386  -1.2624  ]"
ravages,"[-2.9676e-01  4.8883e-01  6.8505e-01  4.0393e-01 -7.9000e-01  2.5405e-01
 -6.4606e-01 -8.8911e-02  9.3670e-02  1.8095e-01  3.0682e-01  9.9174e-02
 -1.0422e-01 -4.3230e-01  2.7260e-01  7.6040e-02  1.4620e-01 -5.4043e-01
 -7.1483e-02 -2.1292e-01 -1.4351e-01 -4.3822e-01  7.0766e-02  3.5327e-01
  6.2665e-01  3.1061e-01 -5.2977e-01 -1.6287e-01 -4.3352e-01 -4.7443e-01
  5.1110e-01 -8.8964e-01  2.1710e-01  5.0252e-01 -6.9858e-01 -5.7188e-01
 -1.9376e-01 -4.1730e-01  8.9033e-02  1.9998e-01 -6.9292e-01  4.6965e-01
 -4.3007e-01  4.3132e-01  4.7374e-01  1.0499e+00  8.3718e-01 -1.1230e-01
  1.4214e-01 -5.2768e-01 -1.6707e-02  1.2704e-01 -6.4717e-01  3.2600e-01
  7.3359e-01  6.6619e-02  9.9133e-02 -3.5850e-01 -6.3281e-01  3.4621e-03
  1.6256e-01  1.0805e+00 -3.7108e-01 -3.4602e-01  4.9734e-02  3.9823e-01
 -3.4215e-01 -8.9590e-01  1.2524e-01 -7.7670e-01  6.7017e-02 -8.1384e-04
 -1.9171e-01  4.6365e-01  4.2569e-01 -8.9254e-01 -3.8056e-01 -2.8225e-01
 -6.2934e-01  4.6174e-01  4.6889e-01  2.9238e-01 -4.8349e-01  1.2427e+00
 -3.3733e-01  2.4796e-01 -6.2862e-01 -1.3138e-01 -6.1069e-01 -4.2678e-01
  4.4615e-01  3.1104e-01  7.1162e-01  3.6013e-01  1.7126e-01 -4.3870e-01
  2.1045e-01 -1.1368e-01  6.8477e-02 -4.4147e-01]"
syriac,"[ 0.26819    0.96881    0.0098398  0.20013    0.0025741  0.9441
  0.43867   -1.4447     0.62451    0.5566    -0.6293     0.15965
  0.41527    1.1147    -0.69309   -0.47939   -0.17809   -0.69837
 -0.15968    0.37144   -0.9094    -0.022781   0.24602    0.44441
 -0.29993   -1.2054    -0.10743    0.11587    0.092638   1.1118
  0.11441   -0.53519   -0.85894   -0.27122   -0.046239  -0.23866
  0.53085    0.48148    0.66057   -0.0068128 -0.60613    0.52382
 -0.014991   0.16297   -0.029122  -0.8654     0.62538   -0.6593
  0.097892   0.87546    0.051863   1.1698     0.61995   -0.9292
 -0.75109   -0.41561   -0.81166   -0.018855  -0.1539    -0.54697
  0.32191    0.36841    0.27575   -0.40225   -0.16201   -0.54299
 -0.10394   -0.32216   -0.44567   -0.60579   -0.32186    0.54632
  0.85188   -0.25748    0.2783    -0.26397   -0.66678    0.76539
 -0.35542   -1.1153    -0.50071   -0.45668   -0.2867     0.57
  0.082086   0.61427   -0.12756   -0.84565    0.40606    0.44949
 -0.20754    0.32279   -0.72758    0.13616   -0.70669   -0.78936
  0.20116   -0.48977    0.30589    0.97889  ]"
blindly,"[-1.2627e-01  3.5884e-01 -2.1243e-01 -6.1274e-02  2.1677e-01  9.3197e-01
 -6.6472e-01  7.9103e-02  7.4492e-01 -1.6244e-01  3.6809e-01  4.7798e-01
  7.6888e-01  6.5199e-02  2.7869e-01 -2.8465e-01 -2.6570e-02  8.1364e-01
 -2.7724e-01 -2.6687e-02  5.3305e-01  2.6492e-01 -2.6092e-01 -2.0052e-01
 -9.9638e-02  4.6952e-01 -4.7154e-01  2.7729e-01  5.8923e-01  4.8053e-03
  1.5252e-01  3.5406e-01 -3.5451e-01 -3.3780e-02 -4.5164e-02  1.6052e-01
 -5.3347e-01 -1.2031e+00 -1.2659e-01 -1.2487e-01 -5.5498e-01  9.4879e-01
 -2.4594e-01  3.8833e-01 -5.2262e-01 -7.2062e-01  2.6246e-01  4.3285e-01
 -2.7295e-01 -1.1372e+00  2.0793e-01  1.7361e-01 -1.4497e-01  1.9590e-01
 -3.8943e-01  3.7755e-01  4.4565e-01  1.5694e-01  2.4194e-01 -6.2982e-01
  3.1485e-01 -4.4486e-01  1.7445e-01  1.6337e-01 -5.8633e-01  3.3841e-01
  7.4396e-02  5.3637e-01 -3.5396e-01 -1.2591e-01 -4.6667e-01 -3.5150e-01
  5.8085e-02 -7.2067e-01 -8.2993e-01 -3.6641e-01 -6.4217e-01  6.7546e-02
  2.2189e-01 -5.5312e-01  1.7074e-01  6.5596e-01 -1.2204e+00  2.4487e-01
  1.3386e-01 -1.8277e-01  2.8115e-02 -2.7865e-01 -6.0171e-01 -2.3739e-01
 -7.1397e-01 -3.0545e-02 -5.9509e-01 -7.9884e-02  9.5544e-04 -1.7438e-01
 -3.8519e-01  1.0677e-02 -4.1453e-01  9.5453e-01]"
incubator,"[ 0.4827     0.57827   -0.48668    0.09644    0.10003   -0.21271
  0.17294   -0.25834    0.48531    0.29373    0.27909   -0.17637
 -0.25934   -0.083571   0.0052094 -0.040657   0.56523    0.64956
  0.053237  -0.45439   -1.3179     0.24292   -0.051138   0.01383
  0.13859    0.76655    0.66511    0.58612   -1.3194     0.23166
 -0.14474    0.68254    0.34079    0.50738   -0.18205   -0.25205
 -0.36281    0.0034946  0.28597   -0.73954    0.59725    0.5935
 -0.83134   -0.34315    0.43667   -0.52048    0.43957    1.0016
 -0.20466    0.83566   -1.1676    -0.21976    0.15371    0.25639
 -0.61996   -0.69481   -0.13682   -0.41962    0.31647    0.055859
 -0.20795   -0.069342   0.43013    0.3385    -0.106      0.020754
  0.56263   -0.89926    0.43306   -0.040382   0.51529   -0.49243
 -0.75053   -0.24163   -0.96044    0.087751   0.037999  -0.57188
  0.025392  -0.41401    0.024935   0.61191   -0.21997    0.51479
 -0.20265    0.31742    1.0652     0.16095   -0.49229   -0.68888
  0.30754    0.55702    0.46388   -0.35327    0.27573   -0.074352
  0.27067    0.12919    0.33585    0.41759  ]"
suffocating,"[ 0.033176  -0.42864    0.79924   -0.15067   -0.55307    1.1146
 -0.70607    0.053526  -0.081505   0.39641   -0.079592   0.12124
 -0.44774    0.33181    0.054263  -0.39181   -0.28483   -0.035973
  0.094986  -0.35063   -0.46863    0.28295    0.056119   0.074023
  0.37109    0.35421   -0.46026   -0.19743   -0.077489  -0.21998
  0.13244   -0.21694   -0.19624   -0.11528   -1.0524    -0.41199
  0.30391   -0.26447    0.23182    0.20464   -0.24522    0.0035419
  0.033623   0.46019    0.74729    0.053333   0.51972    0.75079
 -0.071471  -0.086915  -0.30929    0.10683   -0.29524    0.57121
  0.15784   -0.096389   0.79618   -0.37767    0.18199    0.12225
  0.15655    0.17811   -0.48567    0.078877  -0.12063    0.1986
  0.69648   -0.18152   -0.34267   -0.44084    0.32527   -0.85437
  0.61719    0.77824   -0.57107    0.48322   -0.070304  -0.60963
  0.31447    0.19259    0.66783    0.32609   -0.40341    0.95668
 -0.018108   0.08548    0.20585    0.33472   -0.87019   -0.0768
  0.54945    0.32839    0.29075   -0.15559    0.43986   -0.16811
 -0.14514   -0.18535   -0.25183    0.049031 ]"
mercurial,"[ 0.38121  -0.21778   1.0241   -0.53995  -0.46039   0.24706   0.067649
 -0.45494  -0.59646   0.25977  -0.15727  -0.014388  0.30867  -0.86115
  0.072705  0.14795  -0.073148 -0.62475   0.52267   0.14778  -0.10866
 -0.057163  0.24202   0.26067   0.3972   -0.13613  -0.29273   0.10058
 -0.035029  0.22734  -0.2548    0.14768  -0.33239  -0.65213  -0.5634
  0.11449  -0.077828  0.063543 -0.4016   -0.1975    0.22265   0.17274
  0.58793   0.19555   0.019126  0.56017   0.4098    0.32091   0.57692
  0.24869   0.030104 -0.055634  0.1051    0.28425   0.28462   0.31575
 -0.02805   0.50333  -0.263    -0.3242    0.23582   0.1368   -0.23657
 -0.10307   0.42948   0.24157   0.78243  -0.19581  -0.04685  -0.26545
  0.16666  -0.39534   0.078073 -0.1373   -0.098897 -0.81705   0.02052
 -0.3168    0.72329   0.048019  0.57179  -0.015745  0.037371 -0.094568
 -0.30527  -0.17333   0.53201   0.53045  -0.22055  -0.9652   -0.022241
  0.42091  -0.18583   0.29436  -0.13114  -0.17763  -0.49446  -0.57234
 -0.77635   0.60849 ]"
"225,000","[ 0.48609   0.72995  -0.014405  0.036104  0.14353  -0.25794   0.55172
  0.62349   0.2963    0.34451   0.53326  -0.020062 -0.092546 -0.58058
  0.354    -0.4252   -0.11111  -0.1918    0.56544   0.35122   0.77209
 -0.48549   0.059592  0.47009   0.5542   -1.0208   -0.10462  -0.26746
  0.24973  -0.84453   0.37329  -0.2256    0.065947 -0.16795  -0.26144
  0.064264 -0.3481    0.51053  -0.3062    0.36314  -0.035612  0.023138
  0.084454 -0.12694   0.045035 -0.026538  0.092797 -0.78781  -0.39885
  0.055311  0.19446  -0.70714   0.44068  -0.14404  -0.6772    0.45617
  0.37089  -0.78191   0.023981 -0.31638   0.80363   0.69722   0.1717
  0.11429  -0.14843  -0.49483  -0.013099  0.17686   0.4627   -0.53784
  0.58012   0.12211  -0.41973  -0.16268   0.23403   0.39375   0.39563
  0.4918    0.049729  0.21178   0.83238  -0.12536  -0.22304   0.3242
  0.60345   0.1344    0.57475   0.040109 -0.16859  -0.50649  -0.050002
  0.31964   0.31617  -1.0929   -0.19531  -0.19575   0.52701   0.54767
  0.72504   0.25175 ]"
sabathia,"[ 4.5475e-01  6.2770e-02  9.6270e-01 -4.6307e-01 -1.0619e+00 -6.1893e-01
  1.1394e+00  5.7146e-01 -9.4563e-01 -3.5273e-01 -1.5268e-01 -2.3466e-02
 -3.5694e-02  5.4048e-02  2.4888e-01  1.0362e-01 -1.4478e-01  3.0339e-01
  1.7775e-01  6.9101e-02  7.2707e-01 -1.2532e-01 -5.7705e-01  4.6100e-01
  1.5554e+00 -1.4239e-02 -4.5249e-01 -8.0632e-01 -3.7997e-01 -4.6137e-01
  9.3974e-02  8.5047e-01 -6.9400e-01  1.1192e-01 -5.0608e-01 -2.1998e-01
 -3.2893e-01 -5.2999e-01 -3.2064e-01  6.3395e-02  2.6753e-01 -4.0853e-01
 -3.6099e-01 -2.8329e-01  1.2414e-02 -3.7238e-01  4.2521e-01 -7.6131e-01
  3.5141e-02  6.4261e-01 -7.7390e-01  6.0439e-01  2.1731e-01 -7.4202e-01
 -4.7950e-01  8.7751e-01 -1.4677e-01 -3.1515e-01 -9.6930e-01  4.0183e-01
 -9.1559e-01  1.1730e-02 -4.7225e-01  4.6973e-01 -3.1933e-01 -2.2748e-01
  3.7229e-01 -2.2976e-01 -6.1249e-01  8.5932e-02 -9.7299e-01 -4.6668e-02
 -1.9288e+00 -7.3502e-01  6.4296e-01  5.8323e-01 -8.2529e-01 -3.7846e-02
  1.7886e-01 -1.7300e-01  2.1195e-01  1.0480e-01 -1.4069e+00  3.8061e-01
  5.2260e-01  5.7502e-01  4.1425e-01  6.1495e-02 -6.5246e-01 -5.4611e-01
 -2.0839e-01 -1.4735e+00 -2.1696e-02 -9.4344e-01  2.3910e-02  8.7621e-04
 -3.4113e-02 -3.7093e-01  6.2619e-01  1.3385e-01]"
selector,"[-0.76884   -0.47688    0.47737   -1.0065    -0.20782   -0.32105
  0.11723    0.23841    0.30807    0.18731   -0.79467   -0.23925
 -0.11181    0.029146  -0.34824   -0.83599    0.69991   -0.40607
 -0.5065    -0.2876    -0.072599   0.41956   -0.077148  -0.46288
  0.60581   -0.054685   0.2669     0.93016   -0.61069   -0.010985
 -0.23275    0.62185   -1.025      0.1852    -0.061283   0.031366
 -1.2269     0.20986   -0.34443   -0.67368    0.0068965  0.22396
  0.81876   -0.67262   -0.4167     1.1666    -0.59185    0.35009
 -1.0508    -0.65677   -0.5014     0.78601   -0.76705    0.51504
 -0.087802   0.088306  -1.1709     0.15349   -0.13234    0.22263
  0.079303  -0.73073    0.68497    0.47103    0.63892   -0.22209
  0.071876  -0.34621    1.0852     1.0559     0.27448   -0.049192
  0.49024   -0.053904   0.2899    -0.028682   0.13081    0.069113
  0.27179   -1.1414    -0.048446  -1.4288     0.068179  -0.87599
  0.2445     0.101     -0.36869   -0.37327   -0.24385    0.19334
 -0.49572    1.3877    -1.1094     0.67515    0.63027    0.19566
  0.69966   -0.30426   -0.088866   0.0645   ]"
1718,"[ 0.52465   -1.0011     0.25219    0.33765   -0.56322    0.41112
  0.31305   -0.28162    0.57424   -0.13558    0.52962   -0.24516
 -0.0072641  0.021422   0.44775    0.11492   -0.21679   -0.064538
 -1.234     -0.95573   -0.52513   -0.41249    0.91288    0.040592
 -0.068453   0.06619   -1.103     -0.028224  -0.14127    0.13844
 -0.32305   -0.29136    0.29631   -0.47218   -0.93145   -0.0086943
  0.10057   -0.40477   -0.2003    -0.13159   -0.10739    0.11216
  0.53987   -0.081717   0.033216  -0.98807    0.069103  -0.43284
 -0.13466    0.014868  -0.40923    0.36708    0.089687   0.025347
 -0.6404    -0.5129     0.10758   -1.4776    -0.99562   -0.53573
 -0.029629  -0.067482  -0.46839    0.2772    -0.41929   -0.25717
 -0.70513   -0.084122   0.16214   -0.3732     0.84086   -0.11639
  0.41056    0.13119   -0.44822   -0.57027    0.43911    0.48162
 -0.63385   -0.3491     0.27087   -0.99303    0.56603    0.87067
  0.36589    0.48775    0.97376   -1.0847    -0.14098    0.078988
 -0.47702    0.80134    0.33527    0.66798    0.049109   0.59309
 -0.7257    -0.25527   -0.27863   -1.1602   ]"
université,"[ 0.93174  -1.107    -0.40648   0.68434   1.1518    1.1163    0.56759
  0.022292  0.64029   0.21584  -0.18803  -0.24814  -0.49261   0.96983
 -0.38236  -0.83717  -0.64011  -0.34484  -0.3481    0.020597 -1.2607
  0.54642  -0.35398  -0.92601   0.35978  -0.66442   0.48818  -1.2955
  0.23542  -0.57273  -0.73886   0.064814 -0.4481    0.46083  -0.46814
  0.61276   0.067129  0.14739  -1.619    -0.20249   0.52989  -0.045922
 -1.3021   -1.3517   -0.58705   0.22677  -0.089839  0.31471  -0.33217
  0.8174   -0.21781   0.20575  -0.94049  -0.19235  -1.3556   -0.35885
  0.27203   0.19018  -0.67436   0.026941  0.067548 -0.80311  -0.22077
 -0.34489   0.21163  -0.08394  -1.1544   -0.92849   0.5647    1.9713
 -0.51852  -0.32129  -0.16551   0.17379  -0.56655  -0.38134   1.2461
 -0.50353  -0.61499   0.1359   -0.32475  -0.10139  -0.003357 -0.80742
 -0.046367  0.5374    0.34573  -0.55366  -0.13359  -1.037    -0.5445
  0.053174 -0.38064   1.3       0.14439   0.033977 -0.51264  -0.29047
 -0.10022  -0.33069 ]"
"210,000","[ 8.9323e-01  7.3412e-01 -1.1163e-01 -2.4934e-01  1.3637e-01 -2.2954e-01
  5.8691e-01  6.2955e-01  6.7754e-01  5.3749e-01  6.8334e-01 -7.7271e-02
  4.0012e-01 -6.8697e-01  3.5877e-01 -3.9597e-01  1.2039e-02 -1.2864e-02
  7.1627e-01  1.6976e-01  1.1753e+00 -5.1700e-01  6.2637e-02  3.0753e-01
  3.0084e-01 -1.0735e+00 -2.9299e-01  4.7517e-01  9.5334e-02 -4.7455e-01
 -2.3778e-01 -3.6400e-01 -1.1901e-02 -6.5981e-02 -3.4976e-01 -2.4841e-01
 -1.7765e-01  5.8624e-01 -8.4888e-02  2.5463e-01 -2.4658e-01  7.4539e-05
 -5.1892e-01 -1.2349e-01  4.9978e-01 -6.2699e-02 -8.1505e-02 -9.8261e-01
 -3.6430e-01 -3.1612e-02  2.3406e-01 -7.7209e-01  3.5839e-01 -8.1456e-02
 -9.5082e-01  6.1568e-01  6.0073e-01 -7.3502e-01 -9.9737e-02 -1.6316e-01
  6.3372e-01  8.4747e-01  2.4627e-01 -8.4386e-02 -2.3592e-01  3.4789e-03
  2.6595e-01 -1.2252e-01  1.1290e+00 -6.0762e-01  6.3317e-01  2.2644e-01
 -1.9710e-01  1.5133e-01  1.6739e-01  6.8335e-01  1.3458e-01 -3.7333e-02
 -3.7295e-01  2.9946e-02  8.0552e-01 -1.8337e-01 -5.3847e-01  7.6240e-01
  4.3648e-01  2.3850e-01  5.6734e-01  4.1084e-01  1.5163e-01 -3.0502e-01
  5.7842e-02  6.2119e-01  5.8460e-02 -8.1942e-01 -3.6145e-01 -5.2668e-01
  2.1046e-01  5.9743e-01  3.8201e-02 -1.2644e-01]"
recoil,"[-0.58403    0.3318    -0.15335   -0.63459   -0.57477   -0.43574
 -0.89498    0.4248    -0.32305    0.25481   -0.71819    0.24868
 -0.13247   -0.68498    0.87516   -0.22753   -1.0508     0.41488
 -0.0073136 -1.2186     0.26591   -0.056617  -0.46595   -0.37845
  0.49095    0.69014   -0.35544    0.20408    0.91077    0.021921
  0.25871    0.64185   -0.80978    0.17403    0.12885   -0.69127
  0.32699   -0.24942    0.76945   -0.85956    0.39985    0.27598
 -0.44071    0.093355   0.46757   -0.27317    0.806     -0.60854
 -0.2758    -0.32051   -0.46518    0.51718   -0.043661   0.12468
  0.90754   -0.30266    0.75981   -0.47145    0.3554     0.21233
  0.80416    0.42146   -0.28246    1.6524     0.14745   -0.60027
  0.17258   -1.0195    -0.538     -0.16569    0.28298   -0.98827
  0.29119    0.98992   -0.52741   -0.20345   -0.014068  -0.12969
 -0.75466   -0.75658   -0.60862    0.45465   -0.48055   -0.20507
 -0.065639   0.63368    0.84701    0.21194   -0.21525   -0.1016
 -0.43866    0.21223   -0.39191    0.0094521  0.19869   -0.16505
  0.24583   -0.083712   0.50103   -0.11948  ]"
materially,"[-0.036566  0.26839  -0.48338   0.36105   0.029388 -0.23778  -0.071926
 -0.25101   0.33781   0.94387   0.13095   0.72535  -0.4374   -0.50498
 -0.15084  -0.54407  -1.3042   -0.42609  -0.034726  0.61127   0.22833
 -0.2293    0.99752   0.9323   -0.66429   0.131    -0.24251  -0.14326
 -0.22555  -0.17001   0.97107   0.4717   -0.62664  -0.4686   -0.42027
 -0.20463   0.10851  -0.30821  -1.4037    0.14288  -0.14725   0.94201
 -0.4211   -0.3396   -0.38287   0.03257   0.45636   0.26132  -0.11509
 -1.6631   -0.31496   0.56347   0.65906  -0.23373  -0.21755   0.079182
  1.4102   -0.39457   0.13826  -0.07053  -0.98609   0.29613  -1.1277
  0.063516 -0.35748  -0.40641  -0.030903 -0.023592  0.2262   -0.35254
  0.12711  -0.60664   0.42317  -0.22766   1.5504   -0.48399   0.37757
  0.29481   0.21111   0.079287 -1.0765    0.36883  -0.69537   0.52405
 -0.31855  -0.76901   0.25835  -0.27732  -0.67271  -0.5038   -0.79269
 -0.28203  -0.48468  -1.1276    0.84241   0.14575   0.12176  -0.5689
 -0.45171   0.12881 ]"
criminality,"[ 0.14541    0.087749   0.18758   -0.026376  -0.31334    0.72044
 -0.50328   -0.51411    0.51482    0.90244   -0.50616    0.76834
 -0.026906   0.55245    0.069878   0.26719   -0.33357    0.18121
 -0.1684    -0.31868    0.072852  -0.49166    0.017738  -0.56686
 -0.091735   0.27475    0.61742   -0.41196   -0.39033   -0.70183
  0.0063379 -0.47125    0.11318    0.040928   0.29848    0.12857
  0.02984   -0.38873    0.065296   0.16883   -0.19577    0.30541
 -0.31323   -0.16514   -0.15706   -0.13772    0.69133   -0.027107
 -0.36118   -0.65465    0.093739   0.0303    -0.59425    0.39184
 -0.1031     0.46362    0.1707    -0.081415  -0.2119     0.1549
 -0.29206   -0.29352   -0.29492   -0.38846    0.57154    0.2289
  1.0197    -0.37425    1.2113    -0.096105   0.043167  -0.99954
 -0.44581   -0.25994    0.50117   -0.54764   -0.17246    0.1142
 -0.53501    0.088963   0.25943    0.49633    0.077155   0.20659
  0.11282   -0.10403   -0.64424    0.14392   -0.46348   -0.08478
 -0.82188   -0.097821  -0.4342     0.58272    0.93332   -0.33326
  0.024676  -0.4712     0.17247    0.1414   ]"
restaurateur,"[ 0.24557   0.1057    0.095824 -0.48309   0.41589   0.37133   0.39209
 -0.53174   0.32635   0.34152  -0.66867  -0.030878  0.22133  -0.6141
  0.18741  -0.42856  -0.095004 -0.74879  -0.66834   0.74286  -0.25168
  0.90634  -0.54969  -0.6424    0.21628   0.1905   -0.21417  -0.71744
 -0.50205  -0.4805   -0.35882   0.83915   0.3878    0.15076  -0.18032
  0.021699  0.062795 -0.28024   0.58198  -0.99348   0.36728   0.36429
 -0.20935  -0.11629   0.28934   0.24197  -1.0807   -0.65172   0.55231
  0.17133  -0.45853  -0.30928   0.44845  -0.033592 -0.19945  -0.013322
 -0.7783    0.44653  -0.49583  -0.261     0.19425   0.1815    0.53056
 -0.065585  0.38847  -0.60917   0.25511   0.063935  0.21592   0.50754
 -0.60384   0.43489  -0.35621   0.34536  -0.45487  -0.48782   0.18728
 -0.25671   0.33969  -0.25993  -0.066871  0.044848  0.045127  0.41389
  0.70296  -0.21332  -0.060289  0.57763  -0.4094   -1.2495    0.35775
  0.27161   0.20985  -0.31198  -0.15152   0.41321  -0.1936   -0.086845
  0.18085   0.1529  ]"
razali,"[-0.75551  -0.74201   0.59545   0.3865    0.71009  -1.2725    0.089398
  1.5706    1.153    -0.23209  -0.50773  -0.44382   1.3242   -0.89301
 -0.41244   0.56433  -0.52932  -0.16714  -0.48226  -0.060837 -0.27883
 -0.84251   0.2035    0.47456   0.43294   0.11188   0.35563  -0.34779
  0.47469  -0.89873  -0.38634  -0.01306  -0.66282   0.41021  -0.35606
  0.37299   0.58919   1.276     0.37493  -0.51615  -1.2857    0.60434
  1.57     -0.12675  -0.29346  -0.45695  -0.55763  -0.64057   0.17499
  0.32847  -0.59795  -0.2686    0.95444  -0.055247  0.12075   0.35867
 -1.4863    0.15901  -0.21638  -0.86061  -1.3198   -0.014797 -0.093195
 -0.4964   -0.52231  -0.54047   0.61565   0.18892  -0.67835   0.62112
  1.0036   -0.11755  -0.073437 -0.21473   0.30646   0.66298  -0.56138
  0.2533   -0.37698  -0.48835  -0.28428  -0.10818   0.59726   0.10244
 -0.065347  1.2124    0.95312   0.46653  -0.58784  -0.72867  -0.2259
  0.52676  -0.70581  -0.12143  -0.20725  -0.75523  -0.083566  0.23711
 -0.17143  -0.15104 ]"
gratification,"[ 0.13974   0.24251   0.88146   0.10093  -0.46665   0.72488   0.069747
 -0.3501    0.98635  -0.040413 -0.442     0.28577  -0.042306 -0.5021
  0.67136  -0.52274  -0.28169   0.90286   0.47935   0.74456  -0.29791
 -0.21988  -0.65137   0.019524 -0.3672    1.2515   -0.14802   0.43866
 -0.10447  -0.4745   -0.40905  -0.067047 -0.43642  -0.27172   0.25862
 -0.48174   0.4334    0.74796  -0.67036  -0.35147  -0.070527  0.064202
 -0.14841  -0.79881  -0.32954  -0.50936   0.37625  -0.60608   0.78884
 -0.27017   0.10186  -0.090981 -0.19693   0.35655   0.32776   0.4548
  0.28793  -0.5512    0.47062  -0.15672   0.37649   0.17299   0.16874
 -0.447     0.49204  -0.54276   0.49444  -0.54837  -0.4136   -0.45137
 -0.25331  -0.16352   0.42716  -0.42216  -0.46622   0.61925   0.14749
 -0.18102  -0.18141  -0.37934  -0.22366   0.23542   0.66102   0.4372
 -0.63075   0.50461   0.3932   -0.2075   -0.59775  -0.81     -0.050547
  0.92496   0.087304 -0.07661   0.54165  -0.59529   0.88732   0.042854
  0.29502   0.76637 ]"
huxley,"[-0.16915    0.39591   -0.5197    -0.47545   -0.56011    0.064045
 -0.64318   -0.21844   -1.2119    -0.30995    0.32458   -0.076567
 -1.4108     0.14478    0.87555    0.10164    0.24952   -0.062805
 -0.92234   -0.10502    0.34708   -0.32355    0.60662    0.42716
  1.267      0.15759   -0.3933     0.12948   -0.38895    0.38519
 -0.2971     0.6856    -0.35887    0.21032   -0.020712   0.055649
 -0.87442   -0.15275   -0.29401   -0.073204  -0.77736    0.49719
  0.14004    0.20547   -0.2804     0.45447    0.35931   -0.1099
  0.21959    0.45744    0.39396   -0.076141  -0.066977   0.12417
 -0.72313   -0.51599    0.659     -1.0372    -1.2323    -0.29625
  0.52014    0.27492    0.24803    0.25292    0.19684   -0.60149
 -0.93122    0.13475    0.27431   -0.71087    0.092154   0.69379
  0.2976    -0.021549  -0.82326   -0.23831    0.85994   -0.59402
  0.024811   0.23463    0.0072345 -0.49302   -0.013353  -0.29196
 -0.17509    0.047405  -0.12906   -0.57085   -0.52707   -0.33278
 -0.25908   -0.32646    0.73458   -0.039085   0.21614   -0.29238
 -0.20858   -0.81221   -1.2487    -0.024483 ]"
palisades,"[ 0.90596   -0.17957    1.4906     0.071837  -0.11381   -0.17515
  0.16977    0.95433   -0.44817    0.12538   -0.38806   -0.3039
 -0.73722   -0.038703   1.0649    -0.51588    1.1088     0.33933
 -0.0074963 -0.90833    0.22963    0.32214    0.40872    0.097783
 -0.10121    0.16946   -0.51798   -0.63312   -1.1844     0.076858
  0.49953    0.26698    0.22707    0.46264    0.0696    -0.10918
  0.45694   -0.52354    0.77922    0.14485   -0.023988   0.39561
 -0.67426   -0.40891    0.47344    0.8369     0.15522    0.42209
  0.055515   0.57811   -0.13646   -0.29906    0.025338  -0.88763
  0.33691   -0.70208    0.44333   -0.14381    0.26238    0.50394
 -0.93495    0.58765    0.42761   -0.022512  -1.1104    -0.23857
  0.14263    0.33234    0.24831   -0.15181   -0.20283    0.25105
  0.27255   -0.61247   -0.54266   -0.57909    0.3966     0.54177
 -0.20503   -0.081654  -0.57049    0.4087     0.32671    0.95836
  0.79083    0.13315   -0.16181   -0.1603    -0.10391    0.29783
 -0.62675   -0.79426    0.2858    -0.10019    0.3069     0.24374
 -0.22538   -0.18491    0.59808    0.38509  ]"
chore,"[-1.0393    -0.097887   0.46289   -0.49711   -0.40408    0.23921
 -0.35324    0.2648     0.74106    0.35394    0.27497   -0.19798
 -0.13046   -0.53701   -0.0087262 -0.21284    0.25487    0.42469
  0.44967    0.27937   -0.21987    0.12737   -0.48352   -0.15076
  0.17816   -0.23763   -0.6484     0.18102   -0.18392   -0.49122
 -0.59549   -1.0793     0.70274   -0.54952   -0.15094    0.64872
 -0.78598   -0.34538    0.5882    -0.33844    0.28419    0.52026
  0.18449   -0.61781   -0.79912    0.40022    0.38408   -0.24787
  0.10055   -0.071275   0.33092   -0.60603   -0.0247     0.35318
  0.055562  -0.10417    0.054619   0.28351    0.15975    0.21561
  0.22168   -0.13013    0.17573    0.026596  -0.03124   -0.24033
  0.34262   -0.44439    0.0061622 -0.48326   -0.27241   -0.55166
  0.16082    0.8789    -0.1109     0.58225   -0.79383   -0.35176
  0.14374   -0.18704   -0.16212    0.1263    -0.36901    0.30337
 -0.93054   -0.041884   0.17025   -0.15749   -0.61339   -0.57836
 -0.2998     0.20477    0.59691   -0.14741    0.14231   -0.61238
  0.66399   -0.21443   -0.0046535  0.53093  ]"
kuhl,"[ 0.22058   -0.57784   -0.28806   -0.021633  -0.53425   -0.29812
 -0.32955   -0.47261    0.056074   0.42421   -0.49837   -0.11212
  0.097582  -0.24689    0.069921  -0.4523    -0.0073342  0.87654
  0.60268   -0.20625    0.78835   -0.4868     0.70065    1.4632
  0.51364   -0.4722    -0.49942   -0.75895   -0.15314    0.01462
  0.40536   -0.72078   -0.12108    0.20985   -0.5169    -0.57521
 -0.14864    0.76965    0.49225    0.39811   -0.059919   0.21627
 -0.66591   -1.1477     0.036892  -0.11674   -1.0759    -0.55669
  0.7315     0.94501   -0.29269   -0.66631   -0.057822   0.08106
 -0.86519    0.62712    1.0645     0.080578  -1.0776    -0.59073
  0.10261   -0.31506    1.0968    -0.44354    0.10403   -0.61738
  0.71778    0.21621   -0.88056   -0.17858    0.21966    0.89375
 -1.022     -0.22265    0.34422   -0.37181    0.26876   -0.069632
 -0.84366   -0.57854    0.29698   -1.0101    -0.11395   -1.2154
  0.60574   -0.038042   0.49386   -0.20501   -0.16376   -0.080806
 -0.29895    0.070841  -0.5921     0.68298    0.29599    0.2924
  0.19756   -0.36961   -0.10351    0.41105  ]"
dares,"[-0.5936     0.38549    0.73124   -0.035489  -0.075315   0.36226
 -0.75931   -0.037358   0.70336    0.20175    0.28402    0.99609
 -0.17095    0.13379   -0.15145    0.52085   -0.17519    0.8914
  0.045134   0.91827    0.35831    0.28693   -0.24446   -0.52512
  0.076021   0.19868   -0.40652    0.1733     1.0987    -1.318
 -0.48128    0.88112    0.40375    0.58902    0.12022    0.87083
 -0.60199   -0.44568    0.33142    0.14646   -0.84038    0.94286
 -0.045966  -0.58098   -0.55142   -0.088968   0.15857   -0.41279
 -0.72755   -0.035954  -0.2038     0.28052    0.59689    0.10184
  0.46363    0.29322   -0.0085443 -0.034643  -0.33979   -0.037952
  0.049409  -0.011458  -0.22747    0.025217   0.20509    0.42876
  0.69022    0.065772  -0.82221    0.15352    0.038201  -0.31854
 -0.31529   -0.37083   -0.071487  -0.23252    0.022358  -0.47903
 -0.4277    -0.082637  -0.44299   -0.35058   -0.24665    0.86718
 -0.22603   -0.3634    -0.16698    0.44456    1.0795    -0.070459
  0.062134   0.048098   0.11512   -0.88364   -0.04935    0.4059
 -0.31043   -0.029377  -0.021617   0.51433  ]"
ported,"[-8.4858e-01  1.5528e-01  1.9967e-01 -3.5543e-01  8.5637e-01  6.3713e-01
  3.7834e-01 -7.3586e-01  7.0702e-01  1.0989e-01  2.9259e-01 -1.2879e-01
  4.1988e-01 -7.8321e-01  3.7605e-01 -3.2655e-01 -6.7785e-02  9.5790e-01
 -7.3880e-01  7.2880e-02 -9.9784e-02 -4.4337e-01  4.2693e-01  8.7062e-01
  3.9834e-01  7.4849e-05 -4.7189e-01  8.4342e-01 -4.4494e-02  1.1189e+00
  2.8638e-01  4.2562e-01 -8.2443e-01  1.1742e+00  3.3270e-01  1.2004e+00
 -5.9735e-01 -2.9401e-01 -3.5102e-01 -6.7545e-01  2.0307e-01 -4.1910e-01
 -5.7810e-01 -3.2876e-01  4.9328e-01  7.4451e-01  4.5339e-01  8.3417e-05
  6.1885e-01  6.1469e-01 -3.0332e-01  4.1875e-01  5.6971e-01 -4.3382e-01
  3.0385e-01 -3.1357e-01 -6.3413e-02 -1.7488e-01 -1.1265e-01  3.0154e-01
 -1.9981e-01 -5.2973e-01 -1.1205e+00  6.4140e-01 -4.1520e-01 -2.8096e-01
 -5.4729e-01 -3.2454e-01 -2.6572e-01  2.8304e-01 -1.5634e-01  6.3818e-01
  1.9296e-01 -1.7351e-01 -9.5763e-01 -4.2320e-02 -4.1069e-01  4.0129e-01
 -8.2601e-02 -8.9631e-02 -2.4834e-01 -4.5206e-01 -6.5078e-01  1.0520e+00
 -6.6952e-01  8.4347e-01  2.9725e-01 -8.2722e-01 -5.4098e-01  5.7930e-01
 -3.4471e-01  1.4645e-01 -6.7080e-01  2.7893e-02  4.4490e-01 -1.0007e+00
 -6.0920e-01  5.0115e-01  6.6373e-01 -8.3017e-01]"
optimized,"[-1.1404     0.017574  -0.4944     0.48465    0.28907    0.14021
 -0.24341   -0.094143  -0.12351    0.73299    0.077676  -0.29504
  0.46669   -0.89397    0.39375   -0.33373    0.091224   0.26722
  0.16128    0.025665  -0.61095   -0.79797    0.21349    0.41809
  0.016115  -0.085085   0.13465    0.45358   -0.8749     0.62615
 -0.34131    0.18665   -0.39798   -0.030832   1.2413     0.082761
 -0.16797   -0.18821   -0.0013776 -0.23221    0.74325   -0.17011
 -0.69927    0.23746   -0.17948    0.16876    0.51218   -0.44401
  0.14611   -0.12991    0.086204   0.10352    0.0026157  0.17658
 -0.11919    0.20795    0.1671     0.1033     0.5294    -0.47698
 -0.019314  -0.41948   -0.24415    0.69445    0.080937  -0.52055
 -0.10488   -0.43944    0.26854   -0.41167    0.26805   -0.29574
  0.71052   -0.13898    0.50512   -0.37229   -0.39082    0.14678
  0.27745   -0.39282   -0.26787   -0.3273    -0.77643    0.030379
 -0.70586    0.71903    0.85287   -0.38724   -0.59197   -0.051739
 -0.23005    0.783     -0.29107   -0.34361    0.86924   -0.56472
 -0.21366   -0.61371    0.53901   -0.16767  ]"
karpov,"[ 0.067139   0.24676    1.1207     0.90525   -0.74338    0.041682
  0.16621   -0.47679   -0.07361    0.24825    0.30049   -0.0067268
 -0.32513   -0.53756    0.14703    0.65747    0.1607     1.1717
 -0.1476    -1.0086    -0.56747   -0.23352    0.18274    1.0974
  1.4109    -0.25093   -0.39065    0.28502    0.094396   0.19016
 -0.5856     0.035798  -1.1113    -0.79182    0.61511    0.35767
 -0.070937   0.75564   -0.62102    0.31193   -0.32642   -0.5227
  0.07043   -0.60988   -0.53172   -0.20192    0.070419   0.057993
  0.15423    0.58443   -0.59696   -0.14777    0.032577   0.70216
  0.49271   -0.28088   -0.04321   -0.092164  -0.63736    0.50467
  0.064825  -0.2345    -0.29701    0.28938   -0.25353   -0.078288
  0.61983    1.287     -0.49062    0.47615   -0.14129   -0.42587
 -0.03144    1.0345    -0.63328   -0.29277   -0.34839    0.47603
 -0.068975   0.21595    0.31409   -0.72852   -0.47751   -0.18675
  0.30608   -0.034195  -1.0481     0.88522    0.59187   -0.28266
  0.48645    0.081997  -0.13557    0.33832    0.60659   -0.93484
 -0.28673   -0.062709  -0.89879    0.37006  ]"
citizenry,"[ 1.7421e-01  1.7841e-01  6.7940e-01 -3.1331e-01 -7.5787e-01  1.0991e+00
 -3.6951e-01 -2.9065e-01  4.3962e-01  4.2064e-02 -5.2463e-01 -5.0782e-02
  2.5380e-01 -7.4204e-01 -2.7846e-01 -4.5783e-01 -1.6939e-01  3.7439e-01
 -4.9501e-02 -3.2199e-01 -2.2599e-01 -3.7767e-01 -1.3266e-01 -8.5169e-01
 -2.9625e-02 -2.1809e-01  3.5468e-03  1.4122e-01  3.5048e-02 -9.3961e-02
  1.3926e-01  1.7787e-01  3.6952e-01 -2.1625e-01  1.9200e-02 -1.2829e-01
  1.2647e-01  1.3574e-01  1.5935e-01 -2.4791e-01 -1.4604e-01 -3.9017e-02
 -9.0530e-02  3.0767e-01 -1.2820e-01 -1.9224e-01  5.4201e-01 -6.9168e-02
  4.8197e-02  1.3501e-01 -5.1175e-01 -9.5287e-02 -2.4368e-01  3.6019e-01
 -3.5180e-01  7.0806e-01  5.6152e-01 -7.3011e-01  4.8114e-01 -4.7467e-01
  8.1687e-02  3.7828e-02 -1.4192e-02 -1.1864e-01  4.1185e-01 -3.0401e-01
 -2.9907e-01 -1.5041e-01  6.6048e-01  1.0342e-02  6.9735e-01 -7.5147e-01
  5.0082e-02 -5.0438e-01 -6.8235e-03 -1.1519e-01 -4.1567e-01  1.2029e-01
 -6.3964e-01 -2.4239e-01  1.6554e-01  4.9139e-01 -1.4497e-01  6.9588e-01
 -1.3956e-01 -3.0882e-01 -2.4927e-01  4.2317e-01 -3.4851e-01 -5.9177e-01
  2.2436e-01 -2.1100e-01 -1.2133e-01  1.0191e-03 -3.4814e-01  4.7226e-02
  6.3483e-02 -4.3822e-01 -1.1340e-01  7.7755e-01]"
stinson,"[-0.7512    -0.17594    0.02048   -0.99909   -0.074156   0.40876
 -0.21025   -0.86809   -0.32125   -1.0805     0.5542     0.017237
 -0.41998   -0.070799  -0.055641   0.13317    0.75383   -0.13193
 -0.26058   -0.21441    0.27082    0.23047    0.042002   0.85819
  0.17528   -0.15067   -0.41856   -0.20539   -0.71707    0.69738
 -0.46004    0.66073    0.69416   -0.46455    0.063673  -0.5913
  1.2759     0.14838   -0.38317   -0.4244    -0.021468  -0.48958
 -0.13243    0.34322   -0.1769     0.43791    0.02273   -0.68734
  0.22652    0.12746    0.10305   -0.34277   -0.71871   -1.2828
  0.34665    0.29608    0.57321    0.39176    0.0046311  0.87112
 -0.16002    0.49547    0.1177     0.72732   -0.49901   -0.8697
  0.19809   -0.29813   -1.5322     0.38357   -0.44623   -0.053412
 -0.71231   -0.0039134  0.33457   -0.19474    0.24389    0.040296
 -0.83959   -0.64297   -0.93892   -0.83135   -0.024257  -0.1468
  0.57372    0.047389   0.9137    -0.17569   -0.23936    0.47141
 -0.37364    0.49811    1.1602    -0.10613    0.51158    0.20911
 -0.13193   -0.32598    0.5632     0.48577  ]"
unforgiving,"[-0.5583     0.060038   0.89097   -0.030355  -0.7728     0.45
 -0.76785    0.26546   -0.61478    0.59939    0.34393   -0.18325
  0.1572    -1.3243     0.2119     0.095388   0.26905   -0.23391
  0.036668  -0.25701    0.13979    0.3743     0.40901    0.096161
  0.3096     0.13477   -0.18183    0.028686  -0.45155   -0.26633
 -0.089928  -0.33703    0.016823  -0.23728   -0.49415    0.38537
 -0.57781    0.10056    0.33635   -0.22874   -0.25575    0.31064
 -0.24452    0.19314   -0.47077    0.083151   0.82458    0.66391
  0.45951    0.31643    0.0065218 -0.33974    0.3493     0.42697
  0.21767   -0.24451    0.74201    0.44204    0.19365   -0.36902
  0.13224    0.17931   -0.46608    0.021772   0.44012   -0.82407
  0.36919   -0.72292   -0.20619   -0.89764   -0.24474   -0.30817
  0.49681    0.088706  -0.27737   -0.58002   -0.14967   -0.43346
  0.45724   -0.14942    0.75092    0.25409   -0.51352    0.80768
 -0.13765   -0.189     -0.22592    0.24259   -0.35777   -0.69238
  0.13355    0.30735    0.073338   0.34551    0.43852    0.32328
 -0.56283    0.22268   -0.18978    0.56057  ]"
tuskegee,"[ 1.2014     1.0547     0.25726   -0.32841   -0.85866   -0.42394
  0.51148    0.21869   -1.5407     0.27905    0.082746   0.19769
 -0.30938    0.1679    -0.15008    0.32734    1.4937    -0.91984
  0.44842   -0.41651   -0.16676   -0.11356   -0.039612  -0.32368
  0.41552   -0.41378   -0.41347    0.48818    0.86432   -0.20959
  0.18106   -0.017769  -0.056835   0.6359    -0.67624    0.30415
 -0.21323    0.60375    0.75212    0.29132   -0.78872    0.6033
 -1.2146     0.52225   -0.54972    0.70465    1.3459     1.0363
 -0.70775   -0.086815  -0.7518    -0.25663   -0.11129    0.18923
 -0.30227    0.22327    0.58825   -0.68261    0.21471   -0.1539
 -0.66279    0.44067    1.1844    -0.49794    0.50346   -0.25974
  0.1042     0.29576   -0.36128    1.3988    -0.080581  -0.30321
 -0.53087    0.89897   -0.3134     0.5789     0.90097    0.11032
 -0.014076   0.29335   -0.01792    0.40453    0.099476   0.57582
 -0.67089    0.79472    1.0641    -0.20886    0.026017   0.74487
  0.030263  -1.0618     0.20433    0.24842   -0.14041   -0.24575
 -0.0085418 -0.35264   -0.9208    -0.20443  ]"
inalienable,"[ 5.3241e-01 -3.0015e-01  1.0184e+00  3.0053e-01  6.0662e-01  9.4808e-03
 -9.6699e-01  1.4837e-01  1.1168e+00 -2.6190e-01 -8.3565e-01  2.4640e-01
  1.0190e+00 -6.9185e-01 -1.0778e+00 -2.5520e-01  4.3046e-01  9.7540e-01
 -5.4186e-01 -5.5341e-01  1.4068e+00 -3.8269e-02 -6.3943e-01  2.6156e-01
  1.2976e+00 -2.2559e-02  5.4589e-01  3.5772e-01 -1.1661e-01  3.9445e-01
 -6.0070e-01  6.0887e-01  5.8509e-01  7.5781e-01 -6.4092e-01 -5.5092e-01
  5.2985e-01  9.6787e-01 -1.1046e+00 -4.2744e-01  2.3772e-01  1.1208e+00
  1.1360e+00 -2.8673e-01 -6.3848e-01 -1.8299e-01  5.7578e-01  2.2140e-01
 -5.8874e-01  8.4112e-01 -1.6270e-01  7.2772e-01 -2.8072e-01  2.6695e-01
  2.8414e-01  1.2833e+00  8.3507e-01 -4.5694e-01  1.2553e+00 -5.2976e-01
  5.2803e-01 -2.9288e-01 -3.5292e-01  1.1507e-01  7.6805e-01 -2.5825e-01
  1.1840e+00 -2.8878e-01 -6.0098e-01 -4.3292e-01  5.7699e-01 -1.6553e-01
  8.4123e-01  2.2012e-01  4.1480e-01  5.6441e-01 -1.3850e+00 -2.1500e-01
 -2.7576e-01 -8.0567e-02 -3.7812e-01  5.8204e-01 -2.7897e-01  1.0429e+00
 -1.2184e-01  8.1735e-01  6.1117e-01  6.8981e-01  1.1551e+00 -5.2208e-01
 -1.0730e+00  8.5444e-04  8.0291e-01 -6.4622e-02 -6.6215e-01  4.3308e-01
 -1.0626e+00 -1.1077e+00  1.1601e-02  3.1730e-01]"
facelift,"[ 1.3975e-01  7.2620e-01  1.3775e-01  3.0994e-02 -1.0326e-01 -1.7560e-01
  6.4063e-01  6.5934e-01  2.4993e-01  4.9100e-01  1.5493e-02 -2.5378e-01
  1.9133e-01 -4.3168e-02  3.6150e-01  6.9974e-01 -4.8361e-02  1.0021e-01
  5.8536e-01  2.4879e-01 -7.3181e-02 -4.5221e-01 -1.0339e+00  8.1479e-01
  2.4082e-01  9.3397e-02  2.3966e-01 -5.4998e-02 -2.7055e-01 -7.6069e-01
  1.3107e-01 -2.6592e-01  1.7534e-01  5.5141e-01  4.0046e-02  1.9148e-01
 -4.0689e-02 -4.6030e-01 -7.8527e-01  3.0727e-01  5.6743e-01 -2.5876e-04
  5.7555e-01 -4.6205e-02 -1.8056e-01  9.7457e-01  3.0017e-01 -9.3114e-02
  2.7267e-01  6.1748e-01 -1.7937e-01 -2.6403e-01  3.4054e-01  3.1349e-01
 -1.9775e-01 -8.1146e-01 -5.8035e-02  4.2154e-02  1.3210e-01 -7.2349e-01
 -3.2978e-01  6.4732e-01 -6.4431e-01  1.0064e+00  4.4327e-01 -3.2231e-01
 -8.4257e-01 -9.6013e-01 -2.0109e-01 -3.3151e-01  2.7101e-01  4.0025e-03
 -5.0378e-01  6.6498e-01 -2.3123e-01 -2.1326e-02 -3.0394e-01  8.0873e-01
  1.0929e-01 -4.1279e-01 -5.3361e-01 -5.9892e-01  4.4223e-01  6.4476e-02
 -5.1178e-01  8.3098e-01  2.8081e-01 -4.5487e-01 -9.7745e-01 -9.3316e-02
  6.9643e-01 -2.9622e-01 -2.4255e-01 -3.9889e-01  4.9124e-01  2.1069e-01
  6.6005e-01  1.0363e-01  5.6340e-01 -1.1485e-01]"
tui,"[-0.52097   -1.3614     0.29875   -0.23888    0.30922   -0.91768
 -0.0058907 -0.15883    0.014232  -0.45551   -0.33877    0.25877
 -0.32922   -0.18678   -0.31041   -0.72291    0.45414   -0.60273
 -0.048472   0.79282    0.41682    0.59473   -0.40759    1.1116
 -0.4804    -0.51794   -0.17376    1.237     -0.4806    -0.65635
 -1.011      0.29867   -0.61757    0.066249   0.22072    0.11579
  0.40667    0.43697   -0.49196   -0.97166   -0.41224    0.21589
  0.37073    0.044889  -0.22036    0.95795   -0.16642    0.18288
  0.49973    0.31094    0.21105    0.60756    0.18669   -0.26247
 -0.51941    0.045423   0.043209   0.68799    0.092849   0.16512
  0.73108   -0.38053    0.45322    0.61731   -0.56816    1.0314
 -0.68707    0.38132    0.74727   -0.22496   -0.51713   -0.29066
  0.15989   -0.070051   0.0040514 -0.16959   -0.097609  -0.12487
  0.3392     0.23549    0.079454  -0.88321    0.10481    1.1713
 -0.1596    -1.2018    -0.19606   -0.2913     0.58553   -0.060728
 -0.16548    0.036218   1.5034    -0.29371    0.68753   -0.15855
  0.15808   -0.20501   -0.064117  -0.34581  ]"
anecdote,"[-0.25722    0.49901    0.73197    0.28522   -0.12693    0.73424
  0.56069   -0.038015   0.60714   -0.57383   -0.087964   0.12375
 -0.11089   -0.37335    0.60261    0.48718    0.1933    -0.28001
  0.067571   0.1458     0.24041   -0.23421   -0.58436    0.072684
  0.15218   -0.42687   -0.53783    0.55566   -0.44516   -0.21261
 -0.55202   -0.36265    0.16104   -0.47326   -0.98253    0.43367
 -0.31724    0.27312    0.34886   -0.178     -0.11175    0.524
 -0.16934   -0.38808   -1.0228     0.15922    0.37419   -0.25389
  0.06982   -0.24355    0.39705    0.29882    1.211      0.40926
 -0.35799   -0.079057  -0.16328   -0.0588    -0.2183     0.21883
  0.13832    0.45722    0.92627   -0.14542    0.3521    -0.68619
  0.66229   -0.31651    0.038369   0.19705   -0.3017     0.30044
  0.57386    0.019287   0.13223    0.4968     0.064148  -0.37831
 -0.47547    0.19438   -0.54949    0.23233    0.64107   -0.80937
 -0.37215   -0.23559   -0.4298     0.0075644 -0.32948   -0.60328
 -0.14284    0.64105   -0.0053404 -0.66482    0.58399   -0.069741
 -0.26002   -0.61749   -0.50583    0.46841  ]"
closets,"[ 0.26817    0.98177    0.090876  -0.82728   -0.0776     0.75803
 -0.4603     0.98969    0.36367    0.31073    0.56655    0.2038
 -0.060241   0.82206   -0.071705  -0.080671  -0.0045134  1.2667
 -0.51108   -0.99423   -0.74291    0.83777    0.41452   -0.41788
 -0.35687   -0.10515   -0.5734    -0.29899   -0.35281   -0.70634
  0.86975   -1.1208    -0.29222   -0.064567   0.20789    0.88789
  0.31665   -0.40182    0.43204   -0.39915    0.91257   -0.10333
 -0.2111    -0.36689   -0.48645    0.37124   -0.32033    0.35615
  0.67865    0.026276  -0.64325   -0.38398   -0.6771     0.31213
 -0.21972    0.052707   0.68207   -0.15673    0.17663    0.12924
 -0.63378    0.59522    0.16662    0.77118    0.30193    0.17769
  1.2743    -0.59259    0.30538   -0.27065    0.57244    0.35307
  0.26281   -0.62046    0.095024   0.50182   -0.0081346 -0.24485
  0.087197   0.13653   -0.18609    0.41551    0.076732   0.79339
 -0.1659     0.16401    0.33633   -0.084802  -0.66364   -0.077351
  0.44288    0.65727    1.244     -0.065236  -0.036257  -0.35334
 -0.19597   -0.25949   -0.038436   0.37813  ]"
boies,"[-4.9548e-01 -2.8645e-01 -4.2710e-01  1.3762e-01  2.4719e-01 -3.9203e-01
  6.4062e-01  1.3093e-01 -4.3629e-01 -1.6751e-01  3.8408e-02 -5.8714e-01
 -3.5864e-01 -4.1119e-01 -3.4832e-01 -9.0863e-01 -2.3779e-01  5.5011e-01
 -6.1127e-02 -2.0595e-01 -9.5439e-02 -5.2115e-01  8.7588e-01  3.5852e-01
  3.3428e-01  5.0847e-01  3.5119e-01 -5.2368e-01 -4.2487e-01 -1.2224e+00
  5.4493e-01  1.9921e-01  7.6754e-02  6.9350e-01 -3.6501e-01 -5.9337e-02
 -2.0399e-01 -7.8825e-03  1.0466e+00  6.6183e-01  3.1732e-04  2.8492e-02
 -1.6335e-01  1.0595e-02 -1.3787e+00 -9.3396e-01  4.4454e-01 -2.7761e-01
 -3.3167e-01 -1.4752e-02  9.1889e-01 -7.6990e-01  1.1657e+00  2.9326e-01
 -5.1507e-01  5.8292e-01 -1.6318e-01  2.4872e-01 -5.4465e-01  3.4386e-01
 -8.7243e-01 -5.5007e-01  1.6483e-01  8.9725e-02  2.3082e-01 -5.3433e-01
  5.1136e-01  3.8415e-01 -6.8842e-01  5.7583e-01  3.9435e-02  1.1146e+00
  2.9612e-01 -1.0232e+00  3.0292e-01 -5.1787e-01  1.5325e-01 -7.2570e-01
  4.5024e-01  3.0279e-01  9.6574e-01 -1.8293e-01 -3.3440e-01 -8.4185e-01
 -1.4440e-01 -4.2186e-01  1.6483e-01  4.0946e-01  2.2988e-02 -8.6279e-01
  4.2488e-01 -7.1418e-01 -8.2875e-02 -4.8933e-02  8.5049e-01 -4.1197e-01
  2.0626e-01  6.0881e-01 -6.7260e-02  1.3863e+00]"
biogen,"[ 9.1559e-01 -7.6781e-02  1.1146e-01  1.2159e-01  5.9870e-01 -9.8545e-01
  7.1541e-01  4.6185e-01  5.3287e-02 -9.0424e-01 -6.8620e-01 -1.4354e-01
  7.3326e-01 -3.5714e-02  2.8976e-01 -4.0227e-01 -3.4528e-01  1.7938e-01
  1.0799e+00 -2.5826e-02  2.9102e-01 -7.7737e-01 -1.5895e-01  5.8113e-01
 -4.2629e-01  1.4042e+00  4.2336e-01 -7.9721e-01 -4.8597e-01 -4.7814e-01
  7.5595e-01  2.5895e-01 -4.8014e-01  1.6918e-01  1.8109e-01  3.7763e-01
  7.9765e-02  7.6564e-01  2.4357e-01  3.4488e-02 -2.4182e-01  3.4848e-01
 -2.0861e-01 -8.7916e-01 -8.6459e-01  1.0803e+00 -1.1223e-03 -2.8891e-01
  6.4474e-01  4.0649e-01 -5.5073e-01  2.6875e-01  2.5406e-01 -3.2787e-01
 -8.1678e-01  9.8933e-02 -2.0582e-01 -3.9772e-01 -3.9027e-01 -1.1214e+00
 -4.1228e-01  3.9672e-02  6.1901e-01  3.5150e-01 -1.4985e+00 -8.7174e-02
  2.6233e-01  8.5521e-01  4.3120e-01  7.3571e-01 -4.3790e-01  8.1977e-01
 -4.6856e-01 -4.1570e-01 -1.5694e-01 -1.5093e+00 -1.0366e-01 -7.2678e-01
 -4.5708e-01 -3.6233e-01  5.3697e-01 -2.4766e-01  6.5047e-02  9.0874e-01
 -8.9639e-01 -6.5145e-01  5.8841e-01  5.2990e-01 -1.7542e-01  4.4198e-01
 -2.4558e-01  3.5642e-01 -6.3756e-01 -3.4263e-01  3.8893e-01  6.8180e-01
  8.0464e-01  1.1924e-01  2.1530e-01  6.5483e-01]"
saucer,"[-0.23466    0.48482    0.4496    -0.58659   -0.65085   -0.10718
  0.41332    0.03132    0.24388    0.10566   -0.29168   -0.38275
  0.34533    0.13608    0.11622    0.22294    0.047067   0.61939
  0.57039   -0.31508    0.16852    0.2184    -0.18432   -0.73589
  0.56831    1.242     -0.5288     1.0331    -0.64388    0.11527
  0.0041602 -0.79193   -0.32559   -0.038462   0.3234     0.11362
 -0.084367   1.0944     0.43194   -0.42246   -0.2644    -1.0206
 -0.92052   -0.17492    0.22436    0.21993    0.15902    0.2029
 -0.6856    -0.15612   -0.40657    0.11382    0.59125    0.16488
  0.35534   -0.57595    0.68761    0.51018    0.65043    0.036942
  0.52172    0.62297    0.67929    0.1189    -0.6451    -0.3622
  0.29505    0.44061   -0.065095  -0.16104   -0.42118   -0.25298
 -0.45527   -0.083512  -0.39827   -0.75106    0.24479   -0.38721
  0.033264   0.45653    0.22299    0.11108    0.53629    0.29002
  0.85095   -1.2215     0.31082   -0.77928   -0.18675    0.38321
 -0.39988    0.22398    0.29458   -0.1543     0.64702   -0.45655
 -0.025116  -0.23518   -0.9281     0.037432 ]"
degeneration,"[-0.38326   -0.12495   -0.052956   0.083437   0.31274    0.22567
  0.48943   -0.55964    0.050134  -0.08966   -0.105      0.48134
  0.53541   -0.96544    1.0847     0.34847   -0.36315   -0.19446
  1.0028     0.32037   -0.078687  -0.91343   -0.41435    0.74543
  0.66404    0.90199    0.59897   -0.35204    0.12915   -0.22875
 -0.0086912  0.3421     0.035291  -0.53868   -0.50581    0.21327
  0.074939   0.52107   -0.026863   0.58465   -0.58016    0.19492
 -0.1747    -0.69045   -0.22055    0.045577   1.0839     0.67048
 -0.5562    -0.35167    0.20806   -0.16955   -0.50504    0.14505
  0.59569    0.68939    0.56666   -0.039124  -0.32474    0.64828
  0.13189    0.27589    0.13319   -0.04856   -0.029211   0.79231
 -0.086826  -0.92025    0.075508  -0.94796   -0.31868    0.54661
  0.57531   -0.2974    -0.18272   -0.80511    0.49982    0.61666
 -0.024655   0.063207   0.12136    0.61345   -0.71133    1.2553
 -0.99132    0.52057   -0.77479   -0.13341   -0.3537     0.51296
  0.12274   -0.6977    -0.22558    0.54291    0.83292   -0.24972
  0.52821   -1.5313     0.32491   -0.71763  ]"
hameed,"[-0.2567   -0.37288  -0.43165  -0.49226  -0.027037 -0.30863  -0.39653
  0.04317  -0.13539   0.8092    1.0333   -0.91111   0.44975   0.43039
  0.23815  -0.42141  -0.4427    0.096539 -0.80815  -0.36313  -0.027083
  0.21008   0.10599  -0.46937   0.55469   0.30159   0.81715   0.55183
 -0.67499  -0.16618   0.2249   -0.28846  -0.076348  0.20923  -0.92186
  0.36392  -0.27328   0.83809  -0.48544   0.74954   0.1085    1.3367
  0.30315  -0.5493    1.1299    0.16049  -0.58792   0.1672   -0.057109
 -0.51237   0.032276  0.81609   0.044656  0.86485  -1.0476    0.6111
 -0.94324   0.20974  -0.75478   0.22848  -0.13108  -0.48402   0.29093
  0.25644   0.38364  -0.37706   1.4608    0.18286  -0.4319    0.024779
 -0.19995  -0.15042   0.52223  -0.20607   0.385    -0.065463 -0.95478
 -0.97715   0.11054   0.030376 -0.090071 -0.56924   0.24267  -0.93093
 -0.14504   0.041138  0.036144  0.18385  -0.040087  0.38884   0.44853
  0.47081   0.29746  -0.060974 -0.39245   0.35627   1.3232   -0.40492
 -0.9973    0.31268 ]"
joon,"[-0.57245    0.061127   0.67587   -0.90734   -0.64617    0.0019976
 -0.056096   0.48173    0.8466     0.21162    0.21534    0.62676
 -0.062594  -0.35032    0.93209   -0.084383   0.95993    0.43454
 -0.42141   -0.69152    0.29384    0.41583   -0.28531    0.33114
 -0.17575    0.41591   -1.4469     0.68479    0.055723   0.72377
 -0.044312   0.055182   0.64189    0.28229    0.43676   -0.32142
  0.92119    0.94055   -1.2542    -0.41      -0.4983     0.29361
 -0.51271   -0.76017    0.35034    0.33792   -0.20388   -0.29133
 -0.36284    0.2848    -0.60847   -1.4065     0.63378   -0.66961
 -0.53189    0.41572    0.104      0.98008   -0.035688  -1.4606
 -0.13652   -0.17681    1.4186    -0.22712   -0.69813   -0.328
  0.63476    0.73945    0.30557    0.40425   -0.20505    0.1118
 -0.74448   -0.55416    0.0064128  0.2199    -0.47442    0.73637
  0.20939   -0.64654    1.3702     0.0021913  1.4859    -0.19731
 -0.11783   -0.68391   -1.1114     0.80977    0.3401     0.31111
 -0.19939    0.33022   -0.57086    0.7236     0.29371    0.38634
  0.42756   -0.95116   -0.024109  -0.21645  ]"
mosaics,"[ 0.060868   1.002     -0.94204   -0.14608    0.5005     0.59176
 -0.43037   -0.2842    -0.28404    0.28688    0.737      0.0042029
  0.70419    0.30211    0.024254   0.27804   -0.19347    0.13519
  0.32005   -0.22511   -0.90377   -0.21649    0.22736    0.45736
  0.16403   -1.0727     0.82761    0.64519   -0.60968   -0.95774
  0.061948  -0.94185   -0.35237    0.32027    0.54762   -0.21036
 -0.057057  -0.12205    0.37413   -0.38196    0.44468   -0.10207
 -0.52377   -0.019997  -0.15185    0.052302   0.49199    0.061874
  0.29219    0.14225    0.17077    0.39198    0.048189   0.099949
 -0.69374   -0.51914   -0.36045   -0.085071  -0.10009    0.22073
 -1.1081     1.2898     0.45291    0.7961    -0.39039   -0.19554
  0.74594   -0.21469   -0.35813   -1.0964     0.33872    0.57371
  0.67288    0.039386   0.23077   -0.40607   -0.21435    0.7806
  0.25472    0.32491   -0.40945   -0.085803   0.32517    0.87169
  0.25376    0.11126   -0.077238  -0.28958    0.25979   -0.45633
  0.55747   -1.1523     0.13248   -0.28075   -0.070715  -0.66653
 -0.82956   -0.88759   -0.48837    0.14319  ]"
itching,"[-0.85287  -0.14471  -0.14455  -0.48878  -0.3043    0.87272  -0.79654
  0.37329   0.35643  -0.52069  -0.66854  -0.33182   0.44614  -0.44383
 -0.010641 -0.066747 -0.40698   0.052476  0.39207  -0.023595 -0.31677
  0.49053  -0.60042   0.39097   0.20756   1.0667    0.64678   0.18844
  0.67494  -1.0136   -0.14441   0.11416  -0.036021 -0.2332   -0.5061
 -0.20951  -0.11221  -0.31492   0.61691   0.72103  -0.29694   0.63229
 -0.39904  -1.0594   -0.022437  0.95763   0.44246   0.090883  0.19201
 -0.9551   -0.18013  -0.1553   -0.66378   0.50774   0.011627 -0.075316
  0.3399   -0.3293   -0.86693   0.1415    0.8103    0.97719  -0.17299
  0.4284    0.47334  -0.26431   0.74192  -0.81398  -0.25211  -1.2749
 -0.15204  -0.58342  -0.30176   0.12506  -0.37483   0.18744   0.022079
  0.44997  -0.064005 -0.28398  -0.14186  -0.50105  -0.63528   0.50429
 -0.62507  -0.30633   0.36338   0.71871  -0.50422  -0.50866  -0.20314
  0.19624  -0.19633  -0.059129  0.13188   0.17436   0.42798  -0.19813
  0.56417  -0.30908 ]"
dowling,"[-0.071723 -0.6296   -0.48146  -0.14391  -0.64653   0.11285  -0.089579
 -0.063158  0.29212  -0.071753  0.019469  0.015773 -0.063486  0.56143
 -0.06152  -0.030007  0.34639   0.9464   -0.08471   0.16259  -0.088466
 -0.15875   0.36558  -0.10245   0.59296   0.081551  0.51737  -0.083726
 -0.53926   0.51955  -0.42597   0.025341 -0.084525 -0.12748  -0.2543
  0.30928  -0.022565  0.55889   0.74477  -0.095872 -0.47186   0.78194
 -0.28268   0.019096 -0.57138   0.59527   0.052778 -0.20447   0.25867
  0.42427   0.45451  -0.74433  -0.28664  -0.3884   -0.20454  -0.36077
 -0.59476   0.077168 -0.67746   0.053905  0.13964  -0.35692   0.25265
 -0.10875  -0.2844   -0.8639    0.25822   0.32021   0.35204   0.38553
 -0.089816  0.47935  -0.17185   0.084774  0.17332  -0.316    -0.21653
  0.045896 -0.34068   0.36278  -0.18904  -0.54478   0.15758  -0.028002
  0.18864  -0.41581   0.29947  -0.1344   -0.23887  -0.10232  -0.2249
  0.20262  -0.23764   0.44952  -0.65216  -0.49492   0.065959 -0.15213
 -0.41833   0.5336  ]"
adha,"[-0.2411    -0.45665   -1.1468    -1.0238     0.36412   -0.24208
  0.1336    -0.30585    0.43524   -0.96948   -0.45865   -0.79616
  0.94168   -0.28264    0.53229    0.13165    0.40975   -0.24999
 -0.18849    0.56508   -0.074978  -1.657     -0.051329  -0.021233
  0.56104    0.52558   -0.85439    1.0195    -0.070813  -0.71847
 -0.28725   -2.0479     0.32965    0.48325    0.10044   -0.75288
 -0.44991    0.5011    -0.4771    -0.3842     0.41038    0.088622
  0.77733    0.28739   -0.12429   -1.1488     0.55209   -0.098523
  0.38874   -0.49149   -1.2386     0.12452   -0.0083257 -0.36953
 -2.0373     0.42798    0.37321    0.91736    1.1779     0.1628
  0.034557   0.70233    1.4931    -1.2306    -1.469      0.11365
 -0.42058   -1.0159    -0.5708    -0.52704   -0.11815    0.46194
 -1.1945    -0.79538   -0.1254     0.98353   -1.175     -1.0735
 -0.23077    0.51097   -0.75316   -0.11068   -0.58069   -0.055556
 -1.0632     0.08713   -1.3298     0.093735   0.72845    0.98137
 -0.73477    0.62351    0.74588   -0.38829   -0.61119   -0.12464
  1.6922    -0.62779    0.3813    -0.31305  ]"
cooperstown,"[ 0.29865    0.45249    0.82956   -0.21899   -0.047511   0.18228
  0.3256     0.51556    0.0055924 -0.20745   -0.94966    0.096024
  0.080258  -0.35891    0.034038  -0.39663    1.6413     1.054
 -0.24892   -0.52462   -0.5473     0.51995   -0.23259   -0.62031
  0.99599   -0.18771   -0.47537    0.19462    0.32421    0.21456
  0.299     -0.062864  -0.023748   0.50939   -0.48452   -0.12758
 -0.11095   -0.33037   -0.54183   -0.71236    0.5317    -0.056369
  0.22935   -1.0675    -0.66105   -0.097253   0.63437   -0.8568
 -0.022759  -0.13706    0.060017  -0.72011    0.19016   -0.82567
 -1.0533    -0.14089    0.017517  -0.26795    0.14705   -0.026485
 -1.1735     1.1119    -0.01425    0.61365   -0.5322    -0.34485
  0.71703    0.025351   0.071306  -0.44423   -0.11099   -0.66243
 -0.73192    0.24567   -0.15982   -0.41936    0.67117   -0.34505
 -0.40733   -0.34452   -0.97877    0.60112    0.51267   -0.82521
  0.67951    0.3504     0.21718   -0.27642   -0.23088    0.18827
  0.25639    0.21565    0.41012    0.16866    0.45888   -0.39256
  0.52105    0.77948    0.5259     0.75408  ]"
underpin,"[-4.7433e-01  3.4594e-01 -5.1829e-01 -1.2321e-01 -2.9297e-02 -4.0836e-01
 -7.0461e-01 -7.9394e-01 -3.2328e-01 -2.2316e-01 -4.9223e-01  1.9357e-01
  5.0232e-02 -2.2190e-01 -5.1270e-01  8.5277e-02 -3.0913e-01  4.1010e-01
  2.0693e-02  2.2213e-01  2.4422e-01 -7.3174e-01  4.3873e-01  4.0082e-01
  1.3741e-02 -6.5847e-01 -4.5563e-01 -2.0514e-01 -8.0123e-01  1.5585e-01
 -5.0917e-01 -3.7341e-01 -7.0131e-01  4.2080e-01 -3.6609e-01  1.9090e-01
  7.2673e-01 -9.9857e-02 -3.3212e-01 -5.5992e-01  1.3296e-01 -6.6161e-01
 -6.4685e-02  5.0578e-01 -2.1130e-01  3.8636e-01  7.0972e-01 -3.0862e-01
 -4.6464e-01 -1.0513e+00 -5.7305e-01  8.8627e-01 -1.1980e-02  2.9554e-01
  1.4294e-01 -1.5390e-01  5.6182e-01 -8.2539e-01 -1.4097e-01 -1.9498e-01
 -1.7785e-01 -8.2683e-01 -4.2094e-01  1.7231e-01 -4.1553e-01  8.2036e-01
 -2.9287e-01 -2.7529e-02  3.7670e-02 -1.5257e+00  1.2011e+00  9.1907e-02
  1.3695e-03 -2.6008e-01  2.5526e-02 -3.9205e-01 -1.4595e-01 -4.1681e-02
 -2.2428e-01 -5.0599e-01  1.0245e-01  7.1792e-01 -2.9284e-01  3.8816e-01
  3.7866e-01  3.4158e-01  1.9303e-01  2.7170e-01 -3.3145e-01 -2.9091e-01
 -1.3252e-01  2.7655e-01  1.0883e-01 -7.5676e-01  3.7335e-01 -3.6093e-01
  3.5547e-01 -3.2024e-01  9.3668e-02  7.3556e-01]"
vez,"[-7.2156e-01 -9.7411e-01  6.5462e-01 -7.5620e-02  5.6709e-02  1.6801e-01
  6.2518e-01 -4.8994e-01  1.2174e+00  2.2708e-01 -4.1771e-01 -1.9687e-02
 -2.2643e-04 -5.9894e-01  5.1037e-01 -2.9966e-01 -2.5451e-01  4.5458e-01
  6.4152e-01  1.5287e-01  1.3329e-01 -1.1167e-01 -6.3351e-01  1.6342e-01
  1.1812e+00  3.6887e-01 -6.6631e-01 -8.0975e-01  9.4956e-01 -1.7934e-02
  8.3159e-01  1.2694e-01  8.9938e-02  9.5249e-01 -3.5889e-03  1.1887e+00
  1.0699e+00  8.5103e-02 -1.6280e-01 -1.1407e-01  7.3249e-01  1.7851e-01
 -3.4645e-01  1.1906e-01  9.2550e-01 -3.7160e-01 -7.9569e-01  3.7490e-02
 -7.4004e-01 -1.0576e-01 -1.1736e+00  5.2437e-01  1.3325e-01  1.1921e-02
 -6.8490e-01  9.5388e-02  1.5359e+00  2.9699e-01 -5.7408e-01  4.9591e-01
 -5.6431e-01 -4.8883e-01 -3.9594e-01 -9.7544e-01 -1.3315e-01  8.2835e-01
  2.6179e-01 -2.1283e-01 -9.7602e-01  8.5311e-01  2.9353e-01  5.4836e-01
 -1.7355e-01 -1.0060e+00 -7.0445e-01 -8.4706e-01  1.6279e-02  2.4953e-01
 -8.8726e-01  7.1666e-01  7.5409e-01 -5.8878e-01  8.2212e-01 -5.4349e-01
  4.8074e-01  4.7958e-01 -2.9656e-01 -8.1270e-01  3.8191e-01 -1.2705e-01
  5.9107e-01 -4.0368e-01 -5.8064e-02 -4.0882e-01  7.2459e-02  5.7500e-01
 -9.6455e-01 -1.2589e+00 -4.6845e-02 -1.3925e-01]"
transocean,"[ 0.49942   0.027691  0.24027  -0.47821   0.26653  -1.0966    0.059001
 -0.11214  -0.62683   0.3568    1.0817   -0.11914   1.0661   -0.81845
 -0.51014  -0.80127  -0.42296   0.29339  -0.21731   1.1211    0.25438
  0.36228   0.25444  -0.19927  -0.4673   -0.33051  -1.044     1.0969
 -0.38962   0.098869  0.31681   0.046871 -0.44847   0.67945  -0.66054
  0.9225   -0.062689  0.57709   0.39282  -0.15191   0.44443   0.11079
  0.53681   0.31008  -0.85765   0.39279  -0.87783   0.050266  0.40296
 -0.20387  -0.65049   0.41353  -0.21909  -0.038789 -0.71428   0.35433
  0.33584  -0.27031   0.2467    0.019213 -0.21838  -0.8313    0.85802
  0.49785   0.38478   0.090065  0.29733   0.37724  -0.5953   -0.43246
 -1.0503    0.72667   0.30818  -0.19729   0.083412 -0.38334   1.6468
 -0.62772  -1.1972    0.59812   0.075289 -0.43279   0.024284  1.2458
  0.87223  -0.84054   0.24161   0.89592   0.50926  -0.62754   0.12527
 -0.11573   0.11276  -0.21208   0.77687   1.005    -0.35846   0.081172
 -0.098934 -0.20749 ]"
tompkins,"[ 0.23038   -0.49153   -0.10413    0.02642    0.089241   0.19628
  0.65545    0.75509    0.53166   -0.072954  -0.32061   -0.31025
  0.18077   -0.45935   -0.010768  -0.60287    0.54043    0.77685
 -0.54039   -0.49338    0.36914   -0.21565    0.20008   -0.28797
  0.14234    0.63143    0.19583   -0.057855  -0.19323    0.58211
  0.32775    0.6134     0.46834    0.25271   -0.92712   -0.37763
  0.10441    0.26138    0.33175   -0.24053   -0.010414  -0.50088
  0.07973    0.15298   -0.20777    0.5591    -0.2223    -0.55312
 -0.024098   0.46978   -0.41527   -0.54368    0.21999   -0.12444
 -0.39108   -0.13041    0.76314   -0.40847   -0.89092    0.047823
 -0.4018     0.087031   0.45368    0.69869   -0.25633   -0.46565
  0.65185   -0.090222   0.030925  -0.12625   -0.18368    0.84903
 -0.76394   -0.45814    0.33384   -0.77911    0.40502    0.085006
 -0.14838    0.33679    0.10347   -0.23793    0.24632   -0.64326
  0.61379    0.45479   -0.51267   -0.44904    0.064181  -0.42289
 -0.32643   -0.14215   -0.029934  -0.82683   -0.097042   0.027294
  0.0058656 -0.018242  -0.2704     0.58648  ]"
mutu,"[ 1.0768     0.24098    0.22862   -0.037061  -0.36794    0.65542
  0.2655     0.23482   -0.0062866  0.1373     0.37865    0.77312
 -1.2012     0.25816   -0.015866   0.49269    0.028209  -0.32906
  0.14011    0.51678   -0.77707    0.46134   -0.040096   1.3007
  0.28786    0.4501     0.095076   0.55865   -0.71048    0.13655
 -0.23538    1.1789    -0.2693    -0.12643    0.68002    0.32538
  0.064792   0.36053   -0.83895    0.62411   -0.46477    0.71126
 -0.062384  -0.26168    0.73686    0.62643   -0.50408   -0.295
  0.86687    0.70941    0.96248   -0.36796   -1.6699     0.57717
 -0.93299   -0.16523   -0.88165   -0.16201   -0.18876   -0.10756
 -0.10919   -0.07642   -0.41311    0.99821    0.28583    0.33523
  0.026648  -0.24406   -0.76217   -0.45       0.97948    0.010586
  0.68287   -0.4658    -0.2563     0.1511    -0.26861   -0.10349
  0.22371   -0.020815   0.30245   -0.26863   -0.18129   -0.78095
  0.6169    -0.050483   0.032629   0.56893   -1.0716    -0.56316
 -0.68621   -0.47012   -0.98653   -0.23421    0.04557   -0.35783
  0.65844    0.15431   -0.81988   -0.5304   ]"
interrogating,"[ 0.11528   -0.81028    0.083161   0.41136   -0.27738    0.5522
 -0.77952   -0.091736  -0.07655   -0.072216   0.93044    0.36312
  0.0037105 -0.048415   0.37859   -0.16496   -0.38471   -0.53667
 -0.30393    0.2132    -0.013486  -0.27442    0.2932    -0.80575
 -0.55081   -0.25772    0.42909   -0.04627   -0.23435    0.61484
 -0.17223   -0.69178   -0.23764    0.56276   -0.15581   -0.45097
 -0.82336   -0.20103    0.85585    0.073779  -0.73668   -0.23991
  0.64738    0.56386   -0.22099    0.18005    0.29609   -0.20841
 -0.1684     0.070695  -0.12947   -0.30281   -0.35279    2.0007
 -0.33508    1.0532    -0.027504  -0.079491  -0.39384    0.27891
 -0.39       0.52752    0.61327   -0.19794   -0.24432    0.29631
  0.84238    1.1171    -0.097916   0.83763   -0.51405   -0.49257
 -0.11291    0.20037   -0.44612    0.36926   -0.18531   -0.31226
 -0.71429   -0.55713    0.75982   -0.28891   -0.90859    0.96085
 -0.37259    0.46777    0.86486    0.89452   -0.43996    0.37208
 -0.65259    0.25338    0.35956   -0.38523    0.56035   -0.34307
 -0.25845   -0.42573   -0.46831    0.59351  ]"
lantos,"[-0.44022  -0.45866   0.2573   -0.45706   0.32389  -0.87673  -0.5171
  0.071537  0.41624  -0.2262   -0.50496  -0.13069  -0.42024  -0.19868
 -0.43074   0.55542  -0.38785  -0.17025  -0.62448   0.065642 -0.23633
  0.80568   0.18178   0.23489  -0.37139  -0.044616 -0.39287   0.15351
  0.5706   -0.25395   0.50596   0.096915 -0.14137   0.78336   0.059047
 -0.24249   0.51519   0.40285   1.1782   -0.017572 -0.91876  -0.46161
 -0.1394    0.51601  -0.028387  0.1617   -0.10286  -0.1871   -0.39041
  0.29276  -0.18825  -0.61482   0.47931  -0.82288  -0.41536  -0.047459
  0.40377   0.10542  -0.30827   0.27891  -0.30514   0.054618  0.58686
 -0.52385   0.095434 -0.1153    0.95206   0.99519   0.23016  -0.92849
  0.41314   0.5029   -0.19314   0.38554   0.26704   0.4552   -0.6274
 -0.5004   -1.1839    0.057862 -0.3907   -0.56773   0.58137  -0.37294
  0.53861   0.64237   0.57634   0.3544   -0.12629  -0.98732  -0.7358
 -0.14903   0.735     1.2769    0.97153  -0.025906 -0.24821  -0.22415
 -0.03909  -0.59499 ]"
purified,"[-0.29972    0.48125    0.29825    0.19099   -0.031404   0.44698
  0.58855    0.48914    0.17074    0.6438    -0.10021    0.17793
  0.3832     0.17879    0.27192   -0.11043    0.1765     0.6602
  0.08105   -0.39778   -0.041821  -0.30746   -0.16718    0.3412
 -0.60545    0.48837   -0.40212    0.46434    0.10159    0.76589
  0.25798    0.4165    -0.39964   -0.13273    0.33759   -0.14855
  0.029672  -0.047881  -0.67669   -0.030611  -0.35065   -0.24392
 -0.53621   -0.47719    0.80347    0.59404   -0.50017    0.15231
 -0.13901    0.053497  -0.14878    0.53596    0.62081   -0.24408
 -0.70361    0.25898   -0.37115    0.011624  -0.05279   -0.80257
  0.18842    0.22906    0.012607   0.4314     0.58077   -0.042814
  0.98209   -0.70244    0.38873   -1.1191     0.32286    0.13432
  0.57481    0.34111    0.037795   0.23749   -0.40276   -0.55369
 -0.59603   -0.1436    -0.32523    0.2228    -1.2406     0.81039
  0.0071297  0.71891    0.90864    0.35465   -0.68972    0.10975
 -0.33999   -0.33953   -0.56262    0.061404   0.32656   -0.47078
  0.057797  -0.69899   -0.70995    0.32938  ]"
elevating,"[-0.047159  -0.20703    0.45769    0.85571   -0.02314    0.30231
 -0.63322   -0.61769    0.3038     0.34855   -0.076059  -0.49045
 -0.053414  -0.61142    0.2618    -0.47218   -0.095364  -0.10716
  0.22853   -0.23952   -0.36438   -0.047371  -0.010558  -0.15752
  0.10795    0.076501  -0.36212   -0.17651   -0.2919     0.090992
  0.18446   -0.39194   -0.10218    0.095061  -0.35785    0.0032543
 -0.051852  -0.024295  -0.48579    0.19756   -0.11192   -0.0048672
  0.24223   -0.22861   -0.1977     0.786      0.1032    -0.22272
 -0.5053    -0.28471   -0.0016027 -0.052156  -0.41727    0.51401
 -0.38897   -0.24706    0.76954   -0.034418  -0.070966  -0.22685
 -0.067936   0.084567   0.41572    0.40605   -0.38546    0.21412
  0.51231    0.24638    0.42393   -0.062802   0.20576   -0.3361
  0.16273   -0.080851  -0.10226   -0.043806  -0.17453   -0.40277
  0.5548    -0.46382   -0.51144    0.052569   0.064012   0.14644
  0.048927   0.05428   -0.077102  -0.054997  -0.32363   -0.4072
 -0.29014    0.0071273 -0.40859   -0.17073    0.22933   -0.84292
 -0.0017551 -0.34275   -0.043399   0.23987  ]"
elegantly,"[-0.80705    0.47645    0.24184    0.42761    0.35839    1.3487
 -0.13056    0.38703   -0.30694    0.45496    0.57913    0.16476
  0.11583   -0.18342    0.16186    0.24201   -0.13217    0.53675
 -0.0015369 -0.88775    0.2453     0.030184   0.25553   -0.562
  0.59908   -0.33874   -1.0765    -0.35518   -0.75015   -0.4295
  0.14819    0.027887  -0.6495    -0.33222    0.3696     0.38141
 -0.058707  -0.13504   -0.12992   -0.061834   0.70629    0.13018
 -0.24876    0.34775   -0.057739   0.029192  -0.13139    0.57241
  0.47745    0.28301   -0.12402   -0.75531    0.96903    0.30479
 -0.73853   -0.20887    0.22051    0.56575   -0.45893   -0.27314
  0.10342    0.11963   -0.036578   0.075649  -0.18732   -0.91379
  0.39658   -0.17777   -0.073611  -0.33839    0.55421   -0.017381
  0.062516  -0.076386   0.36437   -0.19607   -0.32744   -0.13933
  0.29577   -0.52377   -0.58205    0.12013   -0.11753    0.19784
 -0.64266   -0.61571    0.26574   -0.095646  -1.0075    -0.55306
 -0.02992   -0.39658   -0.097953  -0.40552    0.14402   -0.2184
 -0.59257   -0.44611   -0.48983    0.19395  ]"
gustaf,"[-0.4577     0.21092   -0.026084   0.26014    0.066652  -0.28279
 -0.16257   -0.022614  -0.66627   -0.46302   -0.21745   -0.075194
 -0.67694    0.9465     1.2868    -0.15654   -0.37403   -0.68632
 -0.96777   -0.35374   -1.6612    -1.0009     0.66822    0.89801
  0.95842   -0.58984   -0.092171   0.47518    1.311     -0.61283
  0.095748   0.016352   0.41929    0.67454   -0.54202    0.24797
 -0.29084    0.30767   -0.30535    0.023731   0.93121    0.96592
  0.030762  -0.27283   -0.58523    0.035213   0.031853  -0.0069016
  0.38814    1.078      0.75421   -0.3908     0.8631    -0.22948
 -0.66899    0.47078   -0.47677    0.81953   -0.099605  -0.59968
  0.25183   -0.18308   -0.45124   -0.14366   -0.64747   -0.60936
 -0.65833    0.57707   -0.14188    0.024024   0.63683   -1.3217
 -0.13078    0.15763   -0.13296    0.64898   -0.25542   -0.17883
  0.59365    0.69879    0.24844   -0.67608    0.15785    0.59793
 -0.25731   -0.90403   -0.61072   -1.2146    -0.36368   -1.0838
  0.39207   -0.67515    0.32624    0.25596    0.35078   -0.6776
 -0.71514   -0.40065    1.0031    -0.78099  ]"
roi,"[-0.3317    -0.92863   -0.29415   -0.61354   -0.19635   -0.34161
  0.30017    0.43854    0.33854    0.22506   -0.056435   0.73952
 -0.51935   -0.13342   -0.067947  -0.19796    0.12704   -0.73771
 -0.7043     1.0705     1.1257     0.026091  -0.57904   -0.28527
  0.29097    0.27251    0.1728    -0.48095   -0.011047  -0.04347
 -0.54002   -0.43216    0.51199   -0.15814    0.14876    0.30901
 -0.21657    0.74354   -0.99592   -1.311      0.67592    0.20096
 -0.68979    0.12245   -0.47306    0.40552   -1.4466     0.086202
 -0.044804   0.11865   -0.091892   0.65544   -0.33231   -0.41617
 -0.63899   -0.16688    0.55111   -0.34183   -0.67137   -0.22283
 -0.17364   -0.83353    0.023428   0.40222   -0.074214  -0.068804
 -0.69748   -0.79104    0.50142    0.68339    0.2481    -0.089552
 -0.31952   -0.20608   -0.45184   -0.58495   -0.020843   0.069282
  0.12499    0.45813    0.12424    0.33439   -0.10119   -0.84081
 -0.11989    0.17772    0.48553   -0.89041   -0.0067816 -0.79863
  0.022452  -0.68708    0.037412   0.72726    0.27669   -0.091064
 -0.35174   -1.2167     0.42621   -0.25337  ]"
urn,"[-0.58631    0.97622    0.05014   -0.21527   -0.39203    0.89086
 -0.15771    0.21662   -0.21163    0.17768   -0.0040764  0.29224
  0.48805    0.30619   -0.14054    0.09685    1.1575     0.35317
  0.48145   -0.43474   -0.50463   -0.32038   -0.087436   0.42264
  1.1158     0.20979    0.56043    0.58173   -0.56991   -0.11062
  0.21285   -0.4378     0.11735    0.16411    0.2558    -0.18177
 -0.077947   0.76107   -0.563     -1.0305    -0.13592   -0.33266
  0.70185   -1.1744     0.44361   -0.16447   -0.11986    0.56158
  0.21914   -0.014592   0.27285    0.1285     0.59716    0.57755
 -0.62276   -0.29768   -0.78075   -0.50275    0.12211   -0.13528
 -0.1342    -0.044956   0.0039148  0.79681   -0.11519   -0.096155
  0.47193   -0.41431   -0.4829    -1.2756     0.0070492  0.35363
  0.57143    0.10815   -0.70993    0.36333    0.087618  -0.43691
 -0.26595   -0.22253   -0.29935    0.74123    0.65294   -0.33898
  1.1335    -0.41516    0.64024   -0.51613   -0.28388    0.26045
 -0.38361   -0.022622   0.61883    0.29422    0.44211   -1.0223
  0.22796   -0.077638  -0.55031    0.40774  ]"
confucian,"[ 0.19666    0.55514    0.20673    0.69922   -0.5938     0.8005
 -0.53859   -1.0434    -0.082035   0.5841    -1.05       0.61755
  0.40492    0.38554   -0.80048   -0.5245     0.42117   -0.39847
 -0.46625   -0.046182   0.11459   -0.25524    0.18809   -0.032364
  0.019099  -0.23053   -0.28342    0.12109   -0.60114   -0.021798
  0.0043649  0.10719   -0.18674    0.12174   -0.32795    0.18305
 -0.16717    0.18187   -0.21034   -0.43273   -1.23       0.059582
  0.10167    0.091352  -0.14392   -0.68146    0.63417    0.62377
  0.10749    0.19666    0.019948  -0.30821    0.29244   -0.72859
 -0.30971   -0.34672    0.21606    0.060986   0.61126    0.089621
 -0.19779   -0.12826   -0.044119   0.99957   -0.62128    0.18263
 -0.62544    0.16899    0.23871   -0.077332  -0.46647    0.39371
  0.8146     0.3919    -1.5389     0.48522    0.048429  -0.018527
  0.22224   -0.69366   -0.65426    0.43661    0.27658    0.1511
 -0.46235    1.4363    -1.3249    -0.34224   -0.23607    0.021508
 -0.02255   -0.21904   -0.018464   0.075439  -0.069499  -1.0171
 -0.47567   -1.7404    -0.25277    0.85106  ]"
spitfire,"[ 0.19965   -0.06476   -0.27151    0.20864   -1.0176    -0.33544
  0.97815   -0.47359   -0.38586    0.83703    0.80402   -0.45793
 -0.20547   -0.11908    0.72272   -0.0041965  0.72995   -0.52084
  1.1207     0.76991    0.53486   -0.7837     0.5324     0.2322
  0.80634    0.21678   -0.22192   -0.020625  -0.18971   -0.40834
  0.30504   -0.12481   -0.04812    1.1237    -0.23972    0.71189
 -0.21443   -0.13168    0.99042    0.1399    -0.24966    0.57798
 -0.27464    0.12084    0.70936   -0.46349    0.34694    0.067807
  0.20954   -0.31349   -0.75737    0.94285   -0.071503   0.78474
  0.27186   -0.071132   0.62555    0.48775   -0.15021   -0.23167
  0.56298    0.82712   -0.033095   0.42139   -0.3636    -0.45565
 -1.2378     0.42793   -0.31288    0.024054  -0.077337  -0.717
  0.16513    0.42717    0.93623    0.013304   0.085984   0.411
 -0.053492  -0.26803   -0.64972   -0.6443     0.49041    0.60554
  0.4256    -0.47152   -0.043982  -0.24375   -0.20592   -0.34301
 -0.91972   -0.10166    0.085273   0.45001   -0.034254  -0.1746
 -0.23142    0.21933   -0.073424   0.0582   ]"
202-887-8316,"[ 3.1172e-01 -5.4840e-01 -2.0811e-01 -5.4603e-01  1.4499e+00 -1.3506e+00
  1.8030e-01 -2.7397e-01 -8.2081e-01 -6.3370e-01 -5.6785e-01  4.0333e-01
 -3.1340e-01 -6.2081e-01 -1.4323e+00 -2.1669e-01  1.3389e-01  5.5435e-01
 -1.5492e-01  9.0888e-02  3.6837e-02  5.4939e-02  9.0641e-01 -8.6937e-01
 -2.1009e-01 -1.6987e-01  9.0562e-01 -4.4376e-01  6.2949e-02  4.6101e-01
 -7.5703e-01  9.5124e-02 -2.7456e-05  6.4432e-01 -4.0750e-01  1.1806e-01
  1.9890e-01  4.1228e-01 -4.6102e-01  7.8319e-02  7.2041e-02  3.2127e-01
 -2.4440e-01  5.0463e-01 -3.1011e-02  4.3123e-01 -2.3226e-01 -4.1493e-01
 -4.5371e-01  1.4865e-02  1.4269e+00 -8.1444e-01 -9.0916e-02 -7.9953e-01
 -4.7879e-03  5.0854e-01 -9.3773e-01  9.4684e-01 -7.7486e-01  1.0461e+00
  1.5342e+00 -9.5439e-01 -2.2337e-01  1.1110e+00 -8.9133e-01 -1.3382e+00
  1.1521e+00  9.8063e-01  1.0054e+00  6.0022e-02 -7.5150e-01  3.1219e-01
 -4.9588e-01  4.3272e-01 -1.2664e+00 -5.0612e-01 -5.3096e-01  5.8055e-01
  7.2920e-02 -1.0402e+00  5.8158e-01 -3.5682e-02  3.6974e-02 -1.0818e+00
  7.4444e-01 -7.6524e-01 -6.5154e-01  6.6032e-01  3.7705e-01 -7.4441e-01
  5.3847e-01 -1.9602e-01  1.4742e+00 -3.9408e-01 -4.0059e-01  7.4595e-01
 -7.3871e-01  3.8534e-01 -7.5425e-01  3.7767e-01]"
identifier,"[-0.50723   0.030067  0.99343  -0.42255  -0.22544  -0.01075  -0.99101
 -0.12486   0.42112  -0.062958  0.33435  -1.3347    0.51336  -0.59312
  0.44825   0.3575    1.8027    0.50075  -0.55091  -0.42801  -0.64525
 -0.10499  -0.91038  -0.30933   0.58623  -1.0178    0.66429   0.63713
 -0.26915  -0.55247  -0.11177   0.21272   0.24219   0.66144   0.69236
 -0.022954  0.15652   0.3888    0.71266  -0.39817   0.62277   0.38191
  0.60889   1.274     0.21931   0.81633   0.24019   0.1501   -0.56854
  0.033845  0.84082   0.3136    0.31803   0.49278   0.098975 -0.02029
  0.44647  -0.41722   0.88566   0.13763   0.063134  0.077809  0.7068
  0.14068   0.20479  -0.88797  -0.48561  -1.1977    0.44428   0.3489
 -1.4233   -0.42704   0.17202   0.30043   0.64821  -0.31406  -0.39567
 -0.59087  -0.5527   -0.2627   -0.30012  -1.2017   -1.3145   -0.94888
  0.317     1.0827    0.40228  -0.52164  -0.33517   0.69458  -0.25269
  0.95126  -0.63158  -0.38179   0.9754    0.62551   0.38799  -0.29322
 -0.79924  -0.30396 ]"
pecan,"[-0.32925    1.0557    -0.070469   0.65679    0.15864    0.028721
  1.0453    -0.038191   0.94211   -0.16531   -0.24406    0.32959
  0.68941    0.08424   -0.46148    1.0952     0.70008   -0.80493
  0.15972    0.21647   -0.63693    1.046      0.72361    0.22288
  0.27686    0.78239   -0.14612   -0.41556   -0.22964   -0.60797
 -0.029423   0.020749   0.86008   -0.36235   -0.35076    0.03496
  0.17383    0.74773    0.18525   -1.0744     0.2772    -0.74498
 -0.55657   -0.75355    0.10866    0.28081    0.12462   -0.25787
 -0.23179    0.16009   -0.2603    -0.6813    -0.52186    0.20836
 -0.46076    0.30719    0.83026    0.42823   -0.006251   0.21739
  0.11431    0.49342    0.091029  -0.55276   -0.64129   -1.3531
  0.45169    0.28752   -0.38148   -0.59562   -0.31945    0.41708
  0.36653   -0.10568    0.39129    0.21948    0.33385    0.036323
  0.69422    0.92347    0.2084    -0.60361    0.21999    0.50376
  0.4118    -0.37491    0.2273    -0.42557    0.48887    0.30932
 -0.41721    0.62792   -1.1687     0.30805   -1.2644    -1.4182
  0.36535   -0.0035095  0.62298   -0.2488   ]"
nurseries,"[ 0.11154    0.92212   -0.73483    0.15337   -0.066985   0.36711
 -0.18556    0.17108   -0.24615    0.073173  -0.71858    0.21506
  0.31777    0.22536    0.11202   -0.19915    0.80719    0.76857
 -0.2003     0.78202   -0.60722    0.53669    0.33498    0.10984
  0.37262    0.2038     0.50282    0.26531   -1.0629     0.7521
 -0.29927   -0.52312    0.7148    -0.39055    0.13732    1.0036
 -0.66628   -0.46635   -0.27628   -0.85731    0.24259    0.38603
 -1.1148    -0.20261    0.3091     0.074867   0.26136    0.097916
  0.60122   -0.30768   -0.45354   -0.86907   -0.26375    0.0060412
 -0.40335    0.72076    0.095753  -0.38099   -0.0061042  0.074884
 -0.013126   0.084951   0.93697    0.79962    0.57873    0.071995
  0.070072   0.01664    0.7836    -0.29785   -0.32623    0.014244
 -0.18563   -1.01      -0.12747    0.12481    0.67649   -0.083429
 -0.14911    0.19144    0.48952   -0.32594   -0.83698    0.67948
 -0.0056474  0.0065333  0.76816   -0.10615   -0.33653    0.78495
  0.19172   -0.03615    0.71467   -0.010158  -1.3086     0.19552
  0.26414   -0.13665    0.24398    0.57936  ]"
entrees,"[-0.61892   0.86016   0.33976   0.42732  -0.059215 -0.019261  0.77512
  0.58833  -0.64596  -0.20655  -0.11857   0.24697   0.76307   0.27983
  0.90764   0.064925 -0.72724  -0.33689  -0.94882   0.79095  -0.4196
  0.14447   0.22925  -0.08651   0.18903   0.71443  -0.6304    0.12042
 -0.49342  -0.82339   0.081435 -0.046475  0.064186 -1.2592    0.16418
  1.3611    0.37037   0.030671 -0.12749  -0.43839   1.3794   -0.16278
 -0.67714  -0.49369   0.67008  -0.043763 -0.87334  -0.92382   0.12002
  0.11489   0.4751   -0.024329 -0.33695  -0.53069  -1.3566    0.18553
  0.29634  -0.039245  0.29765   0.65592  -1.0722    0.90175   0.63152
  0.17575  -0.22538  -0.90621  -0.054668 -0.12507   0.13406  -0.41168
  0.10623  -0.33455   0.41061   0.47385  -1.3359   -0.26807  -0.62038
  0.34977   0.69657  -0.25831  -0.21622  -0.43162   0.42349  -0.38827
  0.10676  -0.24763   0.16108   0.38225  -0.37526  -0.59969  -0.31809
  0.70141  -0.24596  -0.92934  -1.3942   -0.038357  0.11619  -0.6772
  1.1923    0.45173 ]"
1540,"[ 3.2347e-01 -9.6098e-01 -2.0037e-01  4.4897e-01 -8.6609e-01  7.3698e-01
  4.3856e-01 -5.0232e-03  3.0628e-01 -6.3440e-01  1.3983e+00 -1.6952e-01
 -4.0253e-01 -6.4164e-01  4.3091e-01 -5.1865e-01 -1.4602e-01 -7.9611e-02
 -4.0839e-01 -3.0949e-01 -4.1501e-01 -4.0998e-01  8.1134e-01  2.6814e-01
  3.9978e-02 -3.3276e-01 -2.0115e-01  7.5835e-02 -1.3420e-03  5.8300e-01
 -1.6445e-01 -2.0495e-01  2.4850e-01 -6.3580e-01 -6.1549e-01  2.8377e-01
 -4.8760e-01 -1.7353e-01  8.9670e-02 -2.3736e-01 -8.5363e-02 -9.4749e-03
  9.6703e-02 -6.1082e-02 -5.5151e-01 -1.0250e+00  3.7668e-01 -6.8685e-01
  5.2050e-01 -1.8291e-01 -7.9254e-01  4.1987e-01  2.3209e-01 -3.5704e-03
 -9.2301e-01 -6.0536e-02 -2.0284e-01 -5.2904e-01 -5.0937e-01 -3.6574e-01
 -5.3237e-02  4.0168e-01 -2.1184e-01 -3.3304e-01 -4.7794e-01 -7.0648e-01
 -6.2142e-01 -7.1219e-01  2.6319e-01 -4.7723e-01  5.4877e-01 -2.5547e-01
  6.9541e-01 -4.3374e-01 -3.4198e-01 -6.9920e-01  4.8419e-01  1.9290e-01
 -1.0070e+00 -1.1889e-01  4.1975e-02 -6.0719e-01  4.7968e-01  3.5822e-01
  7.0954e-01  4.2495e-01  6.9803e-01 -9.2339e-01  1.0968e-01 -3.3701e-01
 -2.8172e-02  4.7066e-01  2.5493e-01  7.6209e-01 -4.4231e-01 -5.3406e-02
 -1.7531e-01 -4.6091e-01 -3.6350e-01 -5.5402e-01]"
formula_13,"[-2.8131e-01  5.8017e-01  3.8651e-01  1.0289e+00  1.5423e-01  5.5773e-01
 -5.6260e-01  7.6285e-01 -6.7047e-01  5.0594e-01 -5.7098e-02 -6.4454e-01
  4.0671e-01  5.9821e-01 -2.2467e-01  1.1570e-01 -1.0799e+00  1.1093e+00
  3.0549e-01 -4.6233e-01 -1.5341e-02 -8.7295e-01 -9.1647e-02 -1.0173e-01
  2.3592e-01  9.5932e-02  6.7810e-01 -3.4920e-01 -8.4255e-03 -1.0970e+00
 -4.7393e-01  6.5218e-01 -1.0756e-01  7.2974e-01  3.6864e-01 -1.7013e-01
  4.1534e-01  8.0473e-02  8.2243e-02 -1.0761e+00  5.4840e-01 -3.9768e-01
  1.5569e-01  2.2504e-01 -3.9170e-01 -8.1483e-02  3.1361e-01  6.8348e-01
 -8.3123e-01  7.1499e-01  1.0355e+00 -2.5427e-01  9.3390e-01  6.7855e-01
  2.8512e-01  1.2962e-01 -5.1393e-01 -6.1314e-04 -2.6801e-01  4.5926e-01
 -2.3885e-01 -6.6646e-01 -4.7387e-02  2.9296e-01  1.4225e+00  7.6052e-01
  7.5152e-01  2.9020e-01  8.6198e-01  4.4397e-01 -9.5322e-01 -2.7578e-01
  3.2199e-01 -5.1488e-02  8.1705e-01 -2.1687e-02  6.8074e-02 -8.1307e-01
 -4.8663e-01 -3.8668e-01 -4.5010e-01 -5.7885e-01 -2.0865e+00 -3.8658e-01
  4.3674e-01  8.7486e-01  5.5174e-01 -9.5310e-02  3.6249e-02 -5.9033e-01
 -1.4839e+00  6.4649e-01 -1.5643e-01 -5.6213e-02 -2.2160e-01 -7.3643e-01
  9.2354e-01  5.9284e-01 -7.3230e-01  3.9172e-01]"
propellant,"[-0.55408    0.41933   -0.45196   -0.19183   -0.34052   -0.279
  1.002     -0.099042   0.11185    1.0917    -0.042877  -0.23252
 -0.74969    0.49475    0.22733   -0.3388    -0.50325    0.76466
  0.42376   -0.59184    0.11635   -1.1629    -0.98718   -0.059813
 -0.25024    0.27767   -0.066525   0.74799   -0.0098819  0.39447
 -0.32442   -0.25169   -1.4015    -0.61066    0.2457     0.2483
  0.95965   -0.097301  -0.013464   0.43306    0.23307   -0.81592
 -0.22993   -0.12352    0.72964   -0.044519   0.35971   -0.39365
 -0.18119    0.4681     0.57027    0.086032  -0.10078    0.60965
  0.056916  -0.15953   -0.18505    0.41345    0.36658   -0.14738
  0.58402   -0.45051    0.36191    1.8206     0.35005   -0.0060008
  1.1758    -1.1024    -0.87802   -0.13713    0.097576  -1.025
  0.5816     0.24479   -0.64648   -0.046462   0.046632  -0.65513
 -0.39373    0.15809    0.035629   0.70871   -0.75474    0.21998
 -0.072325   0.16166    0.80657    0.21099    0.093108   0.56935
 -0.53631    0.59887   -0.19772    0.5319     0.56736   -0.084009
  0.48737   -0.10177    0.76516    0.20043  ]"
loath,"[-7.4324e-01  1.0872e-01  9.7175e-02  1.4618e-01 -6.6440e-01  2.9602e-01
 -1.3615e+00  1.3855e-01  7.2508e-01 -4.7346e-01 -2.5253e-01  7.4584e-01
  4.2140e-01 -2.8416e-01 -5.8277e-01 -4.2441e-01  1.9580e-01  2.3541e-01
  5.2133e-01  2.1526e-02  1.4416e-01  3.2610e-01  3.0299e-02 -1.0082e-01
 -5.0569e-01 -1.1193e-01 -4.7078e-02 -3.6471e-02  3.4197e-01 -3.0440e-01
  2.2859e-01  9.5470e-02 -2.3487e-01  1.0666e-01  2.9917e-01  9.9038e-01
 -1.0359e-01 -3.9737e-01  9.8062e-02  1.5623e-01 -7.1630e-02  3.1467e-01
 -1.4282e-01 -1.6926e-01 -7.1287e-01 -2.9444e-01  1.0328e+00  3.8030e-01
 -6.2129e-02 -5.4880e-01 -6.5241e-02 -5.1082e-01 -6.9206e-02  2.8158e-02
 -2.4756e-02 -4.0369e-02  6.5567e-02 -2.3797e-01 -2.8130e-01 -7.5326e-04
  1.4726e-01  5.6516e-02 -2.6964e-01 -3.1273e-02  1.1258e-01 -5.2163e-01
  3.3567e-01  5.3518e-01 -2.9922e-01 -3.7541e-01 -1.9126e-01 -1.0939e+00
 -2.5189e-01 -1.5356e-01 -1.1782e+00 -5.4277e-01 -2.2335e-01 -1.0288e-01
  9.3843e-02 -2.5329e-01 -1.2189e-01 -4.4695e-01 -4.2431e-01  9.3030e-02
 -1.0139e+00 -1.7794e-01  3.4657e-01  6.8815e-01 -3.7259e-01 -3.6092e-01
 -4.1889e-01 -3.5745e-01 -4.4652e-01 -8.1620e-01 -2.3367e-01 -3.9533e-01
 -1.4109e-01 -3.7246e-01 -1.7772e-01  1.5911e-01]"
mons,"[-0.45002   -0.51475    0.41417    1.0161    -0.43881    0.31356
  0.26168   -0.21895    0.59821   -0.38747   -0.18466    0.18655
 -0.37756    0.95133   -0.10721   -0.62482    0.74598   -0.29864
 -0.22324   -0.30475    0.16297    0.44681   -0.60147    1.1258
  0.26992    0.089579   0.39696   -0.30201    0.04878   -0.10872
 -0.33908   -0.88317    0.40972   -0.086529   0.68703    0.01452
  0.63145    0.052639   0.72027   -0.72345   -0.20243    0.49268
 -0.58299   -0.30464   -0.067059   0.65702    0.48475    0.12443
 -0.3651     1.0788     0.12203    0.065287  -1.3418     0.51934
 -0.43168   -0.12923   -0.13911   -0.50359   -0.72505    0.15926
  0.40123    0.37418   -0.13427    1.0113    -0.34182   -0.41122
 -0.731     -0.28168    0.1695     1.0339     0.075606  -0.70487
 -1.0578    -0.3593    -0.70497   -0.25339    0.76426   -0.42321
 -0.11691    0.33651   -0.4302    -0.75455    0.046865   0.15044
 -0.0097338 -0.58505    0.40209    0.33561    0.36254    0.30212
  0.25189    0.43002   -0.22725    1.0064     0.4924    -0.064144
 -0.58719    0.09912    0.007755   0.16065  ]"
budgeting,"[-2.9844e-01 -2.1294e-01  5.7282e-01 -5.5645e-01 -1.6870e-01  3.6752e-01
 -6.7316e-01  7.4940e-01 -1.1336e-01  7.9628e-01 -1.6179e-02  1.7672e-01
  1.1894e-01 -3.5299e-01 -1.0758e-02 -6.3454e-03 -1.9866e-01  4.0657e-01
  7.7212e-01  2.8987e-01 -9.0072e-01 -1.8902e-01  2.1419e-01 -6.6991e-02
 -1.1235e+00  1.1257e-01 -2.2606e-01  2.3144e-01 -1.0900e+00 -2.6076e-01
 -5.6876e-01  2.0000e-01 -1.9192e-01 -6.0097e-01 -4.8512e-01  2.0109e-01
 -7.1435e-01  2.2678e-02  2.0395e-01 -4.0367e-01  2.8714e-01 -2.0721e-01
 -2.2039e-01  1.1845e-01 -1.2229e+00 -4.7794e-01 -1.2306e-01 -9.1217e-01
 -7.8321e-01 -2.9855e-01 -1.0011e-01 -2.1340e-01 -3.7545e-01  5.6740e-01
 -1.5106e-01 -1.1310e-01  1.1208e+00  5.4531e-02  8.8883e-03  4.3465e-02
  1.9961e-01 -4.0547e-01 -3.2494e-01 -5.9413e-02 -3.0515e-01 -6.4508e-01
 -4.7023e-01 -3.8352e-01  6.2146e-01 -2.5098e-01 -1.7402e-01 -4.8484e-01
  3.9742e-02  8.6485e-02 -7.0929e-01 -3.3252e-01 -3.0387e-01  6.9762e-01
 -7.1059e-04 -4.8494e-02  1.6207e-01  8.6246e-01 -1.9134e-01  3.6376e-01
 -6.5948e-01  9.2206e-01  2.1861e-01 -2.9900e-01 -5.1974e-01 -7.2857e-01
 -9.9550e-02  1.3323e-01 -2.3896e-01 -1.1614e-01  4.9100e-01 -1.8725e-01
  1.0553e+00 -4.1241e-01  5.7123e-01  4.4082e-01]"
woolsey,"[ 3.5898e-01  3.4018e-02  5.5291e-01 -5.0060e-01 -7.7956e-02 -1.0007e+00
 -3.9642e-01  3.0754e-01  2.5068e-01  5.7206e-01  2.9926e-01 -9.7492e-04
 -4.2691e-01  6.2094e-01  1.1774e-01  3.5953e-01  7.6848e-01 -3.1556e-01
 -3.2628e-01  2.7078e-02 -2.9132e-01 -3.6247e-03  3.9056e-01 -3.5548e-01
 -6.6589e-01  2.2359e-01 -4.6569e-01  5.2411e-01  1.5422e-02  6.6658e-01
  9.0469e-01 -6.2774e-02 -1.2751e-01 -1.1461e-01 -2.3517e-01  5.7512e-01
  2.0802e-01  4.3569e-01  8.3701e-01  6.8586e-02 -5.0904e-01 -2.4748e-01
 -6.3677e-01  4.3065e-01  4.7154e-01  7.0530e-01  2.3831e-01 -5.0783e-01
  3.3673e-01  4.3188e-01  3.4162e-01 -7.1299e-01  1.6092e-01 -5.8094e-02
 -1.8312e-01 -4.1610e-01  8.7605e-01 -3.9629e-01 -9.8161e-01  1.8190e-01
 -5.7073e-02  2.9580e-02  7.1305e-01 -1.8575e-01 -3.9034e-01 -6.5086e-01
  9.0530e-01  8.0430e-01  1.6593e-01  3.8331e-01  2.5882e-01  3.8096e-01
 -3.1710e-01 -1.7071e-01 -1.2367e-01 -4.4701e-01 -4.8680e-01  5.3104e-02
 -2.4118e-01  1.8773e-01 -4.2914e-01 -8.8877e-01  1.8406e-01 -4.7057e-01
 -3.4127e-01  5.9929e-01  3.1860e-01  2.2971e-01 -4.7408e-01 -2.6659e-01
 -1.4011e-01 -1.5637e-01 -2.8060e-01  5.5162e-01  6.9573e-01 -4.0644e-01
  1.2809e-01  3.2962e-01 -1.0799e+00  2.1304e-01]"
azr,"[-0.7195   -0.042823 -0.27037  -0.44343  -1.1157   -0.78745   0.13388
 -0.079526 -0.81608  -0.48587   0.47979  -1.2159   -0.67604   0.90372
 -1.0231   -0.15086  -1.3012   -0.33055  -0.22438   0.86756   0.22837
  0.11992  -0.95087   0.92808   0.87658  -1.4287    0.54184  -0.23064
 -1.4494   -0.21981  -0.48618  -1.1304    0.68568  -0.087401  0.5066
 -0.45103  -0.86332  -0.69275  -0.018219  0.1397   -0.42469   0.11762
 -0.5278   -0.71419  -0.14073  -0.033553 -1.2939   -0.43474   0.34685
  0.80318   1.221    -0.31747   0.67346   0.31932  -0.81884  -0.27814
  2.0552    0.42315  -0.96829  -1.5791   -0.28023   0.48963   0.15903
  0.056377  0.23161   0.27985   0.81055   0.74019   0.032875 -0.31519
  0.069556  1.3272   -0.15847  -0.55809  -0.16928  -1.3025    0.67132
 -0.24353  -0.54626  -0.87193  -0.19284  -1.1484    0.8852   -0.40247
  0.20831   0.53829  -0.34698  -1.5628   -1.0285   -0.25392   0.52368
  0.53156   0.25156  -1.2841   -0.041873  0.32996  -0.44428  -0.52029
  0.1294   -0.193   ]"
vadim,"[ 0.077822   0.25026   -0.69207   -0.64862    0.3619    -0.10297
 -0.31176   -0.10923   -0.78305    0.56257    0.19247    0.3884
  0.16937    0.25094    0.23531    0.017342  -0.19444    0.43003
 -0.06973   -0.042803  -0.90307    0.012794   0.24434    1.1139
  0.34788    0.32453    0.52379    0.48508    0.33056    0.30947
 -0.4844     0.10321   -0.35331    0.032078   0.51729    0.27994
  0.66314   -0.1196     0.21642    0.31982    0.70978   -0.19178
 -0.39067    0.57674    0.26649   -0.87721    0.0052691  0.12686
 -0.75331    0.23087    0.32029    0.065316  -0.23672    0.69648
 -0.27799   -0.16505    0.21961    0.92036   -1.0242    -0.10038
  0.64632   -0.38759    0.043482   0.82613    0.40909   -0.10375
  0.31902    0.34653   -0.74896   -0.093466   0.71383   -0.26797
 -0.12906    0.035652  -0.32234   -0.059141  -0.088886  -0.29276
  0.10878   -0.5301     0.35569    0.62978    0.044398   0.46927
  0.093374  -0.18575   -0.79436    1.153      0.27431   -0.17975
  1.5624    -0.67792   -0.10807    0.31914    0.061909   0.072841
 -0.13479    0.21724   -1.6636    -0.55218  ]"
telecasts,"[ 0.050114  -0.17863   -0.022767  -0.70774   -0.39363   -0.21605
  0.23332    0.41029   -1.0984    -0.30134   -0.34263   -0.1866
  0.52337   -0.4182     0.22848   -0.51182    0.063267   0.29277
  0.44179    0.26893   -1.0569     0.37538   -0.0063466  0.21541
  0.87748   -0.7831     0.56094    0.91476   -0.010741   0.39428
  0.26665    0.31449   -0.52355    0.66581    0.20901    0.42137
 -0.18166    0.37445   -1.0532     0.21172    0.47298    0.32554
 -0.70079    0.44899   -0.1536    -0.27942    0.3563    -0.92541
 -0.0069459 -0.68828   -0.6935    -0.2054     0.30901    0.18501
  0.35909   -0.20043    0.12561    0.49208    0.40228    0.83087
 -1.101      0.8576     0.3202    -0.73656    0.10438    0.08182
  0.068836  -0.56978   -0.14596    0.20612   -0.011979  -0.73244
  0.2313     0.24295   -0.28498    0.060719   0.18929    0.66665
 -0.18136    0.051449  -0.45525   -0.67205   -0.2009     0.15631
 -0.09171    0.21235   -0.92158    0.62376    0.2702     0.68218
 -0.085696   0.41894   -0.31073   -0.1773    -0.20447   -0.58473
  0.0018695  0.67182    0.59137    0.64322  ]"
paves,"[ 0.26129    0.039439   0.59417    0.41915    0.57649   -0.26036
 -0.36418    0.26559   -0.01965   -0.14      -0.86074    0.25251
  0.44869   -0.64236    0.26473    0.36219    0.23505    0.18411
  0.03496    0.62763    0.16095   -0.63481    0.037066   0.12866
  0.47627   -0.013069  -0.048768   0.32058   -0.52161   -0.75371
 -0.79502    0.15934   -0.059504  -0.41689   -0.059211   0.43664
  0.23365   -0.66518   -0.56003   -0.1564    -0.16988    0.21524
  0.12659    0.11915   -0.83916    0.24305    0.30156    0.09697
  0.0067909  0.3248    -0.019541  -0.096101  -0.24287    0.43772
 -0.88473    0.01085   -0.044773   0.089376   0.10442   -0.10164
 -0.25632   -0.74058    0.3335     0.51886   -0.10041    0.25228
 -0.38009    0.42352   -0.8565    -0.89237    0.72293   -0.74515
 -0.47647   -0.30882    0.51146   -0.14449   -0.17582    0.040189
  0.014347  -0.26442    0.06667    0.44377    0.63845   -0.0031753
  0.068603   0.16982    1.2464     0.26072    0.19749   -0.80667
 -0.20514   -0.16702   -0.63236    0.44071    0.37762   -0.011122
  0.67994    0.11963   -0.12001    0.53396  ]"
behaves,"[ 0.12771   0.68247   0.74998  -0.23448  -0.031693  0.51231  -0.079265
  0.17066   0.44347   0.14641  -0.61469  -0.20436   0.18412   0.1928
  0.066556  0.046622 -0.66438   0.45988   0.62908   0.025572  0.037902
 -0.25508  -0.014402 -0.14702  -0.15469   0.30539  -0.48788  -0.01585
 -0.028173 -0.073861 -0.12885   1.3596   -0.51698  -0.42333   0.71288
  0.64543   0.010047 -0.32946  -0.03217  -0.48077  -0.048499  0.3429
 -0.21669  -0.13893  -0.84924   0.067232  0.48213   0.60339  -0.17915
 -0.018191  0.12166  -0.40687   0.93624   0.54938  -0.59878   0.071778
  0.13461   0.01216  -0.42627   0.15904   0.11701   0.35056  -0.035582
  0.28252   0.18891   0.56952   0.37422  -0.38559  -0.071776  0.50049
  0.18507  -0.91016   0.69298   0.074464  1.1989   -0.88862   0.11844
 -0.86952   0.62049  -0.25112   0.19829   0.18055  -0.49377   0.42616
  0.27496  -0.019483  0.071546 -0.45359  -0.66415  -0.37022   0.40502
  0.15221  -0.28418   0.088463  0.75459   0.28887   0.054666 -0.37029
 -0.24931   0.10709 ]"
keppel,"[-0.18986  -0.27298  -0.36217   0.43518   0.29936  -1.4753   -0.68618
  0.38031  -0.58929  -0.36848   0.5       0.86091  -0.40423  -0.2891
  0.45329  -0.78823  -0.53634  -0.13442  -0.16012   0.80843   1.0992
 -0.74937   0.40329   0.25301   0.52044  -0.20254  -0.26608   0.15261
 -0.4012    0.40902  -0.78786  -0.113     0.34228   0.35751  -0.082956
 -0.32146  -0.17111   0.13998   0.18761  -0.64384  -0.074015 -0.27379
 -0.041409  0.50739  -1.3055    2.0221   -0.49933   1.2416    0.46585
 -0.21722  -1.2456   -0.20449   0.71288   0.36469  -0.46928   0.38504
 -0.045432 -0.60053   0.31589  -0.33714   0.18163  -0.79214  -0.95091
  0.24182  -0.41038   0.055255  0.20689   0.62233  -0.060133  0.31906
 -0.43824   0.73993   0.49213  -0.66444  -0.40874  -0.43566   0.48162
  0.31015  -0.30176   0.98551   0.34894   0.53325   0.58191   1.0221
  0.056708 -0.12945  -0.098942 -1.1374    1.0683   -0.72505   0.15352
 -0.60571  -0.075611 -0.14215  -0.40609   0.7053    0.077183 -1.0277
 -0.64449  -0.38869 ]"
gustave,"[ 0.28434   0.066062 -0.74263  -0.071671  0.12459  -0.3051    1.0652
 -0.27905   0.62974  -0.042939 -0.39094   0.20782   0.057164 -0.94238
  0.70113  -0.11955  -0.052226 -0.32293  -0.63789   0.17327  -0.84222
  0.50454   1.0982   -0.62415   0.84947  -0.79741  -0.41015  -0.91748
  0.025315 -0.37886  -0.47821  -0.84726  -0.41591  -0.017062 -0.29502
  0.41158   0.49459   0.18169  -0.017854 -0.59228  -0.64405   0.34003
 -0.067861  0.24334   0.42382   0.15751  -1.2676   -0.89693  -0.12977
  0.20444   0.12966   0.47135  -0.077915  0.29083  -0.41813  -0.28584
  0.23475   0.14896  -1.1644   -1.0243    0.22593  -0.051382  0.10227
  0.65049  -0.52293  -0.44871  -0.82951   0.97088  -0.12847   0.088904
 -0.032229 -0.50218   0.16151  -0.046043 -0.11105  -0.38744   0.16949
  0.11025   0.060157  0.32529  -0.13336  -0.16902  -0.35413   0.41518
  0.73056   0.36099   0.16514  -0.64702   0.18456  -0.98048   0.67091
  0.27687   0.58536   0.34972   0.55542   0.22691  -1.0703   -1.1275
 -0.039729 -0.076183]"
chekhov,"[ 0.32272    0.51356    0.42955    0.62906   -0.23682    0.26451
 -0.22981   -0.51842   -0.89471    0.061908   0.082518   0.47705
 -0.2367     0.15772   -0.40023    0.92273    0.090776   1.2334
 -0.10724   -0.016891  -0.68305   -0.015335   0.86324    0.83332
  0.52616    0.17054   -0.77015    0.0471    -0.09517    1.1391
 -0.93506    0.15332   -0.0018634 -0.55868   -0.27007    0.65347
  0.66567   -0.22786    0.36907   -0.89732    0.93401    1.213
 -0.53001    0.34445    0.54868   -0.37973   -0.40744   -0.96311
 -0.0071041  0.28406   -0.32887    0.17932   -0.2047     0.13782
 -0.8909    -0.091612   0.31587   -0.30664   -1.1771    -0.31023
  0.71111    1.5868    -0.14835    0.23015   -0.16092   -0.94586
 -0.010304   0.060227  -0.52642    0.15403   -0.3956    -0.40201
  0.39768   -0.008903  -0.21217   -0.13608    0.47784    0.17164
 -0.38917    1.0186     0.088755   0.40986    0.020061   0.064303
 -1.027      0.1853    -0.52981   -0.20164    0.40222   -0.16625
  0.17888   -0.19404   -0.053213   0.11733   -0.5505    -0.15869
  0.11092   -0.11433   -0.50146    0.93323  ]"
azam,"[-0.084004 -1.0352   -0.62576   0.079558  0.28075  -0.2119    0.62961
 -0.4594    0.26042   0.71992  -0.61749   0.054089  0.12133  -0.23448
  0.18575   0.20962  -0.11139  -1.3044   -0.65332   0.66427  -0.27327
  0.059551  0.80038   0.38809   0.18241  -0.032552  0.63979  -0.14152
 -0.071526  0.41809   0.62814  -0.17161   0.089517  0.30046   0.24182
 -0.30714   0.40485   0.96792  -0.44748   0.64189  -0.078687  1.0952
  0.6051   -0.69747  -0.36629  -0.38874   0.039868  0.62482   1.0525
  0.071909  0.23409  -0.18723  -0.084068 -0.033453 -0.89956   0.47264
 -1.0113    0.11028  -0.81005   0.084875  0.13943   0.039054 -0.27862
  0.36103   0.75236  -0.016643  1.3322    0.76794  -0.56617   0.58257
  0.73048  -0.7538    0.7849   -0.94574   0.25151   0.53366   0.5584
  0.37654  -0.59487  -0.017764  0.73655  -0.49908  -0.066473 -0.035046
 -0.07531   0.80787   0.41854   0.011269  0.58151   0.55867   0.31312
  0.70608   0.77938   0.30913   0.46992  -0.46224   1.0494    0.35875
  0.03442  -0.2815  ]"
rachael,"[-0.55733   -0.4157    -0.039306  -0.3681    -0.26121    0.10311
  0.32169    0.54014   -0.018109  -0.56007   -0.046597  -0.22556
 -0.16955   -0.30952    0.26831   -0.48627   -0.4348     0.37851
 -0.40131    0.77977   -0.46504    0.06863    0.79861    0.13133
  1.0797     0.91772    0.72444   -0.83991   -0.40003    0.85427
 -0.37178   -0.55864    0.34464    0.99305    0.1474     0.33496
 -0.2105     0.78559    0.13653   -0.66448   -0.28291   -0.019507
 -0.45764    0.20199   -0.2606    -0.0029597 -0.73972   -0.83934
  0.20513    0.30221    0.023302   0.22802   -0.15342    0.57922
  0.3653    -0.30684    0.20192    0.14761   -1.1702    -0.45745
  0.51901    0.1553     0.47748    0.018893   0.28327   -0.2845
 -0.5949     0.17433    0.10068    0.4693    -0.42284    0.29111
 -0.15784    0.91667   -0.43198    0.26959   -0.073922  -0.87322
  0.078273  -0.16656   -0.27186   -0.19973    0.15116   -0.0055693
  0.37054   -0.3746     0.0073712  0.8196     0.13847   -0.23414
 -0.071132   0.71337    0.6283    -0.43887   -0.50569   -0.20899
 -0.17138   -0.71591   -0.3825     0.4074   ]"
radiohead,"[-0.099716 -0.12787   0.52906  -1.053     0.37991   0.18302  -0.15087
  0.3057    0.18247   0.85273   0.13489  -0.39289  -0.27153  -0.05958
  0.21105  -0.22507   0.18729  -0.59865   0.17715   0.61379   0.44989
 -0.55223  -0.067633  0.40812   0.23215   0.22955   0.0955    0.070139
  0.50058  -0.55126  -0.39366  -0.15721  -0.17643   0.54847   0.17439
  0.38623   0.33773   0.29154   0.37945  -1.1732   -0.47098   1.2703
 -0.19103   0.94199  -0.25741   0.13458  -0.064161 -0.13858   0.25518
 -0.59105   0.33851  -0.17788  -0.71285  -0.35469  -0.76197  -0.39706
  0.3815    0.1005   -0.80565   0.12565   0.5721    0.63044   0.096846
  0.1364    0.41085  -0.15239   1.0195   -0.047178  0.29594  -0.42672
  0.26288   0.7024   -0.26205  -0.18482  -0.65138  -0.4989    0.89751
 -0.22386   0.94778   0.24992   0.36594  -0.37887   0.086394  0.51628
 -0.38792  -0.066329  0.42731  -0.4373   -0.42631   0.78912  -1.0001
  0.24027  -0.55839  -0.18537   0.1968   -0.43394  -0.47279   0.408
  0.031017 -0.14884 ]"
coarsely,"[-0.87343   1.4899   -0.82822   0.39515  -0.97813   0.82672   0.13934
  1.0804    0.5209    0.80195   1.0813    0.46378   0.20184   0.84115
  0.34308   0.63233   0.16275   0.18752   0.34182   0.49522  -0.59983
 -0.54556   0.34508  -0.32897   0.36021   0.94654  -0.1731    1.4245
 -0.050797  0.12532   0.488    -0.40056  -1.3589   -0.76616  -0.28657
 -0.73488  -0.25891   0.37522   0.79601   0.15881   0.70228  -1.5612
 -0.34842  -0.60063  -0.027023 -0.12106   0.48575   1.1886   -0.074149
 -0.51812  -0.3057   -0.58452   0.16884   0.5213   -0.24137  -0.09264
  0.3398    0.1236    0.14614  -0.51328   0.5145    0.29962   0.2194
 -0.22746   0.34     -1.8027   -0.13115   0.88428   0.62174  -0.34084
 -0.43676   0.50891  -1.0195    0.58782   0.16911  -0.27464  -1.1033
  0.92778   1.1404    0.47822   0.52254  -0.93399  -1.6915    0.59091
  0.41482  -0.1122   -0.51245   1.1767    0.28654   0.28312  -0.99351
  0.65004  -0.96762   0.26373  -0.21879  -0.82606   0.40713   0.43597
 -0.52905   0.82901 ]"
lagarde,"[-0.50236  -0.23547   0.27511   0.1427    0.18157  -0.53082  -0.025128
  0.30951   0.58942  -0.1117   -0.20422   0.87929  -1.608     0.47891
 -0.021308  0.055007 -0.6069   -0.37999  -0.47609   0.013591 -0.80641
  0.25596   0.067318 -0.24747   0.1502   -0.84993   0.19225  -0.51174
 -0.13759   0.1194   -0.78808  -0.86646  -0.50726  -0.20334   0.036493
  0.47227   0.24974   0.13845  -0.36181  -0.18272  -0.24515  -0.39487
 -0.026226  1.3029   -0.35386   0.43959  -0.1618   -0.23673  -0.24117
 -0.31409  -0.69797   0.29847   0.45727   0.094826 -0.18179  -0.17962
  0.097944  0.87912  -0.74424   0.94434   0.29374  -0.77696  -0.8912
 -0.49572  -0.38905   0.49742  -0.33238   0.11583   0.47194  -0.22195
  0.14911  -0.083541 -0.42327  -0.47641   0.48816   0.28513  -0.45964
  0.25665  -0.43794  -0.072691 -0.45791  -1.0377    0.35004  -0.016934
  0.12595  -1.3767    0.18686  -0.079844 -0.78171  -0.87263   0.87134
 -0.62846   0.40308  -0.25883   0.4603    0.54288  -0.76107  -0.52223
  0.086606  0.28198 ]"
gallas,"[ 0.53619  -0.087484  0.25733  -0.68491  -0.46571   0.65047  -0.11499
  0.15295   0.40645  -0.12482   0.087199  0.044885 -0.3932   -0.30097
 -0.22563   0.20554  -0.38145   0.28061  -0.25182  -0.085587  0.39223
  0.28377   0.12658  -0.35373   0.76564   0.24876  -0.24065  -0.20604
 -0.057227 -0.23669  -0.87474  -0.39333  -0.35313  -0.87559   1.0083
 -0.041697 -0.21331   0.92931  -0.8158   -0.090669  0.084565 -0.19399
  0.4992   -0.75175   0.38669   0.55731  -0.63692  -0.24413   0.98352
  0.14453   1.6533    0.54043  -1.3484    0.11425  -0.022954 -0.33872
  0.18971  -0.30999  -0.92532  -0.15769   1.2604    0.13216   0.38093
  0.65525  -0.73083  -0.088298 -0.22325   0.62479  -0.63144  -0.41121
  0.036572  0.26844   0.66048  -0.77489  -0.17056  -1.3147   -0.61839
  1.1509   -0.40449  -0.2331    0.3897   -0.30753  -0.23598   0.058695
 -0.015138 -0.43924   0.093692  0.24958  -0.12118  -0.44051  -0.70982
  0.35086  -0.40374   0.46419   0.66309   0.041669  0.60153  -0.016329
 -1.1986   -0.53338 ]"
d.j.,"[-8.5878e-02 -1.1263e-01  3.8123e-01 -6.6367e-01 -5.2525e-01  2.3449e-01
  5.2436e-01  7.6321e-02 -3.8930e-01 -4.4583e-01  2.4539e-01 -1.9369e-02
 -4.3806e-01 -2.3228e-01 -1.1653e-01 -3.5059e-01  3.6402e-01 -3.4878e-02
 -8.9943e-02  1.5100e-01  5.2871e-02  3.2265e-01  3.2544e-01  3.3811e-01
  4.2883e-01 -2.7373e-01  1.4180e-01  9.3142e-02 -2.6921e-02 -2.9840e-01
 -2.8238e-01  6.6150e-02  2.4778e-01  8.0564e-01 -7.0800e-01  3.2686e-01
 -3.6635e-01  3.5176e-01  4.1536e-01  6.2590e-01  3.2683e-01  7.9595e-01
  1.9626e-01  1.3646e-01 -9.0945e-01 -3.6580e-02 -6.0679e-01  3.3272e-01
  2.3998e-02  3.4698e-01  4.2149e-02  8.3542e-01 -7.2589e-01 -6.5133e-01
 -3.0542e-01 -4.9227e-01 -3.6511e-01  1.9139e-01 -8.4156e-01  4.5913e-01
 -3.0059e-01 -4.8221e-01 -4.5745e-01  9.9410e-01  2.0822e-01 -4.0544e-01
  1.2679e+00 -1.2681e-01 -4.5817e-02  2.0305e-01  2.7093e-01 -4.8543e-01
  3.0196e-04  4.2058e-01  1.1993e-01  4.3112e-01  6.2123e-01 -2.1504e-01
  4.8377e-01 -2.4942e-01  3.3766e-01 -3.9301e-01  1.3459e-01 -2.5996e-01
  1.7098e-01  1.0254e+00 -5.0368e-02  1.4578e-01 -2.2998e-01 -3.0976e-01
 -2.9328e-01  5.8332e-01 -9.0826e-01 -6.3982e-02 -2.2824e-01  4.8783e-01
  2.9076e-01 -9.8826e-02 -1.1442e+00  2.3876e-01]"
irreplaceable,"[-0.21144   0.40107   0.92557   0.22268   0.3799   -0.32886   0.18288
 -0.4255    0.88273  -0.087731  0.20279  -0.19131   0.039696 -0.32324
 -0.27935   0.023525  0.67854   0.39075   0.53815   0.97822   0.2526
  0.1392    0.040552  0.28316   0.74467  -0.31422   0.39215   0.36868
 -0.081107  0.17478  -0.001577 -0.39474  -0.21312   0.4694   -0.79964
 -0.92213  -0.58538   0.91579   0.10316  -0.85112   0.15632   0.58733
  0.78823   0.075685  0.21004   0.66322   0.27846   0.65081  -0.72676
 -0.3937   -0.015049  0.12294   0.50215   0.10842  -0.14791   0.052583
  0.78209  -0.37945  -0.30943   0.66229  -0.60685   0.12182  -0.25554
  0.12406  -0.086498 -0.54988   0.78922   0.11023   0.48723  -0.62727
  0.61282  -0.28192   0.75419  -0.15992   0.65225  -0.21176  -0.54066
  0.090802  0.30113   0.78587  -0.097812 -0.060681  0.83558   0.31686
 -0.4254    0.19639   0.26458   0.35297  -0.65899  -0.48883  -0.5525
 -0.12735   1.1057   -0.21585  -0.23599  -0.47878  -0.041696 -1.1521
 -0.23444   0.68321 ]"
subdistrict,"[-5.3719e-01 -8.4717e-01  2.5493e-01  2.2787e-01 -3.1525e-01  1.5473e+00
 -5.3723e-01  4.5221e-01  1.2272e+00 -3.7532e-01  6.3888e-01  2.4093e-01
  1.2030e+00  6.1887e-01  7.6819e-04  2.5983e-01 -1.9476e-02  3.5720e-01
  2.2993e-01 -2.4673e-01  8.9684e-01  6.9951e-01  1.6132e-01  5.7990e-01
 -1.1128e+00 -5.7471e-01  6.5735e-01 -1.8018e-01 -6.3928e-01  5.9702e-01
 -6.8546e-01 -5.7672e-01  9.8115e-01  2.0591e-02 -1.6161e-01  7.2226e-01
  9.6090e-01 -1.7210e-01  1.0139e-01 -3.2167e-01 -6.2475e-02  3.5497e-01
  4.9682e-01  2.8474e-01  5.6390e-01  3.9470e-01 -5.1928e-01  3.5717e-01
 -4.1630e-01  9.4304e-01 -3.3924e-01 -5.4016e-01 -4.6256e-01 -4.4155e-01
 -1.9460e-01 -1.2663e-01  9.8502e-02 -5.3490e-03 -3.1919e-01  2.0504e-01
 -3.2404e-02 -2.4278e-01 -2.2851e-01  8.6859e-01  8.9513e-01  8.3450e-02
 -6.8086e-01  1.7973e-01 -5.6145e-01  3.4891e-01 -2.7915e-01 -3.1348e-02
 -1.3732e-02  2.4018e-01  1.1259e+00 -5.7886e-01 -5.6682e-01  1.1738e+00
 -2.0158e-01 -5.9061e-01 -5.1922e-01 -1.9576e-01 -3.2190e-01 -4.4727e-01
  4.4334e-01  1.2607e+00 -1.4467e+00 -8.5958e-01  1.3492e+00  5.2585e-01
  6.1366e-01  9.3877e-01 -7.9817e-01 -1.9470e-01  5.2286e-01  8.9992e-01
  3.4246e-01 -2.2023e-01  2.3961e-01  3.2987e-01]"
querrey,"[ 0.07427   -0.26038    0.61464    0.0086589  0.46788    0.1175
  0.6206     0.24117    0.34597   -0.58346   -0.26164   -0.46514
 -1.0387     0.024277   0.46263    1.0206     0.13126    1.1459
 -0.46302   -0.5377     1.1709     0.23705    0.59371    0.20642
  1.0621     0.67444    0.50497   -1.074      0.60295    0.44949
 -0.80389    0.12412    0.75917   -0.51108    0.54287   -0.45902
 -0.23194   -0.8308    -0.50975   -0.10067   -0.15313   -0.47985
  0.041045   0.21857    0.35278   -0.73635   -0.020707  -0.091165
  0.30593    0.23684   -0.33029   -0.022699   0.31695   -0.68225
  0.31888    0.89246    0.4719    -0.54647   -0.32451    1.4768
  0.77565   -0.37193   -0.11107    0.14896   -0.5381    -0.052219
 -0.00763    0.84769    0.26323    0.024687   0.34597    0.33641
  0.11391    0.2364    -0.18232    0.46782    0.39908   -0.93715
  0.40878    0.73349    0.61061   -0.23839   -0.92552    0.64654
 -0.20792   -0.54926   -0.37956    0.61968    0.44513   -0.32171
 -0.84013    0.42191    0.43971    0.32373   -0.60168   -0.94985
  1.2362    -1.1728    -0.72253    0.21836  ]"
14-0,"[ 0.2568    -0.0057558  0.93175   -0.9129    -0.15111    0.79545
  0.43326    0.5503    -0.21972   -0.38478    0.043262  -0.087038
 -0.53837    0.32402    0.44907    0.34293   -0.16394    0.34618
  0.17984   -0.22964    0.24891    0.13753    0.22379    0.70576
  0.33858   -1.0639    -1.0399     0.55476   -0.14908   -0.36575
 -0.54636   -0.017154   0.15039    0.028008  -0.40968   -0.26346
 -0.25305   -0.14434    0.11746    0.035348   0.0029683  0.13548
 -0.31297    0.18949   -0.11688   -0.70432    0.79093    0.46973
 -0.65481   -1.2539    -0.73196    0.68646   -0.05059    0.029278
 -0.054605  -0.99298    0.1898     0.045535  -0.46353   -0.24765
 -1.3039    -1.5517     0.5065     0.38613   -0.34717    0.72591
 -0.489      0.11351   -0.73775    0.22064    0.37492    0.286
  0.23499   -0.27824   -0.81553   -0.027413  -1.6306    -0.60035
  0.5666    -0.31322    0.16973    0.0069615 -0.6509     0.66262
  0.34324    0.20263    1.6921    -0.067813  -0.57403    0.5531
  0.3798     0.022541  -0.89867    0.73287   -0.79921   -0.79752
 -0.19386   -0.14655   -0.052303  -0.29573  ]"
intestines,"[-0.15161  -0.084442  0.31999  -0.6884   -0.030388  0.65432  -0.33012
  0.065559  0.95862  -0.29224  -0.31338   0.595     0.73969   0.67807
  0.25159   0.39718  -0.81066   0.25948   0.52241  -0.61091  -0.17274
  0.48983   0.22282   0.03805   0.83289   0.96509  -0.38619  -0.038255
  0.78673   0.68441   0.69899  -0.22317   0.24955  -0.28273   0.27319
  0.46654   0.7249    0.25405  -0.56329   0.10969   0.71801  -0.15693
 -0.62723  -0.60495   0.13006   0.72549  -0.046055 -0.16289  -0.44371
  0.16781   0.29141   0.28808   0.03249  -0.078916 -0.67962   0.34115
 -0.28214  -0.60595  -0.55791  -0.024379  0.47421   1.007     1.1912
  0.85736   0.45503   0.42175  -0.12683  -0.59016   0.28947  -0.83167
  0.06841   0.34148   0.87766  -0.091563  0.028067  0.28151  -0.80907
  0.38171  -0.096849  0.68072   0.19172   0.91029  -0.53995   0.52701
 -1.0891   -0.35717   0.78506   0.2263   -0.90921  -0.085625  0.026689
 -0.53729   0.47205   0.55258  -0.35275  -0.070354  0.32182  -0.71096
  0.17075  -0.030289]"
nodding,"[ 5.9705e-01 -2.4918e-01  2.6988e-02 -9.0900e-02  1.0207e-01  7.7993e-01
 -6.4972e-02 -5.1911e-02  1.0623e-01 -4.7535e-01 -2.4796e-01  1.8722e-01
  8.6233e-01 -1.3089e-01  6.2946e-01 -1.9476e-02 -4.7499e-01  3.3344e-01
  5.0239e-01 -4.3880e-01 -7.5420e-01  1.3322e+00 -5.7840e-01  5.9439e-02
  5.4283e-01  1.0484e+00 -2.9138e-01 -1.1762e-01  3.6338e-01 -3.1063e-01
 -2.5175e-01  1.1929e-01  2.0712e-01  3.0711e-01 -2.6017e-01  8.7929e-02
  3.6265e-01 -6.8284e-01  5.4804e-01 -4.4867e-03  4.8109e-02 -3.5418e-01
  6.8228e-02 -3.0611e-02 -3.1424e-01 -4.3284e-02 -1.6998e-01  4.4014e-01
 -1.2452e+00 -3.6161e-01  3.4898e-01 -6.5596e-01  1.9793e-01  5.6649e-01
 -7.3851e-01  2.1245e-01 -2.3357e-01  2.5608e-01 -6.7818e-01 -3.3573e-02
  6.0204e-01  6.4223e-01  3.3807e-01 -2.2403e-02 -3.9660e-01  5.3329e-02
  4.1979e-01  2.6335e-01 -1.3239e-01  6.3481e-02  2.8907e-02  8.7180e-04
  1.0023e+00 -1.8946e+00 -1.9982e-01  1.1103e-01 -1.0709e+00 -5.0882e-01
  5.0712e-01 -4.8732e-01  2.6276e-01  9.5808e-02  1.6776e-01 -1.4355e-01
 -2.3302e-01 -5.0950e-01  2.9071e-01  1.0848e-01 -1.8833e-01 -1.2639e-01
 -1.9345e-01 -1.8718e-01 -2.5282e-01 -1.6667e-01 -6.5607e-02 -2.7477e-01
 -4.4893e-01  1.2505e-01  3.7723e-01  4.9127e-01]"
f-15,"[ 0.091275   0.075075   0.73242   -0.75128   -0.54306   -0.18224
  0.47116   -1.0477    -1.0932     0.87721    0.62827   -0.42465
  0.053877   0.16891   -0.13565   -0.30599   -0.17243   -0.098027
  0.85564    0.088949   0.022275  -0.16245    0.60658    0.58921
  1.6779    -0.18619   -0.17857    0.043483  -0.39041    0.043291
 -0.87164    0.48893   -0.22121    0.59616    0.55891    0.63452
  0.48169   -0.28182    0.49498    0.62952   -0.1672     1.0656
 -0.33796    1.0475     0.36079    0.8014     0.018968  -0.021006
 -0.73101   -0.49886   -0.61426    0.043557  -0.34691    0.19396
  0.3885     0.57912    0.3288    -0.44062    0.92298    0.36151
  0.84718    0.5724     0.63428   -0.0096846 -0.21184   -0.33535
 -0.55639    0.37738   -1.2777     1.046     -0.091387  -1.5256
  0.086421  -0.36332    0.36319    0.37896    0.092475   0.66038
 -0.52351    0.45501    0.27462   -0.70456    0.30503    0.64262
  0.052044  -0.55915    1.2501    -0.32422   -0.24132    0.54661
 -0.2052    -0.3094    -0.78397   -0.11841   -1.052     -0.052074
 -0.19151   -0.30822   -0.075114  -0.37549  ]"
gec,"[-0.19758   -0.18891   -0.29119    0.077753  -0.44678   -0.65306
  0.2937    -0.52509    0.011076   1.4056     0.86281   -0.0096019
 -0.3772     0.36035   -1.0522    -0.61884   -0.69065   -0.6919
  1.0453    -0.26857   -0.072541  -0.23718    0.34622    0.69714
  1.3069    -1.4004     0.82203    0.11077    0.013659  -0.43936
 -0.26178    0.2671    -0.80346   -0.72019   -0.10775    0.5052
  1.0479     0.44706   -0.59498   -0.10977    0.2976     0.93577
 -0.85868   -0.42845   -0.30712    0.30378   -0.33219   -0.29186
  0.88385   -0.25049    0.35993    0.63333    0.4486     0.1261
 -0.20366    0.056716  -0.187      0.21422   -0.53363   -0.54863
  0.76447   -0.1032    -0.14378    0.41956   -0.072573   0.2158
 -0.011306   1.1107    -0.03459    0.48381    0.3861    -0.30051
 -0.76061   -0.52658    0.060779  -0.46764    1.1374    -0.15375
 -0.17692    0.58014   -0.19998    0.032982   0.033474   0.60695
 -0.28723    0.027921   0.56576    0.33684   -0.33988    0.13608
  0.65019   -0.4147    -0.46856   -0.22796    0.22276    0.5796
  0.65391   -0.1236     0.48873    0.66583  ]"
defenseless,"[-0.16623   -0.055257   0.28189   -0.16245   -0.73544    1.4893
 -0.040378  -0.59699    0.40813    0.0026879  0.035976   0.16624
  0.20622   -0.58051    0.54799   -0.099874  -0.48183    0.33386
 -0.29506    0.52856    0.47392    0.17446    0.59826    0.15267
  0.73835    0.073643  -0.10727   -0.053991  -0.33866    0.36443
  0.7126    -0.080263   0.28134   -0.10853   -0.17455   -0.9116
 -0.63266    0.4702     0.23704   -0.58231   -0.27429    0.49297
 -0.04133    0.34194    0.235     -0.056139   0.71382    0.93842
 -1.6106     0.12617   -0.68973   -0.04917   -0.11423    0.01356
 -0.048117   0.63079    0.30345   -0.36486    0.36711   -0.32246
 -0.1684    -0.33775   -0.24229    0.026452   0.011822   0.20127
  0.19888   -0.054571  -0.48292   -0.26685    0.49193   -0.95699
  0.39451    0.13293    0.5924     0.097577  -0.20352    0.7946
  0.50695    0.018123   0.73731    0.86621   -0.68121    0.83014
 -0.56076   -0.6445    -0.053209   0.39728    0.0085088 -0.046102
 -0.30558   -0.2106     1.0676     0.10986   -0.3633     0.55053
 -0.46281    0.63175   -0.30602    0.45325  ]"
cambrian,"[-0.12662    0.76371    0.72534    0.072396  -1.1427    -0.99359
 -0.17462    0.33174   -0.92714   -0.23945   -0.13817    0.58499
 -0.31484    0.57285    0.67947   -0.73201    0.054416  -0.99422
  0.38807   -0.2644     0.016512  -0.89756   -0.43813   -0.81339
  0.38438   -0.13032   -0.12262    1.1096    -0.67516    0.18155
 -0.59961   -0.56159   -0.23695   -0.60453    0.073869  -0.40326
 -0.61615   -0.32933    0.37576   -0.34305    0.0091662  0.54886
 -0.93126    0.91212   -0.20034    0.70258    1.5218     0.18478
  0.36208    0.53958   -0.13244   -0.098591   0.46823   -0.71788
 -0.71215   -0.13823   -1.3509    -0.37196    0.32552    1.3586
  0.29243    0.83384    0.50524    0.15566    1.1101     0.53161
  0.13352   -0.67762    0.030493  -0.35863    0.38738   -0.21283
  0.23801   -0.86334   -0.88029   -0.16673   -0.51223   -0.16898
 -0.3426    -1.0459    -0.80403    0.67196    0.71659    0.30474
  0.58323    0.41505   -0.072471  -0.70701   -0.45504    0.73536
 -0.017373  -0.65054   -0.83133   -0.28052   -0.77631   -0.41551
 -0.189     -0.49551   -0.33169   -1.3618   ]"
wanders,"[ 0.11693   0.7714    0.95083   0.22379   0.65071   1.2754   -0.44157
  0.51655   0.95296  -0.53446   0.076363  0.34393  -0.11203  -0.4144
  0.33141   0.33705   0.2325    0.40721   0.48278  -0.088344  0.26127
  0.56565   0.16589  -0.45544   0.18446   0.073493 -0.56399  -0.225
  0.043057 -0.36591  -0.8864    0.20849  -0.1109    0.10875  -0.48419
  0.27143  -0.52628  -0.28025   0.42207  -0.052887 -0.32596   0.28357
 -0.14192   0.026646 -0.63764   0.4996   -0.35013   0.65727   1.0704
  0.37712   0.15866  -0.37635   0.20419   0.78362  -0.13806  -0.27314
 -0.25976   0.076143 -0.44902  -0.039589  0.92647   0.8241    0.54121
 -0.017046 -0.29475   0.44905   0.35345  -0.55747   0.047782  0.41772
 -0.20375  -0.48149   0.12151  -0.6373   -0.05834  -0.54544  -0.31423
 -0.64629   0.21887   0.020514 -0.35598   0.47672  -0.39095  -0.11686
 -0.019228 -0.28851  -0.38504  -0.31459  -0.11525  -0.27477  -0.47907
  0.031115  0.40659  -0.091342  0.27614   0.23972   0.25026   0.36273
 -0.6188    0.23722 ]"
nadine,"[ 0.25527   0.45506  -0.67294  -0.60354  -0.043646 -0.061518  0.12561
  0.52898   0.45374  -0.093839  0.1535   -0.10315  -0.12356   0.033054
  0.33251  -0.042602  0.32503  -0.46006  -0.23796   0.58814  -0.20821
  0.48956   1.0248    0.5522    0.90147   0.18815  -0.012835 -1.0089
  0.27715  -0.78268  -0.096722  0.016482 -0.063731  0.18912  -0.41248
 -0.039282  0.52873   0.57032  -0.32267   0.30208  -1.1143    0.36097
 -0.08362   0.71945   0.29606   0.15959   0.18395   0.068549 -0.42807
  0.76723   0.33771   0.20916  -0.23694   0.44226  -0.059469  0.37489
 -0.68206   0.29743  -0.67645  -0.69187   0.54118  -0.11748  -0.049788
 -0.41067  -0.10337  -0.30913   0.76192   0.78702   0.24103  -0.4976
  0.10522   0.27257   0.26334  -0.45702   0.25553   0.58268   0.10112
 -0.39951   0.061671 -0.11973  -0.64551  -0.26143  -0.068553  0.40722
 -0.02971  -0.677    -0.17359   0.16053   0.056934 -0.32351  -0.038979
  0.39975   0.21499   0.42661   0.4794    0.041053  0.55076   0.11452
 -0.75072  -0.1461  ]"
sherpa,"[-0.54941   -0.67935   -0.12888    0.26064   -0.6182    -0.76919
  0.29093   -0.47588   -0.42457    0.46748    0.4241    -0.78386
  0.1098    -0.15383    0.033683  -0.98851    0.66596   -0.37405
 -0.050369  -0.3306     0.53018   -0.063346   0.29485    0.64928
  0.45656   -0.22411   -0.54141    0.0045256 -0.61001   -0.90522
  0.0058056  0.050763   0.23709    0.25058    0.51836    0.067692
 -0.17333    1.3628     0.80928    0.25408   -1.4509     1.9161
  0.65179   -0.50056   -0.21772    0.24312   -0.57565   -0.20116
  0.27435    0.72881   -0.98218    0.17959    0.13427    0.7152
  0.45067    0.041633   0.42548    0.95519   -0.38158    0.4186
  0.15929    0.12923    0.21805    0.0060976 -0.35902    1.2372
 -0.56512    0.62857    1.4462    -1.1746    -0.12875   -0.4677
  0.39303    0.39414   -0.55871    0.69844    0.31049    0.21584
 -0.29101   -0.63379   -0.78335    0.63689    0.55584   -1.1622
  1.0522    -0.35066    0.41314   -0.54398    0.060435  -0.73369
  0.12845    0.7931     0.34507   -0.0061439 -0.94978   -0.56584
 -0.15476   -0.3663    -1.0699     0.29155  ]"
chadwick,"[ 0.50555    0.12881   -0.72573   -0.38067    0.016413  -0.24096
  0.3595     0.19538   -0.015815  -0.43437    0.42187   -0.019264
 -0.49643    0.074614   0.4249    -0.2126     0.50232    0.16791
  0.1568     0.11043   -0.42031   -0.30482    0.82067   -0.20679
  0.036618  -0.071713  -0.22788   -0.32092   -0.53123    0.0087886
 -0.37014    0.46428    0.22036   -0.017679  -0.17077    0.13654
  0.21841   -0.020784  -0.24595   -0.40429   -0.3714     0.5348
 -0.23672    0.37671   -0.092116   0.49443    0.23635   -0.40835
 -0.1057     0.338      0.31791   -0.29724   -0.034387  -0.43118
 -0.10883   -0.44908    0.19408   -0.42531   -0.99654    0.13096
  0.21228    0.26644    0.18727    0.54755   -0.55073   -0.64493
  0.10484    0.28922   -0.27995    0.14081    0.10872    0.34171
 -0.049927  -0.64553    0.0062014 -0.20685    0.034007   0.14441
 -0.37843   -0.0058245  0.04495   -0.11931    0.0020014 -0.65581
  0.53281   -0.0088621  0.17131   -0.3916     0.019434  -0.55289
 -0.35655   -0.041095   0.21441    0.11089    0.0099845  0.11193
 -0.073232  -0.19778   -0.89179    0.015525 ]"
aquila,"[ 0.42816  -0.50107   0.059477 -0.38751  -0.30632  -0.7484   -0.097572
 -0.24179  -0.082815  0.21354   0.23313  -0.11298   0.16476  -0.36443
 -0.62716  -0.87398   0.18657   0.17388   0.76133   0.49292  -0.47281
 -0.25097  -0.44027   0.27687  -0.11961   0.56943   0.11441   0.34142
 -0.7934    0.42904   0.69105  -0.37849  -0.5098    0.013717 -0.087995
  0.30681   0.2816    0.67459   0.31094   0.19556   0.2371    0.34075
 -0.11933   0.25241  -0.41453   0.6821   -0.373    -0.063561  0.21422
  0.48656  -1.3738    0.66579   0.013289  0.1245   -0.86254   0.51862
  0.16789  -0.17227   0.16693  -0.31225   0.20024   0.19182   0.10804
 -0.19027  -0.60712  -0.35452   0.24179   0.035979 -0.33193   0.10483
  0.63119  -0.42988  -0.43271  -0.71207   0.35486  -0.76007   0.22091
 -0.7253   -1.028     0.058408  0.32997  -0.75976  -0.52446  -0.36663
  0.60414  -0.67158   0.50611  -0.047748  0.93717   0.39244  -0.2553
 -0.057256 -0.46664   0.24166  -0.73218   0.056069  0.0742   -0.7644
 -0.28245  -0.4409  ]"
alligators,"[ 0.19173    0.30446    0.86209   -0.95913   -0.33069    0.65463
 -0.012708   0.0053038  0.76409   -1.0522    -0.20471    0.66759
  0.51596   -0.095267   0.34634   -0.080441   0.012714   0.32861
 -0.10495   -0.32594    0.19114    0.40379   -0.20138    0.095415
  0.40202    0.41156   -0.44439   -0.66898   -0.54584   -0.0080741
 -0.4528    -0.3342     0.34292    0.89873   -0.0022951 -0.20068
 -0.53066    0.72247    0.18089    0.080442   0.018344  -0.20557
 -0.91889   -0.25632    0.22272    0.23883    0.3386     0.29427
 -0.3425    -0.17183   -0.76836   -0.11494    0.78122    0.25091
  0.38846    0.74584    0.93011   -0.68765   -0.55571    0.10614
 -0.78796    0.93166    0.2414    -0.18036    0.56632    0.75574
  0.068389  -0.074093   0.47764    0.045409  -0.36172   -0.62701
  0.35504    0.50044   -0.67039    0.11493   -0.086955   0.082677
  0.17623    0.034486   0.9055    -0.1869    -0.14424    0.8701
  0.18476   -0.13402    0.42696   -0.20858   -0.12451    0.22026
  0.46392   -0.40947   -0.046877  -1.0025    -0.79991   -0.59145
 -1.1657    -0.11782    0.71576   -0.19714  ]"
paperbacks,"[-1.9049e-01  4.0685e-01  6.5999e-01  9.8159e-04  3.2530e-01  1.0107e+00
  7.4376e-01  4.3866e-01  4.8435e-01 -8.7859e-01  3.1469e-01 -1.5255e-01
 -4.5516e-01  8.3755e-01  6.4389e-01  1.1989e+00  3.8389e-01  7.5997e-01
  1.3534e-01  8.5986e-01  3.5162e-01  6.2671e-01 -2.6439e-01  1.3203e+00
  6.9457e-01 -1.6396e-01  4.5464e-01 -7.6351e-01 -1.3147e+00  7.4784e-01
  7.7068e-01 -1.2036e+00 -2.7282e-01 -5.2463e-01 -2.5532e-01  4.1230e-01
  2.1534e-01  5.2392e-01 -1.0872e+00 -2.6060e-01  1.1460e-02  7.1623e-01
 -8.4804e-01 -4.6455e-01 -1.9592e-01 -6.1079e-02  5.6320e-01 -1.6410e-01
  6.0258e-01  4.4416e-02  2.8526e-01  4.8221e-01  2.8857e-01  1.4933e-02
  3.4947e-01  8.1397e-01  7.1927e-02  1.2031e+00  7.5716e-02  1.3836e-01
 -1.0221e+00 -1.7420e-04 -8.8484e-01  1.8501e-01  3.3080e-01 -3.8324e-01
  2.6588e-01  8.2796e-01  1.2073e+00 -4.3764e-01  2.7961e-01  5.9884e-01
 -5.9758e-01 -2.4680e-01 -3.8386e-01 -7.5167e-02 -1.1959e+00  1.6013e+00
 -8.8899e-02 -2.1117e-01 -5.3180e-01  5.8836e-01  1.7168e-01 -8.8933e-01
 -6.7381e-02 -5.6953e-01 -7.6605e-02 -8.7708e-01 -6.2616e-01 -3.0692e-01
 -1.5912e-01  1.1091e+00  1.8467e-01 -4.6598e-01 -1.0326e+00 -8.5659e-02
  8.0219e-01 -6.0879e-01  6.2313e-01 -3.2109e-02]"
dykes,"[ 0.013982 -0.79684  -0.73024  -1.0018   -0.78077  -0.56458  -0.43113
 -0.13224   0.61577  -0.30137  -0.1787    0.22686   0.32848  -0.070764
  0.48436  -0.19908   0.27481   0.11577  -0.49268   0.30938   0.11219
  0.25668   0.26186   0.55297   0.057127  0.13562  -0.58362  -0.062653
 -0.46147  -0.24276   0.178    -0.11862   0.22359   0.33984  -0.08569
 -0.4134   -0.31383   0.27274   0.17666   0.6718   -0.038283  0.47945
 -0.12454   0.22499   0.095937  1.2043   -0.30905   0.15295   0.41928
 -0.22772  -0.25801  -0.53497   0.11857  -0.090597  0.063615 -0.27875
  0.31394  -0.22946  -0.608     0.58411  -0.31973   0.063266  0.39231
  0.71782  -0.35583   0.34181   0.35487   0.19828   0.35363  -0.36713
  0.93816  -0.37087   0.42852  -0.31395  -0.025297 -0.19067   0.3345
  0.9482    0.46538   0.023831  0.79074  -0.33279  -0.37269  -0.12119
  0.50177   0.98514  -0.50866  -0.74842  -0.36773   0.33439  -0.049923
  0.07852  -0.55785  -0.18615   0.67078  -0.086654 -0.65996  -0.13116
  0.28159   0.36664 ]"
skit,"[-1.0289e-01 -1.5044e-01 -9.7616e-02 -7.4934e-01 -2.0347e-01  8.5713e-01
  2.4543e-01  8.8046e-01 -9.5503e-02  8.4344e-02 -5.9550e-01 -2.5968e-02
  1.6814e-01 -1.6987e-01  4.3078e-01  5.1753e-01 -1.3966e-01 -4.1772e-01
  4.6513e-01 -8.3799e-02  8.5698e-01 -4.5129e-01 -2.9790e-01 -4.1733e-01
  8.3636e-01 -7.5362e-02 -7.2753e-02  1.2339e+00 -2.8618e-01  8.4805e-02
 -7.6057e-01 -3.9941e-02  6.1422e-01  2.2952e-01 -9.5796e-02  2.9409e-01
 -2.5457e-01 -2.7537e-02 -2.8980e-01 -5.0534e-01  3.6288e-01  8.8412e-01
 -4.0600e-01  1.0885e+00 -7.3114e-01 -3.6953e-01 -3.8750e-01 -1.6867e-01
 -2.3351e-01 -1.8272e-01 -8.7815e-01 -6.6465e-02  9.6925e-01  1.8386e-01
 -5.5032e-01 -5.7428e-01 -2.6853e-01 -2.4283e-01 -5.2668e-01  6.8828e-01
 -2.4289e-01  6.9567e-01  1.9491e-01 -2.6210e-01  3.7987e-01 -2.8471e-01
  4.8780e-01  5.4411e-03 -3.6944e-01 -4.6822e-02 -2.5412e-01 -2.6223e-01
  2.0849e-02  5.6915e-01 -7.7117e-01  5.9195e-01  3.8908e-01  1.9759e-01
  2.7707e-02  9.6830e-02 -7.9273e-01 -4.5465e-01  3.2002e-01 -4.2990e-01
 -9.9881e-01  2.5163e-01 -3.5649e-01  7.0149e-01 -2.8499e-01  1.0129e-01
  9.9462e-02  8.4093e-04 -4.3662e-02  2.0900e-01  5.1532e-01 -1.3675e-01
  2.5826e-01 -2.3412e-02  2.2300e-01  3.9743e-01]"
12-foot,"[ 0.15881   -0.36075    0.084795   0.20026   -0.37871    0.32721
 -0.34605    0.055621  -0.48272    0.20225    1.0653     0.59634
 -0.62045    0.30104    0.6299     1.0551    -0.66423    0.035404
 -0.18551   -0.77699   -0.10427    0.58503   -0.21023    0.93485
  1.0297    -0.13842   -1.4813     0.20571   -0.79503   -0.60293
 -0.85286   -0.26258    0.99716    0.0041225  0.203      0.078071
 -0.25311    0.46813    0.95555    0.9204    -0.69492    0.16492
 -0.1185     0.47845    0.27862   -0.68192    0.084422   0.88008
 -0.19471    0.31319   -0.87601    0.015213   0.46006   -0.26586
  0.30554   -0.62166    0.62388    0.12327    0.60886   -0.14061
 -0.52861    0.47478   -0.36399    1.0797    -0.86563   -0.5912
 -0.27036    0.10923   -0.18663   -0.54783    0.24012    1.1272
  0.43265    0.6745    -0.2525     0.38075   -0.061751   0.062874
  0.57584    0.0093826  0.53679   -0.81244   -0.14341   -0.045757
  0.5275    -0.10686    0.75867   -0.049922  -0.12196    0.2038
 -0.028313   0.66427   -0.51612   -0.72725    0.03274   -0.86567
  0.47607   -1.0912    -0.20083   -0.096956 ]"
fritzl,"[ 0.75904  -0.16506   0.41786   0.85039  -0.63791   0.31537  -0.10738
  0.050403 -0.98388   0.013094 -0.1233    1.3735   -0.70451   0.19881
  0.33665   0.048528 -0.13367   0.62023  -0.77734   0.091252 -0.91846
  0.14909   0.16393   0.99342   0.085519 -0.69734  -0.49391  -0.66502
 -0.79408   0.5725    0.68548  -0.10781   0.16438   0.81258  -0.13865
 -0.20592   1.4038   -0.32594   0.13278   0.11466  -0.53224   0.76684
  0.44371  -0.14096   0.33733   0.14256  -0.23197  -0.38904   0.65366
  0.80078  -0.1245   -0.6968    0.4891    0.80211  -0.68344   0.39361
 -0.60205   0.077697 -0.96883  -0.28067   0.1028    0.026392  0.045661
  0.13224   0.6218    0.99431   0.88948   0.6715   -0.89873   0.2309
  0.16176  -0.96173   0.97256   0.33781   0.087336  0.24462   0.090293
 -0.70991  -0.080334  0.37334   0.60725  -0.22794   0.94737   0.38057
 -0.60014  -0.63563   0.30856   0.32432  -1.1029    0.77669   0.53231
 -0.90837   0.98724   0.044965  1.0192   -0.066528  0.11226  -0.68699
 -0.10644  -0.045139]"
naroff,"[ 0.12168  -1.2329    0.21071  -0.31091   0.027464 -1.007    -0.3487
 -0.12733   0.32133  -0.20147  -0.13799   0.77471   0.12605   0.73644
  0.71894  -0.89962  -0.4255   -0.2348   -0.77855  -0.78701   0.25829
 -0.2503   -0.59705  -0.7285   -1.073    -0.33984  -0.40523   0.83966
  0.046193  0.28228   0.036703 -1.0945    0.38671   0.17277  -1.2733
 -0.42941   1.2235    0.70364   0.12952  -0.6728    0.35636  -0.77566
 -0.75111   0.093648 -0.38729   0.34797   0.65828  -0.52941  -1.9199
  0.63667  -0.012592 -2.5114   -1.8609   -1.2062    0.96246  -0.34625
  0.23307   0.44958  -1.5245    0.27287  -0.31107  -1.0115   -0.87152
 -0.24335  -1.4738   -1.3467   -0.15271   0.79075   0.27999   0.152
  0.56784  -0.043908 -0.37374  -1.6759    0.34618   0.25808  -0.38511
  0.64274   0.29109  -0.36693   0.26638   1.1132   -1.9003   -0.11542
  0.88519  -0.27487  -0.15671  -0.89786   0.23396  -2.4551    0.26133
  0.29075   0.73524   0.57594   0.52148   0.25733  -0.107    -0.073568
 -0.47338   0.72906 ]"
muses,"[ 0.15149    0.44705    0.1368    -0.28439   -0.17652    0.50467
 -0.10894   -0.013428   0.21963    0.023512  -0.04931    0.21239
  0.16385    0.054213  -0.18883   -0.27895   -0.086172   0.63281
 -0.089513   0.35453    0.032165  -0.0090322 -0.52922    0.19305
  0.55915    0.033897  -0.30975   -0.059532   0.089609   0.17579
 -0.6886    -0.42115   -0.40862    0.17602   -0.48777    0.16031
  0.15611    0.23589    0.45627   -0.43024   -0.20489    0.29009
 -0.025312  -0.0062749 -0.64568    0.033357  -0.37268   -0.27587
 -0.55477    0.60106   -0.1541    -0.29502    0.75446    0.3799
 -0.61274    0.2771     0.4518     0.35369   -0.88573    0.83607
  0.21747    0.74095    0.016572   0.07607   -0.32161   -0.021888
  0.78654   -0.16041   -0.32046   -0.23052    0.39989    0.31123
 -0.29558   -0.31832   -0.54679   -0.27072    0.039712   0.03543
 -0.15162   -0.42434   -0.44835   -0.24174    0.29853   -0.19762
  0.044335  -0.45149    0.28355   -0.60388   -0.28719    0.04349
  0.0087108  0.37961    0.223     -0.16608    0.057261  -0.010019
 -0.66961    0.044479  -0.24904    0.98467  ]"
scooters,"[-1.3126e-03 -6.4547e-02 -1.8490e-01 -2.2199e-01 -4.5413e-02  3.4698e-01
 -4.7318e-02  9.1993e-01  2.2888e-01 -1.1675e-01  8.6248e-02 -1.3303e-01
 -2.9971e-01 -2.3055e-01  5.8441e-01 -5.2084e-01  2.4050e-01  8.6797e-01
  1.7769e-01 -6.7484e-01  1.5811e+00 -1.8187e-01  3.2999e-01  6.4333e-01
  1.5722e-01  3.5116e-01 -8.4808e-01  5.3114e-02 -5.0295e-01 -2.0871e-01
  3.6535e-01  1.8080e-01 -6.9397e-01  6.8052e-02  6.5489e-01  8.6017e-01
  3.9850e-01  3.0496e-01  2.4608e-01  1.8933e-01  3.8621e-01  4.8299e-01
 -3.1655e-01 -7.7890e-01 -7.4075e-01  3.2868e-01  6.4196e-01 -4.0889e-01
  3.1969e-01 -1.7339e-01 -4.6879e-01 -6.1142e-02 -7.2660e-01  1.8852e-01
  1.9766e-01  9.6043e-01 -6.8838e-02  1.0184e+00  1.6607e-01 -4.0927e-01
  1.4493e-01  6.6274e-01  2.6082e-01  1.0503e+00 -5.0314e-01  8.2912e-01
 -1.0063e-01 -8.7413e-01  6.9982e-01 -3.1634e-01  3.3316e-01 -3.1809e-01
  6.7916e-01 -5.9303e-01 -2.6135e-01  3.9920e-01  7.1043e-01  4.7812e-01
 -2.1383e-01 -3.0352e-01  1.8102e-01  9.8417e-02  1.4131e-01  7.0583e-01
  8.9161e-02  2.3881e-01 -5.0205e-01 -1.8159e-02 -6.7762e-01 -4.9315e-01
 -1.6618e-01 -7.0526e-01 -5.1676e-03 -5.0381e-01 -3.1877e-01 -4.9372e-01
 -4.0875e-01 -3.3877e-01  9.2770e-01 -1.1588e-01]"
palffy,"[ 0.036849  -0.95091    0.5392    -0.90356   -0.10977    0.94124
  0.019056  -0.40763   -0.10157   -0.37198    0.2561     0.42952
 -1.1533    -0.12042    0.45399   -0.48136   -0.54379    0.011496
 -0.20207   -0.018127  -0.48335   -0.37438   -0.74066    0.84733
  1.011     -0.69975    0.32716   -0.73269   -0.53938   -0.32129
 -0.16039    0.43299    0.021829   0.22602    0.95715   -0.63845
  0.30473    0.83639    0.12277   -1.1422     0.49206    0.71802
  0.35296    0.16007   -0.11278    0.39849   -0.094793  -1.0797
  0.50055    0.40637    0.25216    0.25596   -1.0602    -0.54914
 -0.15049   -0.084762   0.0072845  0.60506   -0.18527    1.779
 -0.16113    0.51742   -0.038889   0.23408   -0.89208    0.17705
 -0.10166   -0.42541   -0.73892    0.29354   -0.054217  -0.30092
  0.29576   -0.5525    -0.05781   -0.89393   -1.3565     0.31878
 -0.036762  -0.12472   -0.3296     0.87147   -0.48182   -0.079279
  1.0037     0.26172    0.19001    0.64361   -0.91907    0.27349
 -0.86558   -0.77496   -1.0252    -0.80926   -0.81669   -0.1867
  0.12965   -0.38091   -0.42121    0.30997  ]"
yourselves,"[-1.1428     0.14622    0.13028   -0.74313   -0.85303    0.65213
 -0.90203   -0.28685    0.047302  -0.47794    0.37937    0.41678
 -0.18746   -0.19956    0.17702    0.18318    0.0068206  1.2133
 -1.0855     0.45104   -0.38661   -0.78316   -0.31542   -0.3274
 -0.24293    0.2837    -0.93061   -0.20133    0.38084   -0.14734
  0.49543   -0.38869    0.39809   -0.3483     0.80918    0.0049703
 -0.54897    0.022601  -0.31193   -1.1965    -0.56151    0.61188
 -0.21181   -0.72412   -0.94228    0.21857   -0.17461    0.25637
 -0.050665  -0.44378   -0.24469    0.28922   -0.31666    0.32709
 -1.4346     0.2597     1.042      0.099664   0.39839    0.10639
  0.11104    0.66984   -0.48059   -0.27235    0.3713     0.52523
  0.41846    0.46284    0.2103     0.084546   0.29952    0.46511
 -0.050723  -0.24636    0.60392    0.29063   -0.40794   -0.43831
  0.027378  -0.041374  -0.045081  -0.28497   -0.20397    0.80754
  0.298     -0.4452    -0.1732     0.38924   -0.93009   -0.43846
 -0.533      0.035761   0.47284   -0.53363   -0.033202  -0.48574
  0.53294    0.60453    0.3083     0.96949  ]"
valenti,"[ 0.19111   -0.84641   -0.086826  -0.27983   -0.27146   -0.33727
 -0.22659    0.018667   0.41801   -0.33315    0.037639  -0.71753
  0.084694  -0.38194    0.25965    0.43792    0.47832    0.17942
  0.81914    0.088866  -0.68619    0.49524    0.59303   -0.4457
  0.14236    0.38117   -0.44006    0.0054581 -0.12964   -0.29751
  1.138      0.8527    -0.34147    0.3547    -0.17693    0.43671
  0.62581    0.23803    0.2963    -0.18637   -0.5693     0.42624
 -0.1648     0.011182  -0.16176    0.24019    0.27254   -0.37925
 -0.38952    0.089109  -0.3356    -0.99027    0.39029    0.47851
  0.84859    0.13446   -0.23769    0.6857    -0.21458    0.74833
 -0.082876   0.37125    0.15      -0.55811   -1.215      0.039819
  0.30617    0.80148   -0.23349    0.20581    0.13229    0.13457
 -0.23695   -0.0072806  0.306     -0.27992   -0.67624   -0.13857
 -0.59235   -0.17052   -0.76964   -0.41398    0.045024  -0.76244
  0.26192    0.060276  -0.2588    -0.030687  -0.21881   -0.57858
  0.70343    0.33696   -0.074975   0.11297    0.81846   -0.69822
  0.095506   0.021159   0.02342   -0.071157 ]"
stargate,"[ 2.1482e-01 -3.9937e-01  5.1712e-01 -2.3732e-01  3.1477e-01 -1.1423e+00
  8.1761e-01  1.5389e-01 -1.8022e-01  2.9909e-01  1.4608e-01 -8.8809e-01
  1.5035e-01 -2.4086e-01 -2.7157e-01 -6.7839e-01  1.9755e-01  8.5706e-01
  5.4205e-01  1.5028e-01  1.9650e-01 -1.3942e-01  2.1337e-01 -1.0134e-01
  8.3058e-01  4.4412e-01  1.1264e+00  5.8053e-01  2.4875e-01 -3.9940e-01
 -5.5583e-02 -2.8914e-02 -1.0126e+00  3.4302e-01 -6.2321e-01  3.5801e-01
 -1.8012e-01  2.6477e-01 -1.8002e-01 -6.4270e-01  8.0170e-02  1.3417e+00
 -2.6227e-01  1.3071e+00  6.4030e-01  8.4000e-04 -7.8856e-01  2.4169e-01
 -4.5438e-02  7.3516e-01 -9.5039e-01  1.1054e+00  6.1818e-01 -3.7326e-02
 -9.7221e-02 -3.0761e-01  5.6481e-01  4.5763e-02 -7.8797e-01  1.2635e+00
 -5.6044e-01  6.3359e-01  1.1612e-01 -1.2512e-01  9.4435e-01  1.2148e-01
 -1.7894e-01  1.8971e-01 -6.5737e-01  7.5813e-01  3.3900e-01  2.3293e-01
  9.4432e-02 -1.7607e-01 -1.8855e-01  4.1487e-02  3.8581e-01  4.2821e-01
 -3.7044e-02  5.5341e-01 -6.9668e-01  3.2052e-01 -1.1665e+00  4.3795e-01
 -1.3790e-01  1.0180e+00  1.1817e-01  3.1085e-01  3.4616e-01 -3.8076e-01
 -4.1388e-01  1.3394e+00  3.4053e-01 -2.5232e-01  6.3780e-01 -4.2961e-01
  6.5390e-01  2.1057e-01 -7.5334e-01  9.5945e-02]"
schenectady,"[ 1.8208e-01  2.5888e-01  4.8862e-01 -1.7392e-02 -6.1816e-02  2.8740e-02
  4.4103e-01  8.3235e-01 -2.7142e-01  4.2031e-01 -1.3057e+00 -1.6557e-01
 -7.1375e-01  1.7136e-01 -1.9614e-01 -5.6543e-01  7.4276e-01 -9.8968e-02
 -1.2854e-01 -4.1267e-01 -2.8793e-02  2.5568e-01 -3.8296e-02 -3.5646e-02
  1.2939e-01 -7.9864e-01  2.2470e-01 -5.1610e-01 -1.0641e-01  5.5227e-01
 -2.1227e-01  5.6943e-01 -2.6997e-01  2.1053e-01 -8.1115e-01 -4.5866e-01
  1.8616e-01 -5.3207e-01  1.0830e+00 -5.2031e-01  1.0433e-01 -2.4314e-01
 -4.1236e-01 -1.0492e+00 -5.3237e-01  3.0012e-01  7.9375e-01 -7.2250e-01
  5.3567e-01  6.6625e-01 -4.1108e-01 -3.0976e-01  5.6403e-01 -3.2231e-01
 -6.5977e-01  4.8378e-01  1.1483e-01 -2.1886e-01  4.5123e-04  1.0958e-01
 -1.0827e-01 -5.0728e-02 -4.6096e-01  9.4295e-01 -3.5372e-01 -4.5724e-01
  3.2736e-02 -8.3877e-02  3.6264e-01  5.6945e-01 -4.1349e-01 -2.6426e-01
 -1.1054e+00 -2.9901e-01  4.6993e-01 -3.7273e-01  1.1398e+00 -2.2161e-01
 -4.7393e-01 -4.7433e-01 -5.5300e-01  6.0382e-01  3.6430e-01  7.2021e-01
  4.4250e-01  3.7055e-01  1.4918e-01 -4.2261e-01 -7.7234e-01  2.8385e-01
 -8.0774e-02 -5.4244e-01 -1.5631e-01  1.2356e-01 -5.5910e-01  3.6853e-03
  3.0972e-01  2.7345e-01  4.1505e-01  7.5970e-01]"
spp,"[-0.19002   -0.23816    0.3697    -0.75711   -0.15212    0.11471
 -0.21212    0.53593    0.28338   -0.33441    0.49992   -0.21276
  0.43604    0.30928   -0.82738   -0.29418    0.33827    0.41424
 -0.27736    0.12102    0.44199   -0.30588   -0.055192   1.033
  0.18328    0.66856    1.4822     0.76727   -0.018327   0.88477
 -0.3681     0.51472   -0.15879    0.14611    0.50942    0.95827
  0.62739   -0.29705    0.54333    0.099683   0.1236     0.40184
 -0.10718    0.16255    0.099784  -0.71668   -0.02319   -0.19252
 -0.93004    0.41979   -0.18558   -0.62134   -0.68973   -0.023774
 -0.47834    0.83297    0.70233    0.7989    -0.14739   -0.17717
 -0.20987   -0.1901    -0.25022    0.4079     0.41894   -0.14716
 -0.0086944 -1.0341     0.86145   -0.53948    0.47437   -0.16442
 -0.21482   -0.67998   -0.0073946  0.092902  -0.22431   -0.12683
 -0.75894    0.16425   -0.062165  -0.53066   -0.14824    0.6164
  0.32239    0.15932   -0.17164    0.16787    0.34236    0.19855
  0.30881   -0.91816   -0.6345     0.58473    0.069675   0.61546
 -0.46388   -1.0928     0.56324   -0.2582   ]"
motionless,"[-0.10042    0.10743   -0.28496    0.4484    -0.25661    1.2367
  0.072836   0.37926   -0.1836    -1.0496     0.707      0.67158
  0.69995   -0.56711    0.55815   -0.38501    0.20397    0.56309
  0.53521   -1.0573     0.023208   0.63929    0.61735   -0.33462
  0.66275    0.11789   -0.21239    0.51197    0.12662    0.60029
  0.36759   -0.71886   -0.21172    0.030741  -0.38012    0.47975
 -0.08092   -0.090311   0.62665   -0.04519    0.052651   0.19878
  0.52308    0.19638    0.10111    0.2295     0.22739    0.7706
 -0.60798    0.15446    0.38368   -0.80134   -0.12413    1.1837
 -0.17151   -0.2156    -0.12897   -0.26102    0.0060978  0.43247
  0.59946    0.28631   -0.16278   -0.05571   -0.094128  -0.053586
  0.99722   -0.14204   -0.54245    0.061561  -0.010119  -0.083822
  1.0795     0.0045492  0.54767   -0.26446   -0.4058    -0.3332
  1.4014    -0.54664    0.43935    0.76336    0.44251    0.45114
  0.17876   -0.93544    0.072717   0.91147    0.059897   0.31071
 -0.016338   0.053336   0.34034    0.58584    0.35101    0.074864
 -0.077193   0.27281   -0.049966  -0.1911   ]"
townhouse,"[ 0.4234    0.022863  0.026056  0.62017  -0.3489    0.65232   0.055301
  0.72672   0.2693    1.2073    0.25277   0.29125  -0.081893 -0.028904
 -0.37164   0.45684  -0.65094  -0.32501  -0.014515 -0.36221   0.056818
  0.39482  -0.19187  -0.24805  -0.034569 -0.45506   0.1958   -0.12241
 -0.96662  -0.047798  0.089719  0.23742   0.42153   0.48897   0.20491
  0.41574   0.34893  -0.13494   0.90882  -0.29209   0.62393  -0.32637
 -0.42371   0.080829 -0.057877 -0.099313 -0.052793  0.27796   0.94797
  0.43848  -0.89163  -0.87115   0.47357   0.25953  -0.24179  -1.0319
 -0.52387  -0.98856  -0.31417  -0.4145   -0.68391   0.55292   0.33383
  0.034432 -0.062911 -0.31018   0.77435   0.16781  -0.32128  -0.20192
 -0.34106   0.41539   0.13346  -0.68238   0.047852 -0.40521   0.53894
  0.13048  -0.45255   0.11604  -0.57517   0.93905   0.85209   0.55393
  0.69735  -0.20568   0.2405   -0.76635  -0.42899  -0.5995   -0.098512
 -0.24804   0.42395  -0.19423  -0.58129  -0.15395   0.54251  -0.064019
  0.47734  -0.23314 ]"
curate,"[ 1.3779e-02 -1.0190e-01 -1.3351e+00  4.6042e-02  1.4964e-01  9.3036e-01
 -2.9416e-01 -2.1918e-01  1.3082e-01 -3.9339e-01 -6.3786e-01 -4.2672e-01
  1.2018e+00  9.4415e-01  6.4686e-01 -4.8917e-01  3.9887e-01  5.7262e-01
 -1.9241e-01 -2.0805e-01 -6.3809e-01  2.2918e-01  2.5652e-01 -3.1580e-01
 -8.2713e-04 -9.3706e-01  1.4174e-01  6.7325e-01  5.2802e-01  8.8373e-02
 -1.0784e+00 -1.6060e-01 -3.1629e-01  3.1895e-02 -1.4342e+00  3.6268e-01
 -1.1344e+00 -8.2927e-01  4.7244e-01 -8.1727e-01 -1.2702e-01  5.5633e-01
  3.5091e-02 -8.6040e-01  5.9163e-01  4.6995e-01 -1.9456e-01 -4.2705e-01
  5.9557e-01 -5.0031e-01  1.0948e-01 -2.8047e-01  1.1168e-01 -1.0042e-01
 -4.6821e-01 -3.5606e-01 -5.5678e-01 -6.4304e-01 -5.8870e-01 -5.6225e-01
 -2.3234e-01 -2.8076e-01  1.0076e-01 -5.5707e-02  6.4172e-02 -8.4215e-01
  2.9037e-01 -3.3839e-01  9.8428e-01  1.4991e-01  3.8294e-01  5.4244e-02
  2.4890e-01 -3.8272e-01  1.1861e-01 -7.5451e-01 -1.9476e-01  1.3604e-01
  3.9954e-01 -8.7163e-01 -2.5345e-01  4.1847e-01 -1.1049e-01  7.5131e-01
 -3.2732e-01 -7.2086e-01  3.7843e-01 -5.4426e-01  8.6771e-01 -4.5941e-01
 -3.7369e-02  4.1470e-01  6.1579e-01  5.2834e-01  3.4117e-01 -1.4184e+00
  4.9599e-01  5.2266e-01 -7.9621e-01 -2.0461e-01]"
obstetrics,"[ 0.085569  -0.57244   -0.65201    0.72288   -0.15904   -0.085089
 -0.17129    0.45642   -0.27348    0.71229   -0.3702    -0.38231
  0.53905    1.2072    -0.26835   -0.19299    0.10009    0.23982
 -0.41833   -1.1589     0.27394   -0.13169    0.072387   0.24958
  0.35097    0.49759    0.41135   -1.1445    -0.89551    0.29983
 -0.67269   -0.47294   -0.48319    0.266     -1.6795     0.34328
 -0.87011    1.0519     0.11638   -0.21645    0.67667    0.086844
 -0.84935   -1.1145    -1.2231     0.63014    0.41201    0.8542
 -0.0028923 -0.14277    0.57859   -0.3743    -0.57779   -0.98637
 -0.30109   -0.017923   0.37845   -0.44447    0.013041   0.50389
  0.5846    -0.3122     1.1944    -0.20655    0.33267   -0.25153
  0.51074    0.052946   0.778      0.38558   -0.23332    0.42447
 -0.36562    0.7679     0.18542    0.31224   -0.32069    1.0551
 -0.17038   -1.3509    -0.078339  -0.69189   -0.028403   1.1001
 -0.5478     0.13134    0.37755    0.54115    0.10817   -0.38109
  0.71556   -0.2059     0.89061    0.5448    -0.041449   0.57045
  0.49483   -0.22531   -0.40207   -0.07295  ]"
fortier,"[-0.42989   -0.28384   -0.24306    0.091409   0.33267   -0.18524
 -0.14678   -0.74264    0.17819    0.55274    0.099838   0.071273
  0.051979   0.25485    0.1529     0.010452   0.76848    0.50339
 -0.75928    0.52185    0.058347  -0.049786   0.079072   0.88934
 -0.50903    0.30079    0.18514   -0.79781   -0.83033    0.20038
  0.35349   -0.071219   0.55505    0.061983   0.35375    0.93897
  0.53861    0.52758    0.20617   -0.059207  -0.04041    0.40152
  1.0449     0.61419   -0.93796    0.30829   -0.17807   -0.79234
  1.1835    -0.089446  -0.20389   -0.58079    0.42441    0.28647
 -0.79097    1.0031     0.12502   -0.24415   -0.11602   -0.0069938
  0.24579    0.48603    0.19209   -0.036413  -0.42432   -0.36726
  0.41209    0.37094   -1.2796     0.76996   -0.50669   -0.23723
  0.48181   -0.028862   0.02109    0.062482   0.98259   -0.61875
  0.016719   0.30843    0.76746    0.48965    0.34697   -1.0492
  0.05692   -0.075943   0.39094    0.49365   -0.19871    0.14011
  0.81479   -0.3125     0.0054883  0.3731     0.49254   -0.40198
  1.1331    -0.040723  -0.79453    0.40785  ]"
pirro,"[-0.84081   -0.87221   -0.31516    0.11772   -0.0034079  0.066449
  1.0804    -0.056834   0.84475    0.13468   -0.044718   0.31765
 -1.4145    -0.2436     0.20134   -0.31988    0.13987    0.14931
 -0.21681    0.78774   -0.45509    0.67418    0.20273    0.43597
 -0.74309   -0.27351    0.034659  -1.0967    -0.103     -0.38079
  0.76273    0.036493   0.98003    1.0149     0.17507    0.41977
  0.61226    0.21092    0.51179    0.74395    0.2806    -0.6982
  0.10437    0.29246   -0.88693    0.061615   0.51641   -0.71488
  0.86193    0.25431   -0.76535   -0.2677     0.53787   -0.026359
 -0.99252    0.39708    0.85888    0.24196   -0.68191    0.14638
  0.64258    0.054567   1.3511     0.2829     1.0726     0.47566
  0.18211    0.97      -0.3158     0.19655   -0.72786    0.31528
 -0.46257   -0.46315    0.11736    0.58793   -0.11072   -0.27259
 -0.2319    -0.13508    0.051071   0.15961    0.47191   -0.45885
 -0.34635   -0.91201   -0.77649    0.48806   -0.16744   -0.64238
 -0.011402  -0.096972   0.067556   0.69195    1.0649     0.25879
  1.0585     0.055794   0.055224   0.071248 ]"
début,"[ 0.30261   -0.92963   -0.36425   -0.2765     0.55191   -0.16549
  0.53042    0.13029    0.10224    0.20783   -0.060889  -0.57777
 -0.20659    0.0066659 -0.10146    0.63328    0.56112    0.96017
  0.93925    0.0048913  0.25083   -0.59096    0.083094  -0.074732
  0.41256    0.26261   -0.19259    0.57831    0.68926    0.34451
 -1.0739    -0.41096   -0.087825  -0.13419    0.29041    0.82617
 -0.3134     0.57148   -0.72059   -0.47684    0.27304    1.1315
 -0.16665   -0.22423    1.2761    -0.033175   0.59576   -1.1265
 -0.031707  -0.065793  -0.1918    -0.14475   -0.11039    0.63164
 -0.48697   -1.3821    -0.42617   -0.16803   -1.0965    -0.4584
 -0.62346    0.11161   -0.64733    0.025931  -0.12366   -0.056236
 -0.32721   -0.44809    0.048149  -0.42603    0.011373   0.20478
  0.022735  -0.28749   -0.19976    0.58546   -0.3541    -0.2961
 -0.15125   -1.0266    -0.30288    1.0807     0.92564    0.1702
  0.02663   -0.556      0.37649    0.3185     0.033565   0.64871
 -0.76608    0.1891    -0.078625   0.80668    0.85203    0.0094242
 -0.81671    0.48918    0.46062   -0.16615  ]"
aoc,"[ 0.47528   -0.41847    0.42371   -0.2328    -0.070869  -0.12416
 -0.11248    0.21117   -0.49714   -0.41279   -0.20659   -0.339
  0.45645   -0.36166   -0.63995   -0.44458    1.2175    -0.35408
 -0.35721    0.014462  -0.56467   -0.096483  -0.28258   -0.80103
 -0.77676   -0.0062567  0.49812   -0.022668  -0.62401   -1.0044
 -0.33739   -0.60317   -0.10538   -0.5374     0.54888    1.3331
  0.16104    0.6747    -0.60183    0.12327    0.13636   -0.52344
  0.51296   -0.21956    1.2239     0.29272   -0.45509   -0.50551
 -0.3738    -0.91996    0.68424    0.67354   -0.28665   -0.38109
 -0.77059    0.34305    0.29625    0.65156    0.15881   -0.25775
  0.89453   -0.05263    0.41266    1.0807     0.457     -0.71202
  0.17775   -0.097334   0.45698    0.12343    0.62947   -0.36602
  0.19598   -0.17564   -0.092742  -0.5619    -0.17553   -0.14096
 -0.11443    0.043505  -0.49426   -1.2974    -0.66496    0.51132
  1.0286     0.41904    0.28039    0.13442    0.57679    0.5632
  0.0029043  0.23415   -0.39186    0.49219    0.75218    0.87352
 -0.85579    0.098902  -0.52942    0.083494 ]"
kalla,"[-0.55187   -0.22531   -0.068921  -0.64665    0.18421    0.5374
  0.6622     0.41436    0.57807   -0.75851   -0.072391   1.0111
 -0.39768   -0.48346    0.55679   -0.19724    0.24566   -0.30922
 -0.034503  -0.83292    0.21371   -0.34384    0.45084    0.86763
 -1.0884     0.65212    0.56694    0.086857  -0.30184   -0.25668
 -0.1599     0.31837    0.277      0.72854   -0.13595    0.36152
  0.43321    1.2006    -0.10642   -0.31372   -0.046703   0.39932
  0.61459    0.031583  -0.75155    0.46872   -0.41617   -0.30041
 -0.040136   0.14843   -0.50277   -0.43247    0.057015  -0.073601
  0.4948    -0.12523   -0.28974    0.68148   -0.66292    0.57412
 -0.78287   -1.5527    -0.087971  -0.45599   -0.92075    0.93643
  0.30925    1.022      0.42626    0.029703  -0.39868   -0.36825
  0.26387   -0.0028058  0.61458    0.032171  -1.1255     0.63918
  0.25142   -0.34859   -0.17122   -0.64093    0.26622   -0.41239
  0.35784   -0.23171   -0.41659    0.067575  -0.65152   -1.8179
  0.71104    0.17889   -0.06978    0.46241   -0.48236   -0.30633
 -0.74656   -0.061304   0.45181   -0.36193  ]"
trillions,"[ 0.27939    0.83404    0.27553   -0.12377    0.044056   0.18718
 -1.5297    -0.17922    0.042262  -0.3756     0.46365    0.89899
 -1.1872     0.44907   -0.052622  -1.088     -0.20481    0.63485
  1.2023    -0.55767    0.2411     0.8402    -0.11215   -0.23199
  0.31648   -0.76392   -0.078753   0.73627   -0.22408   -0.452
  0.45864    0.24847   -1.1047    -0.28243   -0.7062    -0.59479
  0.19724   -0.70137   -0.48271   -0.083459  -0.040311  -0.41972
 -0.78714    0.25267   -0.24401   -0.034363  -0.0040415 -0.19203
 -0.74427   -0.081081  -0.47518   -0.074607   1.1627     0.32373
 -0.2188     0.10843    0.68216   -0.33041   -0.12418    0.30939
  0.26145    0.98367   -0.54167   -0.22864   -0.67046    0.69717
  0.081431  -0.24703    0.13062   -0.98874    0.43313    0.017101
 -0.31884    0.34304   -0.070848   0.38538   -0.68734    0.66132
 -0.49952    0.70291    1.3404     0.83483   -0.72002    0.25587
 -0.15745    0.75297    0.14718   -0.37974   -0.47437   -0.59162
 -0.28709    0.19828   -0.0075869 -0.75541    0.13046   -0.56623
  0.26273    0.5439     0.35175   -0.19479  ]"
r.e.m.,"[-3.4705e-01  1.7804e-01  4.4055e-01 -4.7007e-01  4.1668e-01 -1.4734e-01
 -2.1808e-01 -2.4440e-01  1.1565e-02 -2.3245e-01  5.6187e-04 -7.3057e-02
  4.1641e-02  1.0818e-02  2.3567e-01 -4.7578e-01  4.7643e-01 -2.9907e-01
  1.2772e-01  4.1609e-01  2.1318e-01  1.9599e-02 -7.9125e-02  7.1057e-01
  1.9353e-01  5.9073e-01  1.7029e-01  4.0706e-03  6.5470e-01 -3.0167e-01
 -9.2844e-02  4.2599e-01 -1.7651e-01  7.3993e-01 -2.9523e-02 -4.2848e-01
  9.0803e-01  4.1398e-01  5.5812e-01 -1.3807e+00 -1.6206e-01  1.2261e+00
  3.4150e-01  9.3155e-01 -3.4763e-01 -1.8829e-01 -7.2093e-02 -6.8636e-01
  1.6477e-01 -4.0038e-01  5.7180e-03 -4.4090e-01 -2.7303e-01 -3.2019e-01
 -4.4945e-01 -4.6289e-01  2.0031e-01  4.6993e-01 -3.8172e-01  5.0461e-01
  4.9950e-01  8.3625e-01  4.6938e-01  2.6782e-01  2.4207e-01 -3.5503e-01
  5.5144e-01  1.5081e-01  1.6721e-01 -6.2308e-01 -1.3735e-01 -1.1910e-01
 -7.0117e-01  4.2300e-01 -4.4519e-01 -2.7966e-01  1.3902e-01  1.9631e-01
  9.3039e-01  2.5027e-01  3.4573e-01 -1.0586e-01  4.7534e-01  1.1323e-01
 -2.2400e-01  2.2164e-01  2.7104e-01  1.3714e-01 -4.3537e-01  9.9902e-01
 -2.1579e-01  1.1215e-01 -2.7886e-01  8.2037e-02  4.2824e-01 -9.6778e-01
 -5.8313e-01  7.2964e-01  4.5188e-01  3.1612e-01]"
toto,"[ 5.0268e-01 -5.4099e-01 -5.1644e-02 -5.7104e-01 -3.4866e-01  5.4460e-01
  8.4204e-01  3.2559e-01 -6.0000e-01 -4.7792e-01  6.9565e-01 -1.2654e-01
 -4.7889e-01  3.7592e-01 -3.3785e-01  1.9670e-01  1.8824e-01 -7.9674e-01
 -2.7014e-01  8.9304e-01  3.6214e-01  5.9227e-01 -8.5361e-01  1.1905e-01
 -1.2010e-01  4.6242e-02 -3.4122e-01 -3.1835e-01  5.7314e-01  4.7787e-01
  5.0563e-01 -2.2876e-01 -7.3066e-01  2.6164e-01  2.5822e-01  1.0350e+00
  1.1408e+00  1.0869e+00 -9.9870e-03 -8.2619e-01  3.0004e-01  6.8583e-01
  3.8661e-01 -3.1339e-01 -2.9386e-01  5.8689e-01 -3.5846e-01  6.1924e-02
  1.9731e-01 -5.1254e-02 -1.0421e+00  3.0125e-01  1.2460e-01  8.5546e-01
  5.5641e-02  7.1115e-02 -1.6331e-01  1.1061e+00 -8.0209e-01  2.9634e-01
  4.0459e-01 -1.9238e-01 -6.1819e-01  3.4950e-02  4.6969e-01  1.5363e-01
  1.0785e-01  3.9023e-03  3.6892e-01 -3.6125e-01  2.2287e-02 -2.0388e-01
  1.8440e-01 -1.1164e-03 -1.1832e-01 -1.8877e-01  3.8261e-01 -7.4100e-01
 -9.2158e-02 -5.2273e-02  1.8469e-01 -5.7156e-02 -4.2350e-01  3.5363e-01
  2.0420e-01  5.9585e-01 -2.2239e-01 -3.4525e-01  2.0554e-01 -7.2488e-02
  8.1114e-02  5.5867e-01 -1.0039e-01  4.3109e-01  1.0626e+00 -3.2791e-01
  7.0908e-02  7.7089e-01  2.3079e-01  1.5064e-01]"
misspelled,"[-0.14917   -0.5251     0.69366   -0.04642   -0.2772     0.69116
 -0.14382   -0.37078    0.49012    0.15518   -0.7        0.51123
  0.21279    0.042151   0.079794   0.22527    0.90175   -0.53242
  0.26355   -0.17176   -0.19609    0.1541    -0.20993    0.5412
 -0.12464   -0.31218   -0.21874    0.17798   -0.12449    0.013708
  0.7505     0.58089   -0.25033    0.083795  -0.44266    0.13994
 -0.67855   -0.37338   -0.14376    0.11745    0.53609    0.51946
  0.045437   0.34447    0.019158  -0.03665    0.11525    0.11563
 -0.5199     0.12508    0.67005    0.072808   0.43678    0.19022
 -0.8308    -0.044389  -0.04898    0.21207   -0.73305   -0.41922
 -0.073662   0.80852    0.07706   -0.19962   -0.041635  -1.199
  0.59011   -0.32625    0.3058    -0.16944   -1.3287     0.33354
 -0.14855    0.11035    0.33098    0.22609   -0.063245   0.19712
 -0.70984   -0.30608   -0.82117   -1.6275    -0.56348   -0.46049
 -0.62666   -0.18602   -0.0046163 -0.54762    0.21194    0.032322
 -0.62898    0.36341    0.3976    -0.19172   -0.092271   0.34163
 -0.20546   -0.23389   -0.26729    0.0092682]"
u-2,"[ 0.55387  -0.4862    0.75605   0.20347  -0.55893  -0.59958  -0.075649
 -0.05479   0.19302  -0.24246   0.13108  -0.20873   0.53329   0.20996
  0.15604   0.49578   0.19743   0.75756   0.44311  -0.11197   0.14321
  0.29623   0.6073    0.020245  1.027    -0.64263  -0.54177   0.28705
 -0.19213  -0.24151  -0.86089  -0.58375  -1.3174    0.62486   0.076122
  1.1926    1.1797   -0.10578   0.53835   0.66566  -1.1305    1.0247
 -0.17758   1.3243    0.36385   0.81702  -0.41699  -1.0646   -0.29174
 -0.42416   0.44334   0.83979  -0.69773   0.81899   0.31452  -0.32552
  0.59362   0.36769   0.7546   -0.60744   0.010419  0.18484   0.76093
 -1.0364   -0.92044  -0.54038   0.14126   0.17211  -0.7576    1.2974
 -0.023373 -1.3928    0.21784   0.57192  -0.15946  -0.16653   0.59149
  0.58478  -0.25299   0.92381   0.24686   0.31381   1.1498    0.089264
 -0.19021   0.13679   1.9539    0.63376   0.81395  -0.064382 -1.3859
  0.30924  -0.26064   0.11525  -0.091343 -0.30655  -0.045895 -0.29386
 -1.5928   -0.34521 ]"
dreamer,"[ 0.048111   0.38404    0.66534   -0.32503    0.050892   0.59905
 -0.052911  -0.23532    0.45014    0.037743  -0.034422   0.17715
 -0.05459   -0.38289    0.49361   -0.079051   0.36581    0.66425
  0.20867    0.44108    0.27541   -0.1291    -0.12448    0.45468
  0.28331    0.88948    0.10207   -0.20484    0.070445  -0.17676
 -0.67038   -0.077694   0.47484   -0.09076   -0.021142  -0.15667
 -0.77553    0.069866   0.63195   -0.40509   -0.25387    0.66914
  0.38327    0.5684    -0.44737   -0.44512    0.0097277  0.53889
  0.37261    0.19724   -1.1753    -0.10676    0.53943    0.34613
  0.30031   -0.20036    0.66838    0.57411   -0.38774    0.21852
  0.62588    0.55124   -0.93252    0.21754    0.43402   -0.8333
  0.072258   0.12174   -0.54094   -0.71274   -0.14169   -0.30657
 -0.42821    0.42462   -0.44273   -0.091073   0.69685   -0.25682
  0.0013582 -0.38365    0.16537    0.05249   -0.17331    0.21359
  0.35376    0.16602   -0.6751    -0.02334   -0.27322   -0.063867
 -0.079427   0.055497   0.327      0.30651    0.30619    0.033277
 -0.36073   -0.28792   -0.48534   -0.011163 ]"
todo,"[ 3.1218e-01 -9.7012e-01  4.6865e-01 -3.0544e-01 -1.5435e-01 -2.7393e-01
  2.1217e-01  8.5815e-01  1.8905e+00  3.7613e-01 -4.4182e-01  1.0703e-01
 -1.5499e-01  2.0884e-01  8.8227e-01  4.3397e-01  3.4505e-03 -7.8542e-01
 -1.7111e-01  1.3898e-01  9.1540e-01  8.4067e-01 -2.0902e-01 -1.2659e-02
  7.8971e-01  4.3202e-01  6.1130e-01 -5.7191e-01  2.1842e-01  9.2225e-02
  1.4334e-02 -3.8818e-01  6.9759e-02  7.7847e-01 -6.3873e-02  5.1918e-01
  1.3034e+00 -9.7135e-01  4.1270e-01  2.3695e-01  3.8216e-01  6.1284e-01
 -7.0287e-01 -8.2686e-01  6.8477e-01 -7.5409e-01 -3.4332e-01 -3.7977e-01
 -1.3998e+00 -7.5270e-02 -1.4163e+00  1.2724e+00 -5.3259e-01 -7.1550e-01
 -8.6506e-02 -9.9242e-01  3.1708e-01  8.1941e-01  1.1901e-01  4.5105e-01
 -4.2842e-01 -6.3018e-01 -8.3309e-01 -1.4856e+00 -9.5033e-02 -4.8405e-01
  4.1430e-01 -6.6946e-01  3.0574e-01  8.8537e-01 -1.6588e-01  1.0664e+00
  2.3292e-01 -1.4584e-01 -9.8786e-02 -1.0961e-01 -2.4426e-01 -7.7310e-01
 -7.7987e-01  1.0449e-01 -4.5650e-01 -1.1946e-01  1.9913e-01 -5.1451e-01
  5.4418e-01  5.9890e-01 -3.3374e-01  1.0117e-01  1.6391e-01  3.2277e-01
 -1.9573e-01  1.9171e-01  6.0240e-01 -4.6567e-01  1.3820e+00  1.1424e-04
 -4.0249e-01 -5.0325e-01 -3.5069e-01  3.6922e-01]"
rato,"[-0.47871   -0.51431   -0.47817   -0.065767   0.52867   -0.46468
 -0.26335    0.32782   -0.17705    0.066791   0.15785    1.1402
 -0.49057   -0.083462   0.070716   0.40192   -0.56446    0.10835
  0.6673    -0.1394    -0.96652    0.1576    -0.98467    0.041547
 -0.16488   -0.1553    -0.2811     0.017719   0.44518    0.33233
 -0.67071   -0.46285   -1.0746     0.39559   -0.28223    0.79557
  0.25146    0.58084    0.071435  -0.26318    0.0080185 -0.073708
  0.38422    0.60573    0.61318    0.14382   -0.14711   -0.26765
 -1.2844    -0.25589   -0.43351    0.056856   0.12933    0.20304
 -0.38742   -0.34169   -0.27907    1.0788    -0.79518    0.6847
  0.1138    -0.40279    0.11401   -0.20819   -0.53472    0.23846
 -0.46732   -0.022466   1.2454    -0.78817    1.0114    -0.098663
 -0.43817   -0.7106     0.008585  -1.1369    -1.496      0.10108
 -0.42249   -0.60036    0.19338   -0.81563   -0.46453   -0.37457
  0.44227   -0.30218   -0.19086    0.55194   -0.58605   -1.2498
  0.36622   -0.12017    0.7578    -0.065991   0.34087    0.77583
 -0.36714   -0.14461   -0.05636    0.41284  ]"
toussaint,"[ 0.19941  -0.59843  -0.57151   0.09631   0.45738   0.40429   0.5643
 -0.14806  -0.051586 -0.19163  -0.18149   0.68823  -0.90497  -0.41043
 -0.019185 -0.60221   0.12321  -0.55152   0.077785 -0.20108  -0.01531
 -0.37529   0.56364  -0.7656    0.58613  -0.43077  -0.10662  -0.50374
  0.034262 -0.25145  -0.62683  -0.47897   0.01561   0.47311  -0.6031
  0.98462   0.80327   1.459     0.4326   -0.18891  -0.10178   0.46585
  0.1601    0.32832   0.087797 -0.25532  -0.25767  -0.3284    0.10721
  0.32158   0.073364 -0.054675 -0.042521  0.43569  -0.24749   0.39541
  0.45534   1.0967   -0.59643   0.88619   0.45882  -0.6852    0.20169
 -0.42815   0.034041 -0.65897   0.21347   0.26607   0.057613  0.031999
  0.092468 -0.68664  -0.48189  -0.39694   0.42139  -0.81493   0.12175
  0.17971  -0.10569   0.6224    0.064077 -0.408     0.043409 -0.23327
 -0.30907   0.32394   0.19926   0.017909 -0.52473  -0.095101  0.46949
  0.011457 -0.15591   0.31057  -0.72715  -0.33568   0.11412   0.46976
 -0.55416  -0.1872  ]"
overworked,"[-0.12761    0.50885    1.0294    -0.17763   -1.2266     0.72054
 -0.55064    0.010338   0.14097    0.028356  -0.0017219 -0.24651
  0.32519   -0.37568   -0.8346    -0.67123    0.094398  -0.19293
  0.48608   -0.23063    0.089338   0.38626    0.46703    0.28419
  0.34756   -0.55152   -0.090099  -0.48346   -0.044919   0.28162
  0.34174    0.072279  -0.33066   -0.39765   -0.65377    0.45028
 -0.58435    0.5689     0.90602    0.10396    0.34439    0.66807
 -0.41108    0.43696    0.4975     0.48916    0.085176   0.19151
  0.29777   -0.041542  -0.58083   -0.28921   -0.41556    0.23837
 -0.68565    0.67449    0.89726   -0.44782    0.20985    0.32758
  0.069156  -0.0019854  0.24846    0.43355   -0.10593   -0.81572
  0.42206   -0.2252    -0.0202     0.26328    0.21512   -0.18009
  0.31585    0.002912   0.64715    0.080779   0.12466    0.32791
  0.32534   -0.14683   -0.068519   0.031093  -0.74862    0.20023
 -1.6972     0.10429    0.051632   0.94161   -1.4837    -0.55553
  0.15224    0.085368   0.3478    -0.16782    0.38704   -0.089414
 -0.019609  -0.011172  -0.59608    0.36322  ]"
1603,"[ 0.44381  -0.60973  -0.087538  0.46429  -0.78437   0.32918   0.27388
 -0.16752  -0.29038  -1.0931    0.30585  -0.052022 -0.037952  0.6729
  0.51143  -0.23413   0.12263  -0.11206   0.2192   -0.53899  -0.022848
 -0.29947   0.50949   0.16866   0.33975  -0.25533  -0.25402   0.017594
  0.47104  -0.45904   0.61091   0.25495  -0.069722 -1.3371   -0.76506
  0.29993  -0.3747   -0.052259 -0.096514 -0.38167   0.10614  -0.043147
  0.48864  -0.39294  -0.29257  -0.66792   0.80122  -0.80537   0.40237
  0.16561  -0.65506   0.17963   0.71991  -0.21815  -0.68048  -0.30049
 -0.48881  -0.8776   -0.99616   0.024716 -0.48835   0.54229  -0.6701
  0.46201  -0.45571  -0.17984  -0.86302   0.037673  0.083028 -0.62376
  0.21659   0.11411   1.0093   -0.10632  -0.55048  -0.92808   0.38992
  0.717    -0.73167  -0.51827  -0.1907   -0.49236   0.55935   0.4825
  0.15652   0.46474  -0.15596  -0.93738  -0.45036  -0.18423  -0.16073
  0.072757  0.57562   0.49372  -0.055488  0.002856  0.2052   -0.34804
 -1.1656   -1.0618  ]"
maitland,"[-0.49064   -0.36076    0.18302   -0.2407    -0.37414    0.09636
  0.2492    -0.028648  -0.044595  -0.54028    0.05757    0.51987
 -0.59027    0.36165   -0.11293   -0.98252    0.63139   -0.35557
  0.012534  -0.19336   -0.2364    -0.83997    0.98729   -0.28335
 -0.039158   0.53868   -0.29938    0.19519   -0.54706    0.62858
 -0.27913    0.1079     0.63866   -0.30934   -0.13359   -0.029786
 -0.0055514  0.14881   -0.37169    0.48272   -0.26042    0.15617
 -0.25497    0.065987   0.050898   0.75223    0.21832   -0.73455
  0.75538    0.91725    0.16828    0.012411  -0.45449   -0.52584
 -0.16346    0.34518   -0.72467   -0.69372   -0.30859   -0.67905
  0.10909    0.20872   -0.14557    0.64122    0.09674   -0.53529
 -0.091068   0.088629  -0.18479    0.58517    0.017443   0.10727
 -0.18572   -0.9967     0.20479   -0.52623    0.47915    0.11783
 -0.49102   -0.58858   -0.60516    0.76535    0.0086008 -0.17879
  0.35606   -0.063564  -0.092357  -0.21938    0.23319    0.10851
 -0.30909   -0.27814   -0.095411   0.53867   -0.45089    0.25839
 -0.32566   -0.36236   -0.54213    0.025093 ]"
luce,"[-4.8018e-02 -5.8402e-01 -6.9271e-01 -6.4359e-02 -1.7017e-02  1.9679e-01
  3.8940e-01 -2.2082e-01  5.3659e-01 -8.6016e-01  1.6273e-01  7.2300e-02
 -3.0125e-01 -8.4835e-02  1.3564e-01 -2.1965e-01  2.6211e-01 -1.0906e-01
 -1.0848e-01  3.5185e-01 -7.1407e-01  1.4083e-01  6.3333e-01  4.0401e-01
  3.6386e-01  6.7244e-02 -6.6948e-01  7.2351e-02  1.2687e-01  2.7132e-01
 -2.4666e-01  2.5150e-01  2.1307e-01  2.5067e-02 -1.3840e-01  3.1321e-01
 -6.8896e-02  5.2412e-01  6.3238e-01 -1.1138e-01 -1.7582e-01  2.8318e-01
 -1.1725e+00 -2.9314e-01  3.0285e-01 -4.9996e-01  2.3877e-01 -1.6459e-01
  2.9862e-01  4.6232e-01 -1.1798e-01 -3.7141e-01  2.4231e-02 -3.1015e-03
  6.2638e-02 -3.7662e-01  4.4355e-01  8.6928e-02 -8.4846e-01 -2.6739e-01
  7.5656e-02 -2.1209e-01  2.6340e-01  2.4232e-01 -1.3815e-01 -4.5545e-01
  2.8102e-01  3.8579e-01 -6.0300e-01  1.3260e-01  1.2528e+00  7.6163e-01
  3.3068e-01 -4.9012e-01  5.3739e-01 -2.9487e-01 -3.0534e-02  2.0316e-01
 -5.0754e-01 -1.8282e-01 -1.8890e-01  1.1285e-01  5.3774e-02  7.7733e-02
  4.8236e-01 -1.8643e-01 -5.2241e-01 -1.1367e+00  5.3924e-01 -1.0439e+00
  3.7491e-01  8.0445e-02  6.4954e-01 -3.0944e-01  2.3064e-01 -7.0076e-01
 -3.4400e-01  1.3348e-01  1.1347e-01  7.9130e-04]"
mayflower,"[ 9.9456e-01  3.8712e-01  6.9566e-01 -1.3382e-01 -2.9603e-01  7.2537e-05
  5.8841e-01  1.6755e-01  5.3540e-02 -4.0069e-01  5.4224e-01  1.3215e-01
  3.7900e-01  4.8240e-01  8.7843e-03 -7.9022e-01  6.5419e-01  2.7996e-01
  3.0311e-01 -6.6899e-01  7.8420e-01 -7.2310e-01 -5.6800e-01 -8.7662e-01
  6.8545e-01  5.2291e-01 -1.4274e-01 -3.4677e-02 -2.9661e-01 -1.9716e-01
 -7.3046e-02 -1.4375e-01 -1.6391e-01  7.5182e-01 -2.2134e-01  7.2740e-01
 -9.4528e-02  4.6980e-01  5.0505e-01 -4.3455e-01 -7.0674e-01 -9.0517e-02
  3.4429e-01  7.6261e-01 -3.5886e-01 -5.7494e-02  6.4172e-01  7.3718e-01
  6.9429e-01  1.1786e+00 -3.1977e-01 -2.4263e-02  1.5981e-01 -3.4328e-01
 -7.1297e-01 -8.5098e-03 -4.3460e-01 -2.0659e-01 -1.4521e-01 -6.9299e-01
 -7.5354e-01  2.7172e-01 -1.2029e-01 -5.0647e-01 -1.7756e-01 -2.5173e-01
 -1.1644e+00  6.3935e-01 -4.2056e-02 -5.8408e-01 -9.0126e-01 -5.5387e-01
  4.5401e-01 -1.0964e+00 -4.6070e-01 -3.3345e-01  4.7688e-01 -2.3913e-01
 -6.2727e-01 -7.2095e-01  2.9728e-01  1.5886e-01  6.7440e-01  9.4005e-01
  5.2761e-01 -4.2247e-01  2.8474e-01 -1.5169e+00 -2.0342e-01 -8.8211e-01
 -3.2273e-01  2.3599e-01  6.6923e-01 -6.0836e-01 -4.0819e-01 -6.2749e-01
  7.0282e-02  1.9500e-01  3.7404e-01 -3.2344e-01]"
masts,"[-1.8355e-01 -2.1710e-02 -2.5369e-01 -2.0414e-01 -2.3081e-01 -5.3562e-01
 -5.0668e-01  5.4379e-01 -2.0939e-03  1.4815e+00  1.0017e+00  3.9955e-01
  6.4020e-01  5.9695e-01 -2.1312e-01 -1.0830e+00 -9.0819e-01  3.9769e-01
  6.4496e-01  2.9714e-02 -7.1832e-01 -3.0097e-01  9.1327e-01 -2.4418e-01
  2.1777e+00 -7.5762e-01 -5.7240e-01  3.6814e-01 -9.8886e-02 -1.7811e-03
  7.6817e-01 -5.8837e-01  8.6175e-01  3.9790e-01  6.1144e-01  1.2879e-01
 -2.6344e-01 -5.2499e-01 -1.0923e-02  6.1025e-01 -1.4016e-02 -6.1631e-02
 -2.9669e-01 -1.1543e-01  1.8646e-01 -2.1283e-01  5.9334e-02  4.1384e-03
  2.7204e-01  7.2492e-01 -2.3722e-01  7.4923e-01  6.0070e-01  8.9061e-01
  7.7258e-01 -3.1004e-02  4.2782e-01 -5.7168e-01 -1.1001e-01  4.9781e-01
 -6.5868e-01 -1.5142e-01 -3.8399e-01  9.3843e-01 -5.1099e-01  2.1297e-01
  2.4174e-01  3.3576e-02  9.8855e-02 -7.0826e-01 -6.7663e-01  2.0685e-01
  7.1137e-01 -1.1842e-01  4.1537e-01 -6.1334e-02  4.2453e-01  2.6989e-01
  1.0644e-01  1.4221e-01 -1.5869e-01 -1.3712e+00  3.1920e-01  4.3378e-01
 -5.5221e-02 -1.1089e+00  7.0286e-01  1.4670e-02  6.2345e-01  8.6665e-02
 -7.5922e-01 -1.5352e-01  2.5837e-01 -5.4280e-02  2.2549e-01 -5.2056e-01
 -1.0694e+00 -6.1897e-01  7.2468e-01  1.5006e-01]"
chapin,"[ 0.38316    0.21654   -0.25961   -0.063867  -0.42079   -0.02935
 -0.019483   0.14276    0.051845  -0.561     -0.0069615 -0.17679
  0.39318    0.31921   -0.0050391 -0.75437    0.86028    0.0088754
  0.74795    0.038687   0.44049   -0.15303    1.1437     0.30761
 -0.0015037 -0.078159  -0.7759    -0.34509    0.05659    0.51663
 -0.14882    0.28448    0.4518     1.0994    -0.56791    0.092202
 -0.1072     0.52667    0.50326   -0.12223    0.077474   0.37488
 -0.64041    0.4418    -0.11163    0.39825   -0.56304   -0.27474
  0.33277    0.38349   -0.064769  -0.62112    0.23385   -0.82517
  0.01114   -0.49322    0.50547   -0.13646   -0.42289    0.35475
 -0.011128  -0.3965     0.17367    0.36695   -0.58791   -0.51657
  0.83415    0.53081    0.43111   -0.68445   -0.59903    0.27872
 -0.5792     0.18983    0.62348    0.23227   -0.12279    0.25683
 -0.61022   -0.096165  -0.50129    0.14976    0.025085  -0.46113
 -0.056827   0.55983   -0.15922   -0.46849   -0.31066   -0.27863
  0.27499    0.054847   0.45654    0.090002   0.24478   -0.16139
  0.0072026  0.035707  -1.1139     0.50447  ]"
neely,"[ 0.075286   0.083562  -0.17193   -1.1206    -0.79439    0.23838
  0.43939   -0.39372   -0.095315  -0.51591    0.093228   0.31373
  0.10752    0.19388    0.68628   -0.41136    0.025375  -0.17025
 -0.042074  -0.047046  -0.10715    0.094767  -0.61678    0.10327
  0.65316    0.01087   -0.15106   -0.31089   -0.15551    0.1213
  0.10961    0.88837    0.67127    0.3642    -0.12544    0.19415
  0.21162    0.57472   -0.11032   -0.31677   -0.084404   0.01068
  0.032403   0.55737   -0.86232    0.93267    0.27159   -1.0194
  0.63964    0.64905    0.51721   -0.77298   -0.36531   -0.41003
  0.0037663 -0.36993    0.49       0.030864  -0.79718    0.5984
 -0.51483    0.38169   -0.18241    0.99231    0.16283   -0.067851
  0.56079    0.52568   -0.38282    0.27045    0.035203  -0.34753
  0.042692  -0.29216   -0.068737  -0.60468   -0.68222   -0.12889
 -0.17089   -0.055514  -0.24095    0.52782   -0.050405  -0.20409
  0.17778    0.45223    0.35367    0.26008   -0.35604   -0.19722
  0.069323  -0.15189   -0.059764  -0.061292   0.6255    -0.52449
  0.7425    -0.21088    0.13088    0.26998  ]"
l'oreal,"[ 9.8988e-01 -1.2991e-01  4.4700e-02  4.4287e-01  6.8448e-01 -3.8851e-02
  3.1829e-01  1.9604e-01  6.4625e-02  4.4224e-01 -8.8216e-02 -4.7644e-03
  1.3065e-02 -1.0470e-01 -3.8647e-01  4.6863e-01  8.6756e-02 -1.9318e-01
 -5.3613e-02  3.2825e-01 -3.7522e-01  1.4777e-01 -2.3286e-01  8.5055e-01
 -1.3777e-02  1.0215e-01  7.3722e-01 -4.8203e-01 -5.5949e-01 -1.0347e+00
  7.2977e-01 -3.3662e-01 -9.4120e-02 -4.9948e-01  8.9689e-02  6.7883e-01
  1.8393e-02  1.2405e-01 -7.2456e-01 -5.7187e-01  4.5807e-01 -3.3226e-01
 -3.9058e-01 -5.0158e-01 -7.5484e-01  1.4316e+00 -6.5610e-01  4.7597e-01
 -2.3153e-01 -6.6330e-01 -9.4305e-02  1.0247e+00  4.1241e-01  4.6690e-01
 -7.9589e-01  1.9731e-01 -5.1135e-01 -4.5537e-01 -6.0331e-01 -4.4171e-01
  7.3360e-01 -6.2546e-01 -3.1456e-01  2.7183e-01 -6.8992e-02  2.2799e-02
  1.0493e-03  5.4532e-01 -1.8377e-01 -6.4076e-02  3.8628e-01  7.8795e-02
 -7.1309e-01  4.4081e-01 -1.1369e-02 -6.3995e-01  4.3906e-01 -7.8110e-01
 -4.1284e-01  4.1039e-01  8.2475e-01 -5.1094e-01  3.8093e-01  1.3028e+00
 -3.1653e-01 -1.8022e+00  1.5788e-01  2.2530e-01  2.1440e-01 -5.7780e-01
  8.9069e-01 -5.5817e-02  7.2046e-01  1.0790e-01 -2.0597e-02  2.1497e-01
 -1.3332e-01 -4.0218e-01  5.5122e-02  7.0749e-01]"
marisa,"[ 4.2634e-01 -3.7093e-01  1.1157e-01  6.1148e-02  1.0396e-01 -2.9755e-01
 -4.1717e-01  5.9091e-01  3.1513e-01 -1.0817e-01 -6.9702e-02 -6.4421e-03
 -2.3621e-01  9.4058e-01  1.5468e-01  1.7000e-01  1.5579e-01 -4.3612e-01
  3.0365e-01  1.2465e+00 -4.1708e-01  2.8000e-01  1.0349e-01  1.0294e+00
  6.9854e-01  1.2763e-01  3.6878e-01 -4.7241e-01  3.9496e-01 -2.6759e-04
 -3.7082e-01 -2.0911e-01  4.2320e-01  5.2349e-01  5.8805e-01  2.7329e-01
  4.3477e-01  5.5031e-01  5.2163e-01  3.2379e-01  3.9431e-01 -3.7984e-01
 -1.8511e-01  3.2202e-01 -7.9744e-01  2.9733e-01 -9.5966e-02 -7.5155e-01
 -6.6864e-02  5.2903e-01 -2.8466e-01 -2.6209e-01 -7.7521e-02  5.3519e-01
  2.9057e-01  3.1040e-01  9.7510e-03  3.2888e-01 -8.6398e-01 -1.1154e-01
 -5.1944e-02  2.4024e-01  3.0763e-02  4.0086e-01 -3.5374e-01 -6.9252e-01
  7.5777e-01  6.1550e-01 -8.6691e-02  4.3052e-01  2.2074e-01  1.1639e-01
 -2.8230e-01  3.2867e-01  3.4015e-01  1.7270e-01  7.4181e-02 -6.1197e-03
  1.6309e-01 -2.5660e-01 -7.7520e-01 -2.3629e-01 -2.6868e-01 -3.6038e-01
 -6.4497e-02  1.0160e-01  5.5604e-02  1.0190e+00 -3.7698e-01 -8.3138e-01
  6.8071e-02  3.3892e-01  2.1345e-01  2.8169e-01  1.5640e-01 -2.7039e-02
 -3.2739e-02  3.6932e-02 -6.0595e-01  4.1486e-01]"
25.2,"[ 1.1571e+00  1.2291e+00  7.3894e-01 -9.8372e-01 -1.5106e-02  3.3894e-01
 -2.9789e-01 -8.3085e-02 -3.4167e-01  5.6612e-01  6.0394e-01  8.0433e-01
 -4.4870e-01 -5.4354e-01  2.0040e+00 -5.2186e-01 -4.1361e-01  3.1637e-02
 -3.5448e-01 -2.0216e-02 -5.1711e-01  5.3493e-01  5.5702e-01  1.0175e+00
 -2.3294e-01 -5.5733e-01  8.1475e-01  5.6984e-01  6.5232e-02 -1.1554e+00
  5.8530e-01 -3.9000e-01  3.8627e-01 -3.6732e-01 -3.8513e-01  9.0785e-01
  1.1993e+00  8.0237e-02 -5.3011e-01  4.1692e-01  3.9078e-01  4.0922e-01
  1.4822e-02  6.0994e-01  5.1299e-02  1.3544e-02 -2.9226e-01 -1.0445e+00
 -4.2406e-01 -5.6703e-01 -3.0978e-01 -4.8370e-01 -2.1546e-01 -7.1164e-02
 -5.0192e-01  6.7154e-01 -6.3680e-01 -7.8083e-01  1.0022e-01  9.3651e-02
  2.1557e-01 -3.0012e-01 -8.2210e-01  6.6189e-01 -9.1001e-01  2.0984e-01
  1.8662e-01 -1.1395e+00 -5.3705e-02  7.5387e-01 -4.2437e-01 -2.5975e-01
 -1.9330e-01 -2.4180e-02 -4.7053e-01  4.4082e-01 -5.1995e-01  6.5928e-02
 -2.0742e-01 -1.7790e-01 -2.9287e-01  1.8592e-01  1.1992e-01  1.3621e+00
  4.1876e-01  8.7743e-02  3.7798e-01  1.7658e-01  4.9691e-01 -1.1990e-01
  1.5244e-01 -3.4420e-01 -8.7557e-01 -1.0569e+00  1.3961e-01 -5.7359e-01
  9.6271e-04 -6.5521e-01 -2.5270e-01 -5.2229e-01]"
adrienne,"[-0.024932 -0.34284   0.31863   0.039605  0.54047  -0.37078  -0.055311
  0.99939  -0.13119  -0.27164  -0.83756  -0.34891  -0.4757    0.35522
  0.34178  -0.43964  -0.17782  -0.63689  -0.8221    0.19643  -0.096475
 -0.42774   0.28137  -0.024128  0.33941   0.38583   0.75604  -0.77347
  0.026011 -0.21476  -0.23468  -0.085154  1.1414    0.063097 -0.48932
 -0.040055  0.065008  0.81839  -0.38495  -0.23171   0.51685  -0.12977
 -0.17655   0.49908  -0.49494   0.42903  -0.95633  -0.3556   -0.19258
  0.69917  -0.20778  -0.017916  0.085701  0.39711   0.21932   0.49706
  0.034061  0.20239  -0.8227   -0.48973   0.11444  -0.057811 -0.23344
  0.24382   0.13897  -0.62247   0.25854  -0.30411   0.028386  0.41547
 -0.12499  -0.048173 -0.3404    0.11002   0.19835  -0.3403    0.052736
 -0.58733  -0.23183   0.015819 -0.61466   0.030339  0.041324 -0.23957
 -0.15645  -0.79431   0.48968   0.15318  -0.49873  -0.69155   0.55871
 -0.17617  -0.11809  -0.18362  -0.52387  -0.079326 -0.13802  -0.53069
 -1.0959    0.090323]"
taint,"[-0.17446   0.1549    0.61148  -1.0655   -0.22428   0.50319   0.057799
 -0.51634   0.19679   0.32198  -0.62361   1.0863   -0.09704   0.035665
 -0.24007   0.28909   0.76912  -0.20881   0.39856  -0.18546  -0.6774
 -0.44668   0.48232  -0.4883   -0.6027    0.44088  -0.44077   0.081511
  0.18735  -0.686     0.90842  -0.38707   0.032881  0.09298  -0.86021
 -0.08075   0.2571   -0.19919  -0.70018  -0.016825 -0.25633  -0.18875
 -0.40365  -0.43314  -0.058414  0.32033   1.1415   -0.057884 -0.28762
 -0.90184   0.22321   0.29188  -0.70449  -0.040993 -0.27074   0.069097
 -0.088023 -0.24369  -0.35224  -0.3305   -0.38536   0.21324  -0.13046
  0.73866   0.49366   0.076959  0.66839  -0.22586  -0.12655  -0.22816
  0.099921  0.041182  0.54072  -0.13191  -0.27492  -0.15023  -0.27445
 -0.49134  -0.30557   0.48763  -0.2175    0.14767   0.10918   0.57485
 -0.033876  0.015211 -0.74362   0.72033   0.26578  -0.28967  -0.55721
  0.16541  -0.098358 -0.61784   1.1546   -0.5021    0.50189  -0.018236
 -0.016308  0.42643 ]"
0.83,"[ 0.92821    0.81368    0.34044    0.21405    0.30743   -0.31855
 -0.056397  -0.055371   0.61363   -0.15533   -0.0081799  0.30449
 -1.0988    -0.83004    0.64961   -0.23718   -0.99266   -0.97875
  0.73222    0.87967    0.51534   -0.27046    0.5504     0.15784
  1.2814    -0.71154    0.18247   -0.18976    0.0055596 -0.79613
 -0.21873   -1.0441    -0.61927    0.36581   -0.074988   0.4162
  0.63938    0.0055973  0.036421   1.0137    -0.65773   -0.61698
 -0.82581    0.26606   -1.013     -0.065234  -0.57608    0.93341
 -0.14419   -1.3562    -0.60782   -0.21541    0.64561   -0.42258
 -1.0321     0.87735   -0.47356   -0.33278    0.35809    0.4473
 -0.27787   -0.65116   -0.53159    0.77123   -0.69873   -0.61927
 -0.15233   -0.35537    1.2941     0.078699  -1.6964     0.0021593
 -0.34031   -0.39741   -0.4756     0.39954   -0.4078    -0.49125
 -0.22229   -0.50866   -1.0165     0.017375  -0.2062     1.
  0.17257   -0.011814   0.28268    1.1809     1.0607     0.78458
 -0.14157    0.5155    -0.18156    0.087701  -0.41892   -0.17912
  0.015606  -0.82113   -0.19455   -0.12543  ]"
abysmal,"[ 2.9045e-01 -1.7509e-01  1.0042e+00  6.0880e-02 -9.4590e-01 -1.4631e-01
 -6.7927e-01  4.2016e-01 -3.8952e-01  1.6726e-02 -4.7766e-01 -2.5121e-02
  3.9588e-01 -6.0351e-01 -3.3893e-01  6.6618e-01  1.0283e-01 -3.4225e-01
  6.1738e-01  6.4281e-01 -2.6567e-01  6.1463e-01  6.0982e-01  4.2912e-01
  4.4063e-01 -3.1314e-01 -2.1768e-01  3.7720e-01 -2.4927e-01 -5.1560e-01
  6.0245e-01 -3.4197e-01  2.4952e-01  7.7682e-01 -7.2672e-01  1.3683e-01
 -4.5179e-01  3.0605e-01 -2.4459e-01  1.8399e-01  3.8817e-01  8.8153e-01
 -5.8445e-01  6.1943e-01  4.4995e-01  5.9705e-02  5.4426e-01 -2.8057e-01
 -2.5553e-01 -7.5878e-01  2.0787e-01 -5.7279e-01 -1.6666e-01  7.7346e-01
 -7.2224e-02 -2.1020e-01  1.0002e+00  1.8540e-02 -4.7382e-02 -1.7424e-01
 -6.2094e-01 -9.3063e-01 -5.6084e-01 -3.9087e-01 -2.4755e-04 -1.7280e-01
  2.7365e-01 -6.8628e-01 -1.0466e-01 -2.3735e-01 -8.1850e-02  2.8349e-01
  2.4256e-01  5.2956e-01  1.5136e-01  3.5721e-01 -4.5562e-01  3.4560e-01
 -3.6268e-01 -3.6873e-01  4.2555e-01  1.0943e+00 -2.0699e-01  6.7191e-01
 -6.0284e-01  8.8512e-02  5.4735e-01  4.4693e-02 -9.6956e-01  7.8996e-02
  7.1038e-02  1.8360e-01 -2.2312e-01  7.9940e-01  2.6610e-01 -3.5871e-01
 -3.6945e-01 -1.3965e-01 -3.7834e-01  3.1312e-01]"
8-7,"[ 0.16336  -0.15309   1.06     -0.50995  -0.48034   0.17995   0.14101
  0.34122  -0.38723  -0.68204   0.11917  -0.1095   -0.69064   0.3383
 -0.035531  0.10186   0.3091    0.030704  0.17354  -0.23341   0.94377
 -0.31398   0.14368   0.95379   1.3558   -0.41647  -0.13365   0.75241
  0.14701  -0.72664  -0.69417   0.010309 -0.018704  0.016256 -0.55091
 -0.66608  -0.60593   0.58936   0.17041   0.29745   0.54833   0.03817
 -0.35782  -0.65902   0.16418  -1.0194    0.74311   0.1903   -0.024658
 -0.22241  -0.10616  -0.070188 -0.024894  0.46921  -0.27107   0.002101
  0.94959   0.094657 -0.047613  0.62839  -0.98373  -1.0276    0.23203
  0.5293   -0.49661  -0.1777   -0.53767   0.24144  -0.72586   0.29484
 -0.20674   0.20936  -0.51191  -0.37487  -0.04637   0.17748  -1.5958
 -0.92146   0.46433   0.025609 -0.35968   0.4133   -0.56406  -0.20414
  0.5625   -0.014533  0.58372   1.1329   -0.28329   0.81052  -0.041243
 -0.77326  -0.312     0.043941 -0.073648 -0.511    -0.2488    0.18999
  0.12438  -0.15491 ]"
entailed,"[-8.1737e-04 -2.0213e-01 -1.1551e-01  5.3042e-01 -6.4294e-02  2.0674e-05
 -3.6369e-01  3.1925e-01  4.0421e-01  2.4330e-01  1.2186e-01  4.7622e-01
  4.1149e-01 -3.5296e-01  8.7943e-02 -5.6570e-01 -2.9630e-01  1.2260e-01
  4.6049e-02  5.2023e-02 -3.6453e-01 -1.4030e-01 -7.6732e-01 -2.0143e-01
  4.4177e-02 -1.4002e-01 -6.8797e-01  8.7227e-02 -5.6814e-01 -5.3991e-01
 -4.6344e-01 -2.7082e-01 -1.0838e-01 -5.8737e-01 -2.6211e-01 -1.2679e-02
  1.9903e-01 -2.1578e-01 -6.0785e-01 -4.6762e-03  3.5347e-02  7.2669e-01
  1.9959e-01  3.8598e-01 -1.1838e-01  1.1862e-01  6.8710e-01 -2.1880e-02
 -3.5482e-01 -1.9273e-02  3.6288e-02 -3.3636e-01 -2.8491e-01  7.5397e-01
 -1.3977e-01 -6.6726e-02  5.0752e-01 -3.3242e-01 -5.3182e-01  2.7584e-04
  8.9160e-02  1.2105e-01  5.4182e-01  1.4653e-01  2.8975e-01 -7.5861e-02
  8.4484e-02 -4.2052e-01  2.3544e-01 -4.8069e-01 -2.2454e-01 -3.0526e-01
  7.4610e-02  3.4906e-02  6.5169e-02  2.8195e-02 -7.2587e-02  2.9511e-01
 -8.1198e-01  4.2624e-01  1.2080e-01 -1.7048e-01  1.3159e-01  2.2061e-01
 -6.3084e-01  5.9044e-02  6.1259e-01 -5.9829e-01 -5.2281e-01 -6.1046e-01
 -5.8902e-01 -5.4588e-01  1.0941e-01 -2.0037e-01  5.1890e-01  2.8859e-02
  3.4515e-01  7.1876e-02  3.6369e-02  2.4285e-01]"
valet,"[ 0.39151   -0.52722   -0.06639   -0.054721  -0.23455    0.56395
 -0.30981    0.87121    0.46064   -0.16035    0.36991   -0.12708
  0.16959    0.065872   0.40942   -0.34625    0.54076    0.2828
 -0.3609     0.33421   -0.13052    0.17524   -0.52526   -0.69128
  0.94018   -0.12446   -0.49031   -0.34963    0.13119    0.2648
 -0.064481  -0.028213   0.046078  -0.1026     0.40123    1.2281
 -0.47799    0.23107    0.51567   -0.1416     1.316      0.37689
  0.44919   -0.77221    0.32917    0.45487   -0.63434   -0.40833
  0.76205    0.34581   -0.26129    0.10846   -0.35337    0.51122
  0.64573    0.28969    0.59205    0.20661    0.11171   -0.014461
  0.36682   -0.49811    0.022257   0.30963    0.0062221 -0.99502
  0.40732   -0.75867    0.38767    0.053996  -0.49705   -0.5851
  0.12938   -0.44604    0.22251   -0.0099401  1.1772     0.086431
  0.056969  -0.086955   0.13262   -0.2778     0.70859   -0.74877
  0.23066   -0.29816   -0.31871    0.38373   -0.044384  -0.92018
  0.30033    0.48417    0.65691    0.091413   0.18166   -0.52076
  0.034029   0.21731   -0.040129   0.27891  ]"
repaying,"[ 4.4910e-01  1.5437e-01  2.7262e-01  7.4726e-01 -3.7331e-01  3.2702e-01
 -1.1942e+00 -1.0564e-02  4.3622e-01  1.8368e-01  4.7260e-01  1.1992e+00
 -2.8855e-01  5.5573e-01  1.5209e-01 -1.5232e+00 -2.6530e-01  5.3923e-01
  1.0048e+00  4.4830e-02 -8.2633e-01  4.2274e-01 -2.1897e-02  2.3942e-01
 -1.9479e-01 -3.3292e-02 -8.2662e-01 -3.0196e-01 -8.0749e-02 -2.4278e-01
 -1.8756e-01  1.1374e-01 -5.0643e-01 -2.7571e-01 -7.5262e-01 -1.7452e-01
  1.5241e-01 -1.0618e-01 -1.2897e-01 -2.1073e-01  4.6489e-01  5.0893e-01
  2.1634e-01  1.2093e+00 -5.7232e-02  1.5880e-01  7.5754e-01 -4.9668e-01
  5.2519e-02 -2.2585e-01 -8.3246e-01 -1.6943e-01 -1.1657e-01  9.9350e-02
 -7.2703e-01 -4.1219e-02  2.7347e-01 -1.3438e+00 -5.5013e-02  3.5310e-02
  3.7805e-01 -1.6765e-01 -4.6150e-01  2.7279e-01 -5.2751e-01  3.5522e-01
  2.3281e-01  1.1955e+00 -1.1050e-01 -5.5602e-01 -1.9718e-01  4.8833e-02
 -5.4093e-01  3.0234e-02  2.7328e-01  4.6409e-01 -9.6093e-01  4.1415e-01
 -9.9528e-01  1.8591e-01  3.5522e-01  3.2573e-01 -2.9955e-01 -2.8273e-01
  4.1030e-02  2.9818e-01 -4.8498e-01  2.9493e-01 -8.2720e-01 -5.6563e-01
 -9.3185e-01  3.5846e-01 -1.3831e-01 -5.3623e-01  4.6145e-04 -2.9121e-01
  5.4590e-01  3.8439e-01  6.1879e-01 -5.1998e-02]"
vavuniya,"[-7.6036e-01 -3.2795e-01  2.9352e-01  4.8237e-01 -8.1193e-02  8.2298e-01
 -2.7204e-01  6.2712e-01  2.4609e-01  2.6781e-01 -1.5654e-03  5.1584e-01
  1.4014e+00  3.1707e-01  1.0412e+00  2.9294e-01 -3.1892e-01 -8.1707e-01
 -6.5841e-01 -3.1200e-01  1.7884e+00 -9.8034e-02  6.2787e-01  5.1533e-02
 -1.1021e+00 -3.8016e-01  4.0071e-02  1.0162e-01 -1.0070e+00 -4.2087e-01
 -4.6937e-02 -1.0228e+00  8.3462e-01 -5.0185e-03  4.5790e-01 -1.8134e-02
 -5.7959e-01  4.0947e-01  2.6738e-01  1.2096e-02  1.1579e-01  3.5115e-01
 -2.8832e-01 -1.6779e-01 -3.4378e-01  4.9698e-01  8.5215e-02 -1.7228e-01
 -2.1196e-01  8.7526e-01 -1.0293e+00  2.3074e-01  2.4510e-01  5.6440e-01
 -8.0020e-02  5.6755e-01  8.6180e-02 -8.4828e-01 -3.2315e-01  8.5906e-02
 -1.0107e-01  1.7258e-01  3.4996e-01  4.6406e-02 -1.0430e-01  5.3578e-01
 -2.5223e-01  3.8599e-01 -5.6198e-01  9.2938e-01 -1.0438e-01 -5.2121e-01
  6.6088e-01 -7.8926e-01  3.5880e-01  6.9246e-01 -1.4092e-01  8.6434e-01
 -6.5896e-01  9.2454e-01 -5.6011e-01  4.7339e-01 -2.9541e-01 -8.8476e-01
  1.0694e-01  5.6442e-01 -6.4213e-02  2.2681e-01  2.2154e-01  2.6918e-02
  1.2212e+00  5.1053e-01 -8.2934e-01  9.9931e-01 -7.8821e-01  1.2591e+00
  1.0063e+00  6.1029e-01  7.3855e-01  5.7711e-02]"
bonham,"[-0.58314   -0.021482  -0.02068   -1.1015     0.75888   -0.1031
  0.24427    0.06844    0.19985   -0.71368   -0.14712   -0.32441
 -0.12698    0.57876   -0.2439     0.057975   0.55787    0.0038418
  0.96365    1.0924    -0.31176   -0.29812    0.19814    0.54084
  0.50702    0.48554   -0.17142    0.20833    0.21885    0.91268
 -0.4071    -0.23189    0.86638    0.25516   -0.77157    0.024835
  0.95033    0.80478    0.074834  -0.39615   -0.5659     0.49891
 -0.015175   0.46932   -0.79937    0.28233   -0.18337    0.2045
  0.23962   -0.59023    0.57751    0.34402   -0.51915   -0.43795
  0.061487  -0.098956  -0.28642    0.55217   -0.40623   -0.1984
  0.0090007  0.10864    0.41803    1.2957    -0.29758   -0.24598
  0.65707    0.41801   -0.70199    0.55578    0.014537  -0.82291
 -0.36961   -0.084606  -0.28755   -0.95957    0.23124   -0.52983
  0.026233  -0.57053   -0.29123    0.61378    0.84152   -0.23936
  0.34846   -0.22623    0.87062   -1.0574    -0.22811   -0.29184
 -0.36635   -0.15452   -0.58072    0.12447   -1.0621     0.23426
 -0.11035   -0.29699   -0.28926    0.25832  ]"
predominately,"[-0.44276    0.99063    0.010784  -0.0066579  0.35731    1.3501
 -0.074428   0.56835    0.20672    0.74218   -0.64982   -0.73794
  0.92336    0.080514   0.15838   -0.31738    0.13076   -0.41049
  0.39654    0.18277    0.21919   -0.03743    0.49318   -0.15135
 -0.1256    -0.84445    0.2073     0.36145   -0.47902    0.3788
 -0.20012    0.0534     0.27167   -0.0023991  0.36023    0.23347
  0.37818    0.25472    0.13878    0.49455   -0.40107    0.18828
 -0.0043861  0.56642    0.083685  -0.14362    0.87615    0.6855
 -0.024295  -0.072014  -0.71478    0.23781    0.035301  -0.42061
 -0.4314    -0.29128   -0.55491   -0.3107     0.32799   -0.68997
  0.10026    0.18634    0.70177    0.21274    0.18985   -0.2472
  0.38275   -0.52235    0.048043   0.064497   0.45842   -0.06122
 -0.039134   0.64793    0.0089279 -0.1351    -0.56877   -0.164
  0.10336   -0.25443   -0.24402   -0.022966  -0.48773    0.1008
  0.1099    -0.17993   -0.58329    0.097114  -0.19442    0.20862
 -0.70919   -0.46385   -0.42783   -0.32815   -0.061137   0.086328
 -0.48071    0.054178  -0.238      0.049306 ]"
lupus,"[ 3.0212e-01  4.7142e-01 -1.6118e-01  2.8529e-01 -8.9759e-01  1.5826e-01
  5.9482e-01 -7.0358e-01 -2.5465e-01 -1.1712e+00 -6.2309e-01  7.5542e-01
  5.7409e-02  2.0838e-01  7.4435e-01  2.0360e-01  5.7610e-01 -6.0625e-01
  3.9234e-01  7.4976e-01 -7.1220e-01 -4.4927e-01 -1.9881e-01  1.2192e+00
  5.2323e-01  1.1515e+00  2.4547e-01  4.1647e-02  1.9496e-01  1.3689e-01
  1.1349e+00  2.8424e-01 -2.8623e-01  3.5999e-02  4.3765e-01  2.2040e-01
  2.5352e-01  1.2249e-01  1.6763e-01  1.0614e+00 -7.1317e-04  1.2842e+00
 -8.8665e-01 -6.4666e-01 -1.4768e-01  9.7284e-01  4.4700e-01  8.4857e-03
 -7.2140e-01  7.3584e-01 -1.4261e-01  4.7602e-02 -1.7640e-01 -2.1796e-01
  4.0995e-02 -1.1470e-01  6.3303e-01 -9.7168e-02 -8.2355e-01  3.3081e-01
  3.1923e-01  7.8539e-01 -4.8496e-01  9.6198e-01 -4.3685e-03  3.1265e-02
 -4.1414e-01 -2.6514e-01  5.5460e-01  2.7405e-02  5.8719e-02 -4.9297e-01
 -1.3026e+00  2.0057e-01  1.1853e-01 -9.6443e-01 -3.3761e-01  2.7440e-01
 -2.2488e-01 -6.7192e-01  8.1661e-01 -1.5808e-01 -1.7039e-01  7.8298e-01
 -8.3411e-01  6.1382e-01 -3.5226e-01 -1.5977e-01 -6.8868e-01  5.3067e-01
  5.9653e-01 -9.0003e-01  5.9780e-01  6.7389e-02  1.1618e+00  9.0517e-01
 -3.5446e-01 -7.9104e-02  3.1779e-01  5.9663e-01]"
colossus,"[ 0.20019    0.82822    0.55636   -0.16399   -0.15038   -0.17606
  0.11368   -0.71684    0.34098   -0.15728    0.17174   -0.012786
  0.21517   -0.20427   -0.39396   -0.2144     1.0413     0.52929
  0.023851  -0.50938   -0.025265  -0.1416     0.10395    0.14434
  0.57561    0.36171   -0.38749    0.3295    -0.36344   -0.16526
  0.65434   -0.1559    -0.43343   -0.22139   -0.11438    0.14841
 -0.57478   -0.50077    0.3547    -0.27208   -0.16268    0.35291
 -0.30036    0.29202   -0.38011    0.17159    0.20356    0.68606
  0.18897    0.64814   -0.84613    0.72441    0.25862    0.27301
 -0.1384    -1.0789     0.10504   -0.25722   -0.55168    0.69326
  0.074642  -0.47577   -0.32403   -0.0051577 -1.015      0.19878
  0.20573   -0.0020968  0.47574    0.18044    0.16827   -0.080899
 -0.56083    0.49879   -0.2605    -0.11489    0.296      0.2959
  0.2986    -0.018674   0.51994   -0.15134    0.044293   0.6988
 -0.16578    0.37641    0.27017   -0.87135    0.30669   -0.56285
  0.33601    0.43582    0.21325   -0.19092    0.7831    -0.6962
  0.027231  -0.27874   -0.46267    0.063483 ]"
ancillary,"[-0.42138    0.08872   -0.43456    0.12287   -0.15872   -0.34073
 -0.92367   -0.026002   0.78893   -0.11191    0.43374   -0.55202
  0.038129   0.05197    0.26663   -0.12624    0.22124    1.0441
  0.44001    0.73217    0.045245   0.12884   -0.024966   0.010836
  0.0083516 -0.68059    0.71581    0.3877    -1.2004    -0.0017854
  0.15943   -0.38246   -0.7039    -0.083189  -0.75794    0.41155
 -0.20554    0.18742   -0.34702    0.18067    0.72357    0.15731
  0.038477  -0.12232    0.27559    0.022078  -0.34609   -0.031091
 -0.38327    0.07295   -0.24169    0.2651     0.084352  -0.14141
  0.53072    0.43291    0.60989   -0.8607     0.55072    0.34271
 -0.25465   -0.056514   0.33121    0.56741   -0.13666   -0.87198
  0.37052   -0.5879     0.40358   -0.29496    0.1737    -0.7078
  0.5745    -0.13059    0.47592   -0.25391   -0.16555   -0.057598
  0.024804   0.062266  -0.25958   -0.11961    0.71518    0.41783
 -1.2017    -0.0099959  0.31114   -0.22054   -0.058534  -0.22656
 -0.016456  -0.048669  -0.028029  -0.25934    0.031434  -0.33368
  0.27634   -0.13323    1.1312     0.74768  ]"
wavered,"[ 0.63322   0.33153  -0.14285   0.64479  -0.12061  -0.27468  -0.084882
 -0.19713   0.3978   -0.15323  -0.19355   0.73189   0.031318  0.043437
 -0.068146 -0.31742  -0.52103   0.12633   0.073475 -0.45581   0.10658
  0.32515  -0.12801   0.12134   0.11448   0.40716  -0.23001  -0.2001
  0.23891   0.022226  0.21025   0.11318  -0.15502   0.75358  -0.040418
  0.52268  -0.15852  -0.14028  -0.051616 -0.23079   0.14119  -0.16555
  0.36121   0.462    -0.62944  -0.55226   0.95425  -0.35255   1.0116
 -1.3379    0.034255  0.12066   0.41334   0.97599   0.2935    0.5023
  0.3368   -0.72625  -0.52503  -0.016517  0.4818   -0.23319  -0.25679
  0.06654  -0.52006   0.0918    0.49634  -0.4145    0.059083  0.2367
  0.20624   0.33249   0.286    -0.35986  -0.26573   0.23485  -0.52176
 -0.3067   -0.10048  -0.088467 -0.49196  -0.095711  0.013482  0.02599
 -0.27331  -0.44061  -0.054822  0.57671  -0.24459   0.04699  -0.71776
 -0.078496 -1.0859    0.64221  -0.34711   0.54733   0.1745    0.23379
 -0.28535   1.0307  ]"
facet,"[-0.32213    0.58504    0.16685    0.68548   -0.050924   0.28526
  0.376     -0.16283    0.59653    0.52078   -0.19387    0.20289
  0.20412   -0.44191    0.047645   0.52752    0.063061   0.27158
  0.61035   -0.36028    0.081717  -0.37242   -0.54745   -0.42371
  0.48709   -0.055197   0.97187    0.099558  -0.46476   -0.53822
 -0.18422   -0.014565   0.85533   -0.67047   -0.52052   -0.14312
 -0.86113    0.60242    0.04549   -0.15708    0.34668    0.28907
  0.51201    0.55956   -0.92989    1.3065     0.63361    0.24108
 -0.3507    -0.15186   -0.026278   0.29193    0.14599    0.019283
 -0.26932    0.20687    0.020148  -0.53074    0.26078    0.59734
 -0.20694    0.38397    0.34111    0.1615     0.075727   0.18961
  0.36691   -0.26331   -0.018243  -0.21489    0.38327    0.34701
  0.17527    0.14007    0.36644   -0.31591   -0.55613   -0.49533
  0.097659  -0.0062389 -0.59543    0.19333   -0.16281    0.55166
 -0.6251     0.37807   -0.23839    0.30411    0.07993   -0.78615
  0.14523    0.65956   -0.34529   -0.50464    0.11792    0.2911
  0.020805  -0.39633    0.49129    0.66235  ]"
veils,"[-2.1164e-01  1.2976e-01 -3.2493e-01 -4.7393e-01 -5.8880e-02  1.1919e+00
 -9.7351e-01  8.8217e-01  5.4927e-02  4.6016e-01 -5.7372e-01  1.7265e-01
  4.2239e-01  8.5674e-01  4.9512e-01  3.5409e-01 -1.2892e-01  8.4743e-01
 -3.4834e-01 -1.0433e+00 -4.7927e-01 -1.9721e-01  3.0063e-01 -2.9224e-01
  5.5835e-01  4.0346e-01  5.6750e-01 -4.1577e-01 -1.0112e-01 -5.4777e-01
  4.2043e-01 -1.2850e+00 -2.0658e-01 -4.0695e-01 -3.0273e-01  1.9251e-01
 -9.7712e-02  1.8291e-01 -1.0700e+00  1.0056e+00 -5.0972e-01 -4.5278e-02
 -6.8928e-02  5.9085e-01 -1.0227e+00 -6.0452e-01  5.6782e-01  9.3576e-01
  2.5687e-01 -2.5314e-01 -3.9864e-01  5.7371e-01 -6.4485e-01  4.3687e-01
 -5.7113e-01 -2.3562e-01  6.2564e-01  2.1468e-01  1.7027e-04  4.4589e-01
  4.9296e-01  1.1076e-01  5.4368e-01  9.4727e-02  1.8934e-02  5.0121e-01
  6.5447e-01 -4.1189e-01 -1.8012e-01 -8.6711e-01  1.7406e-01 -3.2310e-01
 -2.3060e-01  4.8338e-01 -2.6898e-01  2.3857e-01 -1.2837e-01 -2.3239e-01
  4.9995e-01 -4.7970e-01  4.1325e-01 -1.0107e+00  6.1143e-01  2.5160e-01
 -7.4285e-01 -9.8965e-01 -1.8527e-01  7.4980e-01  9.6828e-01  7.4906e-01
  2.7895e-01 -9.8199e-02  4.9092e-01 -6.3008e-01 -5.1266e-03  4.1650e-03
 -4.5814e-01  1.2282e-04 -3.2903e-01 -1.3674e-01]"
cornet,"[-0.38346   -0.32775   -0.0075376  0.061828   0.20407    0.073917
  0.83559    0.36909    0.30692   -0.27317   -0.0091476 -0.15223
 -1.4554     0.31841    0.23343    0.46787    0.64247   -0.11857
  0.085709  -0.042341  -0.14706   -0.38286   -0.053543   0.42428
  1.4719    -0.46843    0.034715  -0.31296    0.86394   -0.093992
 -1.3355    -0.74699    0.6757    -0.65439    0.079396  -0.06181
 -0.41515   -0.57437    0.70795   -0.30906    0.3972    -0.0075495
  0.33748   -0.25154    0.6273    -0.062997  -0.12921    0.10649
  0.29936   -0.85581    0.15159    0.65317   -1.1978    -0.059294
 -0.68897    0.26541    0.46927   -0.4114    -0.80692    1.1964
  0.77224    0.0028081 -0.07525    1.128     -0.50358   -0.27681
 -0.41207    0.50263    0.29728    0.084943   0.46807   -0.45261
  0.29214    0.59354   -0.002271  -0.4453     0.072609  -0.25397
  0.94213   -0.37826    0.55299   -0.23999    0.17906    0.054811
 -0.17233   -1.0364    -0.090119   0.32665   -0.13494   -0.030008
 -0.61015   -0.049477   0.19926    0.79337   -0.35336   -0.11803
 -1.0301    -0.86304   -0.24982   -0.27445  ]"
11-4,"[ 0.68032   -0.11715    1.0494    -0.46177    0.30379    0.45437
  0.25699    0.32857   -0.10245   -0.49346    0.22665   -0.024226
 -0.13739    0.21729    0.59554    0.0034635  0.36858   -0.012753
 -0.30133    0.45651    0.16542   -0.096732   0.95182    1.1481
  0.45255   -0.22377   -0.11521    1.0368    -0.70051   -0.21799
 -1.1696    -0.045859   0.51465    0.24764   -0.87614   -1.1483
 -0.6484     0.50258    0.15012    0.026609   0.82899    0.052646
 -0.66693   -0.75039    0.21378   -1.5403     0.85834    0.15708
  0.20708   -0.83559   -0.24404   -0.46748    0.90968    0.025707
  0.073291   0.090248   0.82194    0.35096   -0.69886    0.141
 -1.6263    -0.92033    0.60989    0.55929   -0.72372   -0.41105
 -0.63171    0.014995  -0.54102    0.023088  -0.12426    0.43605
 -0.56052   -0.4948    -0.1776    -0.0088702 -1.8576    -0.70446
  0.4805    -0.86622    0.48337    0.40075   -0.36848    0.78349
  0.29971   -0.24523    0.27049    1.3226     0.017806   0.86528
  0.18118   -0.26957    0.15396   -0.51716    0.078154  -0.22646
 -0.66856   -0.40754   -0.14547   -0.29947  ]"
c4,"[-9.1272e-02  2.1643e-02  1.9292e-01 -5.8380e-02 -3.0521e-01 -1.2185e-01
  1.6298e+00  3.5345e-01  1.4657e-01  5.9498e-01  1.0821e+00  5.0138e-01
 -1.5077e+00  1.4770e-01  5.8121e-01  8.1532e-01  2.3888e-01  9.8862e-02
  3.3644e-01 -3.6075e-03 -1.4150e-01 -2.1086e-01 -1.4591e-01  7.7037e-01
  1.1304e+00  1.9606e-01  6.7656e-01  5.7173e-01 -1.9242e-02  6.7113e-01
 -1.0518e+00  6.5987e-01 -5.3936e-01 -5.7568e-01 -2.1884e-01  3.0873e-01
  5.1774e-01  5.3306e-01  7.1669e-01  1.0433e+00  6.7168e-01 -7.4807e-01
  1.7155e-01 -1.9693e-01 -7.7533e-01 -6.2068e-01 -2.1665e-01  8.8106e-01
 -3.7563e-01 -5.7435e-01 -7.0668e-01  4.0627e-01 -9.2334e-01  1.8536e-01
 -5.7938e-01  4.9691e-01 -4.7045e-01 -8.2551e-04 -2.7281e-01  3.5105e-01
 -4.7049e-01  5.0341e-01  4.0138e-01  7.3131e-01  1.0377e+00 -4.6939e-01
 -3.9334e-01 -1.1504e-01  6.6056e-01 -1.4379e-01  1.4888e-01 -7.4797e-01
  9.4901e-01  3.9577e-01 -6.4231e-01 -1.0563e-01  9.4796e-01 -1.7604e-01
 -4.7656e-01  2.0383e-01  3.7544e-01 -3.5347e-01 -7.2049e-02  3.3599e-01
  3.1596e-01 -5.1922e-04  2.9352e-01  8.3335e-01 -4.9606e-01  4.8499e-01
 -5.2009e-01  7.7360e-02  1.4389e-01  5.1540e-01  2.0548e-01 -9.9180e-01
 -8.1054e-01 -1.0162e+00  5.1750e-01  1.4404e-01]"
trapattoni,"[ 0.27792   -0.053211   0.19591   -0.61146   -1.2969     0.95844
 -0.19083    0.22152   -0.35478    0.27503   -0.40776    0.32934
 -0.031112  -0.27702    0.20169    0.090618   0.97066   -0.38384
  0.066967   0.34581   -0.39491    0.34265   -0.85681    0.42509
 -0.1741    -1.2066    -0.18854    0.46251   -0.040634  -0.35745
 -0.31898    0.39967   -0.67674   -0.074012   0.44381    0.35504
  0.092347  -0.22763   -0.22204   -0.61636   -0.28055    0.45721
  1.2881    -0.23129   -0.19326    0.77528    0.77343   -0.82704
  0.060358   0.23744    0.2403    -0.1716    -0.86093    0.2639
 -0.42194   -0.71739   -0.29738    0.9418    -0.53275    0.62033
  0.067526   0.30658    0.266     -0.12162   -0.18464   -0.33995
 -0.29128    0.14369    0.10785   -0.85313    0.85688   -0.28854
 -0.0099541 -0.58914    0.46698   -0.58982   -0.69544    0.39874
  0.11476   -0.34242    0.76789   -1.2978    -1.0532     0.0066264
  0.28839   -0.46799   -0.56305    0.46405   -1.5395     0.24858
 -0.35176    0.12797   -0.033931   0.64151    1.0059    -0.088426
 -0.30486    0.32849   -0.026863  -0.063908 ]"
clough,"[-2.8013e-02 -2.6969e-01  2.6739e-02 -3.1433e-01 -2.8986e-01 -6.6715e-02
  1.9551e-01 -1.0666e-01 -4.9828e-01 -5.4409e-01  1.6658e-01  5.3007e-01
  1.4401e-01  6.5963e-02  2.7398e-01  4.5759e-02  2.8975e-01  4.9877e-01
  1.1868e-01  2.7298e-01 -4.0541e-01 -9.8535e-02  4.7614e-03 -4.8809e-01
 -1.4840e-02  3.6366e-01 -2.8635e-01  3.3511e-01 -2.0498e-01 -2.7679e-01
 -3.8029e-01 -1.0230e-02 -2.2869e-01 -4.2870e-02 -2.2558e-01  3.8669e-01
 -5.3741e-01  1.8407e-01 -8.6908e-02 -4.3310e-01  3.9579e-02 -2.1129e-02
 -4.9534e-01  2.8594e-01  1.3682e-01  1.1878e+00  7.9276e-01 -4.7935e-01
  4.0626e-01 -1.1777e-01  1.6238e-01 -9.8466e-01  3.0585e-01 -2.6243e-01
  7.0637e-01 -2.8150e-01  5.9218e-02 -2.4354e-01 -8.8798e-01  2.3557e-03
  9.0758e-01 -6.1181e-01 -1.4509e-01  9.4460e-02  8.7322e-04 -7.4068e-02
  4.3189e-01  7.2917e-01  2.2838e-01  1.6508e-01 -3.5348e-01  2.9730e-01
 -5.3600e-01 -7.6449e-01 -2.4642e-01 -7.6239e-01  1.2985e-01  1.9460e-01
 -4.8386e-01  1.1850e-01  1.0698e+00 -9.8472e-02 -1.1292e-01 -2.9355e-01
  9.8886e-01  6.7739e-02 -2.0438e-01 -5.4730e-01 -1.0085e-01 -7.5351e-02
 -4.9880e-01 -2.7536e-01 -2.9425e-02  8.1382e-01 -7.2139e-02 -1.8649e-01
 -2.6310e-01  1.3103e-01 -3.6806e-01 -9.8791e-02]"
hazing,"[ 0.14809   0.20744  -0.20469  -0.91682  -1.585     1.3703    0.61063
 -0.082235 -0.21888   1.04     -0.68727   0.27132   0.6408    0.15879
  0.23407   0.72395   0.11546  -0.208    -0.64031   0.38243  -0.34778
 -0.64576  -0.52705   1.0802   -0.26714  -0.13946  -0.72464   0.11114
 -0.40346  -0.35559  -0.26843  -0.15026   0.23058  -0.2815   -0.09055
 -0.51385  -0.098841 -0.48042  -0.14355  -0.015913 -0.90932   1.1136
 -0.22686  -0.21921  -0.55585   0.20529   0.077891  0.2725    0.19625
 -0.33797   0.91672  -0.74084  -0.76609   0.079691 -0.36779   0.17689
  0.67835  -0.58942   0.23161   0.47344  -1.0895   -0.13956   0.052033
  0.024314 -0.28885  -0.11958   0.62381  -0.84293   0.73605   0.39237
  0.12536  -0.93759  -0.41938   0.96817  -0.82105   0.61191   0.18008
 -0.31112  -0.23868   0.17204   0.35864   0.34418   0.52033   0.23828
 -0.82624   0.17878  -0.53092  -0.36713  -0.066364 -0.044586 -0.31613
 -0.16009  -1.1105    0.65046   0.56425  -0.8322   -0.52631  -0.40415
 -0.4007    0.072524]"
burdensome,"[-0.40291   -0.84965    0.057526  -0.65954   -1.0142    -0.3838
 -1.2902    -0.045976   0.67974    0.59738    0.034457   0.3649
 -0.73182   -0.62818    0.095476  -0.71547    0.49694   -0.050662
  0.72252    0.16972   -0.030245   0.2768     0.35362   -0.10792
  0.37535   -0.0041199 -0.96832   -0.64204   -0.58361   -0.12876
  0.24577   -0.48271   -0.10529   -0.65189   -0.57846    0.4882
 -0.083887  -0.55548   -0.17991    0.13992    0.49145   -0.095921
 -0.49357    0.4794    -0.66755   -0.60784    0.84952    0.9366
 -0.42138    0.29864    0.097325  -0.50222   -0.36295   -0.13381
 -0.28382    0.31396    0.93696   -0.5341     0.34651   -0.11769
 -0.18774   -0.28291   -0.18794    0.35125    0.23508   -1.0787
  0.031868   0.19255    0.074407  -1.3057    -0.25202   -0.96404
  0.030855   0.87143    0.31172    0.13673   -0.72136   -0.26264
 -0.61154   -0.21828    0.49869   -0.37915   -0.071352   0.46439
 -0.74967    0.49672   -0.309     -0.21716   -1.1663    -0.74367
 -0.29365    0.33633   -0.20735   -0.58421    0.42603    0.11415
 -0.0057892 -0.17091   -0.04367    0.087554 ]"
pauli,"[ 0.66382   -0.28196   -0.26139    0.74988   -0.69961    0.0055695
  0.6301    -0.13257   -0.94939    0.071683  -0.12046   -0.38376
 -0.087041   0.2428    -0.10562    0.033688   0.26861   -0.06785
 -0.38533    0.07094    0.58243   -0.18215    0.11483    1.0357
  0.27779   -0.14811    0.28127    0.1784    -1.1311     0.22238
 -0.73186   -0.1063     0.38355    0.18242   -0.75219    0.25152
  1.0873     0.41266    0.22919   -1.315      0.17187    0.0058135
 -0.45591   -0.51417    0.21991   -0.39892    0.10772    0.23419
  0.51387    0.99436    0.17509   -0.4527    -1.1233     0.56365
 -0.23673   -0.1601     0.38018    0.25804   -0.67822   -0.76636
  0.40416   -0.90796   -0.70424    0.30881   -0.238      0.31476
 -0.075052   1.2875    -0.73725   -0.16114   -1.5186    -0.46272
  0.62761   -0.67395    0.13269   -0.54634   -0.23251   -0.95162
 -0.66361    0.46555   -0.32241   -0.25015   -1.102     -0.38742
 -0.14866   -1.2172    -0.23881   -0.50379    0.21371    0.0032744
 -0.36954   -0.047836  -0.1576     0.84921    0.64396   -0.36806
 -0.44618    0.76406    0.033267  -0.42769  ]"
boulogne,"[-0.0062187 -0.37037   -0.42162    0.15408   -0.73293    0.46625
  0.42907    0.14628    0.034931  -0.16636    0.2188     0.23769
 -0.97245    0.13549    0.51906    0.017275   0.52371   -0.83232
  0.40891    0.56544    0.58022   -0.04228    0.20664   -0.016397
  0.20383   -0.24123   -1.1234    -0.11624    0.18824   -0.40922
 -0.28345   -1.4256     0.35228    0.1021    -0.13149    0.7829
  0.084476   0.69836   -0.081348   0.41043    0.11142   -0.65474
 -0.77602   -0.53462    0.10325   -0.071807   0.073154   0.55813
  0.28354    0.11464   -0.50791    0.3532    -1.2642     1.1447
 -1.1124     0.21466   -0.32378   -0.9504    -0.7736    -0.41509
  0.27394   -0.57804    0.23515   -0.88783    0.090075   0.14751
 -0.55493    0.79241   -0.68163    0.064476  -0.0095186  0.1566
  0.45228   -1.0072    -0.19362   -0.021516   1.0937    -0.095118
 -0.054009   0.26416   -0.44224    0.29442   -0.59697    0.79296
 -0.59109   -0.46827   -0.29125   -0.13377    0.23561   -0.3033
 -0.87289    0.13981   -0.074387   0.92551    0.0032189  0.43069
 -0.41224    0.26312    0.42567    0.01312  ]"
22.9,"[ 1.1138e+00  1.0406e+00  6.8664e-01 -8.7318e-01 -1.0729e-01  6.7831e-01
 -2.2350e-01 -3.9537e-02 -1.1531e-01  7.0699e-01  6.0893e-01  4.4284e-01
 -5.8951e-01 -4.8287e-01  1.8957e+00 -1.3510e-01 -5.4990e-01 -2.1454e-01
 -6.2270e-01  1.6944e-02 -4.0147e-01  9.6928e-01  4.3600e-01  8.2133e-01
 -3.7759e-01 -4.3800e-01  6.7629e-01  5.4325e-01  1.3433e-01 -1.5000e+00
  6.2479e-01 -1.2968e-01  5.0228e-01 -6.4839e-01 -3.3204e-01  7.5927e-01
  1.4444e+00  1.2023e-02 -5.7966e-01  4.4448e-01  9.2449e-02  4.6034e-01
 -1.1616e-01  6.3258e-01  2.2606e-01  3.8978e-01 -1.2358e-01 -6.9012e-01
 -2.7361e-01 -8.2120e-01 -4.1375e-01 -5.4369e-01  3.2501e-01 -8.7703e-02
 -4.1004e-01  5.0747e-01 -5.6120e-01 -8.5247e-01 -2.2191e-01 -1.4498e-01
  2.7705e-01 -4.8944e-01 -7.6813e-01  8.5210e-01 -9.1574e-01  4.1341e-01
 -3.3023e-02 -8.5820e-01  1.5932e-01  4.7986e-01 -7.4697e-01 -1.0728e-01
  6.6410e-04  1.2331e-01 -4.7059e-01  3.5983e-01 -5.7979e-01  1.3469e-01
 -2.0413e-01 -4.9189e-01 -1.6445e-01  2.0375e-01  2.9768e-01  1.4956e+00
  1.7427e-01  3.2721e-03  3.8625e-01 -2.5922e-01  4.8519e-01 -1.1137e-01
  4.1364e-02 -8.7889e-03 -5.0200e-01 -9.1047e-01  4.7842e-02 -4.3719e-01
 -2.3196e-01 -5.5352e-01  1.6598e-01 -4.6602e-01]"
sary,"[-0.14628   -0.31426    0.42076    0.46551    0.6695     0.70705
  0.31338   -0.49749    0.31308    0.2738     0.10023    1.2892
 -0.18384    0.71264   -0.30619   -0.1397    -0.67383   -1.2309
  0.10693    0.26179   -0.40986    0.09903   -0.20866    0.24242
  0.11454    0.18519    0.34301   -0.3097     0.66623   -0.55435
  0.39984   -0.062077   0.0054979  1.3492     0.021307   0.84312
  1.0014     1.1475    -0.68616   -1.3129    -0.16395    0.5064
  0.67969   -0.87179    0.36313   -0.33723    0.27268   -0.11204
  0.031579   0.21505   -0.2022    -0.15858    0.48715    0.48135
 -0.051733   1.4582     0.014293  -0.073333   0.074541   0.84929
 -0.46685   -0.5332     0.18103   -0.79596    0.41693    0.4668
  0.84985    0.76063    0.19108    0.74273    0.43616   -0.79021
  0.17132    0.098419  -0.82199   -0.62743   -0.98208    0.12763
  0.37218    0.12741    0.95885    0.40187    0.7599    -0.6051
  0.055527  -0.08294    0.94288   -0.096595   0.007779  -0.34352
  0.031744  -0.35444   -0.24417    0.62952    0.056443  -0.89035
  0.071622  -0.33543    0.39901   -0.75564  ]"
mf,"[-0.41893  -0.096534  0.47202  -1.0212   -0.014743 -0.91459   0.21323
 -0.75681  -1.1455    0.71893   0.6831    0.040985 -0.10417   0.10638
  0.82459  -0.37849  -0.19964  -0.692    -0.12847   0.27183  -0.10604
 -0.015104  0.074401  0.6023    0.071022  0.70741  -0.059076  0.5052
 -0.096826  1.4075   -0.20749   0.24137  -0.53255   1.0647   -0.84417
 -0.33949   0.10153   0.068468  0.7321   -0.28717   0.10753   0.016682
 -1.0055   -0.46233  -0.55745   0.23919  -0.065444 -0.11947  -0.97662
  0.18553  -0.62749   0.045587 -0.81156  -0.86892   0.096134 -0.23885
  0.30666   0.14357  -0.71079   0.13593   0.12328   0.011062 -0.72265
  0.036916 -0.37284   0.11319   0.054581 -0.24167   0.74897  -0.33096
  0.033606 -0.18897  -0.13     -0.24791  -0.4568   -1.2138    0.56896
 -0.38801  -1.043    -1.1737    0.51431  -0.62588   0.35187  -0.010828
  0.67417  -0.063609  0.2135   -0.45593   0.16059  -0.25431  -0.53682
  0.89767   0.47078  -0.27362   0.38988   0.6302    0.048819  0.3009
 -0.95011   0.011684]"
wooed,"[-0.21539    0.29325    0.019456   0.020626   0.39878    0.31673
 -0.023957   0.13415    0.41225   -0.16965   -0.31991    0.17362
  0.21521   -0.513     -0.1736    -0.44554    0.011146   0.14118
  0.25953   -0.082975  -0.21217    0.27998    0.072446   0.12182
  0.055693  -0.23854   -0.31503    0.20537   -0.13196   -0.11767
  0.53203    0.56241    0.28788    0.17564    0.26358    0.37639
  0.05232   -0.35117   -0.6637     0.43347   -0.39351   -0.3007
 -0.16347    0.24311   -0.18597   -0.042265   0.062239   0.48804
  0.77732    0.55949   -1.0935    -0.092203   0.59725   -0.066512
  0.07925    0.15949   -0.062273   0.38312   -0.39645   -0.42165
  0.085055   0.0028237 -0.14745    0.30033   -0.28176   -0.29304
  0.46387    0.7097     0.51582    0.4826     0.31323   -0.36571
 -0.67852   -0.34417   -0.87428   -0.20737   -0.38415   -0.36408
  0.18016   -0.35784   -0.042844   0.031701  -0.26333    0.15543
 -0.38644   -0.69856    0.039386   0.71082   -0.82508   -0.92347
 -0.48224   -0.12527   -0.058785  -0.36797   -0.19337   -0.20153
 -0.24303    0.81989   -0.17392    0.36345  ]"
bucaram,"[-0.18398   -0.2131     0.3285     0.34349   -0.20138    0.68103
 -0.29625    0.44458   -0.50842    0.41079   -0.014372   0.009065
 -0.42408   -1.0734     0.60336    0.64339    0.55365    0.59649
  0.56882   -0.4852     0.034057   0.16524    0.55247    0.53851
  0.011339   0.28723   -0.36693   -0.17312    0.331     -0.36989
  1.1047     0.27258   -0.53045    0.50972   -0.87997    1.5964
  0.32048   -0.64143   -0.2192    -0.34272   -0.67774    0.32343
  1.2071    -0.0033148  0.25312    0.23564   -0.24328    0.33807
 -0.27114    0.43721   -0.93845   -0.44071    0.29804    0.2197
  0.28257    0.71697    0.55457   -0.169     -0.20955    0.90069
 -0.46347   -0.56575   -0.022918  -0.14383   -0.068699   0.46964
  0.80416   -0.81078   -0.4961    -0.26447    0.15418   -0.19105
 -0.85184    0.40788   -0.2261    -0.0044962  0.0028001  0.41861
 -0.24292   -0.17311    0.16838   -0.52907   -0.2879    -1.0196
  0.43793   -0.18774    0.36872    0.9509    -0.58702   -1.3243
  0.63402   -0.66103    0.076513   1.1063    -0.16385   -0.45734
  0.48205   -0.24469   -0.35857   -0.36712  ]"
yoruba,"[ 0.32489    0.58788    0.48165   -0.38355    0.82623    1.148
 -0.22463   -0.57123   -0.17541    0.91712   -1.1466     0.0037957
  1.0921    -0.037654  -0.54243   -0.17142   -0.15606   -0.7646
  0.23287    0.48416    0.39118   -0.23142    1.0092     0.23361
 -0.12875    0.16935    0.080801   1.1779    -0.20913   -0.13895
 -0.45523   -0.41068   -0.47758   -0.37717   -0.019054  -0.18148
  0.36889    0.83402    0.57095   -0.10664   -0.88175    0.66205
  0.10115   -0.35128   -0.85353   -0.47479    0.54669    0.14455
 -0.17917    0.63303   -1.1136     0.68637    0.22647   -0.51426
 -0.3487     0.60774   -0.88332   -0.23941    0.3101    -0.33207
  0.42336    0.0367    -0.1375     0.03084    0.33081    0.21179
  0.39384   -0.29629   -0.19211    0.15714   -0.51067   -0.11279
  0.50445   -0.16157   -0.10412   -0.40353   -0.015575  -0.48373
 -0.52296   -0.039875  -0.66666   -0.94215    0.016767  -0.068296
  0.10257    0.69888   -1.2383     0.035709   0.32165   -0.25025
  0.30396   -0.32473   -0.40181    0.063724  -0.76035   -0.34554
 -0.7966    -0.074327   0.048787   0.076658 ]"
tweaked,"[-3.0044e-01 -1.7089e-01  3.8961e-01 -5.0770e-01 -2.7775e-01  3.7376e-01
  2.4176e-01  1.8333e-01  3.8012e-01  4.7737e-01 -4.4374e-01  1.8603e-01
  2.9145e-01 -6.9131e-01  2.6106e-01  4.4727e-01 -4.0137e-01  2.5766e-01
  2.1716e-01 -3.1153e-01 -1.5815e-01 -1.2638e-04  1.2092e-02  4.4538e-01
  1.6735e-01 -3.2832e-01 -6.0044e-01 -3.2066e-01 -2.7284e-01  3.4407e-01
  2.4071e-01  5.0982e-01 -4.7339e-01  2.4546e-01 -1.7590e-01  7.2175e-01
 -3.2061e-01 -5.3496e-01 -5.3240e-01 -2.6733e-03  1.7155e-01 -4.1878e-01
  6.4621e-02  3.0421e-01 -7.5144e-01  4.5399e-01  1.9997e-01 -2.7255e-01
  5.9907e-01 -7.4502e-01 -1.1054e-01  1.7165e-01  6.9926e-02 -1.3056e-01
 -2.3440e-01 -3.4390e-01  3.3301e-01  2.3263e-01 -5.7153e-01  2.3294e-01
  5.5172e-01  5.0014e-01 -3.9201e-01  6.0421e-01 -1.4643e-01 -2.7250e-01
 -3.7977e-01  4.0660e-01 -2.4290e-01 -1.3292e-01  4.1632e-01  5.0916e-01
  8.4217e-02 -5.9838e-02 -1.7704e-01  2.1244e-02 -2.9942e-01  3.1737e-01
  1.8515e-01 -3.2444e-01 -8.0292e-01 -8.8521e-01 -6.7528e-01  1.1714e-01
 -4.4681e-01  3.8459e-01  5.9706e-01  3.6501e-01 -1.2175e+00  6.4939e-02
 -5.3473e-01  2.5517e-01 -4.1027e-01 -1.4041e-01  1.2019e-01 -2.8686e-01
  4.6972e-02  3.3943e-02  1.9263e-01  5.4429e-01]"
traditionalist,"[ 0.17128   1.0117   -0.2018   -0.079143 -0.48725   1.3991   -0.090199
 -1.2229   -0.41998   0.32116  -0.42778  -0.24434   0.28786  -0.64745
  0.10261  -0.020372 -0.53735  -0.63021   0.27216   0.19716   0.2495
  0.29512  -0.51584  -0.051239  0.087393 -0.4165   -0.058898 -0.38546
  0.36155   0.4009    0.26227   0.044662  0.16688  -0.17409   0.013007
  0.67578   0.15436   0.40751   0.077616 -0.30599  -0.96308   0.49566
  0.64404  -0.43552  -0.71693  -0.52561   0.40436   0.30308   0.41348
  0.83944  -0.10459   0.13313  -0.33832  -0.56648  -0.17895  -0.12333
  0.42816   0.12873   0.39471  -0.059033  0.38309  -0.31562   0.27667
  0.21006   0.10615  -0.15234  -0.16702   0.32735   0.17353  -0.52131
 -0.15857   0.052656 -0.34034  -0.0481   -0.22971  -1.0053    0.08463
  0.5056    0.42389  -0.66936  -0.74157  -0.25529   0.23523   1.0338
 -0.11501  -0.28612  -0.25003   0.26045  -0.43221  -0.38272  -0.3237
 -0.48551  -0.213     0.22551  -0.046571 -0.28915  -0.38872  -0.40248
 -0.33525   0.80232 ]"
storefronts,"[ 0.14124    0.24756   -0.50285   -0.4266     0.68634    1.0144
 -0.95345    0.059974   1.1281     0.30191    0.18502    0.025308
  0.65416   -0.14447    0.25503    0.057021  -0.0022756  0.62618
  0.23276   -0.54247    0.77235    0.93904    0.44089   -0.44233
  0.50935   -1.0341     0.18841   -0.34524   -0.75833   -0.24411
  0.80585   -0.27737   -0.17628    0.17726   -0.088601  -0.10282
  0.080027  -0.80051    0.42305   -0.3145     0.82953   -0.93332
 -0.34119    0.45914    0.1735     0.39142   -0.0059412  0.66365
  0.54614    0.3472    -0.31017   -0.16501   -0.64209    0.17889
  0.12135   -0.44321   -0.28167   -0.16785    0.15187    0.111
 -1.0677     0.2228     0.33739    0.49229   -0.44889   -0.16212
  1.2141    -0.24682   -0.16499   -1.1067    -0.071515   0.20125
  0.27578   -0.879     -0.28868   -0.21752    0.44845    0.5368
 -0.11203   -0.53933    0.24709   -0.51047   -0.022559   0.88886
  0.086164  -0.15996    0.027747  -0.36906   -0.29745    0.10286
  0.31245    0.49156    0.22462   -0.022053  -0.70363   -0.3931
  0.24132    0.31616    0.3698     0.61384  ]"
sabotaging,"[ 0.032763  -0.32821   -0.38862    0.61262    0.41191   -0.3572
 -0.50499    0.10669    0.58493    0.75446   -0.18748    0.30464
 -0.068944  -0.25046   -0.48125    0.12075   -0.21029   -0.27475
  0.39936   -0.018152  -0.20842    0.029969   0.77715   -0.41089
  0.21909    0.44722   -0.7807     0.36993   -0.12212    0.034574
 -0.14368    0.22547    0.23197   -0.10734   -0.61339   -0.69855
  0.079409  -0.26312   -0.35268    0.38599   -0.43458    0.63262
  0.29686    0.64391   -0.26871    0.45971   -0.033291  -0.41211
 -0.24478   -0.4304    -0.10141    0.57765   -0.28416    0.76914
 -0.53403    0.18696    0.94104    0.75087   -0.58947   -0.070021
 -0.66589   -0.23044   -0.070253   0.012721  -0.59655    0.49151
  0.42344    0.4245    -0.016647  -0.42157   -0.20394   -0.42944
 -0.31318   -0.29116   -0.0017937  0.35155    0.63482    0.2273
 -0.51819    0.16454    0.041391   0.85999   -0.27122    1.3713
 -0.28548    0.78706    0.14948    1.1422     0.034831  -0.29818
 -0.52835   -0.12031   -0.18605   -0.10686   -0.32735   -0.7848
  0.42866    0.055603   0.34533    0.60699  ]"
goalies,"[ 0.052049  0.57501   0.54657  -0.098552 -1.2014    0.30073  -0.1041
 -0.57248  -1.0337   -0.74897  -0.15978  -0.65775   0.28187  -0.10263
 -0.25334  -0.34645  -0.23749   0.1026   -0.092109  0.34152  -0.5254
  1.2638   -0.46679   0.65528   0.62022  -0.60863   0.26691  -0.024858
 -0.0133   -0.38596   0.43792   0.17705  -0.12475   0.026587  0.65346
 -0.055717 -0.65968   0.25166  -0.24929  -0.18362   0.52993   0.59438
  0.050445  0.011111 -0.76792   0.29366  -0.2656   -0.74383  -0.084101
 -0.20026  -0.15611   0.10808  -1.7255    0.28434   0.32208   0.4204
  0.2153    0.37162   0.089607  0.6274   -1.0764    0.61335  -0.14292
  0.85978  -0.005678 -0.26924   0.26008   0.16376  -0.59364   0.12059
  0.22424  -1.2718   -0.23362   0.58333   0.38658  -0.62453  -0.098218
 -0.051273  0.35493  -0.03989  -0.076682  0.15213  -0.09725  -0.22738
 -0.54086  -0.056789 -0.037609  0.40494  -0.15233   0.19786  -0.67529
  0.080375 -0.58427  -0.13501  -0.76571  -0.32586  -0.62801   0.22868
 -0.44525   0.27248 ]"
srinath,"[-3.7693e-01  1.4867e-01  2.7628e-01  8.5370e-02 -7.8063e-01 -8.9691e-01
  3.0632e-01  6.8527e-01 -8.0090e-01  1.0052e+00  9.4269e-01 -5.8075e-01
 -6.9897e-01  7.6632e-01  2.4987e-01  1.4195e-02  2.4979e-01  3.9307e-01
  2.1529e-01  6.4767e-02  1.0829e+00 -1.9223e-01  1.1037e+00 -3.4816e-01
  6.9737e-01  1.6429e+00 -1.2104e-01  1.1161e+00 -2.3614e-01 -5.3032e-02
  5.6394e-02  8.1942e-01 -6.8399e-01 -4.6450e-01  7.1173e-02 -2.0058e-01
 -2.2206e-01 -5.0522e-01 -3.4706e-01  1.1975e+00 -4.0893e-02  2.6101e-02
  1.9315e-01 -7.0143e-01 -4.8646e-02 -5.1961e-01  1.1273e+00  2.4528e-01
  5.4053e-01  5.2234e-01  2.4084e-01  7.4368e-01 -7.1443e-01  2.1499e-02
 -5.2490e-01  3.4516e-01 -1.6277e+00  1.2232e-02  2.2432e-01  7.5055e-01
 -8.1834e-05 -2.8260e-01  6.1085e-01  1.1359e+00 -2.4267e-01  2.1415e-01
  5.1477e-01  1.0801e+00 -2.9583e-01  2.4092e-01 -5.9188e-01  5.9224e-01
  4.6194e-01  6.1331e-01 -2.1922e-01  1.2558e-01 -3.2030e-01  4.8750e-02
  7.8506e-01 -1.1797e+00 -3.9472e-01  2.6656e-01 -6.5208e-02 -4.0024e-01
  5.3495e-02 -7.9074e-02 -1.7068e+00  1.2715e-01 -1.4223e+00 -6.4438e-01
  4.2147e-01  1.7300e-01 -4.9672e-01 -6.8129e-01  3.0989e-01 -6.6642e-01
  1.4812e+00 -1.8446e-01 -1.0328e+00 -7.4778e-02]"
1230,"[ 0.1542    -0.38387    0.12322    0.69104   -1.5287     0.41039
 -0.17025    0.22738   -0.14685   -0.66377    1.0474    -0.058065
  0.037378  -0.27306    0.23669   -0.79672    0.072646  -0.25565
  0.24123   -0.41953    0.019568  -0.37399    0.025214   0.4687
  0.76481   -0.37076    0.93815    0.89534    0.16661    0.60897
 -0.52921    0.12509   -0.13235   -0.082516  -0.36165    0.075932
 -0.64576   -0.21305    0.2072     0.15162    0.23285   -0.25853
 -0.28707    0.092818  -0.62964   -1.121      0.30566   -0.050372
  0.2073    -0.30606   -0.56589    0.088362   0.24374    0.37591
 -0.79665   -0.16578   -0.48882   -0.075163  -0.62385   -0.33871
 -0.040323   0.25169   -0.37141   -0.74381   -0.14388   -0.42577
 -0.49215   -0.26737   -0.10664   -0.2081    -0.36182   -0.32847
  0.53942   -0.72916    0.57116   -0.62306    0.84635    0.41699
 -0.84022   -0.039386  -0.49538   -1.0232    -0.077379  -0.0024642
  0.81033    0.33521   -0.064168  -0.26647    0.096833  -0.13378
  0.2765     0.57164    0.45517    0.64359   -0.24715    0.010472
  0.22503    0.18688    0.28229   -0.71531  ]"
moravian,"[-0.17381    0.10707    0.30434    1.5415    -0.41687    0.62048
 -0.4055    -0.40267    0.0068949  0.15931   -0.89107   -0.63167
 -0.010281   0.86338   -0.5109    -0.15712    1.0233     0.047455
 -0.31227   -0.30151   -0.30419    0.66051   -0.68737    0.51896
 -0.55718   -0.3605     0.94071   -0.0090708  0.29801   -0.36543
 -0.55305   -0.64613    0.23566   -0.29135   -0.29723   -1.0551
  0.34169   -0.18436    0.93407   -0.74832   -0.44745    0.64594
  0.38403    0.5719     0.1426    -0.76048    1.071      0.17506
  0.66421    0.55903   -1.2556     0.087677  -0.52309   -1.0103
 -0.22881   -0.24077   -1.0245    -0.40287   -0.025966  -0.31164
  0.74283    0.64692    0.24057    0.41893   -0.5326    -0.7387
  0.069446   0.57837    0.33617   -0.34918   -0.045948  -0.33899
  0.7794    -0.66679    0.048978   0.05058    0.34365    0.12267
  0.08266   -0.13771   -0.55258    0.43231    0.53534   -0.0065445
  0.20597    0.1877    -0.26721   -0.44214    0.50669    0.064128
 -0.44273   -0.083303  -0.2937     0.42969   -0.78814   -0.64996
  0.14721    0.10893   -0.016064   0.25337  ]"
reproductions,"[-0.14389    0.43194   -0.261      0.10576    0.17397    0.45586
  0.25891   -0.050337  -0.0086659  0.24024    0.34596   -0.093461
  0.43804   -0.09834    0.41993    0.63045    0.60199    0.56554
  0.74596   -0.11113   -0.11357    0.31423    0.16565   -0.35945
  0.56297   -1.0379     0.23415    0.0042859 -0.76248   -0.62231
  0.078726  -0.70285   -0.76883    0.40368    0.090311   0.39582
  0.28062   -0.68129   -0.46641   -0.84989    0.29605   -0.22862
 -0.39893    0.19795   -0.56412   -0.43474    0.28823   -0.601
  0.1447    -0.12052    0.46351    0.44304   -0.13907   -0.20545
 -0.054527   0.27745   -0.12626   -0.14464   -0.18002   -0.66829
 -0.16888    1.172      0.12201    0.39739    0.082368  -0.45438
  0.41765    0.27197   -0.31478   -0.6719     0.16373    0.43951
  0.58085    0.19074    0.58396    0.03346    0.1436     0.48546
 -0.31538   -0.33569    0.47358   -0.027785   0.43506    0.30327
 -0.21799   -0.0091863 -0.15715   -0.70178    0.14124   -0.38768
 -0.02334   -0.25052    0.72454   -0.62869   -0.90798   -0.98947
 -0.63516   -0.83342    0.2058     0.20018  ]"
earmark,"[ 0.028366   0.77176    0.060705  -0.16469    0.3305    -0.21061
 -0.64525    0.61412    0.97721   -0.0032191 -0.085795   0.4939
 -0.80462   -0.79897   -0.7        0.070055   0.088959   0.27656
 -0.30358    0.36579   -0.02847   -0.016895  -0.66734    0.33981
 -0.80543    0.18979    0.14188    0.046147  -0.5673    -0.65695
  0.052719   0.21895    0.81964    0.48794   -0.69672    0.28093
 -0.44682   -0.6301    -0.25875    0.51497    0.059218  -0.19803
  0.020382  -0.13246   -0.15137   -0.42835   -0.3805    -0.57127
 -0.56577   -0.15321   -0.28654   -0.071111   0.18753   -0.081466
 -0.96828    0.24741    0.44297   -1.0338     0.39964    0.30169
  0.32305   -0.36063   -0.27908    0.50046    0.22791   -0.63871
 -0.026716   0.55458    0.22872   -0.62962    0.62415   -0.75693
 -0.14224    0.24311   -0.96174    0.23759   -0.6753     0.22691
 -0.38237   -0.31545   -0.14979   -0.32513    0.1403    -0.19737
 -0.41898    0.91327    0.77282    0.15062   -0.024879  -0.060921
 -0.22069    0.42949   -0.33375   -0.54811    0.50904   -1.072
  0.36764    0.085648   0.13032   -0.44787  ]"
fingertips,"[-0.26541   -0.060661   0.51986   -0.2154    -0.30042    0.71741
 -0.30396   -0.25965    0.078238   0.25479    0.94263   -0.051917
  0.47437    0.017493   0.033263  -0.1159    -0.43187    0.27198
 -0.13956   -0.78196   -0.43452    0.60569    0.39122   -0.085226
  0.51484    1.061     -0.35473   -0.11215    0.32696   -0.60343
  0.30149    0.2842     0.22863    0.3627    -0.26127    0.22524
 -0.48357    0.40199   -0.078377  -0.67255    0.39514    0.010794
 -0.32921    0.080308  -1.1552    -0.014922   0.072836   0.46687
  0.088382   0.095739  -0.10156    0.39146   -0.67474    0.59262
 -0.16238    0.1658    -0.20146   -0.001749  -0.015431  -0.43919
  0.38199    0.84029   -0.29192    0.028401  -0.15177   -0.45704
  0.39798   -0.39488    0.26159   -0.43344   -0.46627    0.59499
  0.94151   -0.47161    0.30026   -0.20155   -0.64804   -0.20684
  0.11936    0.46282    0.45124    0.49192   -0.37661   -0.0027871
 -0.35756   -0.32536    0.7831     0.53942    0.044273  -0.060091
 -0.6742     0.98899    0.30966    0.030372  -0.21028   -0.30254
  0.036412  -0.15057   -0.071226   0.50459  ]"
mahan,"[-0.18051    0.18417    0.28844   -0.28261    0.15405   -0.45091
  0.27961    0.15328   -0.16258   -0.17001   -0.47681    0.69707
 -0.21183    0.56215    0.069884   0.17889    0.5579     0.0018754
 -0.75559    0.73839    0.68756    0.14895   -0.06932    0.5964
 -0.18348    0.57274    0.45437   -0.020468  -0.1055     0.33371
 -0.81553    0.29948    0.056725  -0.49458    0.0595    -0.18085
  0.0070945  1.119      0.56512   -0.013118  -0.57942    0.097533
 -0.14894    0.72077    0.044253  -0.49565    0.34608    0.021178
 -0.09405   -0.22896   -1.015      0.15598   -0.8072     0.1723
 -0.53854    0.12815    0.81041   -0.30831   -0.52826    0.29422
  0.42064   -0.12433    0.69748    1.2286    -0.80281   -0.77193
  0.098495   0.59082   -1.0648     0.79178   -0.28412    0.0031648
  0.655     -0.257     -0.18907   -0.14117    0.35881   -0.33172
 -0.41402    0.23658   -0.25885   -0.012614  -0.32769   -0.31519
  0.52591    0.082148  -0.69631   -0.31729   -0.23339    0.34993
 -0.44218   -0.06782   -0.06483   -0.2052     0.2542     0.35662
  0.37545    0.039285  -0.81412   -0.10302  ]"
styria,"[-1.1892   -0.70406   1.3645    0.3312    0.0902    0.02898  -0.62358
 -0.018006 -0.24326  -0.51162  -0.73389   0.43423   0.68434   0.29239
 -0.11922   0.1189    0.2291   -1.2562   -0.49283   0.031174 -0.24484
  0.4031   -0.52796   0.93447  -1.747    -0.9998   -0.076853 -0.17535
  0.42002  -1.0937   -0.68184  -0.85315   0.25783   0.029302  0.556
  0.074604  0.70106   0.50172   0.057268 -0.41985   0.76707  -0.21878
  0.13976   0.41563  -2.0964   -0.29054   0.83628   0.36254   0.51894
  0.31821  -0.88483   0.36018   0.25316  -1.3833   -1.1927   -0.25636
 -0.2987   -0.77076  -0.018111 -0.031045  0.73503   0.35605   0.52457
  0.97023   0.91048  -0.26559  -0.56273  -0.41932   0.13171   0.34805
  0.63249  -0.14505   1.6212    2.0188   -0.32056  -0.52709  -0.68467
  0.11598   0.39159  -0.081709 -0.10319  -0.21661  -0.01819   0.45016
  0.1451    0.36212  -1.3994   -0.057825 -0.71878   0.63422   0.2908
 -0.79741  -0.29401   0.49395  -0.50018   0.63349   1.1721    0.087533
  0.39439  -0.83497 ]"
mimicking,"[ 0.27325   -0.10197    0.18757    0.081547  -0.18201    0.52201
 -0.29237   -0.029473  -0.16219    0.1941     0.0080246 -0.24603
  0.22558   -0.2293     0.67887    0.32021   -0.52378   -0.16422
  0.56356   -0.24753   -0.27005   -0.23786   -0.016022  -0.27404
  0.010417   0.29495   -0.59896   -0.19433   -0.032467   0.0028681
  0.0090055  0.070799  -0.088664  -0.082434   0.11355   -0.46866
 -0.10722   -0.34671    0.012083  -0.31207    0.14373    0.39182
 -0.19405    0.83457   -0.40767    0.41317    0.17448   -0.095385
 -0.60627   -0.40287    0.06797    0.31973    0.37848    0.20857
 -0.14011    0.12411    0.28247    0.016171  -0.45721   -0.30788
 -0.19093    0.75532    0.55956    0.083165  -0.30673    0.29174
  0.62031   -0.11125    0.043034  -0.1685    -0.16855    0.028912
 -0.29252   -0.27176   -0.13198   -0.42932    0.22738   -0.4318
  0.055493  -0.10064    0.031874  -0.40445   -0.34648    0.14121
 -0.52108   -0.15721   -0.011769   0.19466   -0.3466    -0.43683
  0.36753   -0.012338  -0.023474  -0.061518   0.18965   -0.57372
 -0.8679    -0.58857    0.39604    0.14612  ]"
josep,"[-0.28563   -0.10718   -0.75336    0.18724   -0.11462    0.21527
 -0.6146     0.33954   -0.23458    0.17521    0.090211   0.18006
 -1.1549    -0.21284    0.28472    0.70678   -0.63832   -0.25556
  0.0076033 -0.17359   -1.5887     1.1949     0.027722   0.21421
 -0.41255   -0.75821    0.056794  -0.49078    1.2344     0.17666
 -0.46043   -0.048081  -0.38706    0.27375    0.45867    0.49718
  0.44927    0.39825    0.46757   -0.41469    0.911     -0.23158
  0.7362    -0.25529   -0.26831   -0.14234    0.16504    0.48101
 -0.68203    1.1059    -0.13901    0.30555   -0.11834   -0.095925
 -0.085974  -0.0095665 -1.0099     0.86167   -0.82545    0.58768
  0.94476   -0.038225   0.23788    0.18339   -0.80252    0.31731
  0.28962    0.7756     0.65821   -1.4342     0.81674   -0.25495
  0.090035  -0.94395   -0.19516    0.56975   -0.62483    0.84494
 -1.0172     0.059782  -0.36955   -1.5993    -0.097825   0.63503
 -0.072192  -0.1625     0.023311   0.14885   -0.096903  -0.92829
  0.11896    0.82851   -0.18911    1.2297     0.10743    0.54014
 -0.11124   -0.49418   -0.45497   -0.62585  ]"
twx,"[ 0.38672   0.27848   0.34407  -0.88274  -0.99098  -0.038236  0.41391
  0.40239   0.74621   0.8528    1.2268    0.35592   0.41207   0.5674
  0.036135  0.055034  0.14869  -1.2988   -0.36834  -0.55471   0.66651
 -0.23425  -0.82455   0.82582  -0.094965  0.94693   1.187    -0.42022
 -0.43004   0.67234  -0.12108   0.39789   0.36203  -0.59914   0.38315
 -0.27938   0.15756   0.12294  -0.067707  1.0597    0.59324  -0.69395
 -0.56304   0.48017   0.13103  -0.89893  -0.84722  -1.0848    0.3947
 -0.77551  -0.60265   1.0586    0.27025  -0.35053  -0.015299  0.2123
  0.65693   0.81776  -0.3243   -1.7721    0.54906  -0.31093   0.18789
 -0.17497   0.30325   0.61371  -0.22276  -0.69029  -0.26037   1.2175
  0.15708  -0.29907  -0.70187  -0.31679  -1.2147   -1.4008    0.16492
 -0.047172 -0.61019  -0.91735  -0.31323  -1.0295    0.8761    0.38098
  0.042318  0.64038   0.72597  -0.20487  -0.096322 -0.027782  0.099749
  0.7392    0.051041 -0.03129  -0.36128   0.02314   0.73363  -0.50673
 -0.028363 -0.48769 ]"
comforted,"[-0.27057    0.48021    0.051979  -0.072556  -0.4853     0.79984
 -0.4996     0.03635    0.57266   -0.75343   -0.10352    0.83633
  0.30592   -0.64113    0.26681   -0.55502   -0.69155    0.15711
 -0.37693    0.0038255 -0.55512   -0.19036    0.13558    0.41313
  0.21651    0.042254  -0.18265    0.2713     0.27459    0.32997
  0.55215   -0.22691    0.063785   0.45398    0.26269    0.2587
 -0.31534    0.40935    0.45025   -0.26031   -0.16665    0.11991
  0.13861   -0.037997  -0.0084467  0.071433   0.45357    0.71576
  0.29857   -0.69018   -0.46264   -0.20258    0.6299     0.24244
 -0.22398    0.076764   0.29667   -0.19699   -0.65628    0.12249
  0.37693    0.3372    -0.1017     0.27272   -0.64456   -0.35808
  0.3919     0.6549     0.41777   -0.13298   -0.25114    0.047402
  0.40329   -0.40472    0.34163    0.76776    0.57423   -0.44319
 -0.19322   -0.22151   -0.2888     0.3651    -0.13164    0.55949
 -0.7476    -0.40754   -0.20157    0.49862   -1.2238    -0.62939
  0.0398    -0.44503    0.30905   -0.029081  -0.28578   -0.21079
  0.11237    0.0025346 -0.81049    0.38668  ]"
intercepting,"[ 0.11093   -0.58427    0.42548    0.28832    0.33334    0.53592
  0.19025   -0.48755    0.19575   -0.12327    0.95272   -0.04569
 -0.72655    0.25913    0.56876   -0.39926    0.14678   -0.23993
  0.46116    0.024609  -0.35552   -0.1561     0.017243  -0.50355
  0.21653    0.37685   -1.2336     0.38697    0.18562    0.60418
 -0.39522    0.082425   0.38485   -0.32948    0.561     -0.95546
 -0.61636   -0.32296   -0.053479   0.70385   -0.42903    0.3541
  0.010409   0.86566   -0.091903  -0.11882    0.22731   -0.68702
 -0.036487   0.08618    0.50267    1.2743     0.01658    0.34288
  0.037684   0.38073    0.45106    0.043211   0.3931    -0.046806
 -0.55691    0.23115    0.60553   -0.0074557 -1.0338     0.52688
  0.57543    0.29372    0.30213    0.14505   -0.51199   -0.83703
  0.42911   -0.45999   -0.26428    0.16434   -0.35619    0.34844
 -0.43904    0.036449   1.3161     0.098574  -0.87174    0.46519
 -0.51356   -0.11798    1.2972     0.17224   -0.2945     0.12331
 -0.55167    0.76265   -0.32316   -0.25109   -0.12767   -0.080288
 -0.28164    0.32412   -0.15569   -0.11271  ]"
musée,"[-0.23162    0.32466   -0.49298    0.6314     1.31       0.65815
 -0.056782   0.52544    0.53161   -0.88073    0.38329    0.52324
  0.12861   -0.42719   -0.50065    0.5511     0.90817    0.0031882
 -0.13557   -0.27082    0.031487   0.13921   -0.64635   -0.68836
  0.61641   -0.90377    0.41578   -0.99249    0.19175   -0.61086
 -0.9435    -1.0676    -1.0622    -0.0048455 -0.3656     0.64243
  0.29132   -0.26108   -1.2672    -0.54826    1.4089    -0.055739
 -0.68458    0.43214   -0.11498    1.2545    -0.23241    0.08995
 -0.49341    0.22943    0.039554   0.050371   0.061458  -0.93037
 -0.92819   -0.39986    0.77031    0.075393  -0.91201   -0.11766
 -0.34768    0.015619   0.085418   0.14322   -0.36147    0.91607
 -0.4122    -0.53488    0.73798    1.1403     0.62714   -0.74764
 -0.19402    0.25103    0.4508    -0.51898    0.581     -0.42422
 -0.82318   -0.09273   -0.45252   -0.06939   -0.037263   0.052498
  0.73689    0.50764    0.14686    0.40354    0.050041   0.070741
 -0.31989   -1.235      1.3787     1.5108    -0.31054   -0.258
 -0.35859   -1.7998     0.51388   -0.58855  ]"
gills,"[-0.72504  -0.017561 -0.22562  -1.1469   -0.30536   0.68227  -0.41537
  0.16288   0.27149  -0.7855   -0.079652  0.62007  -0.15029   0.95305
  0.52214  -0.78926  -0.34846   0.41852   0.52782  -0.88741  -0.88915
 -0.043946 -0.14759  -0.30786   1.215     0.83167   0.21564  -0.10387
  0.041927  0.50004   0.030845  0.18325  -0.35961   0.05926   0.88201
  0.42806   0.30364   0.66658  -0.10298   0.55682   0.78222  -0.94124
 -0.6754    0.46364   0.44707   0.079021  0.57369   0.81835  -0.35976
  0.16477   0.22957  -0.066307 -0.28184   0.32111  -0.20435  -0.43502
  0.49986  -0.29122  -0.4062    0.66317  -0.029715  0.28495   0.6765
  0.4546    0.51484   0.33417  -0.073136 -0.61011   0.586    -1.2554
  0.21714   0.17544   0.84494  -0.93679  -0.4593   -0.25499  -0.96977
  0.026972  0.20527  -0.060227 -0.47476   0.27752  -0.14843   0.45444
  0.059734 -0.29197   1.0135    0.63768   0.093104  1.0053   -0.15722
  0.074504  0.020648 -0.24272   0.46853  -0.30959  -0.93302  -0.14483
 -0.18605   0.25911 ]"
adoration,"[ 8.7734e-01  6.5139e-01 -1.0226e-01  2.4903e-01 -2.8810e-01  1.0275e+00
 -3.9319e-01 -2.5412e-02 -2.7081e-04 -4.7810e-01 -5.4485e-01  5.4433e-02
  3.7997e-01 -7.3797e-02  1.9876e-01 -5.4069e-01  1.8951e-01  7.2525e-01
  1.8165e-01  5.8267e-01 -7.3140e-01  2.2959e-01 -6.1052e-01 -3.6451e-02
  8.1386e-01  1.2428e-01  2.5761e-01  6.2426e-01  4.8424e-02 -8.7086e-01
  5.6192e-02 -1.0415e+00 -7.2518e-02  5.3262e-01 -1.9740e-02  3.9642e-01
  1.7774e-01  6.2687e-01 -8.4766e-02 -6.3790e-02  3.2328e-01  9.8282e-02
 -2.7372e-01  7.3228e-02  1.5374e-01 -8.9999e-01  2.1018e-01 -2.0667e-01
  7.0011e-01 -1.3856e-01 -1.6760e-01 -8.6635e-02  5.5796e-01  3.1462e-01
 -6.0562e-01 -2.3163e-01  3.1220e-01 -8.3673e-02 -3.2395e-01 -3.2350e-01
  6.0513e-01  1.0117e-01  6.8599e-01 -4.7591e-03 -2.4980e-01  1.7684e-02
  2.6538e-01 -6.1714e-01  3.2722e-01 -4.1200e-01  1.2766e-01 -1.2096e-01
  3.0466e-01 -6.5204e-02  7.6245e-02  8.3219e-01  1.3925e-01 -3.6905e-01
 -2.5672e-01 -2.7707e-01 -5.0085e-01  2.8694e-01 -3.6671e-01  4.9895e-01
 -6.5722e-01  3.1700e-02 -5.0439e-02  6.3472e-01  4.8771e-01 -6.3966e-01
 -2.7429e-01 -1.6368e-01  3.1176e-01  1.1669e+00  3.7009e-01 -1.3262e+00
  8.3241e-03  7.2346e-02 -4.4950e-01  2.3450e-01]"
rainstorm,"[-0.21588  -0.68625   0.20102  -0.12466  -0.29521   0.43906   0.34146
  0.46964   0.20117  -0.037012 -0.45533   0.14664   0.21062  -0.26207
  0.89169   0.32504  -0.34456  -0.55459   0.41462  -0.06523   0.63787
  0.11725   0.22581   0.61606   0.47451   0.7603   -0.62039   0.94205
 -0.28682  -0.55611  -0.057541 -0.41135   0.6828    0.68563  -1.2111
 -0.39095  -0.20279  -0.35632   0.56235   0.17578  -0.46584   0.36355
 -0.10304  -0.23422   0.62428   0.083605  0.38382   0.16964   0.7897
 -0.74414  -0.65716  -0.17825   0.24866  -0.055026  0.8074   -0.2083
 -0.092058  0.64486   0.88777   0.25013  -0.5833    0.65567  -0.23264
  0.55096  -0.30604  -0.18338  -0.60807  -0.8611    0.17973  -0.58377
 -0.46956  -0.59618   0.25463   0.22741  -0.035016  0.79046   0.43411
 -0.39108   0.19444   0.38886   0.49301  -0.37921  -1.0041   -0.28586
  0.29437   0.27997  -0.25553  -0.24874  -0.46974   0.045037  0.73965
 -0.30784  -0.48194   0.053465  0.28048   0.33141  -0.26028   0.17868
 -0.23482  -0.088442]"
fakes,"[ 0.70585   -0.21483    0.042241  -0.7115     0.24258    0.24621
 -0.050704  -0.28567    0.36932    0.15195    0.31369    0.74068
  0.19309    0.58535    0.59186    0.66767    0.093867   0.6535
  0.13217   -0.053718   0.013462  -0.11668   -0.017796   0.036198
 -0.19645    0.042127   0.0022138  0.1414    -0.13207   -0.345
 -0.26568   -0.13482   -0.47216    0.098708   0.26526   -0.018724
 -0.5475    -0.70783   -0.55898   -0.48191    0.23454    0.5237
 -0.35972   -0.35322   -0.38252    0.018952   0.47678   -0.15356
 -0.17568   -0.0039301 -0.068191   0.49864    0.11323    0.07846
 -0.20946    0.43048    0.18981    0.19056   -0.50027   -0.32723
  0.24016    0.76264   -0.0060719  0.68878   -0.12855   -0.1234
  0.73215   -0.22343   -0.50523   -0.70751   -0.096572  -0.09756
  0.24173    0.0618     0.25915    0.043737  -0.16319    0.38796
 -0.80418    0.12501    0.89377    0.38051    0.010616  -0.13343
 -0.59333   -0.91492    0.08321    0.080794  -0.93612   -0.80813
 -0.23138   -0.11587    0.31736   -0.058985  -0.45254   -0.058769
  0.19504   -0.62418    0.092569  -0.26841  ]"
unclassified,"[-0.73727   -0.53853    1.4974     0.33923   -0.25563   -0.39299
  0.45485   -0.10976    1.209      0.17776    1.3753     0.64347
 -0.058084  -0.19064    0.22934    0.96667    1.1254    -0.1825
  0.94977    0.062391   0.41083   -0.11039    0.53614    0.34127
 -0.24453   -0.733     -0.26285    0.17042   -1.0106     0.53138
  0.024532  -0.71521   -0.49094   -0.35248    0.067874   1.2344
 -0.52258    0.17774    0.64899    0.95759   -0.69454    0.61525
 -0.63187    0.57646    0.26915    0.32518    0.063409  -0.10472
 -0.28534    0.6004     0.68589    0.3857     0.74288   -0.6652
 -0.044017   0.55391    0.49291   -0.23762    0.95993    0.14912
 -0.635      0.59077    0.28507   -0.70504   -0.019091  -0.64305
  0.46571    0.22547    0.57807   -0.057456  -0.15463    0.39441
  0.53751   -0.3235    -0.038021   0.56321   -1.2586     0.838
  0.14447   -0.68194    0.0049167  0.24681   -0.13858    0.35876
 -0.80947    0.31931    0.809      0.18526    0.33104    0.57051
 -0.54966   -0.29906   -0.31691    0.16629    0.68943   -0.028769
  0.0060541 -0.82485    0.15283    0.023854 ]"
madre,"[ 0.11913    0.045987   0.21447    1.4053    -0.0069847  0.42966
  0.22243    1.2674     0.2267    -0.086694   0.41382    0.40109
  0.2854    -0.015823  -0.051368  -0.15508    0.2739    -0.06986
 -0.27681    0.33293    0.26423    0.37983    0.045147   1.1834
  0.11513    1.5108    -0.62342   -0.044273  -0.41795   -0.63292
 -0.0054624 -1.2449     0.18624    0.70602    0.69821    0.32749
  0.25829    0.20992    0.902     -0.89392   -0.28527    0.92782
 -1.2273    -0.62893   -0.02837    0.24169   -0.22427   -0.079956
  0.28526    0.91986   -0.82265    1.0151    -0.16574   -0.38884
  0.075333  -0.50218    0.68009   -0.16051    0.4538    -0.41924
 -0.31572   -0.097166  -0.25967   -0.53943   -0.48067   -0.27293
  0.0080401 -0.14984    0.61429    0.72299    0.79529    0.83435
  0.53657   -0.16211   -0.16938   -0.47851   -0.30997    0.92987
  0.030779  -0.31016   -0.21076    0.43839   -0.61621   -0.56385
  0.67276    0.38383   -0.81462   -0.23933    0.50881   -0.87569
  0.046987   0.17074   -0.39834    0.8659    -0.25949   -0.24107
 -1.6286    -0.29473    0.024933   0.18772  ]"
polygraph,"[-1.9656e-01 -5.7325e-01  1.7483e-01  1.9489e-01 -1.2641e+00  3.5800e-01
  1.4103e-01  7.3902e-01 -2.7397e-01  1.8315e-01 -2.5912e-01  3.7226e-02
 -1.0232e+00  4.0912e-01 -3.3667e-01  1.1929e-01  9.2510e-01  8.3632e-01
  2.0934e-01 -2.1934e-01  4.5261e-02 -6.2025e-01 -2.9970e-01  1.3713e-02
 -8.9018e-01 -3.6040e-01  1.6344e-01 -5.1517e-02 -9.7267e-01 -7.6724e-01
 -2.0596e-02 -4.3953e-01 -1.3850e-01  1.0453e-01  5.7198e-01  3.5286e-01
 -7.3179e-01 -2.8450e-01  4.8444e-02  1.7094e-01 -5.2512e-01  6.6668e-01
  6.4813e-02  3.3624e-02 -8.2128e-01  2.2709e-02  6.9306e-01 -3.4606e-01
 -4.5646e-01 -1.7540e-01 -1.1340e-02  4.5539e-01  2.3309e-01  2.1520e-01
  6.4642e-01  3.5411e-01 -3.6893e-01 -3.1984e-02  3.2767e-01 -5.7658e-01
  5.3955e-01  2.3858e-01  5.5330e-01  6.3533e-01 -2.7100e-01 -9.1268e-02
  2.7398e-01  1.9435e-01  5.2637e-02  7.2992e-01 -6.5636e-01  5.7974e-01
  9.7413e-01  9.5689e-03 -6.4899e-01 -9.2349e-02  4.9213e-02 -9.6625e-01
 -9.9483e-01 -7.9346e-01  7.8527e-01  5.4836e-02  2.9815e-01 -4.0728e-01
 -1.1673e+00 -3.5035e-01  1.1215e+00  7.7681e-01 -6.4383e-01  8.4975e-02
 -2.6742e-01  6.8972e-02 -1.6333e-01  6.8848e-01  7.9333e-01  6.7996e-01
  8.2475e-01  2.5708e-04 -9.5312e-01  1.4116e-01]"
sibley,"[-0.92178  -0.23743   0.11401  -0.76716   0.31736   0.52412   0.084283
 -0.36726  -0.30044  -0.5936    0.10978  -0.24876  -0.25331  -0.1705
  0.11586   0.15813   0.24511   0.4548   -0.44828  -1.055    -0.057326
 -0.31533   0.1877    0.30213   0.73397   0.48506  -0.48424  -0.18168
 -0.7209   -0.39015   0.13952  -0.17978   0.73557   0.46814  -0.19786
  0.21787  -0.040523  0.49785   0.19193   0.036068 -0.10395   0.90669
 -0.33019  -0.62954  -0.32535   0.72557  -0.40469  -0.094449  0.18652
 -0.20248   0.70988  -0.32044   1.0649   -1.0599    0.23767  -0.27457
  1.2613   -0.75267  -0.76091   0.15351   0.18244   0.16179   0.52228
  0.072937  0.57785   0.26094   0.098323  0.49465  -0.088361  0.44433
 -0.60463  -0.24728  -0.4005   -0.020129  0.19078  -0.59122   0.82392
  0.24327  -1.0275   -0.6925   -0.081913  0.28433   0.40275  -0.37453
  0.69942   0.77266   0.57954  -0.36749  -0.41695   0.2787   -0.11129
 -0.51292   0.66223  -0.13794  -0.87341   0.16066   0.24093  -0.35741
 -0.46739   0.26899 ]"
1.94,"[ 0.97322    0.67874    0.6726     0.40571    0.074251  -0.3663
 -0.0013854 -0.13871    0.55378    0.5031     0.38175   -0.13907
 -1.0355    -0.65577    0.41051   -0.44802   -0.83246   -0.42706
 -0.072564   0.25166    0.091941  -0.12264    0.56736    1.088
  1.1869    -0.58634    0.4445     0.8484     0.061403  -0.74172
 -0.25429    0.044574   0.35637   -0.23766    0.10677    0.57504
  0.11455   -0.23301    0.20193    1.0765     0.17951   -0.71997
 -0.48942    0.034934  -0.85934    0.11636   -0.69134    0.27568
  0.11811   -0.75284   -0.087477  -0.26841    1.1783    -0.131
 -0.95464    0.43474    0.1252    -0.10377    0.57823    0.28974
  0.12975   -0.83377   -0.21682    0.29013   -1.0063    -0.54336
  0.017694  -0.26574    0.83019   -0.16957   -0.43021    0.12952
 -0.35778    0.46621   -0.70619    0.30679   -0.40178    0.31389
 -0.31688    0.32585   -0.7435     0.22303    0.23552    0.35072
  0.25229   -0.17309    0.15448    0.8886     0.092081   0.13768
 -0.40323    1.2389     0.062955  -0.34474   -0.34288   -0.50703
 -0.5457    -0.42487   -0.24207   -0.50393  ]"
forlan,"[ 0.35948    0.43823    0.052424  -1.3074     0.57812    0.20361
  0.51385    0.64538    0.062155  -0.080721   0.28344   -0.62364
 -0.29766   -0.7916     0.30585    0.61047    0.75621    0.86526
  0.2474    -0.13028    0.26692    0.20384   -0.59443    0.66725
  0.42933    1.0246    -0.0096896 -0.4812    -0.0071632 -0.47549
 -0.62048    0.98347   -0.1839    -0.26919    0.38757   -0.59588
  0.14265   -0.4958    -0.45408    0.50654   -0.40266   -0.141
  0.38478    0.36571    0.89424    0.23705    0.29279   -0.030658
 -0.21198    0.65516    0.55877    0.4137    -0.80089    0.14186
 -0.3167     0.77022   -1.127      0.13401   -0.35426    0.39145
 -0.5788     0.28104   -0.2604    -0.14716   -0.6617    -0.52333
 -0.093061  -0.25454   -0.95072    0.20485    1.0978     0.88592
  1.4453    -1.3137     0.31725   -0.022916   0.072401  -1.0936
 -0.28993    0.44892    0.065908   0.24192   -1.0696     0.37451
  0.18702   -0.44603   -0.048787   1.2808    -0.70575   -0.47045
 -0.76702    0.52866   -0.563     -0.27615   -0.60788   -0.26317
  0.36359   -0.23949   -0.1287    -0.49218  ]"
ingrained,"[-0.45581   -0.083999   0.4383    -0.41368   -0.60513    0.67486
 -0.45416   -0.3977     0.62853    0.19166   -1.0719     0.47058
  0.53701   -0.57431    0.082656   0.26547    0.29581   -0.087518
 -0.34971   -0.074414   0.090492   0.47164    0.15958    0.081365
  0.61904   -0.56413    0.3796    -0.60684    0.21454   -0.16103
 -0.067902   0.53717    0.05361   -0.43937   -0.69668   -0.081168
 -0.74734   -0.19223    0.096539  -0.59825   -0.013035  -0.078748
 -0.18334    0.043574  -0.77225    0.027446   1.1113     1.1611
 -0.10298   -0.51311    0.02333   -0.50964   -0.53389    0.20896
 -0.30213   -0.0047278  0.99482   -0.2118     0.49228   -0.30187
  0.69815    0.43851    0.4727     0.1276    -0.37229   -0.073517
  0.40891   -0.96748    0.49701   -0.486      0.74588   -0.2309
  0.0052258  0.45701   -0.147     -0.18282   -0.29876   -0.21781
 -0.76849    0.08034   -0.45203    0.12857   -0.27645    0.66865
 -0.1412    -0.082288  -1.0777     0.36909   -1.5918    -0.44574
 -0.47906    0.073382  -0.48874    0.028508   0.62242   -0.74251
 -0.64688   -1.2216    -0.42223    1.0954   ]"
0.71,"[ 1.1676    0.67045   0.29228   0.27829   0.38637  -0.51987   0.12789
  0.06195   0.89409  -0.033823  0.1117    0.31773  -1.0769   -0.69784
  0.63065  -0.14211  -0.9458   -1.1229    0.76702   0.90386   0.43122
 -0.046442  0.34147   0.49244   1.1019   -0.44966   0.22053  -0.24861
 -0.10166  -0.59602  -0.42275  -1.2266   -0.48144   0.44572  -0.30865
  0.58438   0.39238   0.20683   0.079266  1.1826   -0.79921  -0.74763
 -0.82718   0.32458  -0.79935  -0.21543  -0.52425   1.1531   -0.11901
 -1.3108   -0.73971  -0.01681   0.32731  -0.23418  -1.0365    1.1134
 -0.50451  -0.32509   0.5224    0.49656  -0.53597  -0.52834  -0.46132
  0.94771  -0.53751  -0.68237   0.014546 -0.57687   1.143     0.094455
 -1.7347    0.019187 -0.28975  -0.18839  -0.39722   0.36363  -0.41186
 -0.55842  -0.10642  -0.70948  -1.367     0.24691  -0.29591   0.88078
  0.096023  0.18318   0.13774   1.262     0.85034   0.76944  -0.015808
  0.38267   0.04218   0.05268  -0.57321  -0.27111  -0.30562  -0.84226
 -0.55299   0.038466]"
jnr,"[ 1.2127   -0.55821  -0.36933  -0.81141   0.10242  -0.78554   0.22597
 -0.48639   0.52557   0.30151   1.0116    1.1582   -0.13486   0.8964
  0.20211  -0.8385    0.89283   0.32374   0.22688  -0.48557   0.52435
 -0.30637   0.17899   0.061555 -0.086867  0.045413 -0.29579   0.82852
  0.36015   1.0869   -0.32119   1.4183   -0.013716  0.27658  -0.16149
 -0.11948  -0.11934  -0.17384   0.16001   0.43341   0.43918   0.099455
  0.89655  -0.30244  -0.12496  -0.14975   0.70966   0.1502    0.098559
 -0.74192  -0.35742   0.27624  -0.1189   -0.22019  -0.55204   0.87619
 -0.30255   0.30878   0.67408   1.0308    0.32634  -0.72938   0.63889
 -0.081757  0.84609  -0.034602 -0.16808   0.47671   0.15579   0.16973
 -0.50809   0.48686  -0.265     0.31773   0.080029 -0.62502  -0.34652
  0.35593  -0.48484  -0.56029   0.3849   -0.70464   0.78281   1.0645
  1.4988    0.53571  -1.856    -0.2344    0.3026    0.037148 -0.3387
 -0.074386 -0.55684   0.95494  -0.27816  -1.1478    0.6577   -0.23597
  0.34124  -0.02593 ]"
exhibitor,"[ 0.23423  -0.21602   0.57393   0.46715   0.33647  -0.093178 -0.074111
 -0.07646   0.059292 -0.038808 -0.88561  -1.2647    1.9909    0.26287
  0.48862   1.0698    1.606    -1.009     1.4514   -0.42776   0.42844
  0.23796  -0.20826  -0.9403   -0.21911  -0.37376   0.81145   1.3809
  0.53101  -1.1631    0.23808  -0.82866  -0.061926  1.8304   -0.075367
  0.17044   0.13632   0.16485   0.19384  -0.84676   0.49494   0.17359
 -1.3587   -0.039934 -0.53888  -1.3174   -1.1072   -1.4642   -0.098824
 -0.30355   0.84877  -0.5418    0.53982  -0.409     1.0369   -0.77226
 -0.39278   1.0611    0.17255   0.92892  -0.98277  -0.57598   0.72442
  0.21553  -1.8948   -0.53703  -0.074326  1.5721    0.11012  -0.15941
 -0.29481   0.64349  -0.1714   -0.33181   0.83003  -0.24817   0.70779
 -0.62404  -0.78533  -0.33935   0.020266  1.0361   -0.44355   1.3733
  0.037341 -0.58547   0.55319   0.48796   0.037976 -0.23703  -0.28338
  1.2723    0.36247  -0.18719   0.30362  -0.1683    0.74575   0.44946
 -0.69026  -0.51511 ]"
argyll,"[-0.67653   -1.141      0.45532   -0.065783   0.40452    0.58201
  0.59713   -0.10694   -0.55442    0.001861   0.26114    0.24101
 -0.27132    0.14101   -0.27837   -0.59585   -0.79597   -0.17499
 -0.5482     0.31537    0.10745   -0.62868    1.2835     0.24404
 -0.8563     0.29264    0.35789    0.25405   -1.1645    -0.87304
  0.25222    0.20718    0.058705  -0.41079    0.24879    0.5541
 -0.0019201  0.094777   0.32249   -0.053254  -0.42607    0.74084
  0.39081   -0.6367    -0.22833    1.2169     0.17442   -0.1183
  0.84291    0.18378    0.076293   0.18734   -0.15999   -0.92908
 -0.8918    -0.46373   -0.15012   -0.86632   -0.85799   -0.62403
  0.61946    0.17269   -0.33617    1.1517     0.21065    0.28016
 -0.60011   -0.1654     0.73079    0.13262    0.036674  -0.17316
  0.75864   -0.34956   -0.52001   -0.30294   -0.19101    0.25698
  0.51491    0.41825   -0.26608   -0.16105    0.80194    1.3466
  0.52579   -0.61659   -1.0531    -0.48079    0.2883     0.18527
 -0.23713   -0.95874    0.18808   -0.1374    -0.3772     0.37504
  0.36817   -0.20128    0.33178   -0.17822  ]"
ebony,"[-3.2231e-01  6.4133e-01  9.6125e-02 -2.1651e-01 -2.3591e-02  4.5302e-01
 -9.5165e-02  3.1749e-01  1.4504e-01  1.2569e-01  9.3674e-02 -1.4038e-01
  2.5453e-01  2.5888e-01 -1.1630e+00  7.0309e-01  4.2828e-01 -2.1415e-01
  3.0833e-01 -1.8038e-01 -1.4257e-01 -3.3896e-01  2.0798e-01 -3.8830e-01
  1.6528e+00  7.8098e-01  5.3827e-01 -1.8133e-01 -7.6195e-01 -2.6344e-01
  6.1841e-02 -2.1842e-01  3.1763e-01 -1.6674e-01 -2.6929e-01  5.9895e-01
  3.0274e-01  5.3580e-01  1.3988e-01 -3.7033e-02 -7.1094e-01  2.6312e-01
 -3.3498e-01  4.7936e-01 -7.2950e-01  5.8568e-01  1.4271e-01 -3.6119e-01
  2.5718e-01  2.1785e-01 -7.3949e-01  7.1955e-01 -5.3882e-01 -2.4955e-01
 -3.7001e-01 -3.8629e-02 -3.2090e-01  4.9416e-01  2.7132e-01 -1.5959e-02
 -1.3977e-01  5.7837e-01 -9.7170e-01  9.8115e-02 -6.0166e-01 -6.0916e-01
  8.9957e-01 -3.7632e-02 -6.7258e-02  1.3866e-01 -1.7632e-02 -1.2009e-01
 -7.5778e-02 -7.4368e-02  3.0853e-01  1.1580e-01 -4.2213e-01  6.1361e-01
 -9.7671e-02 -4.8992e-01 -4.8570e-01  7.2522e-04  3.3317e-01  3.3203e-01
  9.3039e-01 -1.2038e+00  7.1392e-01 -8.4285e-02 -6.5607e-03  1.5999e-02
 -8.6333e-02 -2.7030e-01  4.5299e-01  7.3109e-02 -4.5603e-02 -2.4415e-01
 -8.6338e-01 -9.9253e-01  1.1678e-01 -4.5106e-01]"
kew,"[-0.057801  -0.21783   -0.11455    0.2323     0.7406     0.68371
 -0.26938    0.32661   -0.54103    0.17613    0.068634   0.54883
 -0.39663    0.0033753  0.28376    0.42509    0.5249    -0.45167
 -0.20342   -0.30264   -0.64383    0.7916     0.28899   -0.68395
  0.17851   -0.069603   0.57276   -1.0723    -0.28944   -0.080789
 -0.7418    -0.35418    0.78001    0.44787    0.080691   0.86073
 -0.51509    0.040543  -0.26129   -1.0174    -0.11751   -0.50231
 -0.56091   -0.61087    0.91808    0.38052    0.5237     0.25269
  0.41917    0.53706    0.57417   -0.79163    0.8221    -0.18399
 -0.34209    0.30529   -0.039341  -0.064681  -0.72147   -0.45497
 -0.15736    0.18158   -0.25709    0.3345    -0.084815   0.0018395
 -0.62619    0.22784    0.20753   -0.022583  -0.69181    0.58076
  0.13883   -1.7273    -0.36279   -0.98384    0.90524    0.75435
 -0.46109    0.091322   0.67178   -0.0064004  0.12032    0.73963
  0.0098159  0.099922   0.34649   -0.38235   -0.031991   1.6773
 -0.21741   -0.28003    0.31686    0.72343   -0.27632   -0.27914
  0.20896   -0.47881   -0.4115    -0.17884  ]"
feverish,"[ 0.30795   -0.10248   -0.32776    0.43068   -0.84582    0.70867
 -0.081607  -0.031148   0.0013848  0.15289   -0.50136    0.048455
 -0.074649  -0.97616    0.17647    0.038372  -1.0766     0.064979
  0.99661   -0.58077   -0.096539   0.57074    0.36163    0.23563
  0.26834    0.60236    0.061052   0.47256   -0.21086    0.087146
 -0.54757   -0.72963    0.21581    0.054009  -0.80059    0.51346
 -0.10613   -0.45016    0.393      0.11455   -0.10549    0.30311
  0.11902   -0.12604    0.15074    0.029632   0.26441   -0.12825
  1.0416    -0.37535   -0.066804  -0.13589    0.11552   -0.04851
  0.24457   -0.44343    0.077313  -0.096787  -0.17319   -0.064009
  0.16697    0.33304   -0.25846   -0.052474  -0.14032    0.32565
  0.50147   -0.59277    0.19341   -0.67384    0.19044   -0.41492
 -0.5144    -0.23207   -0.27546    0.45806   -0.32366   -0.78258
 -0.65181   -0.52354    0.42912    0.54175   -0.23638    0.85821
 -0.40714   -0.14381    0.28053    0.4353    -0.31171   -0.3567
 -0.053229   0.76894   -0.3067     0.013646   0.29154   -0.24766
 -0.15898    0.041505  -0.2285     0.49871  ]"
samar,"[-0.91786   -1.0969    -0.013932   0.1682     0.18254   -0.56342
 -0.71909    0.32958    0.49406    0.10146    0.15008    0.71395
  0.13471    0.12172    0.61445   -0.75543   -0.45201   -1.1213
  0.073916  -0.052003   0.15825   -0.53805    0.74834    1.007
 -0.22192    0.57456   -0.046419  -0.062138   0.3517     0.24751
 -0.40023   -0.49415    1.6324     0.47473   -0.39017   -0.68263
 -0.10554    0.13457    0.19673   -0.73685   -0.75536    0.10181
 -0.66091   -0.13013   -0.41693   -0.41001    0.59701   -0.40389
 -0.43284    1.5211    -0.84331    0.44185   -0.012958   0.0029052
 -0.30813    0.64222    0.050684  -0.30395    0.062329   0.33397
  0.3115     0.47132    0.21622   -0.15311   -0.074413   0.17822
 -0.28195    0.27068   -0.47333    0.64548    0.55973   -0.2412
  0.52586   -0.30821   -0.21668    0.61521   -1.0369     0.63764
  0.091904  -0.26526   -0.33024   -0.055479  -0.56416    0.33852
  0.41541   -0.10831   -0.14294   -0.12348    0.2638    -0.64911
  0.71795   -0.14116    0.1931    -0.082888  -0.50072    1.0269
 -0.39082   -0.31143    0.24069   -0.38559  ]"
sinus,"[ 1.9639e-01  3.5570e-01  2.5279e-01  4.2443e-01 -7.7391e-01  5.1712e-01
 -3.0512e-01 -3.2487e-02  6.2683e-01 -4.1421e-01 -2.2322e-01  2.4480e-01
  3.5230e-02  7.4757e-01  4.0189e-01  9.3474e-04 -1.4233e+00 -8.7282e-01
  4.6779e-01 -9.7003e-01 -1.0716e+00  5.2985e-02 -5.6640e-01  1.5458e-01
  2.1541e-01  4.7325e-01  7.0409e-01 -3.3212e-01  2.6281e-01 -4.2201e-01
  5.7880e-02 -8.4819e-01  7.3615e-01  3.6771e-01  6.7645e-01  6.5058e-01
 -4.5535e-01  6.7223e-01  8.6630e-01  3.9664e-01  1.7063e-01  7.7200e-01
 -2.7541e-01 -1.3106e+00  1.9557e-01  1.2182e+00 -1.7519e-02 -4.4045e-01
  5.0148e-01  9.2947e-01  1.5691e-01  6.8819e-01 -1.4855e-01 -7.0478e-01
 -1.1340e-01 -1.0428e+00  6.6656e-01 -2.1728e-01  3.1871e-01  1.1035e+00
 -6.5095e-02  5.4490e-02  3.4304e-01 -7.7046e-02 -3.4060e-01  2.7482e-02
  1.8963e-01 -7.9878e-01  4.3764e-01 -6.9582e-01 -8.6092e-01  2.7974e-01
  1.8149e-01  7.2141e-01  1.6880e-01 -8.3068e-01 -4.6763e-01  7.6848e-01
  4.6681e-01  6.0459e-01 -6.2159e-01 -9.5849e-02 -7.8775e-01  1.0565e+00
 -1.0408e+00  1.2847e-02  8.5110e-01  5.5810e-01 -7.2059e-01  2.0708e-01
  1.1746e-01  1.9606e-01 -3.2611e-01  7.5723e-01  6.0075e-01  2.7705e-01
  3.4797e-01 -6.8184e-01 -4.4482e-01 -1.7882e-01]"
gesturing,"[ 0.39417    0.42607   -0.031597   0.29104   -0.090256   0.93338
 -0.4681     0.19141    0.21955    0.1683    -0.23138    0.025196
  0.62698   -0.91827    0.057416   0.17256   -0.88689   -0.18986
  0.15764   -0.5726     0.08383    0.91074   -0.081211  -0.14039
  0.63659    0.41728   -0.15638   -0.045307   0.24122   -0.11616
 -0.37421   -0.1566     0.13071    0.29168   -0.041444   0.12485
  0.05401   -0.47088    0.46445    0.13494    0.043365   0.066649
 -0.20905    0.1933    -0.8246     0.15506   -0.27459    0.40564
 -0.68496    0.26795    0.30067   -0.53659    0.78174    0.89967
 -0.30632   -0.1422    -0.04158    0.1766    -0.63725    0.0069663
  0.33741    0.18142    0.64168    0.22973   -0.95082    0.048252
  0.99916    0.35548   -0.11577    0.40987    0.027092  -0.22006
  0.75405   -1.4002     0.38092    0.36147   -0.14779    0.4217
  0.62738   -0.18564    0.04911    0.018461  -0.044879  -0.54055
 -0.14667   -0.73676    0.1084    -0.38036   -0.62313   -0.065212
 -0.2984    -0.22145    0.16177   -0.27801    0.4256    -0.34019
 -0.30245    0.14921    0.064628   0.91852  ]"
duesseldorf,"[ 0.72604   -0.28603    1.0421    -0.42738   -0.0053676  0.12295
  0.20378    0.27492   -0.45559    0.90122   -0.52986   -0.28688
 -0.29339    0.31658   -0.2054    -0.073152   0.50418   -0.1063
 -0.57999   -0.2018    -0.0055905 -0.033072  -0.048549   0.58944
 -0.31551   -1.2171     0.1118     0.42901   -0.23455   -0.091347
 -0.32043   -1.0123    -0.96463    0.0038361 -0.23166   -0.35439
  0.47971   -0.076761   0.16278   -0.34435    0.30947   -0.49201
 -0.21817    0.27068   -0.54068   -0.09957    1.4178    -0.30702
  0.30527    0.7982    -0.29106   -0.25636    0.10654   -0.025716
 -1.0166     0.17103   -0.17657    0.40546    0.060536  -0.023239
 -0.12969   -0.22425   -0.19643    0.1415    -0.58787   -0.27089
 -0.58879    0.76829   -1.1376     0.24601   -0.81621   -1.0261
  0.81647    0.097617  -0.26968   -0.43092    1.1236    -1.0333
 -0.089669   0.36093    0.73156   -0.026824  -0.98575    0.75026
 -0.13786   -0.3295    -0.040132   0.56992   -0.24509    0.16357
  0.68115   -0.48825    0.044114   0.14811    0.3675     0.53262
  0.69291    0.78095    1.2144     0.32574  ]"
dramatist,"[-1.7425e-01  1.5380e-01  1.2530e-02  4.1419e-01  2.8651e-01  1.0452e-01
  3.0648e-01 -1.6178e+00 -3.3865e-01  7.2755e-02 -6.0828e-01 -2.7892e-01
 -6.4205e-01 -4.0059e-01 -4.2206e-01 -6.4445e-02 -6.9599e-02 -7.9520e-01
 -3.4773e-01  8.6847e-01 -2.2177e-01 -6.9718e-02  4.2704e-01 -2.2343e-01
  1.0371e+00 -7.6112e-01 -5.8380e-01 -1.3519e-01  4.7234e-01  6.6863e-02
 -9.1694e-01  5.9248e-01  6.8542e-02 -4.7116e-01 -9.1349e-02 -2.4677e-01
 -4.1772e-01 -2.0692e-01  1.4824e-01  2.2436e-02  9.8208e-02  9.9513e-01
 -4.8962e-01  6.4257e-01  6.0304e-01 -6.1553e-01 -1.7988e-01 -1.3315e+00
 -3.2891e-01  4.2904e-01 -2.1413e-01  1.0340e-01  8.5394e-01  3.6979e-01
  3.3329e-02  2.0991e-02 -9.4524e-01  4.3709e-02 -1.1515e+00 -4.9343e-02
  6.7557e-01  7.6805e-01 -4.9044e-01 -1.5038e-01  2.9584e-01 -6.9144e-01
  4.7421e-01 -2.9292e-01  7.5599e-03 -1.3592e-01  8.4677e-02  1.2642e-01
  4.3357e-01 -6.6647e-02 -2.3055e-04 -2.9720e-01  4.6800e-01  1.4972e-01
  1.9475e-01 -3.3430e-01 -4.6282e-01 -2.1504e-01 -1.5836e-01  5.5365e-01
 -4.0841e-01  3.1934e-02 -1.6249e-01  6.5585e-02 -6.7480e-02 -1.1028e+00
  3.4816e-01 -1.0339e-01  3.8991e-02  2.7722e-01 -1.1797e-01  9.9656e-01
  3.4420e-01 -8.7884e-01 -4.1461e-01  5.2934e-02]"
buchan,"[-1.3454    -0.5644     0.39382   -0.34391    0.25942   -0.041046
  0.40873   -0.75097    0.82191    0.11003   -0.328      0.01629
 -0.21908    0.12231    0.17346   -0.39569   -0.74635    0.1072
  0.069406  -0.68322    0.024877  -0.14488    0.27758   -0.65483
 -0.74339    0.82485   -0.44734   -0.26889   -1.2607    -0.63361
 -0.0091055 -0.79562    0.068005  -0.10666   -0.20763    0.47843
 -0.13784    0.32944   -0.29269    0.65833   -0.87977    0.25302
 -0.7444     0.32755   -0.19083    0.65872   -0.27477   -0.44276
  0.94809    0.22474    0.042729  -0.65147    0.45467   -0.26291
 -0.84533   -0.20996    0.3371     0.35096   -1.1226    -0.4266
 -0.16799    0.17663    0.17885    0.57437    0.43924    0.030557
  0.10435    0.82629   -0.30651    0.22817   -0.22648   -0.37014
 -0.64158   -0.84251    0.97065    0.12025    0.37949    0.025484
  0.053528   0.35068   -0.77029   -0.16159    1.3351     0.015422
 -0.034819  -0.21424    0.14698   -0.55425    0.68488    0.51057
  0.13377   -0.26807    1.0809     0.34414   -0.33092    0.096043
 -0.45142   -0.10705   -0.21679   -0.73482  ]"
three-time,"[-0.034367   0.16895    0.39957   -0.29307    1.082      0.025541
  0.74978    0.19016   -0.34633    0.5513     0.18087   -0.73424
  0.31511   -0.26561   -0.030811  -0.082875   0.44925   -0.188
 -0.25884   -0.4535    -1.1456     0.15193   -0.48317    0.45453
  1.1102    -0.15574    0.21092   -0.4012     0.91095    0.12458
 -0.77603    0.21019    0.28898    0.23923    0.98497   -0.15396
 -0.88804    0.35247   -0.35197    0.74296   -0.21026    0.79308
  0.61754   -0.4586     1.0794     0.7465     0.76378   -0.11112
 -1.0984    -0.33809   -0.30368   -0.0616     0.23771   -0.53491
  0.064943  -0.10132    0.51152    0.533     -0.67558   -0.28137
 -0.68709   -0.53631   -0.054117   0.76908    0.92286   -0.9904
  0.23758    0.62158    0.82482    0.25607   -0.22694    0.55056
 -0.33992    1.5897    -0.54143    0.66685    0.095665  -0.2908
  0.4026    -0.89593    0.43325    0.41983   -0.15537    0.25815
  0.53809   -0.0056378 -0.33362    0.19726    0.8978    -0.95265
  0.021134   0.20465   -0.57694    0.81351   -0.099439  -0.45693
 -0.4637     0.51556    0.27552   -0.1326   ]"
lighthearted,"[-0.2539    -0.24853    0.21248    0.066584  -0.1393     1.0737
  0.16787    0.09261   -0.1356     0.1781    -0.53374    0.073123
 -0.29184   -0.55021    0.72267    0.34886   -0.38505   -0.50995
  0.59825    0.21147    1.1946    -0.016557  -0.27851   -0.55138
 -0.012925   0.3016    -0.29578    0.7419    -0.43537   -0.50372
 -0.99477    0.08335   -0.17652   -0.41915   -0.047772   0.69931
 -0.37908   -0.30276   -0.28251   -0.059743   0.42512    0.20805
 -0.077566   0.35893   -0.62323    0.16498    0.39841    0.07212
  0.27038   -0.19518    0.21486   -0.47709    0.28835   -0.22174
  0.13009   -0.42098    0.36608    0.10525   -0.24099   -0.42899
 -0.11444    0.91586   -0.40766   -0.0088446  0.074355  -0.60103
  0.54219   -0.054854  -0.21496   -0.56144    0.080195  -0.5037
  0.15375    0.0053555 -0.68647    0.44311   -0.080946  -0.18787
  0.034202  -0.49856   -0.73811    0.13496    0.73292    0.057752
 -0.77448    0.12943   -0.28239    0.47224   -0.56547   -0.161
  0.3938     0.3863     0.18666   -0.21704    0.14873    0.15209
 -0.42588   -0.27637   -0.18581    1.0426   ]"
refiner,"[ 0.52557   0.76059   0.63217  -0.039518  0.49101  -1.4304    0.44438
 -0.35087   0.61255   0.34998   0.54948   0.030518  0.54132  -0.40503
 -1.9198   -0.29777  -0.35515  -0.46269   0.89773  -0.42183   0.42106
  0.2029   -0.27011   0.56067  -0.062495  1.5548    0.24723   0.82726
 -0.38166   0.58697   0.054695  0.28847  -0.033782  0.27204  -0.62809
  0.53288   0.26141   0.34955  -0.10444  -0.65403   0.44659   0.42642
 -0.60376  -0.52354   0.019055  0.341     0.085488  0.094549 -0.29579
 -0.42732  -1.148     0.94775   0.13915  -0.18134  -0.35153   0.589
 -0.84764  -0.40353   0.43035   0.37679   0.079045 -1.7092   -0.13852
  0.057527 -0.35644  -0.48439   1.0446    0.65464   0.66444   0.33847
  0.20747   0.52256   0.61127   0.54131  -0.14733   0.096512 -0.44739
 -0.69644  -0.041055  0.1254    0.20011   0.17893  -0.78706   1.3848
  0.26058  -0.80417   0.058212  0.74208   1.0014   -0.53263   0.74947
  0.42775  -0.86318   0.011499 -1.2402   -0.36048   1.0909   -1.2361
  0.44091  -0.27765 ]"
bharti,"[ 0.78115   -0.31009   -0.064281   0.33757   -0.12428   -0.97205
 -0.54009    0.26362   -0.77433    0.33843    0.2506     0.086425
  0.32848    0.32734   -0.2402    -0.21581    0.18872    0.26848
  0.029542   0.59345    0.019827  -0.19203    0.24081    0.67053
  0.50879    0.23033    1.1312     1.2568    -0.89933   -1.0063
 -0.076843   0.12952    0.53486   -0.97092    0.84251    0.18334
  0.11108   -0.19791   -0.23231   -0.47482    0.14512    1.1376
  0.14202    0.25367   -1.2791     0.95753   -0.075754   0.89057
  0.73264    0.64866   -0.57451    0.0060992  0.49264   -0.1467
 -0.39468   -0.16264   -0.56294    0.0016643  0.40804    0.084309
  0.18438   -1.3208    -0.06772    0.25253   -0.46116    1.1465
  0.91862    0.63597    1.1768     0.42082    0.9466     0.18937
 -0.36254   -0.94808   -0.13951   -0.18498   -0.53478   -0.3619
 -0.6795     0.27882    0.60782   -1.2755     0.41197   -0.14828
 -0.048523  -1.2992     0.21573    0.33045   -0.29156    0.080571
  0.54408    0.080559  -0.016685  -0.51808    0.51344    0.017767
  0.10345   -0.13554   -0.15456    0.25532  ]"
polishing,"[-0.36906  -0.028786 -0.43357   0.052889 -0.23442  -0.33087  -0.9897
  1.0946    0.2258    0.42583   0.17678  -0.48913   0.088888 -0.040985
 -0.83546   0.19561   0.69484  -0.014071  1.2849   -0.30505  -0.17226
  0.092027  0.027489  0.052739  0.5175    0.61226  -0.44817   0.12031
 -0.3204   -0.95172  -0.24759  -0.5158   -0.12151  -0.70936  -0.38056
 -0.4364   -0.73089  -0.52295  -0.16563  -0.032999 -0.35847  -0.57422
  0.3029    0.086476 -1.1161    0.42696  -0.25278  -0.201    -0.046094
 -0.4234   -0.55718   0.29417  -0.11328   1.1297   -0.54002  -0.085834
 -0.67339   0.36752  -0.25551  -0.15345   0.27387   0.4041   -0.04313
  0.56771  -0.74334  -0.29046   1.0207   -0.26579   0.14165  -0.7163
  0.058109  0.4742    0.25279   0.057996  0.013636 -0.25679  -0.12669
  0.46201   0.25334   0.13385  -0.039861  0.075387 -0.17609   0.46496
 -0.73038   0.54852   0.87391   0.050317 -0.57308  -0.74095  -0.26311
  0.091221 -0.034762  0.14986   0.23544  -0.86337  -0.31774   0.29145
  0.59851   0.774   ]"
crib,"[ 0.21413    0.69739   -0.042881  -0.013595  -0.60288    0.15684
  0.2589     0.18225    0.46096    0.15416    0.20192    0.95109
 -0.3971     0.68207    0.54482    0.55988    0.0455     0.026542
  0.68898   -1.0303    -0.3254     0.068698   0.39576    0.48405
 -0.0988     0.30513   -0.90209   -0.6574    -0.70623    0.59884
  0.67286   -0.45983    0.72486    0.91221   -0.58174    0.87443
  0.13246    0.19916    0.75789   -1.2777     0.36808    0.23991
 -0.14929   -0.76177   -0.29429    0.35274   -0.45055   -0.046958
 -0.44072   -0.35506   -0.28033   -0.39998   -0.22265    0.80003
  0.0048148  0.10834    0.010685  -0.67553   -0.16537    0.03801
  0.41288    0.44991   -0.088107   0.23993    0.07804   -0.27379
 -0.084092  -0.04062   -0.65171   -0.99045   -0.62607    0.57018
  0.89926    0.025598   0.27109    0.23328    0.64368   -0.13259
  0.40988   -0.16856   -0.060805   0.16846    0.11609    0.30333
 -0.045178  -0.31342    0.15802   -0.93414   -0.40217    0.013369
  0.53156    0.42071    0.16546    0.14516    0.030837  -0.74389
  0.24686   -0.046929   0.44377   -0.34564  ]"
duquesne,"[ 0.22035  -0.26778   0.26085  -0.2311   -0.27844   0.099459  0.1127
  0.035553 -0.29408   1.1312   -0.51652  -0.37907  -1.1907   -0.055646
  0.23178  -0.44179   0.44017   0.34904  -0.77357  -0.10938  -0.50894
  0.046722 -0.60714  -0.40525  -0.052859 -0.50301   0.016234 -0.36679
 -0.50954  -0.35196  -0.34106  -0.12435   0.18894  -0.31537  -0.9912
  0.41195  -0.583     0.19563  -0.8426    0.27857   0.84233   0.33729
 -1.153     0.24589  -0.036698  0.98107   0.25244   0.33786   0.21284
  0.51686  -0.96269  -0.18031   0.066665  0.12028  -1.0274    0.018334
  0.50512  -0.39896  -0.39363  -0.40778   0.30411  -0.54541  -0.54647
  0.62362  -0.549     0.1914   -0.43806   0.25978  -0.6988    1.2068
 -0.21556  -0.41255   0.19334   0.40179  -0.62093   0.40911   0.80963
 -0.16329  -0.23118   1.2063    0.30461   0.26137  -0.26803  -0.54141
 -0.14751   0.012111 -0.33535  -0.039697  1.0562   -0.12271  -0.47178
 -1.2804   -0.33192   0.39939  -0.87025  -0.059729  0.0796   -0.75331
 -0.068764  0.031272]"
morkel,"[ 0.11403   0.18197  -0.019274  0.40324  -0.26179   0.17511   0.77322
  0.45429  -0.25547  -0.80359   0.80101   0.54626  -0.58316   0.46558
  1.3552    0.1153    0.20079   0.18433  -0.33191   0.18663   0.86261
  0.50335   1.0024   -0.38428   0.39825   1.0357   -1.3032    0.44826
 -0.55085   0.12127  -0.026232 -0.28505   0.25541   0.085373  0.2343
 -0.035407  0.93578   0.02315  -1.2719    1.1119   -0.38655   0.1822
  0.86118  -0.89396  -0.26074   0.15403   0.84639  -0.21405  -0.19332
 -0.36792   0.46421   0.78989  -1.7092   -0.76658  -0.82794   0.31907
 -1.608     1.0364    0.13736   0.25615  -0.072142 -1.2007    0.38045
  0.97232   0.33738  -0.3946    0.21246   0.48172   0.21564  -0.010202
 -1.2102   -0.065178 -0.22644  -0.32393   1.0066   -0.73647  -0.39397
  0.039082  1.24     -0.68854  -0.21329   0.29357   0.28556  -1.5704
  0.2791    0.3714   -0.6817    0.10653  -1.1621    0.10321  -0.70863
  0.017129  0.22909  -0.092908  0.32116  -0.4307   -0.42758   0.042796
 -0.86827  -0.6411  ]"
disparaging,"[ 0.23987   -0.54454    0.19568   -0.051035  -0.36397    0.64328
  0.13655   -0.27887    0.14559    0.49941   -0.63143   -0.26497
 -0.35107    0.087035   1.073     -0.035205  -0.051489  -0.94355
  0.63487    0.18771    0.57631    0.18915   -0.40543    0.52666
 -0.54005   -0.38201   -0.23076    0.71991    0.0068478  0.061527
  0.21991    0.3755    -0.08568   -0.094209  -0.42685    0.829
 -0.46489   -0.15084   -0.39763    0.082901  -0.82205    0.44003
  0.39997    0.23352   -0.74799    0.17747    0.47996   -0.15685
 -0.39958   -0.89588    0.5897     0.44867    0.4669     0.039863
 -0.76405    0.43398    0.69092   -0.067419  -0.09481   -0.59608
 -0.26925    0.31137    0.19088    0.16406   -0.1038    -1.0325
  1.468      0.54892    0.25802   -0.37513   -0.38621    0.54996
  0.0543    -0.41935   -0.19556    0.56639    0.0092328  0.60732
 -0.32904    0.03183   -0.16016   -0.20391    0.07707    0.058997
 -0.72299   -0.54265   -0.52615    0.12399    0.78919   -0.21179
 -0.18401   -0.21689   -0.57544   -1.0176     0.50448   -0.43074
 -0.75948    0.24796   -0.35268    0.77     ]"
dependencies,"[-1.4019    -0.3756    -0.10765    0.10983   -0.29351   -0.16053
 -0.25637    0.023028   0.0042968 -0.32162    0.66562   -0.33064
 -0.029482   0.43957    1.3814     0.51476    0.8015     0.3427
 -0.015081  -0.28307   -0.43274    0.83355    0.5093    -0.20758
 -0.5152    -0.55057    0.58699    0.13142    0.066247  -1.2035
  0.62502    0.23558   -0.2484    -0.29759    0.69342    0.55595
  0.1505     0.32915    0.24979   -0.92627    0.11341    0.33262
 -0.13092    0.23562    0.14038    0.25479    1.0962     0.32404
 -0.54262    0.60733   -0.27173    0.96311    0.54683    0.91828
  1.0325     0.0046343  0.29631   -0.84986   -0.0492     0.12196
 -0.38276   -0.035425   1.0066     0.080325   0.5913     0.44371
 -0.79538    0.17196    1.108     -0.10814   -0.88391    0.98665
  0.6729     0.25487   -0.41211   -0.19131   -0.01142    0.34784
 -1.0414    -0.16432   -0.47881   -0.23341    1.0681     1.9131
  0.1968    -0.512      1.1201    -0.25919    0.50555   -0.62021
 -1.0493     0.3674     0.058603  -0.58318   -0.38193    0.51123
 -0.2746    -0.74538   -0.26781   -0.67525  ]"
tabernacle,"[ 0.98193    1.2639    -0.55186   -0.40488    0.46997    0.56251
 -0.14238    0.55842    0.26653   -0.20402   -0.004999   0.28654
 -0.053066   0.63521   -0.27328   -0.92699   -0.22105   -0.51698
 -0.74794   -0.27792   -0.69422   -0.46845   -1.0233    -0.38462
 -0.50351   -0.15654    0.055621   0.447     -0.48576    0.62757
  0.024291  -0.44744    0.23407    0.90321   -0.44255   -0.15086
  0.46341    1.0981     0.55814   -0.79303    0.077111   0.39667
 -0.052216   0.19319    0.10812    0.078167   0.39221   -0.57041
  0.43061   -0.21657   -1.1467     0.26951    0.78937    0.028476
 -0.68436   -0.86515   -0.20087   -0.54243   -0.0015149 -0.52649
 -0.054904  -0.17462    0.56229   -0.042237  -0.26615   -0.55658
  0.71181   -0.035      0.0086532 -0.63197   -0.0033147 -0.094842
  0.28428    0.096787   0.4443    -0.31581    0.53545   -0.020831
  0.38923   -0.696     -1.3554     0.51314    0.17376    1.3077
  0.55374    0.26272    0.30144   -0.47083    0.91947    0.58418
 -0.092394  -0.55893   -0.36353    0.42615   -0.14285   -1.1548
  0.35284    0.0086671  0.6067     0.63608  ]"
landscaped,"[-0.70399    0.020788  -0.19454    1.0743     0.23391    1.1997
 -0.58528    0.76233   -0.02148    0.47564   -0.012118   0.82355
 -0.0023556 -1.0511     0.87236    0.53567    0.38061    0.94329
 -0.77841   -0.52337   -0.67638    0.46712    0.68246   -0.49835
  0.63584   -0.62951   -0.4479    -0.19604   -1.3217     0.39595
 -0.3495    -0.17397    0.74327    0.091077   0.28624    0.71636
 -0.011629  -0.080304  -0.75328    0.31304    1.1826    -0.79251
  0.20804    0.638      0.90631    0.41756    0.11702    0.33938
  0.17326    0.15463   -0.17246   -1.0561     0.22762   -0.10424
  0.033496  -0.36327    0.18556   -0.034479   0.30759   -0.65243
 -0.31517    0.70288    0.80127    0.4583     0.56365   -0.52618
  0.51224   -0.49957    0.36552   -0.38777    0.46812    0.73597
  0.46941   -0.75309   -0.66421   -0.36122    0.95035    0.65837
  0.35892    0.23255    0.27552    0.44096    0.25745    0.66974
  0.61985    0.27236   -0.11335   -0.074752  -0.017914   0.35317
 -0.23545   -1.1461    -0.18764   -0.70027    0.2002     0.1426
 -0.45645   -0.53578   -0.27333    0.49947  ]"
impresario,"[ 0.73051   -0.25832    0.16768   -0.2476    -0.18499   -0.091028
  0.36186   -0.15505   -0.17355    0.42827   -0.090165  -0.47272
 -0.24928   -0.66216   -0.067256  -0.2671     0.40369   -0.43245
 -0.018592  -0.083142  -0.08229    0.29448   -0.011637  -1.0037
  0.55887    0.057373   0.31809    0.35209    0.40181   -0.27878
 -0.29327    0.40482   -0.13985    0.21077   -0.62991   -0.085063
 -0.015189  -0.49695   -0.20427   -0.44341    0.72186    1.0116
 -0.13213   -0.076554   0.4598    -0.26148   -0.91964   -0.19115
  0.021187   0.13      -0.65589    0.24695    0.19598   -0.12521
  0.095165  -0.40253   -1.3804     0.17315   -0.45495    0.46735
  0.64594    0.17099    0.19259    0.27673   -0.49493   -0.62383
  1.5235     0.21822    0.34082   -0.1752    -0.26956   -0.43166
 -0.64483    0.54427   -0.57491   -1.3144     0.062226  -0.23462
  0.56018    0.14358   -0.18166    0.0037206  0.76647    0.56686
 -0.22617   -0.1       -0.59612    0.028597  -0.5284    -0.66069
  0.28987   -0.26068    0.069354   0.22541    0.81693   -0.028275
  0.068251  -0.32627    0.045723  -0.0059548]"
limburg,"[-0.066414 -0.61441   0.35778  -0.76548  -0.11411  -0.010842  0.36853
 -0.53546   0.79937   0.61056   0.49594   1.089    -0.097913  1.0787
 -0.65004  -0.81644  -0.097272 -0.60596   0.29489   0.74695   0.15672
 -0.076187  0.36223  -0.17961  -0.50692  -0.45644  -0.692     1.1967
  0.034017  0.080197 -0.89863  -0.61863   0.58788  -0.1298    0.39328
 -0.38351   0.90255  -0.012632 -0.20884  -0.080665  0.20586  -0.32594
 -0.045183 -0.40866   0.10773   0.418     0.93472  -1.0555   -0.57032
  0.94789  -0.53769   0.90358  -0.59765  -0.39742  -1.7627   -0.04625
 -0.64927  -0.60571  -0.12062   0.40628   1.1158    0.52134   0.45368
  0.089017  0.058941  0.51197  -1.1375    0.22927  -0.80374  -0.16273
  0.11564  -0.35389   1.2822   -0.19703  -0.52463  -0.24443   0.38752
  0.36767  -0.10556   0.53007   0.029091  0.36898  -0.32166   0.097659
  0.43616  -0.80429  -0.59039   0.043101 -0.10963  -0.55585   0.33469
  0.49472  -0.14264   0.28761   0.50511   0.91694  -0.50912   0.19115
  0.20347  -0.63138 ]"
career-high,"[ 0.28489  -0.32635   0.67456   0.59384   1.2678    0.14297   0.061189
 -0.051577 -0.3099    1.2224    0.67776  -0.70327  -0.67366  -0.031494
  0.43097   1.1492   -0.35606   0.55477  -0.79275   0.12458   0.16931
  0.33106   0.27269   0.85366   0.57241  -0.63309   0.5969   -0.4374
  0.59577   0.43855  -0.49184   0.43163   0.42742  -0.017548  0.154
  0.29421  -1.1939    0.10574  -0.67919   1.0374    0.64825   0.42971
  0.81634  -0.32668   0.73311  -0.061985 -0.098871 -0.63638   0.43479
  0.24734  -0.40286  -0.16792  -0.44739   0.13756   0.67564  -0.27502
  0.19246  -0.28225  -0.17657   1.4872   -1.0779   -1.0637   -0.78477
 -0.20771  -1.0531    0.24643   0.22516  -0.39516   1.0787   -0.050324
 -0.5094    0.022725  0.72274   0.87449  -0.20176   0.93202  -0.70241
 -0.98463   0.40724   0.12      1.0783    1.0327    0.21802  -0.21087
  0.78419  -0.41629   1.2769   -1.8994   -0.36651   1.0771   -0.15428
  0.71861   0.25093   0.35244   0.63218  -0.63254  -0.45661  -0.07066
  0.47725   0.16711 ]"
aldridge,"[-8.9687e-02  7.2616e-04 -2.8039e-01 -9.2188e-01  2.1960e-01 -1.1575e-01
 -1.2296e-01  5.8305e-02  2.2777e-01  3.1425e-01  6.8138e-01 -1.7923e-01
 -3.8187e-01 -3.0442e-01 -1.5064e-01 -1.0445e-01 -2.9995e-01  1.3302e-02
 -3.2927e-01 -2.5357e-02 -1.1608e-01 -6.3303e-01  6.2272e-02  2.9233e-01
  1.4608e-01  3.9659e-01 -3.3327e-03 -1.3247e-01 -5.4289e-01  1.0705e-01
 -6.7270e-01  2.9602e-01  4.2014e-01 -2.4665e-02  3.9208e-02  2.1166e-01
 -1.4811e-01  4.9560e-01  1.2028e-01  3.0784e-01 -1.3088e-01  1.6081e-01
  3.3060e-01  4.3921e-03 -8.1730e-01  5.0285e-01 -1.0364e-01 -3.9803e-01
  1.0350e+00  1.3210e-01  4.0217e-01 -4.9869e-01 -4.7140e-02 -4.5684e-01
  1.6538e-01  1.6592e-02  4.4122e-02 -6.0579e-01 -8.0063e-01  6.5355e-01
  2.1172e-01  9.0832e-02 -3.9265e-01  2.7098e-01 -2.9807e-01 -2.1802e-01
  4.8173e-01  5.6569e-01 -3.0685e-01  7.7817e-02 -2.4596e-01  8.4001e-02
  8.7939e-02 -1.0891e-01 -2.7219e-03 -8.7850e-01  1.6153e-01  2.1829e-01
 -2.9813e-01  1.7678e-01  1.4799e-01 -1.2604e-01  2.8653e-01  2.3234e-01
  4.3183e-01  4.4458e-01  9.4640e-02  2.2329e-03  7.8472e-02 -1.4023e-01
 -4.3713e-01 -6.0833e-02 -5.3824e-01  2.3410e-01 -5.4971e-01 -4.3664e-01
  6.5763e-02 -2.0567e-01 -6.1001e-01 -2.1715e-01]"
69-year,"[ 9.2874e-02  7.1974e-02  2.7993e-01 -3.7655e-01 -2.4134e-01  3.9569e-01
  3.1902e-01 -4.8704e-03 -3.0305e-01  5.2627e-01 -6.4028e-01  8.1119e-01
  7.4427e-01 -5.0873e-01  3.1227e-01  4.9420e-02  2.6823e-01 -8.8537e-01
  1.4019e-01  3.9315e-01 -1.8775e-01  2.5829e-01 -2.0898e-01  3.8271e-01
  4.2449e-01 -3.9356e-01 -3.7361e-01 -6.6060e-01 -1.4231e-01  2.5003e-01
 -1.5201e-01 -1.7210e-01  5.4101e-02 -1.4508e-02 -6.9471e-01 -1.2276e-02
 -1.8728e-01 -6.6764e-02  6.5053e-01 -3.3882e-04 -1.0024e-01 -8.7415e-02
  5.4232e-01  2.3064e-02  3.5151e-01  6.5719e-01  8.1660e-01 -4.0431e-02
 -1.1854e-04  3.1121e-01 -3.7607e-02 -6.8567e-01  3.8559e-01  1.4416e-01
 -1.0042e-01  3.4244e-01 -4.0830e-01  6.8240e-01 -2.4175e-01  5.7187e-02
  2.8249e-01 -2.8171e-01  2.8461e-01 -9.2176e-02 -3.8468e-01  5.9730e-01
  6.7637e-01  2.5848e-01 -9.8127e-01 -3.5278e-01  7.9265e-01 -5.1827e-02
 -3.0297e-01  1.3112e-02 -2.5125e-02  1.1307e-01 -2.4951e-01 -1.6556e-01
 -3.4367e-01 -2.7044e-01  1.3668e-01 -4.8543e-01  6.1947e-01 -6.9149e-02
 -1.3517e-01 -3.1976e-01 -4.3453e-02  2.2858e-01 -6.3034e-01 -4.0271e-01
  6.8213e-01  8.2061e-02  5.7181e-02  1.0341e-01  5.5926e-02 -3.1807e-01
  1.8106e-01 -4.5491e-01 -6.1642e-01  2.1222e-01]"
pur,"[-0.72051  -0.39365   0.32943  -0.054754 -0.81351  -0.046139 -0.75785
 -0.068613  0.73425   0.024651 -0.21744  -0.21235  -0.39151  -0.16188
  0.53651  -1.0417    0.61104   0.5345    1.0957   -0.089802  0.32014
  1.5139    0.74266   0.64232  -0.24815   1.0813   -0.71043  -0.53017
 -0.54105  -0.22263   0.48781  -0.36761   0.030537  0.78548   0.55225
  0.098357  0.28523   0.93447  -0.61669  -0.35078  -0.36844  -0.52755
  0.30213  -0.23908   0.70554  -0.46423  -0.80382   0.41629   0.32123
  0.29518  -1.1434    0.1755    0.45081  -0.078549 -1.294     0.70884
  0.26442   0.52667   0.10979  -0.79426  -0.13014  -0.063332  0.9699
  0.026707 -0.29311   0.20341  -0.28952  -0.66459  -0.94182   0.2055
  0.047812  0.2434   -0.54158   0.095871 -0.50232  -0.1387    0.38099
  0.073243  0.44798  -0.59359   0.71508  -1.739     0.69854  -1.0661
 -0.16229   0.8523   -0.81693   0.12055   0.32328   0.71437   0.38083
  0.20134  -0.57948  -0.10511   0.23278  -0.25863   1.0786   -1.1448
 -0.15551  -0.4796  ]"
pandering,"[-0.02931   -0.20625    0.96782   -0.38652    0.27888    0.92316
 -0.42579   -0.34718    0.32106    0.51049   -0.60198    0.015693
 -0.76678   -0.26902    0.12438   -0.15853   -0.70019    0.19652
  0.094213   0.14547    0.36865    0.35688    0.36446   -0.71377
 -0.12839    0.31151    0.029421  -0.12581   -0.16087   -0.57433
  0.78229    0.28769    0.25784    0.20079   -0.11896    0.34476
  0.37578   -0.43208   -0.15246    0.29415   -0.071268   0.26619
  0.14278   -0.22667   -0.5808    -0.38788    0.54127   -1.0998
 -0.42811    0.096891  -0.37416   -0.066153  -0.030377   0.37535
 -0.63661    0.27915    0.63923    0.074357   0.25677   -0.42365
 -0.36649   -0.31329   -0.22535    0.092714   0.047828  -0.18191
  0.71822   -0.22582    0.080546  -0.24813   -0.58653   -0.96795
 -0.16996    0.25282   -0.89373    0.011677   0.058917   0.052886
  0.18857   -0.12888   -0.49887    0.55518    0.16364    0.14378
 -0.70671   -0.77137   -0.66071    0.6571    -0.022092  -0.73897
 -0.52881    0.0051558 -0.4097    -0.60019    0.61181   -0.48195
 -0.023114  -0.37135    0.30229    0.33205  ]"
dis,"[ 0.20057  -0.37733   0.55448   0.11311  -0.67242  -0.029485 -0.48627
  0.41736   1.0605    0.58154   0.67636   0.34077   0.60336   0.68796
  0.9168    0.2532   -0.22571  -0.092621 -0.36439   0.49444   0.38089
 -0.11103  -0.51411   1.1189   -0.20562  -0.53713   0.29573  -0.11922
  0.26532   0.40873   0.17268   0.215     0.050262  1.2365   -0.026133
  0.039641 -0.48446   0.43902   0.2951    0.5667    1.087     0.15817
 -0.35209  -0.45788  -0.65875   0.038972  0.43862   0.25489  -0.61903
  0.15286  -0.86022   0.16954  -0.68589   0.065702 -1.2358   -0.48252
  0.068217  0.080852 -0.65394  -0.46822   0.67193  -0.020257 -0.32873
 -0.14031   0.4707    0.43361   0.25011  -0.59511  -0.37885  -0.23284
  0.096548  0.23523  -0.49938  -0.95502  -0.42951  -0.52154   0.57903
  0.2997   -0.11155  -0.55825   0.22814  -0.43892   0.039904  0.55939
 -0.046749  1.0536   -0.26803   0.56184   0.91204   0.19982  -0.20953
  0.10036   0.84259  -0.031955  0.41228   0.2765    0.24617   0.031697
  0.035268  0.65517 ]"
conjure,"[-0.11399    0.31974    0.35066   -0.23717    0.33234    0.3512
 -0.5631    -0.18896    0.26265   -0.12392   -0.18523   -0.13683
 -0.13873   -0.33541    0.62338    0.1583     0.33627    0.64755
  0.051392   0.18014    0.20545   -0.35822    0.17562   -0.12867
 -0.24104   -0.64302   -0.42638    0.013798  -0.040689  -1.097
  0.15293   -0.17661   -0.58217   -0.16243   -0.4865    -0.24048
 -0.2406    -0.32609    0.21077   -0.29002    0.22075    0.27192
 -0.39358   -0.60348   -0.56257    0.57428    0.39403    0.11681
  0.09056   -0.49599   -0.16808    0.0036496  0.5193     0.39906
  0.40197   -0.35112    0.32318    0.48698   -0.61953   -0.24342
  0.31719    1.2138    -0.17106   -0.38078   -0.32567    0.21111
  0.48724   -0.026725  -0.453     -0.95647    0.22067   -0.16694
  0.033197  -0.33353   -0.062216  -0.010595   0.02918   -0.3659
  0.072307  -0.13369   -0.33713    0.20372   -0.40858    0.20027
 -0.32987    0.032495   0.5384     0.559     -0.046879  -0.047878
 -0.070844   0.62552    0.17343   -0.56797    0.18364   -0.61845
 -0.24285   -0.24335   -0.62655    0.040407 ]"
cibc,"[-0.013225   0.1227     0.26481    0.32763   -0.30205   -1.408
 -0.4427     0.18425   -0.59625   -0.1484     0.14906    0.036885
 -0.69218    0.2588     0.17759    0.49833    0.3592    -0.27087
  0.28205    0.03171   -0.55716    0.3383     0.67087    0.29153
  0.77657   -0.1772     0.50361   -0.13899   -0.52061    0.89303
 -0.056351   0.24069   -0.64782   -0.044609  -0.084372   0.060405
  0.94161    0.98295   -0.016245  -0.65924   -0.083048  -0.60374
 -1.3041     0.33998    0.18548    0.5812    -0.19199   -0.15028
 -0.74235   -0.66505   -0.06362   -1.0399     0.82355   -1.226
 -0.4039    -0.080092  -0.0062912  0.61269   -0.33832    0.45028
  0.24637   -0.44481   -0.27183    0.75721   -0.3087    -0.71846
  0.7944     0.72886    0.3626    -0.1953    -0.81878   -0.48895
 -0.88473   -0.50413   -0.17085   -0.5396    -0.45332   -0.17192
 -0.8542     0.2401     0.79458    0.35405   -0.39332    0.83922
  1.0436    -0.37105    0.35172   -0.78021    0.52881    0.53778
 -0.042632  -0.71194    0.66486   -0.71849    0.48777   -0.44958
  0.79035    0.44101   -0.82087    1.3089   ]"
low-level,"[-3.5172e-01 -2.0533e-01 -8.9137e-01 -2.2114e-01 -6.6653e-02  1.5841e-01
 -2.4936e-01 -5.8104e-01  3.5590e-01  7.0821e-01  1.2067e-01 -5.1837e-01
  7.8570e-01 -2.1927e-01  8.9695e-01  6.0750e-02  8.3576e-02 -2.1628e-01
  7.4967e-01 -4.1768e-01 -2.2923e-02 -2.0003e-02 -4.3588e-03 -1.4971e-01
 -1.7405e-01 -6.0576e-02  2.4759e-01  5.6651e-01  4.0023e-02  6.3436e-01
 -3.6045e-01 -1.2544e-02 -8.7965e-01 -9.6416e-02 -3.6594e-01  1.9429e-01
 -1.3261e-01 -4.4296e-01  5.1531e-01  3.6787e-01 -1.2242e-01 -1.2913e-01
 -4.1488e-01  5.0573e-01  1.2857e+00  4.9791e-01  8.2091e-01 -5.8622e-01
 -2.8715e-02  7.2289e-01  5.7372e-02 -1.7002e-02 -3.5948e-02 -8.4556e-02
  5.8159e-01 -1.3406e-01  9.8403e-01 -2.4150e-01  1.0001e+00  3.4182e-03
 -1.9469e-01  4.2806e-01 -4.0387e-01  9.8501e-02 -2.2956e-01 -3.2995e-01
 -6.8026e-02 -7.7142e-01  5.8525e-01 -4.0510e-01 -5.2013e-01 -6.8132e-01
  7.5560e-01  2.7192e-01 -3.5614e-02 -5.5842e-01 -3.4893e-01  2.7146e-01
  5.6813e-04  1.7240e-02  1.3471e-01 -7.4901e-02 -2.0787e-01 -1.4124e-01
 -4.6833e-01  1.1972e-01  6.6108e-01  5.1544e-01  4.5906e-02  3.3718e-01
  5.2101e-02  6.5963e-01 -1.6881e-01  7.5477e-01  1.0184e+00 -3.6093e-01
 -1.7132e-01 -2.4752e-01  3.1633e-03  4.1095e-01]"
710,"[ 0.84773    0.044281   0.40654    0.31855   -0.2265     0.34288
  0.46091    0.045698   0.10813   -0.18009    0.84558    0.65452
 -0.018768  -0.33114    0.60265   -0.88961   -0.274     -0.018854
  0.34842   -0.03588    0.58729    0.0037518 -0.052327   0.42173
  0.021189  -0.22159    1.3015     0.79611   -0.21374   -0.33252
 -0.19871    0.41345    0.044041   0.15278   -0.55101    0.72555
 -0.24925   -0.1604     0.34988    0.47049    0.2554    -0.50837
 -0.3089    -0.22309    0.047159  -0.13441    0.42691   -0.6211
 -0.20233    0.29458   -0.78885   -0.037192   0.6308     0.047098
 -0.73646    0.080356   0.40924   -0.11928   -0.33211   -0.43648
  0.18985    0.04831    0.33375   -0.024949  -0.79997   -0.0081703
  0.048738  -0.45984    0.13241    0.061328  -0.21679   -0.42474
 -0.31757    0.056748  -0.030966   0.34641    0.2639     1.057
 -0.30795   -0.2979     0.21867   -0.35871    0.17785    0.12152
  0.10065    0.54991    0.015949  -0.44469    0.17312    0.23257
  0.16973    0.93466   -0.12625   -0.58979   -0.29471   -0.29733
 -0.26229   -0.11788    0.343     -0.28431  ]"
anzac,"[-0.81144   0.41575  -0.48684   0.26006  -1.3378   -0.1395   -0.15475
  0.5946   -1.0966   -0.28358  -0.15447  -0.55497  -0.50463  -0.047017
  0.15823  -0.62259   0.89712  -0.18897  -0.45284  -0.69618   1.2773
 -1.3704   -0.091749 -0.18932   0.93231   0.34926   0.31541   0.6498
  0.35017   0.034458 -0.22781   0.30261   0.91949   0.19425   0.85537
 -0.20294  -0.61081   0.83171  -0.11803  -0.44876  -0.53564   0.22862
  0.6029   -0.27956   0.71651   0.53022   0.46845   0.2904    0.054354
 -0.37408   0.38384   0.36336   0.53919   0.22011  -0.6721   -0.064782
  0.73955  -0.39814   0.44499  -0.29638   0.38048   0.63133   0.43193
  0.91917  -0.76785   0.40434  -1.1157   -0.53205  -0.12427   0.043079
  0.48113  -0.18609   0.15165  -0.15887  -0.67238   0.75268   0.7768
  1.3519    0.19568  -0.31096  -0.72333  -0.086123  0.84443   0.99496
  0.24734  -0.53612  -0.61428  -0.4061    0.66336   0.51555  -0.79691
  0.40177  -0.40301   0.29787   0.038405 -0.20491   0.9409    0.4371
  0.035126  1.3058  ]"
416,"[ 0.66443   0.64089   0.57536   0.17296  -0.32906   0.54903   0.33867
  0.30349  -0.125    -0.10692   0.50887   0.099267  0.023304 -0.53276
  0.69529  -0.04264  -0.3328   -0.046258 -0.16649   0.4922    1.0011
  0.070631  0.29926   0.37062   0.35452  -0.17393   0.68305   0.69801
 -0.45383  -0.30964   0.21248   0.013332 -0.31457   0.19657  -0.83835
  0.31889  -0.3515   -0.065414 -0.23385   0.72735   0.2038   -0.22637
 -0.10542  -0.045077  0.15202   0.27803  -0.17365   0.017861 -0.46864
  0.69658  -0.22134   0.057103  0.25005   0.37601  -1.0533    0.27789
  0.12854  -0.61942  -0.32432  -0.3735   -0.44738  -0.40097   0.44174
  0.51096  -0.48316   0.2739    0.3003   -0.12781   0.41051  -0.049042
  0.13633   0.10998  -0.22277  -0.07055  -0.03297   0.47063  -0.3003
  0.86471  -0.2543   -0.42692  -0.093557 -0.019336  0.28167   0.29857
 -0.072785  0.046578  0.62344  -0.55243  -0.21531   0.36239  -0.20369
  0.80948  -0.25422  -0.29331  -0.36874   0.27139   0.36175  -0.098939
 -0.093392 -0.16803 ]"
flamingo,"[ 0.4699    -0.56733    0.35252    0.081622  -0.18947    0.41626
 -0.38468    0.58266    0.22066   -0.40249   -0.39936    0.66256
 -0.41523   -0.039524   0.1563     0.78638    0.44686    0.14215
  1.0299     0.059853   0.49482   -0.042674  -0.41613   -0.084499
  1.1566     0.93146    0.52051   -0.93565   -0.46368   -0.39778
  0.54515   -0.017865   1.2182     0.94638    0.1738     0.4397
  0.47687    0.72609    0.17988   -0.069592   0.40674   -0.099967
 -0.21648   -0.12396    0.24891    0.86127   -0.2102    -0.021605
  0.049994   0.61395   -1.1884    -0.43752    0.38426   -0.32056
 -0.21673   -0.15936   -0.3518    -0.15678    0.07279   -0.11573
 -0.971      0.3207    -0.88638   -0.15355    0.038949  -0.29323
  0.27354   -0.36583    0.24623   -0.16814   -0.48712   -0.17762
 -0.744      0.0069098 -0.24158   -0.36367    0.25601    0.46438
 -0.34466    0.64396    0.41818   -0.46474    1.003      0.1556
  0.68415    0.053796   0.65519   -0.25187    0.086813   0.18276
 -0.88294   -0.50209    0.30152   -0.57879   -0.34247    0.13712
 -0.44132   -0.19403    0.33454    0.27211  ]"
białystok,"[ 0.24488  -1.2415    0.57895  -0.02425   0.1981    1.5548   -0.042026
  0.077078 -0.20438   0.1103   -0.52304  -0.11418  -0.49115   0.11605
  0.41983  -0.010985  0.63478  -0.40273   0.028122 -1.1135   -0.76011
  0.13718   0.57423   0.13564  -0.15126  -0.39938   0.75063   0.011515
  0.042837 -0.77597  -0.089208  0.012272  0.59645  -0.92007   0.73732
 -1.2632    1.4308   -0.76367  -0.10622  -0.50864   0.55211   0.41652
 -0.41532  -0.048107 -0.1975   -0.87931   1.6769   -0.34263  -0.79493
  0.33306  -0.63932  -0.77805  -0.33165  -1.2141   -0.07261   0.49196
 -0.48075  -0.706    -0.17756   0.70962   0.62984   0.19918  -1.3331
  0.28215   0.18069  -0.94073  -0.66613  -0.17268   0.50164   1.3312
  0.049274 -0.93796   1.0288   -0.60812   0.42647  -0.40354   0.39758
 -0.25077   0.38868   0.6516   -0.23252   0.88345  -0.070487  0.23652
 -0.27807   1.072    -0.49302  -0.015698  0.63685   1.3836    0.481
 -0.41688   0.57985  -0.54028  -0.023322  0.38355   0.8002    0.58482
 -0.1367    0.18062 ]"
photon,"[-0.10686   0.38617   0.053742 -0.34985   0.39969  -0.10884   0.29398
  0.21887   0.31995   0.68126  -0.26686  -0.44793   0.024977 -0.025635
  0.39166  -0.76706  -0.45122   0.74331   1.0521   -0.75075   0.50518
 -0.95671  -0.7401    0.38295  -0.25178   0.56325   0.49881   0.75672
  0.12173   0.031056 -0.67999   0.48878  -0.33356   0.37325   0.15208
 -1.1747   -0.6229   -0.049282  0.68303  -0.033386  0.04567  -0.31429
 -0.8924    0.62941  -0.80751   0.20477   0.59444   0.42043  -0.37165
  0.61261   0.3482    0.21014   0.065149  0.62739   0.18829  -0.084984
  0.39164   0.78224  -0.097613  0.12807   0.24163  -0.4288   -0.26592
  0.60062   0.56096   0.89924   0.1593   -0.10796   0.49945  -0.34864
 -0.31002  -0.83326   1.4438   -0.054968  0.43231   0.17227   0.47797
 -2.0373   -0.95448  -0.076863  0.14563   0.68008  -0.44862  -0.30128
 -0.24421  -0.029309  0.7954   -0.53293   0.91306  -0.34042  -0.5609
  0.67845  -0.78788   0.2876    0.055681 -0.13919   0.075556 -0.19847
 -0.78036  -0.99493 ]"
gwyneth,"[ 0.68572  -0.32449   0.1439   -0.60339  -0.19352  -0.27291  -0.58851
  0.24043  -0.014784 -0.37082  -0.15261  -0.22146  -0.63591   0.98265
 -0.043559 -0.1292    0.17941  -0.030341  0.42831   1.3109   -0.12216
 -0.72997   0.38525   0.18462   0.78161  -0.093488 -0.95917  -1.1534
 -0.23878  -0.022247  0.2354   -0.21807   0.56509  -0.15512   0.56824
  0.072544  0.74982   0.79376  -0.27824   0.6751    0.22493   0.24427
 -0.68203   0.071673 -0.54202  -0.58388  -0.84284   0.1317    0.26789
 -0.70665   0.44877   0.28328   0.34579   0.24976  -0.21838  -0.028467
 -0.074432  1.1823   -0.88923  -0.17733  -0.74223   0.56594   0.63042
  0.36932   0.064723 -0.076592  1.0607   -0.016963 -0.55108   0.36518
  0.2002    0.25157   0.22673   0.29098  -0.70781  -0.5072    0.7026
 -0.87905   0.46689  -1.1391    0.019275 -0.065711 -0.14214   0.57356
  0.19708  -0.31926   0.4705   -0.041298  0.38429  -0.84039   0.1292
 -0.17365  -0.36462  -0.23662   0.46114   0.4944    0.25477  -0.027607
 -0.47592   0.58078 ]"
larnaca,"[-7.1793e-01 -1.1144e+00  8.6632e-01  3.9288e-01 -7.6707e-01  1.0547e+00
 -4.1240e-02  8.2978e-01  7.7930e-01  5.4734e-01 -4.7514e-01 -5.0199e-01
 -6.3618e-02  2.9611e-01 -7.2981e-01 -1.3116e+00  2.1129e-01 -3.4766e-01
  9.3293e-02  1.3867e-01  2.9066e-01 -6.9565e-02 -1.9149e-01  4.1266e-01
  2.4953e-02 -9.9378e-02 -2.2429e-01 -3.1232e-01 -1.5868e-01  1.0819e-01
 -1.1450e+00 -6.0507e-01  4.0910e-02  1.0803e+00  2.1561e-01  1.9753e-01
  6.5363e-01  9.2679e-01 -4.0479e-02 -1.0710e+00 -7.7779e-01 -2.7487e-01
  6.7163e-02 -3.9219e-01  6.8177e-02  5.0189e-01 -2.9584e-04  8.0567e-02
  4.1772e-01  8.5242e-01  1.2669e-01 -1.2763e-01  7.3258e-02  1.2347e-01
 -7.9227e-01  1.3949e-01 -3.9916e-01 -6.3534e-01 -1.9156e-02 -2.1011e-01
 -6.6000e-01  6.3387e-01 -2.1712e-01  6.0655e-01 -1.2312e+00 -1.7416e-01
 -8.0331e-01  1.1881e-01 -9.5401e-01  1.8539e-01 -1.3103e+00 -2.3031e-01
  5.1403e-01 -2.7286e-01 -2.1689e-01 -3.5436e-01  4.6545e-03  1.6257e-01
 -4.4745e-01  2.5673e-01  1.3525e-01 -4.0978e-01  1.7678e-01  1.7313e-01
  4.1801e-01  3.4610e-01  4.1486e-01  8.6010e-02  2.7719e-01 -2.0139e-01
 -4.3638e-01  6.1179e-01 -7.3634e-01  1.8297e-01  3.6251e-01  1.1835e+00
  2.4114e-01  9.0967e-01  6.9871e-01 -2.2984e-01]"
allowable,"[-2.3392e-01 -6.3640e-01 -7.3834e-02  3.3109e-01 -4.4472e-01 -8.2818e-02
 -3.3308e-01  4.8199e-01 -6.2012e-01  5.2200e-01  4.0493e-01  4.0826e-01
 -3.7129e-01 -5.1611e-01  1.7054e-01 -6.8157e-02 -1.0757e-01  6.8615e-01
 -7.8780e-02 -2.4795e-01  5.7357e-01  1.5538e-01  6.4857e-02  1.2951e-02
  3.9546e-01 -2.3039e-02 -5.2277e-01 -8.7973e-01 -3.8539e-01 -7.7243e-01
  3.9796e-01 -4.3362e-01  1.4474e-01  3.8996e-02 -3.5498e-01  5.1587e-01
 -5.7149e-02  9.4862e-02 -6.4577e-01  9.5027e-02  4.4703e-02  2.6494e-01
 -4.3812e-01  9.6326e-01  4.2491e-01  3.8834e-01  4.6247e-02 -1.0944e+00
 -8.5524e-01 -9.5862e-02  5.9928e-01 -3.3695e-01  1.7090e-01  1.0119e-03
 -4.5334e-01  3.4315e-01  4.6019e-01 -9.0433e-01  9.6626e-01  2.1053e-01
  2.0880e-01 -1.0570e+00 -5.6978e-01  4.0689e-01  5.4619e-01 -5.8559e-02
  3.0027e-01 -8.4407e-01  4.6935e-01 -4.3046e-01  3.3533e-01 -6.9471e-01
  9.6429e-01  1.1354e+00 -4.3628e-01  1.0152e-01 -5.1161e-01 -1.2421e+00
  2.4975e-01  3.2554e-01 -2.1193e-02 -1.1515e-01 -3.4413e-02 -8.0480e-01
 -5.6802e-01  5.4743e-01  5.6188e-01 -6.0471e-02  1.7384e-01  2.4645e-01
 -6.9406e-01  1.5157e-01  8.9244e-02 -4.1285e-01  2.2457e-01 -2.3602e-01
 -1.8818e-01 -7.3296e-01  5.9797e-01 -1.7432e-01]"
superfamily,"[-0.68658   -0.50618   -0.13643   -0.88102   -0.28373    0.33222
  0.21818    0.34247    0.79828    0.67924    0.15762   -1.0091
  0.30893    0.51296   -0.14117   -0.62412    0.16029   -0.26201
  0.3176     1.0046    -0.53921    0.31751   -0.63028   -0.31698
 -0.18591   -0.5206     0.38721    1.0201    -0.58007    0.13913
  0.50637   -0.63019    0.24169    0.089717   0.083736   1.1862
  0.53545    0.49391    0.43072    0.24738    0.067603   0.73388
  0.19813    0.23604    0.68726    0.21067    0.17066    1.7017
 -0.6414    -0.18446   -0.10809    0.0058698  0.37289    0.17865
 -0.90082    0.1856    -0.38607   -0.3534    -0.2014     1.7059
 -0.58805    0.67813    1.3092    -0.030129   1.7603     0.054874
 -1.6185     0.54398    1.1644    -0.3546     0.93631   -0.65132
  1.1919    -0.73253   -0.60475    0.3712    -0.77417   -1.2632
 -0.72548    0.78609   -1.4533    -0.012095  -0.53628    0.48677
  0.6312     0.56301    0.2048    -1.9361     0.4708    -0.10288
 -0.44228    0.19717    0.28459   -0.24599    0.58313   -0.15371
  0.20219   -0.15956    0.20989   -0.54527  ]"
pastries,"[-0.57696   -0.058626  -0.72019    0.13739    0.17001    0.70105
  0.81126   -0.76919    0.17702   -0.46657   -0.58418   -0.46283
  0.46395    1.3587     0.30557    0.13492   -0.39359   -0.26913
 -0.1867    -0.012652  -0.041451   0.62675    0.45118   -0.24342
 -0.41367    0.32658    0.0093918 -0.029225  -0.29167   -1.1575
 -0.36794   -0.044998   0.029306  -0.60114   -0.055097   0.7529
  0.37251    0.011662   0.014623  -1.0896     0.45158   -0.60834
 -0.22178   -0.52253   -0.063791  -0.093526  -0.51886   -0.085826
  0.34733    0.44807   -0.23425    0.085324   0.20516   -0.31994
 -1.0097     0.39228   -0.082975   0.68867   -0.11751    0.028139
 -0.036655   0.88836    0.17057   -0.19972   -0.65979   -1.116
  0.53798   -0.069752   0.44111   -1.8024     0.061438  -0.36007
  0.65954    0.2848    -0.15517    0.77171    0.14983    0.060299
  0.026892   0.40249    0.21947   -0.19362   -0.19941    0.30298
 -0.30804   -0.92991    0.56148    0.079238  -0.21876   -0.43078
  0.22073    0.722      0.13783   -0.17762   -1.0869    -0.60806
 -0.071137   0.12489    1.1777     0.62494  ]"
off-broadway,"[ 0.80118   -0.19073   -0.93692    0.03908    1.0041    -0.29761
 -0.0116     0.55663   -0.33624    0.35495   -0.44656   -0.085428
 -0.16786    0.024035   0.18151    1.1775     0.25866    1.2795
  0.84955    0.42059   -0.13732    0.05911    0.21432   -0.68271
  0.92971   -0.13897    0.21374    0.35826    0.48729    1.048
 -0.50188    0.43424    0.65298    0.060967  -0.67378    0.091838
  0.32105   -0.93448   -0.67115   -0.22399    1.2109     0.48835
 -1.3439     1.5053     1.2022    -0.16207   -0.042975  -0.8547
 -0.35771    0.23779   -1.5962     0.56443    0.81842   -0.36955
 -0.23379   -1.33      -0.3497    -0.37826   -1.1318    -0.20589
 -0.46252    0.84551   -0.052417   0.67626    0.45306   -1.0385
 -0.01299   -0.94509   -0.099682  -0.035146   0.3014     0.1035
 -0.20235   -0.47778   -0.19204   -0.59447   -0.54669    0.23122
 -0.1006    -0.57557   -0.49334    0.71102    0.5471     0.40305
 -0.58326   -0.73388    0.14695    0.19757   -0.44884    0.10933
 -0.40347    0.20379   -0.13747    0.16455   -0.0054833  0.66701
  0.34132    0.68522    0.8404     1.0304   ]"
masking,"[ 0.63734   -0.80262    0.35226   -0.42122   -0.10166    0.18062
 -0.50344    0.24744    0.89576    0.2827    -0.21654   -0.10713
 -0.25358    0.18544    0.81103    0.82284    0.054299   0.2966
  0.85602   -1.1123    -0.64868   -0.2221    -0.65656   -0.18881
 -0.10751    0.23426    0.27066   -0.0037359 -0.62132   -0.30721
 -0.034828   0.30016   -0.66097    0.095181  -0.020392  -0.3084
  0.09346    0.054252   0.044407  -0.10667    0.34232   -0.14118
  0.4083     0.38427   -0.017414  -0.29521    1.0688     0.077608
 -0.61803   -0.40198   -0.091242   0.1998     0.24142    0.94429
  0.16094    0.014334  -0.0064145  0.11517   -0.34302   -0.6503
  0.41981    1.004     -0.3726    -0.10526   -0.37673   -0.15398
  1.1035    -0.53429    0.20021   -0.37228   -0.32119   -0.1459
  0.12923   -0.20187    0.18897   -0.23111    0.075879  -0.20337
  0.17772    0.14912    0.5475    -0.10111   -0.44559    0.09115
 -0.86517    0.68137    0.58805    0.87444    0.022196   0.19126
 -1.1236     0.26682   -0.29165   -0.42262    0.74885   -0.61455
 -0.18811   -0.34701   -0.035699   0.19847  ]"
carville,"[-0.58748    0.37562    0.014923  -0.3808     0.19597    0.47111
  1.1908    -0.37233    0.39031   -0.3001    -0.40447    0.19926
  0.13825    0.15869    0.078655  -0.37948   -0.043468  -0.15513
  0.15056   -0.1928     0.063149   0.35139    0.57323   -0.6365
  0.17208    0.19005   -0.62321   -0.12566   -0.7472    -0.5911
  0.69174    0.47813    0.11521    0.67772   -0.70442    0.053706
  0.13015    0.45313    0.64599   -0.37513   -0.7061    -0.23613
 -0.21029    0.0096066 -0.97189   -0.047968  -0.29585   -0.78693
 -0.5631    -0.53754    0.49411   -0.031009   0.97096   -0.093666
  0.30254   -0.67372    0.42727   -0.25609   -1.5011     0.22532
 -0.4126     0.0088458  0.024739   0.29601    0.015777  -0.55257
  0.30797    0.73231    0.53736    0.37946   -0.51515   -0.26076
 -0.76023   -0.11681   -0.32974   -1.2743     0.43692    0.41474
  0.62935   -0.1772     0.61239    0.14122    0.54886    0.24375
 -0.34059    0.39907   -0.19116    0.70952   -0.3145    -0.48329
  0.36373    0.1448     0.64755    0.069037   0.51667   -0.77245
  0.45588    0.39543   -0.7183     1.0864   ]"
ajay,"[ 0.23048   -0.4997     0.32731    0.049812   0.068343  -1.0823
 -0.52578    0.75704   -0.7726    -0.033438  -0.044097   0.11802
  0.65254    0.22455    0.60264   -0.26058   -0.27081   -0.31389
 -0.0036885  0.73505   -0.16047    0.056357   0.62091    0.65021
  0.076368   0.5799    -0.46729   -0.095906   0.44795   -0.070639
 -0.38033    0.49685   -0.59241   -0.56079   -0.3319     0.21532
  0.65682    0.20295    0.1271     0.26602   -0.10985    0.56664
 -0.25623   -0.20959    0.65723   -0.35225    0.092438   0.25627
 -0.038353   1.3588     0.39167   -0.16307    0.11547    0.42689
 -0.10052    0.015583  -0.98903    0.39902   -0.78682    0.074327
 -0.1258     0.27259    0.056057   0.83192   -0.064638  -0.014993
  1.5195     0.30852    0.36894    0.26394    0.17723   -0.46979
  0.74492   -0.81685   -0.30865   -0.03979   -0.92366   -0.39248
  0.30595    0.073741  -0.051197   0.073845  -0.14516   -0.35664
 -0.46732    0.01582   -1.346      0.069407   0.023765   0.29239
 -0.19793    0.20475   -0.13743   -0.68982    0.80817   -0.20586
  1.0583     0.25375   -0.97557    0.04583  ]"
phylogenetic,"[-0.31966    0.64934   -0.80635    0.19546   -0.28112   -0.95441
 -0.086607  -0.20711   -0.63452    0.97484    0.30944    0.55362
  1.9501    -0.55499    1.0857     0.99289    0.3506    -0.20282
  1.1912     0.84057   -0.58154   -0.01083    0.90482    1.0661
 -0.21592   -0.57279    0.72146    0.093364  -0.073824   0.41968
 -0.48429   -0.63102    0.18502    0.46715    0.76633    0.86699
 -0.068319  -0.34587    0.091215   0.29764   -0.62133    0.28704
 -0.33462    0.96821   -1.324     -0.19587   -0.12364    0.73774
 -1.0288    -0.22278    0.13053   -0.49816   -0.19741    0.28353
  0.85385   -0.65009    0.54586   -0.59623   -0.49446    0.50348
 -0.82495    0.54756    0.60553   -0.04117    1.4245    -0.26394
 -1.8603     0.040272   0.38143    0.41325   -0.55079    1.7285
  0.90649   -0.54385   -0.44898   -0.30709    0.043175  -1.0715
 -1.1596     0.10224   -0.6039     0.070052  -0.27228    0.25659
  0.18568    0.23491    0.43742   -0.48438   -0.34683    0.44099
 -0.65792   -0.36052   -0.0055366  0.29291    0.86135   -0.54871
  0.011592  -1.1215    -0.52779    0.22834  ]"
rightfully,"[ 0.021997   0.29021    0.43336   -0.26766   -0.12251    0.4224
 -0.50983    0.054746   0.88604   -0.070059   0.019033   1.0272
  0.766     -0.29962   -0.74421   -0.96594   -0.012971   0.9029
 -0.28566    0.52902    0.22127    0.34013   -0.0038776  0.19269
  0.10087   -0.73047   -0.45709    0.052593   0.59583   -1.0202
  0.18263    0.17867    0.065738   0.71561    0.67117    0.0077138
 -0.45513    0.27497   -0.47851   -0.6793     0.49983    0.11166
  0.76088   -0.34819   -0.68285   -0.28574    0.81386    0.43817
 -0.56785   -0.7375    -0.40508    0.23058    0.77556    0.14767
 -0.50897    0.72824    0.251     -0.59363   -0.40263   -0.40007
  0.46301    0.29388    0.40582   -0.095309   0.53091   -0.32575
  0.55026    0.76634   -0.35702   -0.28012    0.14147   -0.19515
  0.35121    0.45753   -0.18363   -0.2794    -0.25827   -0.16283
 -0.912      0.34738   -0.76017    0.06456   -0.95214    0.046148
 -0.10969   -0.17318   -0.188      0.14668   -0.29606   -0.38519
 -0.51125   -0.46986    0.095272  -0.54077   -0.088216   0.38829
  0.21858   -0.2798    -0.059886   0.30772  ]"
propellers,"[-0.53118   0.09649   0.11522  -0.28887  -0.34307  -0.24345   0.10885
  0.23129  -0.54836   0.57035   0.38192   0.15481   0.32891   0.2781
  0.30234  -1.0687   -0.59946   0.64263   0.42058  -0.53502   0.46287
 -0.45514   0.057477 -0.15143   1.5171    0.11722  -1.5617    0.3419
  0.22872   0.20354   0.21581   0.16895  -0.31488   0.45506   0.24363
  0.17824   1.438    -0.25423   0.19667   0.21543   0.016001  0.13806
 -0.48702  -0.073867  0.016006  0.34643   0.25475  -0.35173   0.16069
  0.47066  -0.76469   0.19075  -0.46862   0.70135   0.69656   0.57145
  0.15751   0.61334   0.19985   0.36907  -0.27765   0.15034   0.064872
  1.7091   -0.074049 -0.30948  -0.71036  -0.36684  -0.30817   0.14702
 -0.71628   0.35402   0.35741  -0.34617   0.688    -0.033604  0.53985
 -0.027522  0.21548   0.67163  -0.28889   0.30997  -0.82843   0.13966
 -0.21222  -0.18874   0.86599  -0.16126  -0.60646  -0.081603 -0.83555
  0.021819  0.31092  -0.30841   0.65867  -0.3932   -1.3955   -0.39366
  1.0451   -0.10712 ]"
swain,"[-0.21427   -0.27147   -0.014453   0.095011  -0.24655    0.3197
  0.51745    0.49828    0.10484   -0.060867  -0.014642   0.49715
 -0.14699    0.396      0.48505   -0.13686    0.67546    0.40777
 -0.58365    0.43788   -0.113     -0.12987    0.41313   -0.22404
  0.46815    0.75287    0.34062   -0.43777   -0.64839   -0.13419
 -0.09881   -0.14418   -0.12921    0.090694  -0.12858   -0.10938
  0.63433    0.47157    0.34769   -0.016439  -0.60667   -0.010358
 -0.044667   0.11979   -0.54566    0.08762    0.47211   -0.46167
  0.46084    0.16254   -0.082269  -0.57213    0.08032   -0.10606
 -0.061178  -0.0052128  0.52747   -0.14853   -0.45031    0.26815
  0.71262   -0.11033    0.5456    -0.013047  -0.18788   -0.18631
  0.32704    0.59051   -0.34104    0.22597   -0.66747    0.37223
 -0.21875   -0.032331  -0.076217  -0.63674    0.11209   -0.15772
  0.48267   -0.25049    0.18788    0.25321   -0.0068329 -0.46834
  0.60072   -0.32509    0.065419   0.18399   -0.35694   -0.15269
  0.1677     0.10501    0.21893    0.15279    0.3949     0.31422
 -0.31891   -0.034732  -0.26157    0.046799 ]"
betts,"[-4.8762e-01 -4.5493e-01  4.4069e-02 -5.9260e-01 -1.2067e-01 -4.0257e-01
 -5.9713e-04 -9.5862e-02  5.8558e-02  2.3483e-02  5.4799e-01 -2.9924e-01
 -9.8287e-02  3.7931e-01  1.8152e-01 -8.0256e-02  7.5485e-02  3.3479e-01
 -3.0722e-01 -5.5467e-02 -4.7555e-02 -1.6026e-01 -9.7877e-03  3.0253e-01
  2.2604e-01  2.3021e-01 -6.7885e-02 -1.2512e-01  2.5359e-01  1.3777e-01
 -1.7002e-01  3.5125e-01 -2.0563e-03 -5.3526e-02 -7.1423e-02  8.0635e-02
  9.1193e-02  8.6440e-01  2.6623e-01  1.0946e-01  2.3738e-01  3.1995e-01
 -3.9893e-02  5.7598e-01 -5.4629e-01  2.8351e-01  1.1361e-01  4.2754e-01
  6.7704e-01 -4.3228e-02  2.4813e-01 -5.7136e-01  6.2793e-02  3.6318e-02
 -6.7525e-01 -2.7210e-01  4.9954e-01 -1.5228e-01 -1.1840e+00  3.7164e-01
  4.7903e-01 -6.1856e-01 -1.2626e-02  6.4578e-01 -1.9270e-01  2.0322e-01
  5.9284e-01  3.5715e-01  2.0878e-02 -5.0403e-01 -3.3629e-01  3.7656e-01
 -6.0979e-01 -4.3642e-01 -4.3038e-01 -6.9115e-01  3.6606e-02  1.0061e-01
 -3.8127e-01 -4.7528e-01  6.4938e-01  1.8278e-01  5.6244e-01 -1.7900e-01
  1.9836e-01  1.0177e-01  1.2011e-01 -8.0019e-01 -3.3411e-01 -2.2675e-01
  2.3246e-01  1.4440e-02  3.1540e-02 -1.0039e-01  4.1863e-01  5.9073e-02
  1.1548e-01  6.2802e-01 -6.6753e-01  8.1211e-01]"
dauphin,"[ 0.35741  -0.69746   0.72358   0.41172   0.17225  -0.11685   0.31119
  0.86377  -0.09546  -0.096504 -1.1003    0.93751  -1.0964   -0.1743
  0.15323  -1.0155   -0.021959 -0.94613  -0.27169   0.29595  -0.65132
 -0.19391  -0.20606  -0.45193   0.39224  -0.69473  -0.14303  -0.39214
 -0.18391   0.24133   0.44275  -0.79504   0.63408   0.15128  -0.18929
 -0.084106 -0.11037   0.20542   0.4775   -0.48384   0.10207  -0.10286
 -0.9488   -0.7629   -0.22626   0.47834   0.40923  -0.22864   0.30739
  0.41187  -1.1782    0.76839  -0.24737  -0.49126  -0.5892   -0.6258
  0.55048  -0.70025  -0.28746  -0.21209   0.69511  -0.26078   0.46324
  0.6493   -0.11349  -0.4324   -0.87864   0.17512  -0.36886   0.39665
 -0.048271 -0.61864   0.24219  -0.010505  0.07369   0.50461   0.47329
  0.68395  -0.050008 -0.28457  -0.02825   0.63609  -0.25629  -0.39471
  0.24027  -0.2088   -0.12469  -0.70001   0.94236  -0.043001 -0.84069
 -0.30025   0.31602   0.42852  -0.83993   0.36222  -0.22891  -0.26237
  0.056012 -1.0848  ]"
innuendo,"[ 3.2988e-01  1.8424e-01  5.2682e-01 -2.5505e-01 -4.3593e-01  1.4522e+00
  8.5186e-02 -2.0673e-01  1.4383e-01  3.0544e-01  8.7469e-01  5.9043e-01
 -3.1087e-01 -1.8200e-03  1.2584e+00  7.0550e-02 -4.9151e-01 -1.3010e-01
  1.3414e-01  2.8009e-01  4.5997e-01  9.9965e-02 -2.2631e-01  4.3990e-01
 -7.5923e-01  6.6514e-01  3.4452e-01  3.1883e-01 -1.2296e+00  1.2593e-01
 -2.3863e-01 -4.2775e-01 -4.6588e-01 -3.2221e-01 -2.6198e-01  7.4630e-01
  3.2528e-01 -5.1917e-01  1.0516e-01  4.5733e-01 -2.3972e-01  7.0989e-01
 -1.1450e+00 -2.5077e-01 -2.9610e-01 -7.2781e-01  4.3709e-01 -5.7112e-01
  6.7528e-01 -4.3787e-01 -1.1314e-01  6.4350e-01 -4.6744e-01  4.3049e-01
  1.3935e-01 -1.2030e-01  1.5389e-01 -1.9819e-02 -4.1992e-01 -1.4486e-01
  2.9786e-01 -4.2522e-02  7.6816e-02 -4.0826e-01  4.0307e-01 -4.4162e-01
  1.5180e+00 -9.0285e-01  1.3630e-01 -1.8342e-01  1.3390e-01  8.4248e-02
  5.1363e-01 -1.2962e-01 -2.4757e-02  7.7676e-01  1.4489e-01 -1.4502e-03
 -7.6082e-01  4.9572e-01 -7.1295e-01 -5.4689e-01  3.3097e-01  7.2239e-02
  6.1633e-02 -1.7767e-01 -1.9621e-01  1.0613e+00  4.2761e-01 -4.9733e-01
 -4.9341e-01  3.9901e-01 -9.2024e-01  1.3529e-01  3.5037e-01 -4.8331e-01
 -1.7803e-01 -1.0588e+00 -2.1211e-01  6.9950e-01]"
karroubi,"[-0.48639    0.1333     0.010587  -1.0899     0.82989    0.17376
  0.34012    0.23325    1.1962     1.0669     0.16643    0.10091
 -0.01436   -0.7461    -0.20691   -0.27174   -0.35548   -0.27134
 -0.030449   0.43161    0.056793  -1.0177     0.80764    0.74191
 -0.25881   -0.88688   -1.0361     0.51765    0.49588    0.06277
  0.42872   -0.59702    0.03523    0.34389    0.65863    0.66175
 -0.40515   -0.19862   -0.33155    0.60625   -0.76002    0.92523
  0.58713   -0.50716   -0.85987    0.048466  -0.23179   -0.0027599
  0.84606    0.76066    0.5452     0.12016    0.28212    0.36818
 -0.57496    0.20246   -0.011633  -0.066196  -1.0397     0.34002
 -0.55437   -0.91162   -0.53806    0.3049     1.0178     0.98146
  0.94034    0.16216    0.11048   -0.0024026  1.0943     0.57765
  0.27096   -0.69783   -0.27166    0.45058    0.85113    0.24083
 -0.045858  -0.4329     0.68227   -0.18089   -0.082074  -0.46371
 -0.24641   -0.49064    0.93629    1.2337     1.2517    -0.84686
  0.58356    0.25346    0.21526    1.5997    -0.45868   -0.76579
 -0.39571   -0.17472    0.23309   -0.37232  ]"
cilic,"[-2.3941e-01 -4.0788e-01  1.0431e+00  1.0278e+00  6.8925e-01  5.1536e-01
  6.1529e-01  8.4001e-01 -2.7142e-01 -7.1419e-01 -6.0496e-01  6.8710e-01
 -3.1168e-01 -7.0237e-01 -7.5606e-02  9.9813e-01  6.4420e-01  1.1051e+00
 -6.5712e-01  9.0346e-01  2.0316e-01  1.7012e-01  6.8026e-01  1.2929e+00
  1.0173e+00  2.0696e-01  4.9566e-01 -8.4447e-01  1.4521e-01 -2.4066e-01
 -6.2200e-01 -6.8938e-01  1.0143e+00 -9.8849e-01  3.1322e-02 -9.0037e-01
  1.0275e-01 -2.7111e-01  1.7956e-01 -4.6318e-01 -5.7840e-01 -2.8444e-01
  4.4689e-01 -3.8938e-01  3.2500e-01 -5.6263e-01 -2.0807e-01 -5.8093e-01
  1.1420e+00  3.0511e-01 -2.0209e-01 -3.5013e-01 -6.5323e-01 -3.2979e-01
  2.0409e-01  1.1695e+00  1.0052e+00  2.7726e-01 -2.4784e-01  6.2246e-01
  5.9464e-01 -1.8237e-03 -6.7625e-01  1.1087e+00 -9.3309e-01 -3.3978e-01
 -4.9772e-02  1.5695e-01  2.0864e-01 -1.5594e-01  3.9750e-01  2.0367e-01
  7.2169e-01 -2.5056e-01  7.9569e-02 -7.2426e-01 -5.0536e-01  2.0299e-02
  1.2956e-01  1.0402e-01  5.3498e-01 -7.4539e-01 -1.3116e+00  3.6896e-01
 -2.1919e-01 -6.2014e-01 -5.4886e-01  8.2519e-01 -5.4420e-02  8.6215e-01
 -2.9506e-01  2.3294e-01  2.1968e-01  4.6935e-01 -2.2574e-01 -1.5628e-01
  4.9187e-01 -2.6337e-01 -5.1384e-01  7.0837e-04]"
fictionalized,"[-0.61405    0.0031073  0.50964    0.35434    0.054662   1.1782
  0.26122    0.089899   0.082303   0.27191   -0.28595    0.34258
  0.12499   -0.082977   0.43014    0.73982    0.55688    0.16601
  1.0562     0.36565    0.76921   -0.60975    0.009475   0.58326
 -0.42603   -0.54039   -0.57523    0.13863   -0.74679    0.8246
 -0.047773  -0.32508   -0.6477    -0.56662   -0.18693    0.01912
  0.030412   0.25814   -0.46678    0.19256    0.77698   -0.019305
  0.045725   0.88126   -0.061644   0.15159    0.16135   -0.3806
  0.22853   -0.13715    0.039469   0.64776    1.132      0.067792
  0.31258   -0.48394    0.51978   -0.30934   -0.64887   -1.0031
  0.26545    0.95238    0.14882   -0.66536    0.64965   -1.1707
  0.13686    0.60117   -0.075265   0.19442    0.41929    0.25843
  0.22011    0.61442   -0.44284   -0.26877    0.57169   -0.3845
  0.0064048 -0.27985   -0.80014    0.57642    0.15203    0.17091
 -0.62352    0.1161    -0.69973   -0.19701   -0.17195   -0.42278
  0.63238    0.15692    0.11659   -0.72498    0.43947   -0.17174
  0.050157  -0.14121   -0.64078    0.38431  ]"
0.88,"[ 1.1786    0.63981   0.3335    0.16      0.21217  -0.4756    0.097342
 -0.044111  0.71638   0.083939 -0.16397   0.24861  -1.2891   -0.66539
  0.66862  -0.16137  -0.91951  -0.95588   0.51793   0.90059   0.61628
 -0.097611  0.33197   0.28107   1.0645   -0.44494   0.098145  0.10063
  0.12384  -0.59265  -0.30744  -0.95666  -0.6491    0.2207   -0.21079
  0.41053   0.73117   0.1456   -0.056809  1.0152   -0.71298  -0.75532
 -0.78014   0.31172  -0.88676   0.066986 -0.50521   0.78439   0.038614
 -1.3559   -0.60606  -0.06296   0.55719  -0.25662  -1.1389    1.0635
 -0.48721  -0.21881   0.49966   0.61416  -0.25423  -0.29206  -0.32869
  0.93514  -0.81155  -0.86362   0.010161 -0.44311   1.1442    0.18713
 -1.6371   -0.064175 -0.32648   0.091683 -0.32628   0.20155  -0.45267
 -0.36708  -0.020763 -0.59507  -1.3001    0.09091  -0.16166   0.75085
  0.18636   0.10191   0.1534    1.3195    0.81811   0.65145  -0.099207
  0.5606   -0.21528   0.088042 -0.55388  -0.32769  -0.16304  -0.77458
 -0.22429  -0.080292]"
forwarding,"[-0.56307   -0.13433    0.11604   -0.59563   -0.022446   0.12996
 -0.64348    0.20945    0.71026   -0.035917   0.71031   -0.42436
 -0.60334   -0.019133   0.22102   -0.025963   0.48519   -0.069973
  0.34042   -0.50763   -0.31137    0.30923    0.058405  -0.86944
 -0.15489    0.30214   -0.049353   0.81605    0.11215   -0.33116
  0.15641    0.40828    0.21859   -0.66738   -0.18202    0.040349
 -0.39553   -0.36523   -0.060673   0.0017778  0.16974    0.19151
  0.3511    -0.40794    0.24844    0.64634   -0.13975   -0.37984
  0.34317    0.05364    0.31889    0.70513    0.33118    0.061279
 -0.19456    0.71122   -0.047715   0.26538    1.0976    -0.095248
 -0.29236   -0.52684    0.29715   -0.77611   -0.55919   -0.072825
  0.26776    0.067171   1.0056    -0.4883    -1.1638    -0.182
  0.26839   -1.2996     0.55989   -0.30323    0.32906   -0.58518
 -0.72858   -0.75568   -0.097687  -0.010296  -0.1538     0.67894
 -0.87669   -0.041292   1.0247    -0.39616   -0.75543   -0.26601
 -0.61223    0.4314    -0.16797   -0.2945     0.89802   -0.55614
  0.19834    0.26135    0.28471    0.4146   ]"
sapp,"[-0.31911    0.064448   0.39926   -1.2768    -0.57556   -0.19419
  0.37458    0.052895   0.014297  -0.50862    0.89766    0.25122
 -0.27368   -0.37684    0.19401    0.073794  -0.26368   -0.43325
 -0.61573   -0.20964    0.095452  -0.24706   -0.22099    0.22888
  0.32865    0.27267    0.012039   0.17098    0.26037    0.66421
  0.0074381  0.47992    0.84749   -0.024477  -0.02771   -0.24035
 -0.70048    0.55487   -0.088099  -0.44837   -0.11223    0.41185
  0.20171   -0.61095   -0.5518     0.83673   -0.63349   -0.36679
  0.32085   -0.56615    0.24395   -0.26504    0.11133   -0.59752
  0.5035     0.10764    0.79737   -0.35617   -0.61312    0.24016
 -0.43773   -0.32608   -0.027153  -0.028411  -0.13924   -0.082237
  1.2737     0.22861   -0.22609    0.24534    0.28115    0.13078
 -0.48911   -0.10585   -0.1651    -0.5004    -0.36091    0.50561
  0.37443    0.51635    0.3675    -0.26221   -0.17356    0.30594
  0.72618   -0.11129    0.48465   -0.78485   -0.37569   -0.32862
 -0.38631   -0.39341   -0.97198    0.097882   0.021774  -0.064624
 -0.33892   -0.18375    0.2849     0.84882  ]"
springtime,"[ 0.047014  0.56569   0.21372  -0.18525  -0.19768  -0.10195  -0.066248
 -0.024414 -0.54288  -0.38068  -0.59906  -0.18384   0.18578  -0.15305
  0.59532   0.4901    0.16958  -0.23913   0.14846   0.06951  -0.49194
 -0.076376 -0.32834   0.48508   0.3319    0.53775  -0.37512  -0.16151
  0.18287  -1.0316   -0.37108  -0.68349   0.64073  -0.14088  -0.19791
  0.47167   0.16522  -0.43243  -0.074055 -0.50336   0.034552  0.46783
 -0.33268   0.59653   0.27005  -0.025052  0.19152  -0.48568   0.27071
 -0.50421  -0.098226 -0.12318   0.50042  -0.33335  -0.35858  -0.14174
  0.59891   0.31625   0.020993 -0.24472  -0.16924   0.71221  -0.49331
 -0.25994   0.37555   0.098598  0.026849 -1.1725    0.042691 -0.55727
  0.23136  -0.85586  -0.42038  -0.13177  -0.60667   0.26285   0.19619
 -0.42662   0.016014  0.2377   -0.11523  -0.071809 -0.37616   0.68325
  0.043588  0.042696  0.11582  -0.2209   -0.048879 -0.22077   0.38556
  0.076467 -0.09409   0.41713  -0.2798   -0.91157   0.034739  0.26512
 -0.17529   0.57862 ]"
seater,"[-0.054153  1.1382    0.18072   0.32882  -0.4452    0.54987   0.9016
  0.50807   0.089278  0.9372    0.86744  -0.17439   0.096495  0.18013
 -0.13928  -0.47556   0.17186   1.0064    0.86545  -0.15835   0.71426
  0.31507   0.23378  -0.20184   1.0926   -0.91319  -0.29745   0.4365
 -0.51492   1.2805   -0.23799   0.23276  -0.091749  0.31392   0.52199
  0.43685   0.18047   0.47835   0.45255  -0.13012   0.81906  -0.1102
  0.45505   0.27112  -0.16461   0.84626   0.018697 -0.19786  -0.47912
  0.16976  -1.3108   -0.38769   0.20655   0.6114    0.71891  -0.39139
  0.30442   0.94939   0.42183  -0.65782   0.22002   0.27331   0.32894
  0.493    -0.78756   0.10602  -0.85414   0.050655 -1.0278   -0.54814
  0.53798  -0.55587  -0.11218  -0.42002   0.22817   0.5353    0.9219
 -0.4031   -0.43283  -0.26237   0.038218 -0.021299  0.99683  -0.3233
  0.27641   0.39726   0.16813  -0.28409  -0.17281  -0.10783  -0.58595
  0.23949  -0.30211  -0.28465   0.20242   0.39312  -0.52021  -0.17397
 -0.021338 -0.62539 ]"
arista,"[ 0.74125  -1.6039    0.99873  -0.50059   0.38832   0.13054  -0.43715
 -0.44071  -0.4797   -0.25339   1.6788   -0.2779    0.26876  -0.046775
 -0.34318   0.20813   1.2333   -0.12315   1.0707    0.1851    0.10787
 -0.029664  0.57202   0.67079   0.011938  1.3681    0.4406    0.13766
  0.74645  -0.32913   0.79371   0.088599  0.79672   0.77063  -0.38123
  0.82863  -0.1442    0.32268   0.17393  -0.21478   0.66992   0.62726
 -0.27286  -0.14357  -0.89981  -0.1987    0.11162  -0.1857    0.45806
  0.24898   0.23333  -0.25868  -1.1819   -0.74394   0.38768  -0.35979
 -0.37052  -0.21372  -0.43341   0.66831   0.39799  -0.13201  -0.31269
 -0.49642  -0.11589  -0.33296   0.27712   0.44752   0.46057  -0.13111
  0.025936  0.37323  -0.81641  -0.34373   0.22155  -0.27818   0.19837
 -0.60827  -0.49473  -0.54038  -0.3054   -0.56779   0.40988   0.87546
  0.061856  0.74049   0.96982  -0.39745  -0.96115   0.085818 -0.31924
 -0.53765  -0.85989   0.227    -0.20595  -0.52916  -0.36953   0.51074
 -0.065657 -0.39335 ]"
surin,"[-0.49641   -0.75951    1.0462     0.29642   -0.12833   -0.25773
 -0.0023254  0.66516    0.090125  -0.63839   -0.97416    0.39592
 -0.29031    0.13411   -0.25907    0.031373  -0.7857    -0.65816
 -0.44991   -0.97532    0.95994    0.59861    0.021263   0.27742
  0.086292   0.3361     1.3598    -0.80998    0.32864   -0.051121
 -1.3463    -0.15911    0.60407    0.44716    0.81496    0.45312
 -0.0072106  1.5472    -0.33511   -0.40338   -0.14532   -0.1628
  0.67368   -0.72065   -0.47294    0.52718   -0.32878   -0.58916
  0.056781  -0.096742  -0.54745   -0.0019781 -0.12703   -0.7544
  0.16856    0.70697   -0.51914    0.58291    0.088575   0.59653
  0.25326   -0.021696   0.82344    0.27787    0.097529  -0.098007
 -0.092775   0.64005    0.9571    -0.52617    0.51227   -0.13077
 -0.05118   -0.1375    -0.27577    0.59856   -0.88252    0.85317
 -0.27803    0.51609   -0.7283    -0.069226  -0.23992   -0.29916
  0.95       0.39298    0.1176     0.48895   -0.24842   -0.34171
  0.37645    0.094431  -0.32775   -0.0939     0.026684   0.06615
 -0.7111    -0.80591   -0.034853  -0.16638  ]"
metrolink,"[ 1.1741    -0.1539    -0.14746   -0.40427    0.4534    -0.27136
  0.81596    0.87472   -0.012346   0.3588    -0.51882    0.10254
  0.2353    -0.010433   0.35033   -1.0379     0.11397    0.24645
  0.013758   0.18514   -0.14986   -0.030822  -0.41289   -0.12992
 -0.2853    -0.40985   -0.28507    0.89405   -0.20282    0.26707
 -0.72437    0.75323    0.22612    0.58902   -0.99459   -0.21914
  0.16725   -0.33498    1.2951     0.75643   -0.065394  -0.2973
 -0.15886   -0.24779    0.19114    0.78454    1.1784    -0.90684
  0.15864    1.0312     0.6018     0.32804   -1.1071    -0.22584
  0.23352   -0.35307    0.17393    1.2817     0.61338   -0.6085
  0.055312  -0.35929    0.36919    0.27699   -0.25906   -0.085795
 -0.84225    0.3217    -0.60151    0.11107   -0.087196  -0.41703
  0.47276   -0.37637    1.3817    -0.68505    1.9187    -0.0071476
 -0.38589   -0.80759   -0.61276   -0.15955   -0.22845    0.5389
 -0.082239  -0.48603   -0.28313    0.79607   -0.56142    0.87217
  0.41626    0.088506  -1.1083    -0.090973   0.33894    0.16409
 -0.10955    0.49128   -0.25246   -0.81822  ]"
ineffectual,"[-0.042303  -0.12342    0.22427   -0.28414   -0.58523    0.82032
  0.19297   -0.24876    0.077243   0.06574   -0.17608   -0.33201
  0.35726   -0.47335    0.15322    0.17368   -0.10963   -0.11342
  0.61778    0.28684    0.25099    0.0061873  0.49019   -0.16523
  0.40689    0.12963   -0.59332    0.08824   -0.37506    0.1803
  0.26986   -0.25274   -0.47528   -0.6826    -0.32624    0.36887
 -0.14023   -0.45879    0.10242   -0.10214   -0.1969     0.69066
  0.35935    0.428      0.51825   -0.17653    0.59575    0.31845
 -0.64745   -0.38149   -0.40858    0.069054   0.52845    0.49589
  0.046135  -0.10445    0.34417   -0.19051   -0.40551   -0.38409
 -0.034616  -0.81199    0.13144    0.59011   -0.32495   -0.74032
 -0.041938  -0.16176   -0.0042325 -0.48116    0.50915   -0.58113
  0.099015  -0.54672   -0.070589  -0.75551   -0.54936    0.50066
  0.073557  -0.10126    0.39915    0.46517   -0.074072   0.11394
 -0.96956    0.40091    0.062473   0.94073   -0.77764   -0.95899
 -0.026507   0.073007  -0.42846    0.72693    0.16494   -0.13995
 -0.32397   -0.054272  -0.37537   -0.0073492]"
ro,"[ 0.18366   0.17329  -0.1189   -0.14339  -0.88082  -0.28056   0.47095
 -0.15306   0.87233   0.31332   0.31902   0.6155   -0.54804   0.74484
  0.6107   -0.54892   0.16222  -0.32463  -0.71298  -0.018387  1.0264
 -0.058673 -0.34156   0.04606   0.018379  0.65555  -0.30716   0.45405
  0.18884  -0.31296  -0.7472    0.55734   0.18118   0.17587  -0.58124
  0.19357   0.37299   0.73904  -0.56566  -0.19174  -0.048402 -0.36729
  0.01533   0.20133   1.1074   -0.55057  -0.19431   0.42419   0.21539
  0.45719   0.2777    0.054611  0.35566  -0.54828  -0.64091   0.41433
 -0.20066   0.85127   0.26287  -0.53826  -0.66835  -0.60976   0.75257
  0.34478  -0.31088   0.62095   0.80536   0.46296   0.41036  -0.15553
  0.62609  -0.11986   0.22497  -0.88869  -0.35321  -0.52253   0.29222
  0.15362   0.54589  -0.4937    0.15116  -1.1474    0.16071   0.51367
 -0.18013   0.19707   0.29537  -0.33127   0.2264   -0.067139  0.038236
  0.58887   0.10362   0.016509  0.57663  -0.87687   0.022581 -0.87362
  0.15016   0.10812 ]"
codice_1,"[-0.35838    0.87992   -0.26137   -0.26413   -0.19339    1.0504
 -0.2787     0.21708   -0.11171    0.092959   0.15377   -0.34734
  0.11177    0.22712    0.25101    0.34585    0.20571    0.93169
  0.026015   0.1207    -0.1401    -1.0484    -0.092532   0.46539
  0.46322   -0.48925   -0.33064    0.75412   -0.3601    -0.41355
  0.34996    0.77604   -0.74068   -0.0099686  1.0675     0.69992
 -0.18338   -0.24579    0.95543   -0.68412    0.55182    0.45029
  0.59945    0.61984   -0.3122     0.81432   -0.10165    0.017338
 -0.64291   -0.022348   0.6238     1.0636    -0.0094093 -0.41319
  0.057309  -0.15307    0.32433   -1.1061     0.57587    0.60846
 -0.5849    -0.75585    0.29166    0.038816   0.40103   -0.61624
 -0.14016    0.0062498  0.31697    0.29245   -0.66924   -0.32038
  0.50255   -0.54889    0.72216   -0.35577   -0.67356    0.23475
 -0.66586   -0.42124   -0.36408   -1.1169    -1.6337    -1.1334
  0.26645    0.99684    0.57483   -0.40775    0.32076   -0.2909
 -0.60426    0.9473     0.203      0.95182    1.2385    -0.65928
  0.19295   -0.64985   -0.15564   -0.093412 ]"
infidels,"[ 0.052872  -0.096956   0.31098   -1.4061    -0.26733    0.40971
 -0.62647   -0.74672    0.099631   0.20649    0.073111  -0.3439
  0.31131    0.23826    0.22613   -0.46194   -0.076856  -0.048116
 -0.90096   -0.048634   0.88691   -0.24272    0.28035   -0.33515
  0.60392    0.6349     0.031957   0.39377    0.41809   -0.42305
  0.13933   -0.44857   -0.02077   -0.051003   0.66016   -0.12499
 -0.32044    0.37985   -0.1354    -1.1945    -1.0835     0.84624
  0.12319   -0.1873     0.37947   -1.0003    -0.18108    0.52044
 -1.1622    -0.47008   -0.49438    0.68094   -0.24478    0.3088
 -0.56711    0.83287    0.7047    -0.2878    -0.18017   -0.13151
  0.085717   0.33648    0.11381   -1.2938     0.15062   -0.10839
 -0.088037   0.29172   -0.054736  -0.55294   -0.40084   -1.101
  0.042246   0.237     -0.78548   -0.10692   -0.15187    0.21248
 -0.055283   0.32398    0.66374    0.16306   -0.69673    0.97484
 -0.028639   0.20829   -0.33779   -0.042041   0.24841   -0.064436
 -0.7876    -0.04029    0.63613   -0.043573  -0.23932   -0.93916
  0.1047     0.042662   0.0022508  0.73388  ]"
pms,"[-0.58203   -0.14195    0.90065    0.37411   -0.48942    0.058137
 -0.72412    0.022818  -0.55183   -0.62703   -0.70324    0.38099
 -0.0094243  0.7963     0.026916  -0.40532    0.42859   -1.2821
 -0.16882   -0.76876   -0.65651   -0.53867   -0.74743    1.0029
  0.56476    0.050975   0.068557   0.51829    0.78324   -0.078308
  0.71292    0.52197   -1.488     -0.61579   -0.014535  -0.41912
 -0.42482   -0.5094     0.52221    0.62084    0.29332   -0.14558
 -0.5398    -0.90872   -0.25013   -0.19094   -0.63387   -0.094689
  0.86576   -0.43975    0.18228   -0.089186   0.12492    0.053342
  0.30971    0.66379    0.19068    0.45033   -0.36595    0.37242
 -2.071      0.30558   -0.69179   -0.73204   -0.52375    0.14901
 -0.27765   -0.016667   0.65475   -0.4679    -1.1321    -0.71586
 -0.32534    0.10254    0.50699    0.38563   -0.47325    0.58515
 -0.82947   -1.2192    -0.44406   -0.63216    0.30219    0.36798
  0.37482    0.36552    0.23319    1.2098    -0.30411    0.73166
  0.73683    0.37845    0.28576   -0.19535   -0.10375    0.6507
  0.51896   -0.50689    0.99462    0.54089  ]"
burrow,"[-0.33676   0.10283  -0.35396  -0.99519  -0.42493   0.035826 -0.84818
  0.10047   0.57362  -0.030025 -0.016283  0.63948   0.086811  0.45513
  0.98963  -0.40316   0.18733   0.55129  -0.98869  -0.32587  -0.18531
  0.22732   0.34307   0.048499  0.027975  0.22004  -0.23125  -0.13086
  0.33866   0.37628  -0.04389   0.22666  -0.24112  -0.28467   0.59954
  0.40349  -0.31376   0.25557   0.21525   0.076198 -0.042093 -0.036818
 -0.53547   0.99338  -0.24136   0.55741   0.15629   0.51462   0.35296
  0.82698  -0.30988  -0.92047   0.051297  0.44861  -0.43449  -0.42864
 -0.18891  -0.54871  -0.26934  -0.053441  0.49144   0.49228   0.82327
  0.55935   0.75888   0.058407  0.22872  -0.42398   0.17376  -1.038
 -0.035881 -0.10012   0.027523 -0.48704  -0.55322  -0.85686  -0.50747
 -0.73235   0.32797   0.66489  -0.14549   0.64265  -0.33443   0.32337
  0.22706  -0.17443   1.0591    0.58914   0.055223  0.94063   0.2791
  0.49951   0.14334   0.21349   0.95448  -0.55756  -0.074906  0.16328
  0.052894  0.23067 ]"
preamble,"[-0.18929    0.29323    0.85917   -0.19878    0.61342    0.66669
 -0.7044    -0.22688    0.25947   -0.1029    -0.19046   -0.43772
 -0.65235   -0.51142    0.15222    0.50749    0.43919   -0.12716
 -0.35025   -0.7286    -0.1197     0.3888     0.025358   0.36708
  0.46155    0.0496    -0.2424     0.65527   -0.15557    0.49484
 -0.077975   0.29361    0.18685   -0.86021   -0.69115   -0.0033074
  0.71234   -0.37825   -0.57979   -0.14864   -0.44372    0.82118
  0.69992    0.26261   -0.33386   -0.10081    0.29076   -0.24755
 -0.35592    0.13715    0.65842    0.7759    -0.50265    0.27987
 -0.12093   -0.054555   0.68949   -0.64253    0.24001    0.18655
 -0.19472   -0.34597    0.21489   -0.33909    0.35654   -0.21262
 -0.18616    0.45369   -0.84628   -1.0135     0.19519   -0.0097459
  0.69499   -0.035806  -0.08369    0.34149    0.22303    0.16267
 -0.90292   -0.63035   -1.5255    -0.71495    0.23029    0.17837
 -0.21011    0.33681    1.0307    -0.88584    0.43472    0.74752
 -0.32624    0.12927   -0.40178    0.22738    0.21506   -0.32447
 -0.37887   -0.21491   -0.61733    1.0212   ]"
quadrant,"[-0.60924   -0.81883    0.7324    -0.22262    0.58449    0.53967
 -0.039968   0.10433    0.06324    0.37203   -0.46093   -0.30208
  0.85908   -0.68351    0.22374    0.19136   -0.5175     0.4557
  0.82635   -0.96278    0.29827    0.12582   -1.0579     0.17312
  0.18396    0.26912    0.9957     0.55743   -0.076493  -0.29605
 -0.0059417  0.09197    0.51183    0.34008   -0.39937   -0.046184
 -0.45099    0.96888    0.34755   -0.57284   -0.32499    0.042591
 -0.33271   -0.13825   -0.16111    0.80028    0.52798    0.50338
 -0.11048    1.2043    -0.42875    1.1083    -0.49636   -0.33433
  0.31639   -0.99923    0.65744   -0.61283    0.38873   -0.012507
 -0.022584   0.27453    0.13862    0.70622   -0.4675    -0.083208
 -0.36155    0.53039    0.30538   -0.64213   -0.53208   -0.86004
  0.65906    0.15576    0.088971  -0.74615    0.27724    0.4795
 -0.62152   -0.56268   -1.312      0.57806   -1.3204    -0.37016
  0.17839    0.28887   -0.031887  -1.0743     0.73307    0.18237
 -0.10463    0.032963   0.052004  -0.062357  -1.0645     0.25357
  0.37984   -0.25644    0.14785   -0.22603  ]"
acacia,"[-6.5064e-01  2.4981e-01 -5.3417e-01 -3.4447e-01  2.5283e-01  3.9459e-01
 -2.8707e-01  4.9281e-02  5.6865e-03 -1.0768e+00  9.9350e-02  2.9049e-01
  2.4115e-01 -9.1966e-02 -4.7184e-02 -2.6731e-01  5.2476e-01 -1.3680e-01
  3.7615e-01 -6.4817e-01  5.1842e-01  3.4491e-01 -6.0399e-01  5.6092e-01
  9.1543e-01  1.6370e+00  8.4612e-01 -6.1365e-01 -9.9618e-01  4.4621e-01
 -5.9041e-01  2.6650e-01  3.3311e-01 -2.2670e-01 -9.1090e-02  6.5248e-01
 -4.0425e-01 -2.3807e-01  3.7276e-01  2.0236e-01 -7.2273e-01  1.8676e-01
  8.2716e-02  2.4368e-01  2.4764e-01  5.2510e-01 -4.0752e-02  6.6324e-01
 -5.5812e-01  6.3477e-01 -2.7282e-01  1.1812e-01 -6.8446e-01 -5.5928e-01
  3.6324e-01  4.7351e-01  3.0193e-01 -9.3618e-01 -2.6346e-01 -1.1196e-02
 -1.1509e-03  1.6819e-01 -6.8536e-01 -2.3304e-01 -4.9739e-03 -7.1513e-01
  5.1941e-01 -5.0202e-01  8.6325e-01 -4.5401e-01 -1.1851e-01  4.5422e-01
  4.9683e-01 -7.8929e-01 -6.0912e-01  2.9021e-01  6.8073e-01  2.1855e-01
 -7.6378e-01  4.6706e-01  2.7474e-01 -5.6869e-01 -1.1554e-01  3.2710e-01
  1.1712e+00  3.8060e-02 -3.9281e-03 -1.2686e-02  3.2692e-01  9.5621e-01
 -9.8599e-01 -5.6473e-01  1.0533e-02 -3.4924e-01 -4.0211e-01 -9.1081e-03
 -6.2168e-01 -1.5420e+00  1.6353e-01 -5.3261e-01]"
renouncing,"[-0.16229   -0.094874   0.079173   0.7213     0.090507   0.82158
 -1.155     -0.47753    0.56612    0.95849    0.2331    -0.073744
 -0.0077971  0.37292    0.61804   -0.13981    0.53242   -0.26645
  0.039854  -0.53332   -0.57216    0.077168  -0.031279   0.62578
  0.87247    0.6559    -0.26584   -0.47737    0.61058   -0.53622
  0.57181    0.016029  -0.6936    -0.13372   -0.57158   -0.45228
  0.38744   -0.80595   -1.223      0.053455  -0.20662    1.373
  1.0251     0.39649   -0.5243    -0.22228    0.53901   -0.30478
 -0.13802   -0.66559    0.52017    0.82444   -0.057387   0.24358
 -0.16545    0.27206    0.88555   -0.56716    0.075396  -0.13046
 -0.22666   -0.13711   -0.33594   -0.5742    -0.031418   0.34987
  1.0334     0.9355    -0.35191   -0.49321   -0.29401   -0.40841
 -0.6698    -0.092894  -0.22481    0.48027   -0.031539  -0.2644
 -1.1485    -0.12344   -0.29351   -0.046309   0.37777    0.85457
  0.78148    0.51874    0.60618   -0.22852   -0.21752    0.35092
 -1.2288    -0.21077    0.26932    0.26341   -0.39819   -0.45436
  0.14145   -0.28209    0.53145    0.32278  ]"
tailoring,"[ 0.62822    0.21607   -0.63797    0.286     -0.28443    0.059973
 -0.30247    0.11854   -0.37144    0.94078   -0.042509  -0.24848
  0.28941   -0.24253    0.0039672  0.79977   -0.088808  -0.31924
  0.18406   -0.1658    -0.044465  -0.10482    0.886     -0.60837
 -0.18746    0.064641  -0.21893   -0.62611   -0.76746   -0.48944
 -0.3413     0.1058    -0.65181   -1.1047    -0.30577    0.49925
 -0.85335   -0.44644   -0.035179  -0.11934    0.36614   -0.022127
  0.02279   -0.0088845 -1.0286    -0.20872    0.52588   -0.098041
  0.70312   -0.13338    0.030426   0.44136   -0.05918    0.4153
 -0.32862    0.16777    0.31371   -0.028082  -0.11709   -0.47919
 -0.049006  -0.1559     0.4344     0.45068   -0.51235   -0.51919
  0.24708   -0.35491   -0.028884  -0.55718   -0.25412    0.44503
  0.04515   -0.63752    0.54484    0.37313   -0.14089   -0.12305
  0.21344   -0.47376   -0.27998   -0.21642   -0.10183    0.31746
 -0.77341   -0.16261   -0.36524    0.067327  -0.61551   -0.33749
 -0.0037828 -0.013855   0.60848   -0.56118    0.40183   -0.31945
 -0.052714  -0.50849    1.1199     0.47195  ]"
blanchett,"[-0.40131    0.82857    0.36264   -0.97408    0.3894    -0.28536
 -1.4366     0.016179  -0.58006   -0.013466   0.06898    0.23902
 -0.61939    0.71529    0.073061   0.012804   0.52238   -0.42102
  0.6872     1.3826    -0.23138   -0.39958   -0.2683     0.5695
  0.45984    0.56926   -0.6912    -0.4159    -0.03394   -0.83693
 -0.70276   -0.17519    1.0736    -0.4161     0.79833    0.35408
  0.26264    0.66232   -0.44269    0.74549   -0.3227     0.58714
 -0.2332     0.25625    0.006971   0.14722   -0.26735   -0.20136
  0.2996    -0.20219    0.16975    0.10644    0.30218    0.67073
 -0.16942    0.14697   -0.19239    0.43473   -1.0295    -0.39702
 -0.77374    0.36419   -0.17805    1.2781    -0.1488     0.34644
  0.81085    0.25041   -0.43619    1.0127     0.36307   -0.07892
  0.20835    0.28008   -0.18847   -0.50412    0.15557    0.0017853
 -0.29915   -1.102     -0.60122   -0.6443     0.73699    0.2398
 -0.23949   -0.43365    0.21574   -0.19966   -0.42272   -0.51834
  0.069863  -0.42692   -0.17174    0.0089286 -0.063643   0.66837
 -0.15006   -0.042457  -0.65983    0.62846  ]"
surrealist,"[ 0.19299    0.34613   -0.70325    0.51401    0.49544    0.5708
  0.0013689 -0.65937   -0.023619   0.17777   -0.40647   -0.49966
 -0.37269   -0.9189     0.017608   0.94428    0.052325  -0.47638
  0.93926   -0.41986    0.13283    0.32343    0.54633   -0.26333
  0.27052   -0.44831    0.41358   -0.49124    0.23616   -0.99003
 -0.9289    -0.32508   -0.79557   -0.078071  -0.93315   -0.24182
 -0.050029  -0.14606   -0.32356   -0.84696    0.31197    0.8281
  0.18445    0.13574   -0.069772  -0.32822    0.032207  -0.070673
  0.11034    0.82409   -0.64138    1.0724    -0.01244   -0.15393
 -0.38237   -0.03313   -0.58885    0.64649   -0.28004    0.50088
  0.35817    1.2155    -0.48203   -0.20928    0.16686   -0.47766
  0.06043    0.18423    0.27366   -0.34216   -0.047154  -0.23124
  0.16494   -0.096258  -0.1174    -0.12859    0.52188   -0.11977
 -0.024317  -0.30489   -0.6817     0.69119    0.48539   -0.14815
 -0.87578   -0.12837    0.024796   0.15081   -0.042541  -1.1912
  0.66392   -0.55145    0.46309    0.1182     0.31286   -0.24889
 -0.75973   -0.96781   -0.48724   -0.77718  ]"
aliases,"[ 0.42063    0.064627  -0.17268   -0.57715    0.87092    0.73089
 -0.44424   -0.52581   -0.052083   0.57004    0.17402   -0.076424
  0.49885    0.21322    0.28642    0.016692   0.73048   -0.031815
 -0.6075     0.1675    -0.029707   0.24583   -0.11322    0.067746
 -0.71778   -0.72138    0.21108   -0.54207   -0.26312    0.048063
  0.68917   -0.14703   -0.54485   -0.1531     0.25105    0.68785
 -0.072326  -0.89723    0.010518   0.14967    0.3039     0.56459
  0.26177    0.53513   -0.72494    0.24516   -0.072974  -0.18752
 -0.31794    0.17886   -0.27591    0.36963    0.76967    0.38401
  0.16042    0.57158   -0.11319    0.075183  -0.88827    0.47962
 -0.46958    0.84163    0.39929    0.48207    0.088487  -0.72175
  0.15748   -0.79677    0.24303    0.15899   -1.1743     0.25306
  0.16105   -0.50647   -0.21395   -0.14388    0.081559  -0.47865
 -0.47729    0.17473    1.3039    -1.0649     0.0091579 -0.36892
 -0.78925    0.62644    0.17063   -0.41563   -0.15188    0.32632
 -0.41449    0.75571    0.44002   -0.68283    0.47758    0.24464
 -0.89441   -0.37185   -0.068001  -0.26614  ]"
pruning,"[-1.0257    0.42095  -1.0778   -0.51383  -0.24863  -0.25265  -0.90078
  0.68276  -0.058102  0.35941   0.098542  0.45664   0.72105  -0.032339
  0.24386   0.20408  -0.34049   0.21292   0.62404   0.096715 -0.45232
 -0.20431  -0.55563   0.64762   0.43892   0.99341  -0.42669  -0.91599
 -0.37443  -0.90396  -0.52164  -0.41882   0.64285  -0.76276  -0.6538
  0.055648 -1.0709   -0.8528    0.57806  -0.77691  -0.1033   -0.056995
  0.60655   0.072969 -0.66058   0.13956   0.11175  -0.28111   0.13811
 -0.32575  -0.068813 -0.48475  -0.47381   0.45566  -0.16166   0.67483
  0.51048  -0.22451   0.035129  0.17175   0.39039   0.85017   0.07518
  1.005     0.23726  -0.1872   -0.32204  -0.85227   1.0066   -0.93972
 -0.42739   0.15963  -0.23051  -0.27762  -0.49404  -0.47776  -0.17935
 -0.4013    0.1804    0.21935   0.42663  -0.50394  -1.156     0.21052
 -0.25713   0.60146   0.54774  -0.051936 -0.4098    0.23827  -0.25581
 -0.63868   0.28419   0.22999  -0.079523 -0.67381   0.56119  -0.30769
  0.22154   0.66909 ]"
bertram,"[-0.049569  -0.44103   -0.90129   -0.082364  -0.2233    -0.21069
 -0.28788   -0.19807   -0.24675   -0.75253   -0.13636    0.2124
 -0.1321     0.39402   -0.15704   -0.041202  -0.077142   0.15014
 -0.1298     0.29035   -0.48675   -0.15327    0.92213   -0.19353
  0.54675   -0.44805    0.33142   -0.40894    0.12237   -0.030862
 -0.24768    0.24897    0.65808   -0.21133   -0.033791   0.45521
  0.17878   -0.025641  -0.26436   -0.0088532  0.20167    0.22709
 -0.0059343 -0.028186  -0.51698    0.71261   -0.70524   -0.51019
  0.099425   0.85902   -0.016422  -0.5343     0.17058    0.078245
  0.17903   -0.099039   0.33346    0.088158  -0.76181   -0.12973
  0.27757    0.27298   -0.054354   0.59583    0.11639   -0.31224
 -0.19265    0.49603    0.2316    -0.0030771 -0.41982   -0.23297
 -0.33136   -0.070957  -0.10592   -0.09012    0.41337    0.071667
 -0.26034    0.48523    0.47396    0.21976   -0.39253    0.03019
  0.55976   -0.019254  -0.095903  -0.54675   -0.5163    -0.46821
  0.25393   -0.29155    0.53912    0.4415     0.36766   -0.018028
  0.26639   -0.75156   -1.025     -0.092673 ]"
gentile,"[ 0.8       -0.06483   -0.28366   -1.0299    -0.77451    0.65745
  0.11944   -0.66674    0.55774    0.72404   -0.33678   -0.82373
  0.35425   -0.21603    0.35941   -0.24717    0.8529     0.26253
 -0.25857    0.69412   -0.067991  -0.26965   -0.30017    0.5666
  0.050518  -0.86058    0.0013267 -0.15691    0.64409    0.58416
 -0.57168    0.04109   -0.30639    0.23468    0.38215    0.15269
  0.37893    0.26642    0.95227    0.39838   -0.52051    0.11389
 -0.3386     0.44222   -0.15557   -0.5261    -0.0015026 -0.2287
 -0.3927     0.3203    -0.065197   0.069902  -0.84616   -0.14032
 -0.91612   -0.059346  -0.040974   0.66103   -0.4531     0.0067837
  0.64512    0.25983    0.69853   -0.3304    -0.013573  -0.43659
  0.064152   0.11437   -0.33151   -0.72759   -0.68149   -0.18891
  0.093948  -0.056997   0.57006    0.083775  -0.78607   -0.52237
 -0.19056    0.22634   -0.039706   0.12242   -0.36705    0.5132
  0.25395   -0.09153   -0.61699   -0.19311   -0.25859   -0.87081
 -0.32312   -0.24938    0.35463    0.19635   -0.17795    0.11961
 -0.066249   0.16284   -0.9143     0.53141  ]"
sobbed,"[ 0.77299    0.39287   -0.57468   -0.0038167  0.078648   1.1973
 -0.49611    0.19151    0.59538    0.010887  -0.1616     0.67839
  0.16661   -0.082096  -0.30491   -0.82295   -0.24303    0.67861
 -0.57425   -0.71364    0.095199   1.0223     0.026572   0.68497
  0.93411    0.46309   -0.46234    0.10807    0.52154    0.4049
  0.6708    -0.25163   -0.019336  -0.031483  -0.35961    0.088167
  0.31626   -0.11798    0.95062    0.0085873 -0.1555    -0.031082
 -0.01427   -0.12602   -0.55468    0.14853    0.072088   0.62547
 -0.23645   -0.06269   -0.28647   -0.22901    0.62864    0.65629
 -0.46238    0.58583   -0.41705    0.13173   -0.78809    0.91853
  0.13249    0.59332    0.34201   -0.27042   -0.51405   -0.33733
  0.90539    0.26772   -0.25273    0.24719    0.15373   -0.096659
  0.72126   -0.68934    0.21253    1.1066    -0.45188   -0.61089
  0.63398   -0.66252    0.15051   -0.35701    0.70837    0.11342
 -0.62603   -1.0648    -0.5539     0.015375  -0.54201    0.27426
  0.92203   -0.35261    0.49728    0.59419   -0.0091975  0.6329
 -0.12824    0.3222    -0.21461    0.78079  ]"
soderbergh,"[ 0.40928   -0.60378    0.1058    -0.7222     0.54772   -0.4744
 -0.90497    0.010595   0.18979    0.15555    0.68536    0.23206
  0.12354   -0.33192    0.84979   -0.13942    0.78279    0.030701
  0.76824    0.30793    0.70953    0.0053733 -0.025172  -0.36327
  0.23099    0.84779    0.0019798 -0.37794    0.039861  -1.4085
 -0.10205    0.54308   -0.24419   -0.0022639  0.20473    0.34853
  0.45537    0.034013   0.125      0.24029   -0.39783    0.74647
 -0.4327     0.88172    0.56965    0.19252   -0.26982   -1.0344
 -0.14168    0.68101    0.07881   -0.35645   -0.13067    0.47212
 -0.35213   -0.39676    0.58262    0.71068   -0.5451    -0.40464
 -0.51841    1.5428     0.60685   -0.26138   -0.25785   -0.093805
  0.68408    0.67204   -0.36361    0.52205    0.59001    0.57529
  0.57894    0.23394   -0.18768   -0.29367    0.019457   0.13991
  0.45523    0.043957   0.22524   -0.35846   -0.41835    0.81041
 -0.44659    0.15962   -0.17726    0.062236  -0.38203   -0.73211
 -0.0527     0.12875   -0.16739   -0.2648     0.8622     0.75142
  0.46011   -0.08098   -0.55301    0.36608  ]"
372,"[ 0.37168    0.73309    0.3859     0.076201   0.01076    0.74891
  0.13247   -0.049208  -0.45693   -0.14215    0.73307    0.36891
  0.35098   -0.35607    0.45448   -0.12985    0.13742    0.1825
 -0.23971    0.54653    0.8729     0.35047    0.28726    0.3974
 -0.32849   -0.59309    0.76925    0.69083   -0.43945   -0.15298
 -0.42514    0.12179   -0.12009    0.069424  -0.48206    0.57151
 -0.1905    -0.25231   -0.009836   0.60333    0.36392   -0.58604
 -0.051075   0.016628  -0.011618   0.19917    0.10883   -0.48107
 -0.46341    0.48392   -0.27602   -0.362      0.25376    0.2269
 -0.97444    0.55108    0.63762   -0.41156   -0.097686  -0.12746
 -0.1324    -0.32978    0.036632   0.42473   -0.64902    0.30895
  0.44994   -0.39569    0.52904   -0.0035373 -0.33102   -0.27464
 -0.089134   0.059991   0.15497    0.53589   -0.16233    0.54019
 -0.54719    0.032785   0.036892  -0.13446    0.27568    0.24538
  0.24       0.25025    0.35818   -0.72961   -0.035378   0.54768
 -0.25865    0.6247    -0.32606   -0.50543   -0.47646    0.25617
 -0.036999  -0.2386    -0.12641   -0.18467  ]"
kovacs,"[-0.29242   -1.1861     0.060218  -0.031492  -0.16893   -0.57506
 -0.39326    0.75709    0.067827  -0.76228   -0.67048    0.86211
 -1.2255     0.38826   -0.06316    0.15751    0.14766   -0.028234
  0.074561   0.13821   -0.77055    0.76001    0.83406    0.67844
  0.77336   -0.62696    0.34194    0.13171    0.8594    -0.23469
 -0.32137    0.64439   -0.07332    0.018206  -0.12029   -0.45028
  0.14195    1.0577    -0.25635    0.27101    0.028087  -0.1399
 -0.13204    0.64132   -0.57784   -0.28251   -0.071018  -0.14049
 -0.47068   -0.53865   -0.4009    -0.19358    0.36453    0.35318
 -0.37987    0.5522    -0.64481    1.5259    -0.41437    0.027126
  0.24257   -0.36245    0.2931     0.51735    0.11832    0.045528
  0.39354    0.2354     0.54423   -0.8421     0.17368   -0.61344
  0.23329    0.0059422  0.17358    0.13009   -0.33947    0.46338
 -0.81757   -0.23899    0.28018   -0.12       0.54695   -1.055
  0.0043627  0.55057   -0.25851   -0.059862  -0.49464   -0.4246
  0.11122   -0.16374   -0.0031368  0.4248     0.32981   -0.039995
 -0.36738    0.05536   -0.61951    0.44502  ]"
kosovar,"[ 0.14065    0.53624    0.18281    0.25124   -0.11566    1.6637
  0.36062   -0.68883    0.66265    0.37106   -0.47922   -0.0052666
  0.3822    -0.05012   -0.41691    0.47062   -0.013263  -0.56172
 -0.23342    0.24739   -0.33083   -0.1845     0.082727   0.47955
  0.15863   -0.21283    0.054554  -0.3003    -0.33001   -0.8945
  0.055706  -0.23704   -0.32315   -0.070286   0.029147  -0.77801
  1.0682     1.0836     0.31449   -0.59841   -0.94933    0.4397
  0.26222    0.11664    0.40977   -0.11146    0.27567   -0.43638
 -0.19442    0.48099   -0.61911   -0.62181   -0.10202    0.30615
  0.3165     0.86529   -0.3801    -0.099637   0.83029   -0.25383
  0.41631    0.30522   -0.49874   -0.10352    0.50173    0.36571
  0.094922   0.52393   -0.29657   -0.25739    0.060218  -1.2572
 -0.57925   -0.14734    0.52228    0.5294    -0.49488    1.0062
 -0.066699  -0.4187     0.035901   0.29618    0.19677   -0.14863
  0.17057    0.20442    0.46737    0.27958   -0.78291   -0.46845
 -0.23913    0.66515   -0.41242    0.096748  -0.85175   -0.60347
 -0.25395    1.0144     0.15999    0.77111  ]"
2.20,"[ 0.78118    0.32192    0.31038    0.45199   -0.53897   -0.42664
 -0.13564    0.021803   0.017867   1.1355     0.32784   -0.44126
 -0.67857   -0.37173    0.39744   -0.61184   -0.63785   -0.35164
 -0.21988    0.88985    0.2155    -0.56985    0.53504    0.95816
  1.5232    -0.53453    0.29168    0.47557    0.027937  -0.71397
 -0.032014  -0.0064045 -0.16595   -0.01268    0.15931    0.67026
 -0.13934    0.077549   0.15842    0.18478    0.16375   -1.0605
 -0.51078   -0.24336   -0.97269    0.19259   -0.29347    0.37987
 -0.061163  -0.91988   -0.30879   -0.67027    0.9719     0.45771
 -1.2631     0.78342   -0.2855    -0.38216    0.5381     0.36466
 -0.020401  -0.63811   -0.42957    0.78252   -0.89982   -0.91192
 -0.56704   -0.3651     0.44156    0.28258   -0.55328    0.0020192
 -0.28514    0.58037   -0.19018    0.19265   -0.35097   -0.29753
 -0.40736    0.4319    -1.1096     0.53804    0.69685   -0.071376
  0.71593   -0.23819   -0.045139   0.84935    0.20038    0.16434
 -0.23857    0.59541    0.74322   -0.87257   -0.29735   -0.93839
 -0.2155    -0.46993   -0.65521   -0.37535  ]"
lehrer,"[-0.98574    0.34292    0.66513   -0.53112   -0.73524    0.15346
  0.72896    0.28564    0.17901   -0.69548   -0.021907   0.30359
 -0.23222    0.31547   -0.19468   -0.86554    0.25427    0.59054
 -0.2753    -0.67186   -0.11052   -0.2704    -0.010032  -0.25472
  0.95343   -0.10236    0.64745    1.2821    -0.97588   -0.006779
 -0.38992    0.22277   -0.57849    1.1783    -0.85654    0.83348
  0.5054    -0.31564    0.7702     0.39231   -0.74866    0.84434
 -0.89078    1.4028    -0.61065   -0.20901   -0.46503   -1.3123
 -0.28525   -0.82076   -0.87436   -0.082857  -0.093013  -0.18882
 -0.024954  -0.2633     1.0064     0.49283   -0.84317   -0.1068
  0.98979    0.067529   0.097886  -0.25522    0.35971   -0.50267
  0.82681   -0.18645   -0.37186    0.67539   -0.65711    0.467
 -0.025868   0.066009  -0.26559    0.034352  -0.24839   -0.84738
  0.0082468 -0.34013   -0.80707   -0.33899    0.5787    -0.15041
 -0.011758  -0.14294   -0.44345    1.1365    -0.4814    -0.0373
  0.090682   0.52567    0.13996    0.65726   -0.72708    0.12671
  0.80605    0.10143    0.11497    0.87435  ]"
audiovisual,"[ 0.92109    0.18101    0.39864   -0.033084   0.50664   -0.48594
  0.10383    0.49983    1.1701    -0.15449   -0.040213  -1.6543
 -0.58704   -0.25639   -0.17876    0.91217    1.0054    -0.33359
  0.33842   -0.53503   -0.85549   -0.33242    1.267     -0.78039
  0.3135    -0.63855    1.0506     0.78991   -0.36056   -0.17818
 -0.51116   -0.90488   -0.7461     0.083767  -0.26565    0.37067
  0.098033   0.2167    -0.88192   -0.31442    0.3284     0.17072
 -0.76537    0.11098   -0.22893   -0.14533    0.038815  -0.22871
  0.0071243 -0.63655    0.51557    0.81558   -0.16654   -0.53036
 -0.12938    0.10475    0.22501    0.15523    0.61267   -0.24234
  0.60731   -0.25692   -0.26672    0.13384   -0.64798   -0.21407
  0.31206   -0.078661   0.45486   -0.61967    0.55932   -0.29352
  1.1094     0.018179  -0.027877  -0.32671   -0.45467    0.53868
 -0.07572   -0.27402    0.40204    0.078659   0.77866    0.50492
 -0.66846    0.29061    0.082359   0.182      0.10508   -0.837
  0.64966    0.25594    0.25205   -0.011016   0.17679    0.088558
 -0.19075   -0.47251    1.0644     0.40204  ]"
snagged,"[ 0.17866   -0.44006    0.52391   -0.1397     0.73841   -0.88084
  0.021407  -0.085101   0.73692   -0.21905    0.046643   0.84389
  0.36378    0.10936   -0.062191  -0.17845   -0.2772    -0.56109
  0.60443   -0.34491   -0.20746    0.23558    0.5162    -0.0092168
  1.2381    -0.33593   -0.48676    0.37413    0.0066765 -0.44897
 -0.081192   0.12548    0.52527    0.39448   -0.15121    0.073826
 -0.25867   -0.062262  -0.24098    0.4128     0.083621   0.46167
  0.23193   -0.28409   -0.21073   -0.060282  -0.29108    0.50482
  0.39829    0.35178   -0.34698    0.088971  -0.42623    0.29523
 -0.040303  -0.21183    0.32084    0.10278   -0.031594   0.34453
  0.078977   0.68316   -0.12405    0.31596   -0.34604   -0.42045
  0.58331    0.36937   -0.14515    0.028977  -0.18872   -0.088573
  0.26329    0.26047   -0.42008    0.074247  -0.55863   -0.35524
 -0.28112    0.09719   -0.24198   -0.3754     0.36535   -0.19541
  0.05424   -0.58049    0.9821     0.35781   -0.73265   -0.2461
 -0.33559    0.15143   -0.77983   -0.52405    0.1783    -0.11488
  0.1647     0.52192    0.41924    0.47152  ]"
comebacks,"[ 0.17651    0.2868    -0.010866  -0.50153   -0.17957   -0.1681
  0.73494   -0.76999   -0.5155     0.042076  -0.12227    0.36742
 -0.39032    0.42575   -0.25373    0.39108   -0.58284    1.0011
  0.16015    0.20041    0.68361    0.52652   -0.83727    0.47739
  0.43149   -0.81613   -0.28919    0.19881    0.22449   -0.45088
 -0.58458   -0.80212   -0.2019    -0.15056   -0.19963   -0.17593
 -1.0138     0.084669  -0.79982   -0.020641   0.15331    0.67714
 -0.20578    0.01517   -0.58405    0.0082109  1.4121    -0.72135
  0.20627   -0.3699    -0.24245    0.12996    0.50973    0.58569
  0.80021    0.06285   -0.22632    0.55018   -0.33065    0.18362
 -0.97461    0.31303    0.093065   0.22211   -0.099455  -0.24161
  0.33763   -0.5715    -0.3118    -0.40244   -0.03236   -0.070183
 -0.52772    0.15169   -0.025062  -0.032251  -0.15825   -0.18927
  0.072346   0.29032    0.31397    0.18028    0.75375    0.64593
 -0.69776   -0.38061   -0.44914    0.0062592 -0.3627    -0.46396
  0.022598   0.51164   -0.77708   -0.25608   -0.48991   -0.69823
 -0.093402  -0.28718    0.31196    0.35695  ]"
camper,"[-0.02611    0.27201   -0.30018   -0.40097   -0.67147    0.37257
  0.76212    0.81961    0.73868    0.18145   -0.27249    0.48099
  0.029974   0.13537    0.16684    0.26375    0.57017   -0.53406
  0.18362    0.93363    0.23711    0.4526    -0.39011    0.37271
  0.79673   -0.53745   -0.85191    0.065803   0.064679  -0.10303
 -0.39193   -0.040313  -0.22793    0.017145   0.23745    0.32678
  0.54289    0.69461    1.0016    -0.64759    0.14693   -0.024454
  0.20646    0.92152   -0.25107    0.25969   -0.13035   -0.013888
 -0.03601   -0.30503   -0.33844   -0.40729   -0.71141   -0.031383
 -0.31068    0.08241   -0.041082  -0.035805   0.45629    0.44688
  0.59204    0.36564    0.38666    0.40313    0.1615    -0.13338
  0.46618    0.31454   -0.17937   -0.62567    0.22276   -0.67035
  0.90509   -0.99032   -0.22088    0.90994    0.73      -0.73843
  0.77685   -0.021181  -0.38017    0.36741    0.10901    0.078477
  0.34888   -0.12618   -0.045341  -1.0193    -0.82029   -0.0064542
  0.13687    0.027236   0.81953    0.022489   0.73302   -0.052625
 -0.23434    0.75844    0.23427   -0.52501  ]"
1-7,"[-0.70374    0.03161    0.77871    0.34516   -0.29004    0.02698
 -0.24811    0.44319   -0.42248   -0.86796    1.1879    -0.33535
 -0.0082742  0.52313    0.50987    0.85939    0.3031     1.2106
  0.025149   1.0945     0.18163   -0.076251   0.70555    1.4264
  0.74025    0.060744  -0.93987    0.49368   -0.32389   -0.2261
 -0.47976   -0.67999    0.69298   -0.64378   -0.91096    0.064499
  0.46944    0.35904    0.022189   0.35876    1.2576     0.50636
 -0.11073   -0.3628    -0.13836   -0.57938    0.41239    0.55563
  0.023023  -0.60811   -0.094165  -0.5884     0.48938   -0.23924
 -0.15946   -0.13978    0.31608    0.44708   -0.019215   0.28874
 -0.89988   -0.31238    0.038483   0.19374   -0.24903    0.32485
 -1.4035     0.3435    -1.0954     0.84839   -0.29896    0.70712
 -0.53115    0.10269   -1.4216    -0.098305   0.3346    -0.057156
  0.37852   -0.495      0.52735    0.25221   -0.87153    0.14101
  0.035148   0.091928   0.24631    0.84658   -0.68041    0.68568
 -0.55148    0.38394    0.15951    0.18311   -0.30844   -0.22315
  0.13331   -0.51633    0.16232    0.076851 ]"
graner,"[-3.8730e-01  7.8176e-01 -3.7069e-01 -4.7470e-01 -6.8044e-01 -5.0016e-02
  4.7187e-01 -1.3663e-01 -1.4710e+00 -2.2501e-01  3.0899e-01  5.5649e-01
 -8.2346e-01  4.9144e-01  4.1509e-01  3.0208e-01 -2.1117e-01 -1.1182e-02
 -1.8473e-01  4.0899e-01 -4.6331e-01 -6.9434e-01  1.7898e+00 -3.4433e-01
  2.8491e-01  7.1233e-01 -1.7438e-01 -4.8805e-01 -2.9700e-02  8.8506e-01
  1.2144e+00 -8.7428e-01  3.2034e-01 -8.3606e-02  7.2568e-02  4.4556e-01
 -1.0144e+00 -1.4841e-01 -4.3261e-02  1.2951e-01  2.2639e-01  1.6246e-01
  4.9789e-01  2.6053e-01 -5.8588e-01  9.4761e-01  4.5492e-02 -1.8300e-03
  7.2402e-01 -2.4137e-01 -4.1492e-01 -8.5228e-02  2.1950e-01  4.8031e-01
 -4.8587e-01  8.2947e-01 -1.2855e-01 -1.1004e+00 -6.2483e-01  8.4721e-01
  6.6946e-02 -4.1179e-01  5.6462e-01 -2.3128e-02  4.7634e-01  6.8257e-01
  7.3185e-01  6.5376e-01 -8.0781e-01  1.2522e+00 -4.7079e-01  5.8938e-02
 -7.0625e-01 -2.3751e-01  6.2601e-01  8.1784e-03  9.8323e-01 -1.7460e-01
  4.9113e-01  3.0952e-01  1.2253e+00  3.8307e-04  8.1813e-01 -8.5509e-01
 -5.8937e-03 -1.1547e+00  8.5549e-01 -2.6578e-01 -1.7381e-01 -2.2519e-01
  2.7542e-03 -1.4194e+00  6.0895e-01 -1.1603e-02  7.3875e-01  4.6813e-02
  7.6371e-02 -7.4356e-01 -1.3962e+00  3.4210e-01]"
tonal,"[ 0.38167    0.94431    0.013662   0.97887    0.26347    0.31012
 -0.33613   -0.56633   -0.54479    0.96094   -0.79504   -0.041429
 -0.26913   -0.31819    0.55756    0.391     -0.23415   -0.4369
  0.7046    -0.22992   -0.4497    -0.060841   0.2729    -0.52767
  0.32449   -0.21428    0.45106    0.51319   -0.26429   -0.4374
 -0.61642    0.078162  -0.38953   -0.43394   -0.067364  -0.28471
  0.28306    0.23051   -0.41614   -0.81883    0.63907    0.12788
 -0.42265    0.54699   -0.56273    0.34327    0.44732    0.18424
 -0.13082    0.4072    -0.26666    0.10537   -0.48521   -0.060514
  0.78707   -0.20568    0.93713   -0.18094    0.53277    0.59409
  0.26407    0.066667  -0.47645   -0.13889   -0.012398  -0.44858
  0.49605   -0.76366   -0.15029   -0.19507   -0.40308    0.34257
  0.72741   -0.40856    0.59995   -0.54355   -0.68974   -0.15447
  0.46227    0.32269   -1.2924    -1.0927     0.079154   0.018574
 -1.1863     0.44533    0.7271    -0.29491   -0.22066    0.19811
  0.0018597 -0.016998  -0.54734    0.24381   -0.38447    0.032612
 -0.86793   -1.1408    -0.48067    0.39294  ]"
lovingly,"[-0.83453    0.41415    0.0040473  0.59512    0.25369    1.2738
 -0.36898    0.43197   -0.030401  -0.35915   -0.14774    0.46186
  0.66484   -0.093128   0.1352     0.16735    0.34159    0.15985
 -0.2652    -0.31178   -0.18292    0.48469   -0.033897   0.031666
  0.68532   -0.51982   -1.1948     0.29179   -0.2023    -0.15133
  0.17982    0.33364   -0.015424   0.7192     0.038859   0.19482
 -0.41189   -0.66329    0.042215  -0.43558    0.13446   -0.35727
 -0.091612   0.33557   -0.38588   -0.014645   0.014816   0.32437
  0.50023   -0.12756   -0.022264  -0.42537    0.86115    0.73406
 -0.38257    0.4194    -0.2208     0.15636   -0.95811   -0.47311
  0.69329    0.94178    0.21861   -0.47704   -0.32046   -0.65516
  0.37718    0.27744   -0.21945   -0.080883   0.48569    0.55833
  0.52244    0.10609   -0.055443  -0.17875   -0.38373    0.065747
 -0.23008   -0.1148    -0.40286   -0.21727    0.073082   0.50437
 -0.68478   -0.038021   0.44048   -0.24646   -0.97281   -0.38677
 -0.27681   -0.24729    0.13467   -0.48144   -0.31703   -0.17179
 -0.13097   -0.33467   -0.23482    0.56675  ]"
5-10,"[-3.1323e-01  3.6510e-01  3.1818e-01 -1.5909e-01 -7.9917e-01  5.8743e-01
  3.4516e-02  6.1826e-01 -5.4434e-01 -5.5565e-01  1.0677e+00 -2.8600e-01
 -4.9561e-01 -2.8394e-01  4.3655e-01  2.6877e-02 -5.2129e-01  9.3707e-02
 -1.8638e-01  3.9355e-01  1.5012e-01 -4.9196e-04  2.2144e-01  8.5697e-01
  5.9739e-01 -1.1261e-01 -3.9405e-01  2.9397e-01  4.1280e-02 -2.8225e-01
 -3.5836e-01 -2.5400e-01  5.3955e-01 -7.5852e-01 -7.9616e-01  5.1167e-01
  4.4374e-01  6.7178e-01  2.2908e-01  7.3912e-01  6.8094e-01 -3.6910e-02
  2.4947e-01 -1.1644e-01 -2.5617e-01 -1.0137e+00  2.1365e-01 -1.8483e-01
 -2.5659e-01 -3.7543e-01 -1.6612e-01 -1.3453e+00 -2.8732e-01 -3.6895e-01
 -2.4987e-01  3.3879e-01 -5.8562e-02 -7.3826e-01  1.9460e-01  7.4689e-01
 -2.7467e-01  8.7559e-02 -3.2681e-01 -7.9165e-02 -4.7425e-02  7.4575e-02
 -4.2749e-01  3.8287e-02 -6.6309e-02  5.4097e-01 -3.2080e-01  7.7596e-02
  2.6633e-01  5.2420e-01 -2.6170e-01 -6.3973e-01 -1.3699e-01 -6.7037e-01
  4.0384e-01 -4.7870e-01  3.5670e-01  1.0866e-01 -2.9446e-01  1.2686e-01
  2.1788e-01 -1.8562e-01  8.8531e-01  2.6642e-01 -1.5105e-01  1.9519e-01
 -4.0617e-01  6.0687e-01  1.4001e-01 -4.5147e-01 -7.0384e-01 -2.4053e-01
  8.7275e-02 -5.2199e-01 -4.2375e-02 -2.6995e-01]"
pinball,"[ 2.8659e-01 -8.4528e-02  1.1949e-01 -4.3524e-01 -6.1381e-01  1.7140e-01
  4.2386e-01  1.4157e-01  2.8106e-01 -1.6895e-01  7.3834e-02 -7.6005e-01
  6.0597e-04 -6.9614e-01  5.6469e-01  1.0401e+00  1.2366e-01  1.1860e+00
 -2.3949e-01  6.8067e-03  3.9172e-01  3.3623e-01  1.1227e-01  2.8554e-02
  7.6795e-01  2.7343e-01  1.5839e-01  2.1794e-01 -3.0549e-01  5.6158e-01
  5.1673e-02  1.5034e-02 -8.1051e-01  7.8841e-02  9.9281e-02  1.6430e-01
 -1.1759e-01 -2.7028e-01  6.4275e-02 -1.4222e+00  8.0873e-01  6.2941e-01
  4.1733e-02  6.5094e-01 -5.2068e-01 -2.9146e-02  1.9985e-01 -1.4686e-01
  6.5214e-01  4.9563e-01 -6.6106e-01 -3.1650e-01  4.5408e-01  1.7389e-01
  7.2688e-01 -3.0381e-01  3.3433e-01  1.0580e+00 -3.6724e-01  8.7656e-01
  1.4370e-01  1.2977e-01 -9.6297e-01  4.8939e-01 -4.6658e-01  3.1080e-01
  5.8446e-01  1.2221e-01 -9.6913e-02 -1.1980e-01 -1.8142e-01 -1.4909e-01
  5.2669e-01  1.0453e-01 -7.6283e-01 -2.1409e-01  2.7844e-01  7.2144e-01
  1.9181e-01  1.7456e-01  5.5529e-01  2.9097e-01 -4.8166e-02  2.9227e-01
 -5.1325e-01  5.0530e-01  7.7339e-02 -4.0346e-01  1.2375e+00 -4.0995e-01
  1.7828e-01  7.9837e-01 -6.7055e-02  5.1933e-01  1.2520e+00 -1.5054e+00
 -1.5310e-01  2.0720e-01  1.1623e+00 -3.6209e-01]"
d',"[-0.088366  -0.19112    0.27749    0.38896   -0.56988    0.53912
 -0.28189    0.17887   -0.11748    0.13907    0.34917   -0.35774
 -0.69473    0.38157   -1.1196     0.59578   -0.53814    0.12524
 -0.23181    0.18874   -0.090697   0.31586    0.33179   -0.61766
  0.51022    0.14299   -0.41415    0.2321    -0.49477   -1.355
  0.69339   -0.4511    -0.16645   -0.033625   0.19404    0.58849
  0.5276     0.42608    0.67443   -0.16125    0.25623    0.33954
 -0.44898   -0.59051    0.48727    0.82418   -1.4666    -0.021756
  0.023361   0.13373   -0.50129    0.54982   -0.23655   -0.0053704
 -1.3047     0.16362    0.36729    0.24535    0.36877    0.12871
 -0.41466   -0.5206    -0.67627   -0.75284   -0.081666   0.35749
  0.47303   -0.049055   0.30882    0.47103    0.12405   -0.74426
 -0.31719   -0.11865    0.17785    0.13495   -0.37126    0.46313
  0.048014  -0.050135  -0.54653   -0.56021    0.053563  -0.59689
  0.25141   -0.25345   -0.39629   -0.30588   -0.25729   -0.91988
 -0.607      0.55267    0.48973    1.3152     0.80791   -0.21492
  0.14578   -0.40466   -0.36572    0.20483  ]"
27.6,"[ 0.93515    1.1855     0.64926   -0.89527    0.23265    0.75024
  0.0032224  0.019081   0.079554   0.53241    0.77679    0.9833
 -0.625     -0.41797    1.7283    -0.45775   -0.5333    -0.059575
 -0.49145   -0.020538  -0.34063    0.77592    0.73567    0.7694
 -0.44055   -0.35197    0.68149    0.58956   -0.1605    -1.2812
  0.52681   -0.10792    0.56109   -0.6142    -0.46782    0.85547
  1.4992     0.33845   -0.66552    0.47237   -0.0019661  0.50276
 -0.30285    0.74704    0.01311   -0.02018   -0.48404   -0.8705
 -0.36552   -0.79501   -0.28256   -0.43707    0.0032394  0.011268
 -0.34698    0.40433   -0.39547   -0.93864   -0.1034    -0.04819
  0.15818   -0.51982   -0.79477    0.92565   -0.94186    0.30634
 -0.14063   -0.97045   -0.21619    0.49177   -0.26989   -0.23937
  0.069117   0.32518   -0.47034    0.48895   -0.46948    0.11077
 -0.31504   -0.30327   -0.40502    0.27973    0.37269    1.5966
  0.19618   -0.12855    0.29429   -0.17502    0.54471   -0.086744
  0.25783   -0.1355    -0.55938   -1.0496     0.2589    -0.46972
 -0.28317   -0.52956    0.13456   -0.23777  ]"
spc.,"[ 0.27825   1.1996    0.21387  -0.65289   0.17983  -0.34783  -0.34585
 -0.10966  -0.72828   0.93986   0.52169   0.4922   -0.20998  -0.35767
  0.21814  -0.50181   0.027022 -0.3578   -1.1536    0.77016   0.082989
 -0.53482   0.19452   0.76722  -0.23926   0.61751   0.35062  -0.96382
  0.20946   0.67459   0.40864  -0.53896  -0.2493   -0.63125   0.19038
 -0.45767   0.054861 -0.59867   1.1654    0.59949   0.64892   0.37081
  0.35198  -0.25291  -0.13625   0.43674  -1.0609   -0.33772  -0.36649
  0.46157   0.27553  -0.40815  -0.68678  -0.035694 -0.26588   0.24611
 -0.35796  -0.60179  -0.96617   0.92769  -0.11352   0.69782   0.74885
 -0.046824  0.25098  -0.33643   0.47545   0.74917  -1.0323    1.4451
 -0.097549 -0.38125  -0.18434  -0.079328  0.066355  0.90893   0.50292
  0.42651  -0.25231  -0.5335    0.15152  -0.23029  -0.16637   0.33366
  1.2137   -0.25403   0.29989  -0.11986  -0.40219  -0.86837   0.075705
 -0.24061  -0.11448   0.55558   0.62987   0.24066   0.45761  -0.64631
 -0.97982   0.2417  ]"
corinth,"[-0.31753   -0.34656   -0.25008    0.26476   -0.15573   -0.13195
 -0.16782   -0.5522     0.79033    0.22934    0.041484  -0.2229
 -0.60866   -0.67267   -0.47089   -0.49577    0.51522   -0.73283
 -0.45828   -0.087097  -0.052557   0.060778   0.033202   0.63231
 -0.2377    -0.052779  -0.88657    0.097279   0.55604   -0.32343
 -0.052954  -0.97538    0.28714   -0.058929  -0.58292   -0.40593
  0.19059    0.10988    0.31773   -0.04098   -0.04029   -0.45488
  0.17475   -0.92906   -0.46299    0.0688     0.60204   -0.055881
  1.1793     0.95333   -0.15636    0.85056    0.78687   -0.13522
 -1.1433    -0.016526  -0.21301   -1.1574    -0.63238    0.54199
 -0.24077    0.60921    0.30239   -0.11974   -0.66412    0.53044
 -0.46672    0.14794   -0.38288    0.046082  -0.25765   -0.51526
  0.044788   0.69832   -0.032527  -0.12777    0.60758    0.66504
  0.021908  -0.21709    0.1318     0.27421   -0.67352    1.0007
  0.48052    0.86058   -0.23028   -0.30201    0.8145     0.28732
 -0.8475     0.084625  -0.48398    0.54035   -0.095394  -0.37483
  0.33475    0.0012173  0.37143    0.086637 ]"
pleistocene,"[ 0.29037    1.0786     0.36575    0.89333   -1.0336    -0.82172
  0.97966    0.63127   -0.25614   -0.86786   -0.049962   0.65104
 -0.0021332 -0.26763    1.1188    -0.63075   -0.028723  -1.0991
 -0.19006   -0.67289   -0.14651    0.81392   -0.82795    0.66388
  0.17646   -0.28315   -0.21198   -0.1155    -0.11142    0.19419
  0.60199   -0.72023   -0.18937   -0.39846    0.28947   -0.28718
  0.29746   -0.26068   -0.28456   -0.65051   -0.41197   -0.074226
 -1.0362     0.70838    0.24135    0.40814    0.82605   -0.075266
  0.085739  -0.10122    0.46307   -0.46718    0.58279   -0.89296
  0.035216  -0.093238  -1.1924    -0.94294    0.037453   1.2368
 -0.32081    1.3575     0.33168   -0.40315    1.4632    -0.35532
  0.15115   -0.76671    0.53194   -0.8374     0.42613    0.094854
 -0.48341    0.37125   -0.88443   -0.68826   -0.50738   -0.22385
 -0.11015    0.11315    0.19673    0.46238    0.43665    0.51005
  1.1759     0.7907    -0.51949   -0.23284    0.081432   0.35677
  0.042475  -0.070023  -0.12889    0.16337    0.35921   -1.0034
 -1.1116    -0.2385     0.31429   -0.60258  ]"
lager,"[ 0.23187   0.39532   0.19691  -0.5084   -0.18864  -0.21987   0.99987
 -0.90068  -0.54926  -0.22135  -0.75944  -0.44368  -0.45917   0.70271
  0.20881   0.15527   0.70386  -0.58233   0.27086  -0.45819   0.42653
 -0.44688  -0.39396  -0.21564   0.53204   0.048667  0.60311  -0.32921
 -0.57192   0.34602  -0.060193 -0.36904   0.77185  -0.024152  1.3319
  0.764     1.1992   -0.15877   0.54821  -0.056809  0.70277  -0.11656
 -0.15417  -0.10623  -0.13389  -0.45623   0.10909  -0.85798   1.0876
 -0.09075  -0.47011  -0.12857  -0.48668   0.33919  -0.31821  -0.23364
 -0.3978    0.26787  -0.24367  -0.67844   0.75793  -0.020503 -1.0345
  0.60211   0.19659  -0.50641   0.55789  -0.44399   0.79959  -0.71989
  0.3599   -0.58794   0.52968   0.21097  -0.22291   0.54507  -0.26722
 -1.1829   -0.77045   0.66532  -0.79057  -0.60875   0.093829  1.3066
  1.0269   -0.51327  -0.23101  -0.44025   0.50132   0.50139  -0.18407
 -0.09461   0.21249  -0.25895   0.21996   0.02028  -0.72875  -0.098945
  0.45443   0.53696 ]"
siem,"[ 0.21151   -0.91458    0.26904    0.028627   0.035378  -0.018266
 -0.80812    0.48095    0.32871   -0.19559    0.18178    0.56317
  0.68733    0.72096    0.40751   -0.38962    1.256     -0.76529
 -0.25278    0.87029    0.82873   -0.0095815  0.10306    0.94376
 -0.34027   -0.73109    0.85452    0.40439    0.28738   -1.5716
 -1.0884    -1.2845     0.65904   -0.34821    0.14103    0.60562
  0.41913    0.73267   -0.70128   -0.73522   -0.53848    1.2337
  0.3106    -0.27611   -0.45633    0.71734    0.4318    -0.12846
  0.17982    0.25157   -1.1298    -0.45945   -0.27994    0.02121
 -0.5251    -0.16539   -0.64627    0.091363   0.13892   -0.95541
  0.042806   0.30696    0.74685    0.55379   -1.2797    -0.021984
 -0.54923    0.42946   -0.42819   -0.11343   -0.16024   -0.82634
  0.78948   -0.76728   -0.54107   -0.51027   -0.060788  -0.14875
  0.36576    0.98189    0.24934    0.060095  -0.24871   -0.76223
  0.32857    0.59623    0.023868  -0.20483   -0.36037   -0.59541
  1.0287     0.44987   -0.24885    0.082446  -0.78479    1.0684
  0.78888   -0.6475     0.25347    0.55629  ]"
belinda,"[ 0.29838   -0.59523    0.34349   -0.73959   -0.46701    0.12457
 -0.94313    0.12534    0.1764    -0.77228    0.023637   0.24972
 -0.1454     0.055643   0.17416   -0.15803    0.92469    0.10202
  0.0048225  0.61111    0.64897    0.2948     0.62444    0.33782
  0.37125    0.64101   -0.33867   -0.52515   -0.29215    0.23161
 -0.26336    0.60402    0.64598    0.45506    0.024843   0.17375
  0.3456    -0.091314  -0.030907  -0.28291   -0.8089     0.46829
 -0.085484   0.76828   -0.10694    0.10505   -0.43214   -0.541
 -0.17056    0.54535    0.1307    -0.2539    -0.66055   -0.092259
  0.42201    0.24621   -0.28075   -0.045215  -0.75416    0.082971
  0.12842   -0.044419  -0.56788    0.78439   -0.33447   -0.32648
  0.58108    0.42258   -0.33905    0.12329   -0.1861     0.011161
 -0.13005    0.036208   0.11284    1.0054    -0.43546   -1.0101
  0.033595  -0.67131   -0.64998   -0.092788   0.042896   0.1745
  0.34426    0.24839    0.030236  -0.29364    0.10318    0.28072
 -0.0025853 -0.46574   -0.2485     0.57192    0.22573   -0.0068939
  0.14267   -0.045855  -0.45304   -0.54097  ]"
12-inch,"[-0.5035     0.27048   -0.23264    0.19189    0.24115   -0.038434
  0.67971    0.017119   0.38703    1.0925     0.80348   -0.4282
  0.35508    0.11389   -0.30253    0.32145   -0.073031  -0.031167
  0.52841   -0.71946    0.8144     0.08922   -0.24183    0.65371
  0.63396    0.42014    0.1553     0.14311   -0.3438     0.76262
 -0.37361    0.13852    0.83049    0.37928    0.24327    0.39711
  0.3904    -0.038706   0.78345   -0.58596    0.11146   -0.5991
 -0.47586    0.60335    0.37373   -1.2481    -0.15125   -0.42437
  0.26485    0.47505   -0.021702  -0.01354    0.076217   0.18805
  0.34372   -0.26039    0.856      0.10205    0.00288   -0.14852
  0.078798   0.51217   -0.56271    1.1599     0.59126   -0.45516
  0.074294   0.10195   -0.89544   -0.52885    0.48598    0.64226
  0.3086     0.55592   -0.37539    0.81393   -0.23455   -0.87341
  0.74365   -0.20385    0.90887   -0.22701    0.35194    1.348
  0.0019413 -0.047209   1.0266    -0.25333    0.97554    0.7908
 -0.55423    0.71955   -0.55194   -0.91049   -0.12514   -0.68314
  0.0038582 -0.14104    1.0062    -0.68363  ]"
ebenezer,"[-0.33115    0.72842   -0.61057   -0.21499   -0.45901    0.28065
 -0.43976   -0.083592  -0.23995   -1.1522    -0.065509  -0.0098455
  0.11386    0.059955   0.42769   -0.13759    0.22526    0.11202
 -0.84264   -0.29712   -0.11373   -0.24108    0.012288  -0.30942
  0.64863   -0.31115   -0.10285    0.013142  -0.30285    0.19571
 -0.28655   -0.025663   1.1903     0.069457  -0.87225    0.35807
 -0.24991    0.36547    0.49684   -0.37499    0.051976   1.0533
  0.64256    0.66333   -0.63716    0.50973    0.016844   0.039389
  0.55074   -0.082524  -0.70064   -0.040553  -0.52002   -0.88382
  0.11195   -0.60912   -0.16256   -0.69901   -0.38983   -0.4612
  0.0058647 -0.13627    0.4727    -0.55379   -0.31835   -0.86375
  0.33261    0.27363    0.08771    0.06866   -0.55676   -0.75415
 -0.44602   -0.47425   -0.12528   -0.18399    0.14784    0.72598
  0.047015  -0.015589  -0.98095   -0.090611  -0.14501    0.44727
  0.55097    0.35142    0.11476   -0.49098    0.16484   -0.50134
 -0.053083   0.14992    0.53751    0.84402   -0.71298   -0.90044
  0.45343   -0.65273   -0.50773   -0.1226   ]"
bakers,"[ 0.4275    -0.20386   -0.66104    0.28576   -0.78353    0.010008
  0.064016  -0.11276    0.23815   -0.31299   -0.39177   -0.3854
  0.65388    0.12967   -0.89493    0.36464    0.12732    0.18024
 -0.74822    0.11813   -0.059364   0.47356    0.34453   -0.87536
  0.48194    0.038676  -0.033769  -0.24619   -0.36433   -0.71926
  0.057503  -0.14993   -0.203     -0.46922   -0.0018645  0.38657
  0.12381    0.61465    0.61167   -1.102     -0.11581    0.21473
 -0.60319   -0.15063    0.29379   -0.38271   -0.045049  -0.35308
  0.74484    0.98671   -0.43387   -0.33543   -0.52471    0.61557
 -0.75822    0.5767    -0.29393   -0.12119   -0.38416    0.06181
  0.36179    0.064856   0.037631   0.44009   -0.064659  -0.45188
  0.29808    0.087164  -0.1982    -0.75136   -0.93615    0.38069
 -0.35961    0.033431   0.18538    0.29221    0.14901   -0.43199
  0.010836  -0.41057    0.23574   -0.23079   -0.72337    0.60073
 -0.6449    -0.26045    0.26536    0.2293     0.18542   -0.036391
  0.11412    0.47914   -0.52587   -0.4658    -0.77362   -0.71145
  0.55369    0.043422   1.1108     0.33531  ]"
ventral,"[-0.52464    0.53792   -0.10987   -0.32145   -0.16873   -0.6135
 -0.19656    0.50444    0.96855    0.20456   -0.4134    -0.30883
  0.43333    0.33865    1.254      0.29828   -0.5234    -0.76389
  1.6755    -0.16817    0.010236  -0.26791   -0.28286   -0.46817
  0.093105   0.096846   0.21014   -0.040006   0.39452    0.32254
  0.62639   -0.54338    0.13154   -0.2961     0.46048    0.060677
  0.33908    0.78102    0.82078    1.0907     1.1281    -1.1634
 -0.21995    0.1311    -0.13544    0.47131    0.50612    0.046689
 -0.48037    0.80158   -0.061637   0.63038   -0.56706    0.37967
  0.035702  -0.62193    0.34977   -1.2664    -0.67608    0.45726
  0.1394     0.73884    0.87972    0.13732    0.60764    0.27581
  0.13921    0.075044  -0.24988   -0.016825   0.17718    0.40487
  1.2427    -0.96564    0.29402   -0.15838   -0.92822    0.54939
  0.71495   -0.68478   -0.62144    0.85169   -0.97831    0.028242
  0.21875   -0.16693    0.56535    0.12918    1.1771    -0.0067985
 -1.1419     0.06818   -0.86672    0.044028   1.1425     0.39595
 -1.1978     0.098869   0.80038   -0.55164  ]"
firefox,"[-0.1273    0.42948  -0.20432   0.10786   1.0272    0.12964   0.16926
 -0.45778   1.4283   -0.70476   0.2443    1.1177   -1.0424   -0.83379
 -0.020559  0.04565   0.31226   0.60641   0.22593   0.67381  -0.71794
 -0.82986  -0.36949   1.2814    0.45676   0.20457  -0.48364  -0.16756
 -0.41569  -0.84045   0.44377   0.70756  -0.43782   0.28253   0.83523
  1.3409    0.19142  -0.10969   0.49687   0.23349   0.9039    0.42264
  0.07057   0.37366  -0.33671   0.18439  -0.19893  -0.81733   0.91196
  0.32102  -0.089964  0.29967  -0.97869  -0.48154  -1.4223   -0.66611
 -0.02996   0.51305   0.44961   0.63778  -0.58435  -0.086678  0.072212
  0.51519   1.1827    0.49428  -0.21134  -1.2696    0.65157   0.34459
  0.32687   0.63402   0.1606   -0.33354  -0.74275   0.016185  0.45003
  0.9706   -0.1295   -1.3801   -0.10241  -0.73215  -0.23307   1.2032
  0.16173   0.7506    0.57512   0.89533  -0.49327  -0.011733  0.1246
  0.43546  -0.059857 -0.32324   0.65374  -0.62135  -0.67905  -0.48242
  0.51901   0.49326 ]"
25-member,"[ 0.1664     0.28342    0.81716   -1.2603     0.71623   -0.11481
  0.34873    0.71722    0.60671    0.6062    -0.47137   -0.57039
  0.95991   -0.58126   -0.46443    0.22825    0.12643   -0.24127
  0.094558  -0.72756   -0.76231   -0.025225   0.02169   -0.70436
  0.58739   -0.92845   -0.54095   -0.027595   0.4511     0.72447
  0.22468   -0.747     -0.4062    -1.865     -0.60536    0.61018
  0.75251    0.32815   -0.35488   -0.11278   -0.55766   -0.20072
  0.71667    0.78048   -0.10189    1.4114     0.05357    0.32397
  0.22891   -0.052824  -0.14744   -0.14962   -0.45415   -0.029013
 -0.87169   -0.32204    0.38124   -0.46107   -0.10908    0.24557
  0.33953   -0.60972    0.039292   0.23775   -0.46381    0.83243
 -1.8964     0.56557   -0.10092   -0.60783    0.88005   -0.548
 -0.53077   -0.35971    0.41378   -0.26024   -1.0654    -0.29221
 -0.25027   -0.78636    0.033722   0.27476    0.97222   -0.0028474
  0.09411   -1.1805     0.92004    0.014777   0.70773   -0.46281
  0.044454   0.082898  -0.51016   -0.17162    0.35279   -0.53264
 -0.0055593 -0.11478    0.66206    0.26696  ]"
donkeys,"[ 0.15261   0.32769   0.5036   -0.9306   -0.38149   0.22576   0.036356
  0.49355  -0.054483 -0.59609  -0.53582   0.5919    0.34875   0.18726
  0.54202  -0.030036  0.42707   0.60018  -0.034431 -0.28547   0.70495
  0.45779   0.72675  -0.53189   0.35714  -0.058558 -1.4868   -0.07177
 -0.29858   0.26759  -0.20041  -0.94499  -0.39166   0.35697   0.47614
  0.20956   0.084104  0.47247   0.14633   0.36235   0.31735   0.098804
 -0.11821  -0.56269  -0.57215  -0.039038  0.054118 -0.48009  -0.46596
  0.068621 -0.98395   0.53882   0.16441   1.0654    0.18298   0.92272
 -0.06106   0.49504  -0.59369  -0.52074   0.13171   0.48465   0.64145
  0.060097  0.66877   1.0407   -0.57574  -0.38362   0.61487  -0.080896
 -0.48176  -0.6505    0.19129  -0.38777   0.16299   0.63762   0.020973
  0.75523  -0.068037 -0.18875   0.53586  -0.023956 -0.34752   0.15305
 -0.102    -0.071373  0.11711  -0.10586  -0.35592  -0.003202 -0.52819
 -0.083131  0.23625  -0.47007  -1.0387   -1.1289   -0.90664   0.24445
  0.30154  -0.19762 ]"
waterfowl,"[-0.2646     0.48463    0.54042   -0.58629    0.29571    0.075338
 -0.021381   0.22176   -0.17619   -1.3641    -1.3042    -0.37321
  0.1699    -0.5994     0.56077    0.51111   -0.051591   0.0023384
  0.07661    0.71714   -0.65602    0.91737    0.51618   -0.13349
  0.34034    0.43337   -0.25516    0.68563   -0.7592     0.12192
 -0.94549   -0.17254   -0.3335     0.86078    0.24952    0.0066258
 -0.0051425  0.22193   -0.29242   -0.71962    0.16481   -0.12442
 -0.48332    0.48388    1.23       0.67406    0.13259   -0.51425
 -0.2358    -0.31949    0.070065  -0.45384   -0.2148    -0.12084
 -0.11288    0.77361    0.69469   -0.80718    0.62506    0.23571
 -1.0067     0.53221    1.2357     0.50589    1.0585     0.015018
 -0.39025   -0.44897    0.59581    0.052966  -0.71339   -1.2052
 -0.25037    0.28432   -0.10677   -0.75189   -0.86469    0.59197
  0.25398    0.62386    0.23893    0.61896    0.071276  -0.090015
  0.31481    0.59046    0.48681    0.044685  -0.37993    0.94905
 -0.48994   -0.74411    0.47771   -0.71871   -0.59497   -0.48753
 -1.1799     0.32128   -0.3918    -0.3691   ]"
swathes,"[-0.73845   -0.037424   0.46362    0.82972    0.59778    0.43003
 -0.74297    0.019565   0.36117    0.59047   -0.15978    0.73074
  0.27162   -0.39302    0.29159    0.38527    0.0095129  0.38615
  0.65949   -0.027186   0.36295    0.74556    1.1433    -0.81973
  0.11034   -0.47797   -0.066868   0.68143   -0.41296   -0.49705
  0.84532   -1.1833     0.96664   -0.66557   -0.9276    -0.6728
  0.45776    0.98818   -1.1037    -0.19081   -0.45177   -0.049819
  0.058278   0.49915    0.99335    0.2346     0.13499    0.7045
  1.016      0.53379   -0.47292    1.2709    -0.19888    0.3474
  0.75789   -0.16698    0.21012   -0.56239    0.063785  -0.40976
  0.45142    0.38776    0.10684   -0.22924    0.5086     0.69831
  0.45769   -0.090365   0.1963    -0.52486    0.5789    -0.63499
 -0.18392    0.28772   -0.62996   -0.34797   -0.56834    0.59953
  0.28757    0.75442    1.2808     0.096877  -0.92761    0.59824
  0.18543   -0.27249    0.59283   -0.5023    -0.0082252  0.57794
  0.51492   -0.07149    0.14648   -0.058457  -0.64053    0.32165
  0.0019668  0.35125   -0.18389    0.46808  ]"
thelma,"[ 0.18436   -0.68486   -0.039451  -0.048931  -0.41436   -0.25226
  0.039108   0.35064    0.29064   -0.21385    0.1504     0.085756
  0.29607    0.058951  -0.77406    0.065523  -0.15258   -0.16978
 -0.45404    0.913     -0.25255    0.61782    0.57961    0.44426
  1.3311     1.1507    -0.48579   -0.54844   -0.41923   -0.11342
  0.35205    0.037683   0.42855    0.89598   -0.53604   -0.15525
  0.57821    0.066732  -0.078053   0.037753   0.042218  -0.091848
 -0.73243    0.28587   -0.044864  -0.035962  -0.43218   -0.38174
  0.57254    0.76609   -0.039106  -0.024811   0.086269  -0.16471
  0.33579    0.1935     0.51197    0.11354   -0.74558    0.052733
 -0.50762    0.45205   -0.65597    0.23625    0.45191   -0.45165
  0.60432    0.90593   -0.18611    0.17069   -0.60287   -0.16593
 -0.66459    0.48286    0.66887   -0.33638   -0.52192   -0.20002
  0.2841    -0.87608   -0.54116    0.14234    0.045981   0.52456
  0.14136   -0.14212    0.16128   -0.16623   -0.16638   -0.49051
  0.53592   -0.16908    0.39738    0.42429    0.14382   -0.54284
  0.20483    0.0078247 -0.56057   -0.22225  ]"
grievous,"[-0.63064   -0.50816   -0.066005   0.34686    0.22587    0.49787
 -0.15555   -0.46831    0.82577    0.43938   -0.35485    0.74644
 -0.64466   -0.1743    -0.27651   -0.029157  -0.45449    0.34075
 -0.56938    0.98433    0.99577   -0.78773   -0.23565    0.059285
  0.26513    0.7166    -0.15619   -0.52124    0.37643   -0.228
  0.60187   -0.40735   -0.41637   -0.79589   -0.79303   -0.7307
 -0.25343   -0.1301    -0.15795    0.71223   -0.10866    1.0524
  0.57982   -0.43425   -0.49427    1.0679     1.0263    -0.36452
 -1.2305    -0.1793     0.37725   -0.76229   -0.69675   -0.56938
  0.55504    0.58211    0.50669   -0.12712    0.30572    0.54267
 -0.093614   0.75341   -0.9429    -0.28566   -0.72356   -0.60758
  0.51352   -0.4758    -0.1387    -0.31478   -0.43759   -0.74197
  0.35794   -0.17105    0.35368    0.5834     0.055492   0.26306
  0.059583   1.0415    -0.0030236  0.71651   -0.024998   0.8658
 -0.64992   -1.1111    -0.14047    0.12394    0.2667    -0.24067
 -0.63579   -0.34373   -0.23875    0.43261    0.96039   -0.0061016
  0.52405   -1.181      0.097498  -1.0775   ]"
stanislas,"[ 0.33741   -0.95384   -0.52442    0.50629   -0.10619    0.83106
  0.75746   -0.20928   -0.70525   -1.0084     0.39083    0.97115
 -0.38959    0.33484   -0.085603   0.23882   -0.30253    0.70938
 -0.66128   -0.059781  -0.42476    0.48159    0.26204    1.1277
  0.81478   -0.21413    1.319     -1.2693     0.32635   -0.10183
 -0.8557    -0.61912   -0.1225    -0.49055   -0.74134   -0.75722
  0.040668   0.1327    -0.2547    -0.50416   -0.063758  -0.37447
  0.60647   -0.02193   -0.62408   -1.0608    -0.092132   0.65295
  0.35221    0.17626   -0.82795    0.65022   -0.34435   -0.28417
 -0.5214     0.016769   0.13037    0.67708   -0.68009    0.17964
 -0.26815   -1.1187    -0.41372    0.54661   -0.63519   -0.64805
 -0.079435   0.77664    0.44884    0.18257    0.027343  -0.87542
  0.18704   -0.041516   0.012873  -0.21857    0.012733  -0.90458
  0.59354    0.6659     0.99804    0.012062  -0.54571   -0.48173
  0.2974    -0.36137   -0.0023501  0.68042    1.1392     0.046688
 -0.14787    0.37232    1.0224    -0.1228     0.2617     0.23607
 -0.085784  -0.60918   -0.54052   -0.71836  ]"
chola,"[-0.6905    -0.38661    0.21349    0.85095   -0.50105    0.06871
 -0.32474   -0.58771   -0.17822    0.013922   0.062116   0.42763
 -0.42192    0.69618    0.09121   -0.60903   -0.592     -0.90379
 -0.95568    0.37437   -0.70889   -0.06593    0.045416   0.79404
  0.30126   -0.92176    0.19147    0.8062     0.57145   -1.0178
  0.43775   -0.40647    0.77079    0.22073    0.1466    -0.1775
 -0.56459   -0.14089    0.92843   -0.68163   -0.61359    0.56737
 -0.35736    0.26945    0.027251  -0.31525    0.94166   -0.22777
  0.67488    0.12106   -0.67428    0.64419    1.0464    -0.57796
  0.20822   -0.083513  -0.61609    0.41321    0.058892   0.52098
  0.068163   0.080034   0.036134   1.7697    -0.15785    0.4459
 -0.077315  -0.041287  -0.90424    0.75509    1.026     -0.0092293
  0.80449   -0.27997   -0.094708  -0.18742   -1.5904     0.65147
 -0.089406   0.56381    0.17763   -0.41242    0.25072    0.23747
  0.27722    1.4845    -0.6833    -1.9935    -0.47171   -0.72865
  0.096814  -0.12768    0.36717    0.14087   -0.086166  -0.65106
 -0.91384   -0.17453   -0.37008   -0.22608  ]"
knuckles,"[-0.18526    0.29674    0.46008   -0.55126   -0.52602    0.568
 -0.6675     0.033925  -0.17299   -0.055637   0.58346   -0.24985
  0.45507    0.30169   -0.54264    1.0398    -0.26067   -0.079934
  0.09145   -1.1539     0.44319   -0.32952    0.40605   -0.51507
  0.28613    1.4458    -0.57548    0.086282   0.36542    0.11401
  0.99855   -0.15725   -0.1923     0.60785   -0.17507    0.29016
 -0.69348    0.33393    0.7163     0.25983    0.50455   -0.35661
  0.088424   0.016327  -0.71968    0.64998   -0.12004   -0.12043
  0.56314    0.22512   -0.89538    0.27869   -0.51404    0.87177
  0.11385    0.13815    0.32691   -0.11276   -0.74951    0.27104
  0.19994    0.74812   -0.36912    0.074405  -0.012185  -0.60824
  0.72156    0.36841    0.21835   -0.89478   -0.1707     0.22922
 -0.0073329  0.16426   -0.44925   -0.35105   -1.0608     0.47787
  0.11996   -0.60664    0.28441    0.18881    0.15863    0.037422
 -0.050817   0.40232   -0.09014    0.0023336 -0.04484    0.033944
 -0.4172     0.95627   -0.3187     0.91924    0.59116   -0.71327
 -0.52686    0.11587    0.26358    0.20685  ]"
0.73,"[ 1.2083     0.77391    0.2309     0.24531    0.30862   -0.36945
  0.0057231  0.059135   0.85145    0.10914    0.13552    0.35043
 -1.1055    -0.77567    0.65124   -0.18129   -0.9862    -1.0497
  0.55394    0.78735    0.44055   -0.10575    0.315      0.43382
  1.1993    -0.49602    0.13823   -0.08157   -0.031074  -0.64623
 -0.52286   -1.2004    -0.65033    0.28039   -0.17279    0.31681
  0.4686     0.084922   0.054574   1.2893    -0.67719   -0.64029
 -0.79576    0.30431   -1.0749    -0.078211  -0.37191    1.1247
 -0.10627   -1.2708    -0.85865   -0.10685    0.23736   -0.25829
 -1.0201     0.95222   -0.54513   -0.41486    0.43761    0.66482
 -0.41019   -0.40474   -0.34012    0.94006   -0.90427   -0.67831
 -0.010317  -0.54148    1.3949     0.29024   -1.5545    -0.018773
 -0.20058    0.12523   -0.24895    0.17289   -0.35287   -0.49619
 -0.13412   -0.69929   -1.3109     0.25941   -0.32227    0.97215
  0.02357    0.1479    -0.077269   1.2006     1.0808     0.55915
 -0.23288    0.40422    0.10411   -0.068807  -0.5281    -0.25067
  0.060593  -0.79059   -0.55572   -0.2285   ]"
deserters,"[ 0.25534    0.2239     0.024708  -0.70118    0.022034   0.39949
 -0.20696   -0.63388    0.013676  -0.22687    0.01028    0.9037
  0.53833    0.13663    0.40803    0.25461    0.30379   -0.64063
 -0.37118    0.25286    0.52004   -0.39308   -0.10864    0.27289
  0.20478   -0.22888   -0.021969  -0.092448   0.65621   -0.50639
  0.54831   -0.095618  -0.90262    0.037859   0.92766    0.065695
 -0.7215    -0.19917    0.013939  -0.30841   -0.34318    0.71701
 -0.10014    0.14907    0.47563   -0.16678    0.06361    0.054945
 -0.35859    0.30987    0.3144    -0.21395   -0.29177    0.25384
 -0.28187    1.4683     0.49178   -0.89648    0.67649    0.68437
 -0.27983    0.25943   -0.23979    0.21013    0.47957   -0.58298
 -0.12707    0.17521   -0.20567    0.44963    0.26111   -0.95122
 -0.84266   -0.25054   -0.41359    0.60002   -0.16052    0.86493
  0.14227   -0.02861    0.49917    0.042069   0.16528    0.40207
 -0.17383   -0.0079862  0.38653    0.26804   -0.30278    0.26598
 -0.06778   -0.4157    -0.2428    -0.23127   -0.50849   -0.64162
 -0.3459     0.41732   -0.49128   -0.065993 ]"
rocketing,"[-0.033838  -0.088187   0.34148    0.44851    0.41564   -0.24794
 -0.50349   -0.47235    0.18015    0.49184   -0.18055   -0.0019573
 -0.016321   0.091315   0.25062   -0.0423    -1.485     -0.31439
 -0.021243   0.22962    0.32654    0.15487    0.20693    0.57723
  0.42692    0.042112  -0.59893    0.18472   -0.52529   -0.29185
 -0.68993   -0.8027    -0.022264   0.75288   -0.7341     0.15482
  0.14745    0.12506   -0.32406   -0.44485   -0.21257    0.49309
 -0.45136    0.16409    0.71039    0.38144   -0.38178    0.29872
  0.54098   -0.35349    0.065613   0.78255   -0.060999   0.82566
  0.19051    0.030453   0.81138    0.45022    0.28027   -0.39653
  0.57531   -0.040844  -0.25276   -0.0071566 -0.61044    0.61221
  0.56371   -0.82081    0.24579   -0.40017    0.066885  -0.54821
  0.17038    0.35519   -0.5726    -0.44155    0.31551   -0.059921
 -0.68725    0.16883    0.61339    0.59744   -0.80783   -0.17967
  0.6922    -1.161      0.79199   -0.24581   -0.017498  -0.21892
 -0.61279    0.65481   -0.5403    -0.29579   -0.80366   -0.49398
  0.69656    0.76141    0.2688     0.23388  ]"
snl,"[-0.1937    -0.23584    0.61672   -0.82272   -0.73697   -0.85568
  0.45119    0.088572  -0.13275   -0.0082906 -0.25213   -0.016331
  0.87747    0.18525   -0.092687  -0.24081    1.1484    -0.47315
  1.0498     0.46389    0.50694    0.01538   -0.4026     0.20165
  0.75905   -0.46379    0.71893    0.83594   -0.65288    0.56516
 -0.11561    0.11336    0.13544    0.092433  -0.81673   -0.11747
 -0.17429    0.2909    -0.16623   -0.82689   -0.24664    0.53054
 -0.6499     1.0325    -0.86191   -0.66247   -0.86523   -0.52233
 -0.14668    0.029189  -1.3153    -0.59872    0.62752   -0.55873
 -0.18854   -0.1343     0.79976   -0.54225   -0.70926    0.42065
 -0.78606    0.72453   -0.8032     0.40667    0.67879   -0.31514
  0.1576     0.36849   -0.015365   0.53303   -0.33323    0.52669
 -0.38514   -0.13304   -0.65011   -0.5664    -0.035628   0.19595
  0.31517   -0.3659     0.56191    0.32085    0.017275   0.22242
 -0.45567   -0.3956    -0.33054    0.92997    0.43435    0.57599
  0.20066    0.20365    0.74329   -0.083368   0.74379   -0.4438
  0.7546     0.45883   -0.50465    0.7386   ]"
scalfaro,"[-0.33914  -0.62291  -0.093364  0.97032  -0.69572   0.48006   0.031283
  0.4278    0.068738 -0.56285  -0.61714   0.16247   0.29462  -0.3104
  0.19388   0.87725  -0.082292 -0.17937   0.45765   0.49197  -1.6379
 -0.10669   0.46667  -0.21774  -0.13875  -0.6602   -0.49646   0.68861
  0.060716 -0.95174   0.40843   0.048071  0.21503  -0.086722 -0.14371
  1.4023    0.95318  -0.88248  -0.027129 -0.56928  -0.88348  -0.12272
  0.85777  -0.75294  -0.058381 -0.32243  -0.46889  -0.87491   0.087965
  0.70827  -0.39355  -0.03448   0.98587   0.51535  -0.40716  -0.14902
 -0.70401   1.051    -0.44338   0.70917  -0.62015   0.63496   0.014145
  0.061894 -0.70451   0.058424 -0.4147    0.051213 -0.85588  -0.57837
  0.052078 -0.091002 -0.44626  -0.38205   0.29628  -0.078982 -1.8552
  0.57434  -0.17505  -0.11647   0.43774  -0.98359  -0.53617  -0.33163
  0.2609   -0.58364  -0.14803   1.3241   -0.33806  -1.9987   -0.32491
 -0.17954   0.19498   0.69758  -0.058176 -0.018399  0.45498   0.013698
 -0.047435  0.7393  ]"
loathing,"[ 0.080215 -0.38479   0.66118  -0.3393    0.40377   1.1535   -0.2603
 -0.98087   0.2497    0.15661  -0.30421   0.16034  -0.1404   -0.31403
  0.52338   0.13008   0.53561   0.49124  -0.37252   0.1472    0.4481
  0.52618  -0.68201  -0.025958  0.36906   0.84838   0.63789  -0.12994
 -0.016254 -1.0226   -0.086774 -0.26104   0.069827 -0.26635  -0.26464
  0.48263   0.42412  -0.043507 -0.14389   0.12479  -0.1058   -0.21134
 -0.12956  -0.37175   0.11579  -0.48181   0.087743  0.31283   0.12991
 -0.37465  -0.93179   0.053268  0.089616  0.24513   0.27723  -0.31138
  1.1135   -0.48904  -0.69456  -0.86931   0.50683   0.33824   0.44547
 -0.47087  -0.33995   0.4384    0.95521  -0.43264  -0.43167  -0.1812
  0.11784  -0.011276 -0.052696 -0.050554 -0.91208   0.055273  0.22571
 -0.58119  -0.58817   0.43174  -0.11531  -0.12172   0.042736  0.37564
 -0.22123   0.27173  -0.437    -0.15407  -0.51155  -0.44165  -0.3971
 -0.092981  0.38353   0.43412   0.35888   0.27373  -0.15988  -0.36063
 -0.11637   0.13231 ]"
drawers,"[-0.18623    0.8556     0.23913   -0.28364    0.42644    0.53413
 -0.20933    0.62036    0.42669    0.12441    0.70042    0.29595
  0.11292    1.0007     0.44742    0.2462    -0.13847    0.44831
 -0.31438   -1.5512    -0.65495    0.88447   -0.18315   -0.41552
  0.37614   -0.20903   -0.15741   -0.30897   -0.27333   -0.98919
  1.1202    -0.81974   -0.16259    0.025915   0.12655    0.4407
  0.050202  -1.112      0.4189    -0.64667    0.83372   -0.13188
 -0.22297   -0.57159   -0.50911    0.36209   -0.55448    0.36452
  0.54012    0.18349   -0.17795   -0.2767     0.0094245  0.17373
 -0.23509    0.25633    0.56227   -0.65154    0.22734    0.69082
 -0.38881    0.38857   -0.33709    1.495      0.13485   -0.10135
  1.1894     0.29158    0.1388    -0.51022    0.52696    0.46785
  0.44245   -0.69217   -0.11638    1.0169    -0.87174   -0.13083
 -0.027384   0.12659    0.20354   -0.083098  -0.20891    0.10224
 -0.1158    -0.25569    0.38872   -0.31484   -0.63547   -0.067142
  0.52572    1.6097     0.9686     0.57259   -0.028736  -0.20505
  0.35581   -0.29189    0.20461    0.11364  ]"
knut,"[ 0.046248  -0.16894   -0.079354   0.094046  -0.25244   -0.76687
  0.026371  -0.6485    -0.080925  -0.47082   -0.19826    0.24162
  0.3728     0.15506    0.044448  -0.10599   -0.052031   0.11192
  0.12473   -0.022894  -0.79394    0.65693    0.30019    0.26408
  0.48881    0.06581   -1.19       0.37099    0.0098741 -0.050063
  0.064717   0.22404   -0.54535    0.5062    -1.2525    -0.34656
  0.81652    1.2213    -0.48507   -0.56479    0.83957    0.98433
  0.24059    0.2127     0.050735  -0.25001    0.11587    0.3358
 -0.16274    0.79451    0.51006   -0.43648   -0.29091    0.6976
 -0.72671    0.21585    0.0019107  0.92034   -0.57086   -0.24969
  1.0194     0.90036    0.050445   0.083      0.44649    0.39554
  0.066836   0.78685    0.84523   -0.34206    0.40675   -1.097
 -0.073441  -0.52703   -0.29628    0.8011    -0.21643   -0.27959
 -0.12125    0.0037997 -0.13858   -0.6135     0.35512   -0.20362
  0.44289   -0.15058   -0.012673  -0.30728    0.43632   -0.12052
  0.582      0.27548    0.37101   -0.79267    0.2695    -0.029262
 -0.15031    0.51117   -0.016976  -0.74381  ]"
dimitar,"[ 0.53287   0.41755   0.10476  -0.29953   0.022032 -0.091744 -0.42304
 -0.099695 -0.56678   0.010902  0.56245  -0.27762  -0.37539   0.18803
  0.86528   0.17343   0.80606   0.20775  -0.1713   -0.40574  -0.40988
  0.22232   0.22318   0.9932    0.091739  0.29814   1.123     0.74048
 -0.29938   0.33748  -0.84376   0.96632  -0.56988  -0.85585  -0.041717
 -0.13017  -0.10336   0.55503  -0.37571   0.21759  -0.17313   1.0414
  0.43645   0.17151   0.082452  0.15109   0.47989   0.39008   0.36178
  0.7681    1.3361   -0.133    -0.58608   0.57396   0.16167   0.29127
 -0.60178   0.89349  -0.68435  -0.36224   0.36224  -0.018624 -0.51382
  0.20774  -0.61937  -0.13887   0.63773   0.33597  -0.63032  -0.4141
  0.70436  -0.58409   0.65088  -0.67633   0.5567    0.13278   0.30539
 -0.065425 -0.1771   -0.020031  0.12541   0.28025  -0.43358  -0.66969
  0.37123   0.13103  -0.13556   0.84204  -0.50002   0.18597   0.04534
  0.15834  -1.7039    0.21301  -0.86208  -0.91522   0.63914   0.52426
 -1.469    -0.83081 ]"
amiable,"[-1.3269e-01 -1.9974e-01  6.4176e-01  8.7524e-03 -3.4637e-01  6.4464e-01
  3.7567e-01  8.9634e-02 -3.2282e-01  2.7522e-01 -2.6572e-01 -3.4025e-01
  4.6127e-01 -7.3688e-01  5.6471e-01  3.4418e-01  2.4627e-02 -4.4382e-01
  3.7173e-01  2.5556e-01  4.0329e-01  2.9119e-01 -8.1844e-02 -5.1433e-01
  7.1951e-01 -1.5272e-01 -4.3071e-01  3.8655e-01 -6.0457e-01 -1.8142e-01
 -3.7922e-01  2.0681e-01  1.9479e-01 -4.6495e-01  3.2345e-01  7.0137e-01
  2.2181e-01 -1.6047e-01  4.2891e-01 -1.2870e-02  3.4079e-01 -1.1706e-01
  3.6484e-01  1.6249e-01 -3.1442e-01  2.6682e-01  4.1316e-01  2.5340e-01
  7.6294e-02  2.4900e-02 -1.1681e-01 -6.6360e-01  6.2806e-01  1.5092e-01
 -2.4763e-02 -1.7831e-01  4.1927e-01 -2.2597e-01 -5.2025e-01 -1.1845e-01
  1.2798e-01  1.5969e-01 -3.6226e-01 -2.7160e-01  3.4758e-01 -5.3401e-01
  9.5871e-01 -4.4788e-03  9.5096e-02 -3.8759e-01  4.2019e-01 -4.3867e-01
  1.7921e-01 -5.2576e-01  3.8882e-02  5.4359e-04 -4.0056e-01 -6.3728e-01
  5.3624e-01 -6.7549e-01  9.5281e-02  5.5794e-01  5.4364e-01  2.4297e-01
 -2.9386e-01  2.4960e-02 -1.3711e-02  6.8615e-01 -4.3474e-01 -8.7339e-01
 -3.1772e-02  1.7285e-01 -2.9911e-02  5.5391e-02  1.2234e-01  6.6142e-02
 -6.4534e-01 -5.1350e-01 -7.1614e-01  3.1212e-01]"
calcavecchia,"[ 0.031164  -0.094362   0.26821   -0.033539   0.16825    0.20578
  0.52956    0.0046839 -1.1424    -0.78002    0.047903   0.42352
  0.391      0.036597   0.44466    0.47508   -0.32726    0.44717
 -1.1213    -0.13905    0.43835    0.46084   -0.098274   0.52094
  0.88098    0.022221   0.33643   -1.134      0.22126   -1.3096
 -0.84501    0.70716    0.046824   0.208      0.84146   -0.57682
 -0.12013    0.096126   0.88448   -0.080772  -0.37055   -0.23498
  0.56971    1.0341    -0.89316   -0.46284    0.22978    0.14131
 -0.41971   -1.2224    -0.56141   -0.51761   -0.060308  -0.60716
  0.011461  -0.1287     0.51316    0.5329    -0.5205     0.47687
  0.14906    0.30284    0.40337    0.67972   -0.41791   -0.49401
  0.90743    0.43884   -0.0045378 -0.26753   -0.29233    0.39906
 -0.45911    0.47287    0.078258  -0.17866    0.31879   -0.2651
  0.10884    0.25447    0.27976   -0.36167    0.56455    0.71594
  0.67712    0.4275    -0.11265   -0.15601   -0.46623    0.84941
 -0.78465    0.012425   0.057239   0.074059   0.073119   0.061878
  0.43988    0.31666   -1.0716     0.26799  ]"
deranged,"[ 0.657    -0.44827   0.67619  -0.048766  0.088768  1.3364    0.69251
 -0.11009   0.70683   0.27853   0.15242   0.082657  0.24499  -0.59128
  0.21596   0.96163  -0.298    -0.37748  -0.42984   0.22344   0.36801
 -0.34467   0.19418   0.055021  0.65325  -0.11059  -0.46981  -0.37512
 -0.057185  0.62325   0.38981   0.68388  -0.013386 -0.26253  -0.55067
 -0.66172  -0.47828   0.051898  0.96604   0.21606  -0.048821  0.59951
  0.37481   0.59513   0.31929   0.046914  0.36603   0.67519  -0.15533
  0.05962  -0.29179  -0.95129   0.4489   -0.085351 -0.24534   0.1745
  0.81578   0.28848  -0.086989 -0.33398   0.18982   0.76609  -0.45781
  0.60259   0.38992   0.018894  0.47954   0.15333   0.069674 -0.175
  0.27395  -0.9462   -0.14973   0.38447  -0.25332   0.52412   0.77771
 -0.44125   0.55678  -0.56307   0.45176   0.080416 -0.27493   0.11362
 -0.47295   0.17301  -0.54399   0.55461  -0.70103  -0.067863 -0.16001
  0.25194   0.42202   0.27304   0.57589  -0.21523   0.11925  -0.47594
 -0.55897  -0.45329 ]"
materialism,"[ 7.2275e-02  6.7346e-01  7.9993e-01  6.8239e-01 -1.9868e-01  7.5219e-01
  5.1216e-03 -7.0519e-01  4.0413e-01  3.9661e-01 -6.6085e-01  2.0483e-01
  3.8030e-02 -2.1734e-01  6.5683e-01  2.7175e-01  4.7808e-02  5.4819e-01
 -2.6098e-01 -3.5319e-02  4.0935e-01  1.9780e-01  1.4976e-02  4.9194e-02
 -3.3495e-01  8.1181e-01  5.4173e-02 -5.4032e-01 -1.1843e-01 -2.3885e-01
 -3.1220e-01  9.5227e-02 -5.2856e-01 -3.7605e-02 -8.7222e-01  3.3535e-01
  1.2275e-01  5.7853e-03 -4.5979e-01 -2.7089e-01 -5.5754e-01 -2.5523e-01
 -6.6767e-01  8.5687e-02 -3.6212e-01 -8.1861e-01  7.1695e-01 -2.2931e-04
 -1.1838e-01  5.1210e-01  2.9533e-01  5.8707e-01 -8.4302e-01  4.5120e-01
  6.8940e-02  1.9358e-01  1.6684e-01  1.2989e-01 -4.3076e-01 -2.5406e-01
 -1.2579e-01 -7.6783e-01 -3.0208e-01 -1.4760e-01  9.7706e-02 -4.0268e-01
  7.2711e-01 -6.6094e-01  1.2798e-03 -4.3043e-01 -1.9341e-01 -2.3419e-01
  5.5270e-01  2.4737e-01 -9.0654e-01 -3.6537e-01  2.2163e-01  1.2374e-01
 -1.0181e+00  8.4770e-02 -5.6735e-01  9.9892e-01 -3.4481e-01  2.1693e-01
 -2.0122e-02  7.2791e-03 -8.8711e-01 -1.8024e-01 -4.1716e-01 -4.5423e-01
 -2.7656e-01 -1.2427e-01  1.0326e-01  4.0331e-01  2.2529e-01 -1.2835e+00
 -5.2694e-02 -1.2233e+00  1.1295e-01  7.8974e-01]"
kauffman,"[ 8.6194e-01  2.1251e-01 -1.0419e+00 -8.8664e-01 -1.6024e-01 -4.0445e-01
  6.3367e-01  2.5564e-01 -3.8067e-01 -4.1929e-01  7.3329e-02 -6.2280e-02
 -4.7363e-01 -6.0008e-01  2.3078e-01 -1.2415e-01  9.4303e-01  3.3652e-01
 -4.3220e-01  7.5077e-02 -1.2843e+00 -9.8308e-02  4.6482e-01  4.1023e-01
  5.3985e-01 -2.6959e-01  3.8811e-01  3.0132e-01 -6.5813e-01  2.7066e-01
  4.2082e-01  2.5333e-01  5.9439e-01  5.8046e-02 -9.5283e-01 -3.2856e-01
 -8.8287e-02  9.8882e-01  4.5952e-01 -6.8492e-02  6.7895e-01  1.4686e-02
 -1.6725e-01  6.1512e-01 -9.1269e-02  2.5631e-01  5.3092e-02  2.7115e-01
  8.5166e-02 -2.8975e-01 -2.6467e-01 -6.4455e-01  1.4536e-01 -1.1861e-01
 -1.0938e-01 -5.3103e-01  8.9899e-01  2.4451e-01 -8.2514e-01  4.1119e-01
 -5.5097e-01  5.6102e-04  3.7447e-01  5.2618e-01 -3.0365e-01 -3.3988e-01
  2.5673e-01 -4.3295e-02 -3.9821e-01 -2.6704e-01  3.1698e-01 -3.5672e-01
 -3.1638e-01 -4.0074e-01  5.6636e-01 -2.6939e-01  4.7951e-01 -1.7268e-01
 -5.5442e-01  1.4872e-01 -2.0599e-02  2.4775e-01 -6.6184e-01 -1.1521e-01
  4.5075e-01  3.7460e-01  7.1518e-01 -7.8278e-04 -1.2388e-01 -5.5188e-01
  4.4046e-01 -5.3566e-01  7.7196e-01 -3.2480e-01 -1.0570e-01 -5.0820e-02
 -8.1763e-02  2.1400e-01 -3.1505e-01  8.7373e-01]"
morgenthau,"[ 0.78902   -0.83376   -0.16368    0.1693    -0.27141   -0.40597
 -0.48103    0.53973    0.37433    0.66812   -0.029023  -0.45405
 -1.1503    -0.22607    0.26405    0.43472    0.24622    0.33878
 -0.94973   -0.11369    0.053086   0.38684   -0.011265  -0.41134
 -0.54142    0.18403    0.55212   -0.40485   -0.36639    0.15589
  0.92311   -0.11021    0.01941    0.22844   -0.05418    0.72826
  0.41728   -0.8329     1.1676     0.60648    0.24204   -0.48528
 -0.16923    0.13149   -0.0038966 -0.082909   0.3251    -0.90971
  0.42573    0.51675    0.33454   -1.1283     0.94523    0.38839
 -0.61149    0.22803   -0.2919    -0.41334   -0.53405    0.18033
 -0.3518     0.52176    0.94895    0.3648     0.23759   -1.01
  0.11781    1.5868    -0.11833   -0.35482   -0.025632   0.19607
  0.018321  -0.1188     0.3839    -0.52106   -0.67991   -0.3262
 -1.2111    -0.05746   -0.07136    0.77377   -0.13869   -0.58263
  0.25556   -0.026026  -0.77778   -0.63428   -0.30436   -0.85124
  0.25664   -0.65402    0.020033   0.40013    0.6424    -0.42066
  0.65725    0.27224   -0.40065    0.44008  ]"
sine,"[-0.089589 -0.93403  -1.2891   -0.057958 -0.54668   1.064    -0.27586
  0.32441  -0.047462 -0.178    -0.49745   0.21802   0.25883   0.09748
 -0.39906  -0.64723  -0.82257   0.19741   1.7475   -0.30744   0.88042
 -0.85868   0.50363   0.2317    0.52012   0.038516  0.85015   0.24794
  0.18126  -0.32798   0.45404   0.031022 -0.3728    0.19799  -0.093351
 -0.060228  0.50216   0.326     1.0461   -0.77131  -0.37689   0.67455
 -0.83625  -0.15386   0.024046 -0.28094   0.43573  -0.20115  -1.0935
  0.4937    0.23193  -0.4978    0.13574  -0.14392   0.074253 -0.20961
 -0.10732   0.42754  -0.070683  0.54098  -0.056898 -0.34911  -0.64012
 -1.4676   -0.47575   0.53287  -0.19989  -0.28369  -0.30429  -0.76256
 -0.087675  0.072069  0.39778  -0.069277 -0.11707  -0.36153  -1.0932
 -0.46342   0.26769  -0.35369   0.41567  -0.82424  -0.72946   0.71299
  0.067178  0.79162   0.055327 -1.2388    0.81804  -0.83939  -0.14966
  0.71141  -0.14989   0.54084   0.028366 -0.015429  0.75827  -0.24728
 -0.33167  -0.90812 ]"
elbe,"[ 0.70565  -0.029259  0.47247   0.21929   0.16397  -0.6029   -0.31195
 -0.11132   0.54701  -0.43071   0.078952  0.37454  -0.26956   0.19989
  0.54916  -0.17088   0.44221  -0.85324   0.078486 -0.25535  -0.41491
  0.07349  -0.19675   0.82476   0.24434  -0.66614  -0.57974   0.10397
  0.77285  -0.39898   0.087726 -0.37852   0.13471   0.2114    0.18475
 -0.7636    0.40384  -0.5657    0.56165   0.31081  -0.084145 -0.17366
 -0.98397   0.97042   0.77563   1.0904    0.77935   0.18345   0.85014
  1.2826    0.21586  -0.022643  0.89338  -0.062826 -1.6407    0.037765
  0.41935  -0.663    -0.16273   0.24792   0.44857   0.8764   -0.671
  0.026025 -0.054939  0.38812  -0.13473   0.15154   0.27484  -0.62926
  0.23561  -0.58426   0.43867  -0.63863   0.31928   0.018875  0.060505
  0.31318   0.80283   0.3276    0.65116   0.81056  -0.59043   0.18659
  0.2679    0.46375  -0.44673  -0.061038  0.36517   1.0004   -0.42827
 -0.22336  -0.62412   1.0069   -0.1098    0.4936    0.20929  -0.42493
  0.11311   0.16598 ]"
hive,"[-0.59824   -1.1002    -0.007158  -0.51061   -0.52247    0.80736
 -0.40002   -0.082883   0.22381    0.19887   -0.32952    0.26739
 -0.089487  -0.31235   -0.21525   -0.038715  -0.31842    0.57763
  0.85842    0.43542   -0.042932   0.1994    -0.083536  -0.24334
  0.3887     0.35819    0.30811   -0.21957   -0.11243   -0.32741
 -0.032769   0.055911   0.40464    0.12893   -0.23883    0.24
 -0.86732    0.56654    0.28826   -0.95795   -0.13327   -0.4648
 -0.50035    0.51253    0.92858    0.20307   -0.22885    0.58774
  0.42452    0.4068    -0.59376   -0.32478   -0.061291   0.63958
 -0.60009    0.26185   -0.14106   -0.0071816  0.32442    0.42278
  0.29164    0.39148    0.33612    0.42155    0.27245    0.42619
 -0.27916   -0.31892    0.32806   -1.0094     0.44421   -0.63279
  0.067399  -0.66897   -0.37387   -0.11666    0.47737   -0.71681
 -0.22296    0.69547   -0.9565     0.050368  -0.057577   0.895
 -0.15399   -0.0825     0.96694   -0.60657    0.20121   -0.018299
 -0.21267    0.22855    0.70028   -0.59068    1.0491    -0.52711
 -0.37632   -0.072604   0.63668   -0.040113 ]"
inter-county,"[-1.5777   -0.79285   0.21817   0.079762  0.5137    1.2149    1.222
 -0.45758   0.62532   0.84176  -0.014488  0.56248   0.11213   0.55832
 -0.35886  -0.34495   1.3003   -0.33765   1.0754   -0.48246  -0.91886
 -0.02827  -0.74586  -0.95482  -1.3925   -0.54633  -1.1825   -0.48554
  1.2216   -0.18231  -0.74658   0.016612 -0.57153  -0.37255  -0.48281
 -0.60164  -0.71571   1.7328    0.10461  -0.12644  -0.48121   0.53391
 -0.058808  0.89198   0.19824   0.73976   1.6218   -0.28873  -0.047391
 -1.146    -0.55658  -0.86329   0.21841   0.25956   0.53816  -0.012131
 -1.2168   -0.66835   0.68073   0.63656  -1.0929    0.26309  -0.47627
  0.95756  -0.85202  -0.73382  -0.43233   0.1908    1.3076    0.68001
  0.059468 -0.5936   -0.19199  -0.73053   0.23266  -0.32181  -0.50823
 -1.0694    0.42387  -1.3501    0.31684  -0.029399  2.1164   -0.64451
  0.094511 -0.62726  -1.4338   -0.005578 -0.30578   0.39381  -0.72776
  1.2294   -1.7545    1.5418    1.1545   -0.29276  -0.65339   0.97221
  0.72153  -0.13938 ]"
20-month,"[ 0.32231   -0.28997   -0.49912    0.78231   -0.092087  -0.36478
  0.37995    0.55647   -0.19187    1.0866    -1.0558     1.195
  0.14278    0.057726   0.19338    0.14272   -0.24212   -1.0705
  0.2408    -0.14225   -0.17474    0.18866    0.47717    1.4124
  0.6859     0.20949   -1.2612    -0.31888   -0.3248    -0.082853
  0.13522   -1.0723     0.42314   -0.36101   -0.31882   -0.17465
  0.87073   -0.56132    0.26965   -0.20108    0.87247    0.59015
 -0.17168   -0.49607    0.48833    0.4217     0.18423   -0.63646
 -0.33792   -0.16982   -0.078978  -0.56325    0.035921   0.56389
  0.27991   -0.44549    0.36663   -0.22835    0.19153    0.7128
  0.20068    0.0046905 -0.075052  -0.14896    0.058545  -0.017947
 -0.37901   -0.4749    -1.0581     0.16927    0.77055    1.1349
 -0.74967    0.44764   -1.121     -0.11781   -0.74715    0.94497
 -1.0458    -0.48064    0.66601    1.2259     0.46813   -0.29919
  0.2784    -0.041307  -0.12876    1.025     -0.60846   -0.53501
 -0.35182    0.71149   -0.42867    0.39985    0.19003   -0.10349
  0.53628    1.2057    -1.3548     0.50752  ]"
belcher,"[-0.49204  -0.10522  -0.10694  -1.1782   -0.35922   0.017669  0.13064
 -0.2638   -0.61546  -0.15023   0.25353   0.021693  0.096354  0.21891
  0.91237  -0.21149  -0.19858  -0.00887  -0.032827  0.15904   0.42674
 -0.11358   0.17755   0.10828   0.21121   0.50629   0.049153  0.03178
 -0.33973   0.011423 -0.28184   0.20644   0.89783  -0.1114   -0.16502
 -0.49812  -0.83282  -0.029683 -0.060445 -0.023896 -0.25418   0.81309
 -0.022571  0.46945  -0.40898   0.34151  -0.47262  -0.11572   0.41952
  0.82327  -0.086929 -0.42414   0.075279 -0.58411  -0.072021 -0.076494
  0.37305  -0.6152   -0.59623   1.433    -0.25769  -0.11715  -0.16966
  0.30054   0.3249   -0.35255  -0.036375  0.25115  -0.066149 -0.22652
  0.087143 -0.10586  -0.60467  -0.68528   0.24787  -0.033017 -0.42762
 -0.16413  -0.37979   0.68997  -0.25745  -0.18542  -0.63989  -0.060909
  0.41322   0.1218    0.94429   0.058465 -0.20728  -0.23347   0.42487
 -0.60108   0.51677  -0.05113  -0.47     -0.03515   0.52891   0.21164
 -0.45659   0.33776 ]"
cbd,"[ 2.3059e-01  1.4370e-01  8.2864e-01 -7.9119e-01  3.1580e-02  7.1514e-02
 -7.8738e-01  1.2480e+00  2.8923e-01 -6.0464e-02  3.5890e-04 -2.5385e-01
  7.6048e-03 -1.5082e-02  5.3121e-01 -3.8814e-01 -7.1175e-02  1.8380e-01
 -3.3829e-02 -5.5668e-01  7.3017e-02 -3.7839e-01 -1.5951e-01 -1.9716e-01
 -5.9422e-01 -1.5704e-01  1.6478e+00 -4.6990e-01 -8.7533e-01  4.1822e-01
 -5.5420e-01  7.7389e-01  6.7720e-01 -3.5804e-01  1.3747e-01 -1.1054e-01
  4.4625e-01 -4.2402e-01 -7.5326e-01  6.9003e-01 -4.5753e-01  2.4678e-02
 -2.2214e-01 -3.9378e-02  5.6343e-01  4.9948e-01  4.6595e-01 -1.9653e-01
  5.1945e-01  4.8468e-01  1.0358e-01 -2.1442e-02 -3.8757e-02 -4.3300e-02
 -6.5981e-02 -2.5684e-01 -6.3207e-01 -5.2763e-01  1.1407e-02 -1.2391e+00
 -6.0854e-01  1.8159e-01 -2.2882e-02  2.9390e-01  1.0445e-01 -1.6310e-01
 -5.3278e-01 -7.8848e-01  8.6246e-01 -5.8987e-02 -8.9432e-01  1.5867e-01
  1.0647e-01 -5.9880e-01 -1.8397e-01 -1.7641e+00  8.4659e-01 -3.4006e-01
 -2.1020e-01  1.4385e-01 -9.4697e-01  4.3749e-01  3.0512e-02  4.4632e-01
 -4.4485e-01  1.1047e-01 -2.7598e-01  5.1388e-01  6.7532e-02  8.1471e-01
  4.1776e-01  1.2691e-01 -3.8011e-02 -2.0979e-02  2.4979e-02  5.8197e-01
  3.2407e-01 -5.6762e-01  7.2417e-01  4.7309e-01]"
utica,"[ 0.40825   -0.010289   0.42395   -0.14922   -0.10179   -0.059997
  0.66093    0.20604   -0.082967   0.51382   -0.5405    -0.60391
  0.067456  -0.39926    0.23648   -0.3361     0.74403   -0.0949
  0.027326  -0.82451   -0.68126    0.9667    -0.26089    0.49459
  0.18891   -0.38361   -0.18704   -0.096929  -0.15848    0.72424
  0.11911    0.068484  -0.5666     0.38195   -0.76007   -0.53826
 -0.0061488 -0.32683    0.77128    0.0089382 -0.33361   -0.15027
 -0.82642   -0.54533   -0.55049   -0.17564    0.42257   -0.1562
  0.34222    1.1744    -0.68993    0.11816    0.32829   -0.60045
 -1.1179    -0.38765    0.28891   -0.65691   -0.72783   -0.052238
 -0.82896    0.17795   -0.3026     0.45533   -0.072933  -0.39425
  0.031719  -0.16539    0.056215   0.028759  -0.50411   -0.67972
 -0.45848   -0.15163    0.36596   -0.89279    0.57562   -0.06364
 -0.18871   -0.75517    0.36669    0.29081   -0.029737   0.5051
  0.7788    -0.097308   0.15494   -0.078989   0.19681    0.22044
  0.042349  -0.51622    0.077482  -0.057261  -0.28834   -0.41134
  0.17262    0.54151    0.20467    0.73572  ]"
alluring,"[ 0.26081   0.33087   0.73203  -0.017428  0.18991   0.21218  -0.4466
 -0.21948   0.48834   0.14932  -0.039524  0.11512  -0.50688  -0.39842
  0.70014   0.11398   0.090576  0.01137   0.81301   0.37896   0.11212
 -0.22468   0.017125  0.23261   0.24027   0.2015   -0.041899 -0.13948
 -0.71085  -0.45665   0.010692 -0.31225   0.11898  -0.45537   0.10619
  0.096503 -0.30675  -0.21939  -0.041146 -0.45067   0.59002   0.27977
 -0.26937  -0.099404  0.13531   0.066684  0.85779   0.48521   0.11154
  0.1193   -0.12942  -0.061304  0.79392   0.0972   -0.17968  -0.18996
  0.42357  -0.12459  -0.053565 -0.5578   -0.26795   0.50726  -0.011583
  0.21211  -0.1577   -0.856     1.0263   -0.14313   0.24381  -0.87562
  0.16563  -1.0196   -0.19684  -0.065086  0.20913  -0.07622  -0.25633
 -0.49034   0.051456 -0.9206    0.15445   0.17428   0.36349  -0.036142
 -0.18294  -0.42381   0.4124    0.4656   -0.2373   -0.4744    0.19755
  0.5791    0.31862  -0.55805  -0.24067   0.19554  -1.184    -0.45848
 -0.48785   0.76941 ]"
parlance,"[-0.014604  -0.11785    0.56744   -0.42882   -0.58669   -0.069974
 -0.14471   -0.81529    0.67321    0.27645   -0.73528   -0.70248
  0.12438    0.086809  -0.37961    0.35314    0.50975    0.1713
  0.39285   -0.26464    0.47176    0.86983   -0.16122   -0.10724
 -0.025484  -0.3153    -0.40412   -0.39315   -0.40942   -0.27207
  0.029247  -0.0033897 -0.59997   -0.28774    0.32306    0.58553
 -0.52928    0.13786    0.60441   -0.55392    0.033028   0.30849
 -0.39167   -0.18256   -0.50362   -0.57136    0.3878    -0.26188
 -0.80652    0.072565  -0.024166   0.027743   0.51364    0.39076
 -0.44224    0.18024   -0.24881   -0.13704   -0.065317   0.25096
 -0.26709   -0.097282   0.46804   -0.10733   -0.12866   -0.66138
 -0.035074  -1.0367     0.13418    0.11238   -0.53925   -0.50362
 -0.33943    0.0067475 -0.39961   -0.63234    0.44135    0.34344
 -0.14695   -0.59907   -0.1714    -0.85377    0.35753    0.20362
 -0.45882    0.6619    -0.32653   -0.13556    0.05009    0.24155
  0.32252    0.70613   -0.11142   -0.0029754  0.41584   -0.19362
  0.15531   -0.59866   -0.15142    0.79462  ]"
justifiable,"[ 2.2947e-01 -1.6050e-01  5.8350e-02 -7.4266e-02 -4.3575e-01  3.2208e-01
 -7.0800e-01 -4.0979e-01  7.4003e-01  4.2374e-01 -6.4659e-01  5.1186e-01
  6.8948e-02 -3.9253e-01  5.8743e-01 -4.4926e-01 -8.1632e-01  1.1198e+00
 -1.6466e-01  1.2577e-01  9.0103e-01 -4.6609e-02 -3.2076e-01 -8.4268e-02
 -1.5501e-01  4.2986e-01  3.9472e-01 -3.6895e-01 -3.0534e-01 -1.0059e-01
  5.1326e-02 -2.4938e-01 -2.7433e-01  2.3203e-01 -4.4425e-02  3.3719e-01
 -9.4798e-02 -1.1379e-01 -1.8712e-02 -3.2876e-01  7.9519e-01  9.1295e-01
  1.2598e-01 -5.1292e-02  3.2083e-02 -5.1402e-01  1.2235e+00 -2.6130e-01
 -1.2552e+00 -4.2580e-01 -1.3785e-01 -9.2521e-02 -6.8485e-01  1.2411e-02
 -4.8908e-01  2.1884e-01  7.3692e-01 -5.5611e-01  2.8263e-01 -7.9029e-01
  1.1848e-03 -2.7673e-01 -2.7093e-01  6.7783e-01  6.9321e-01 -7.2217e-01
  1.2314e-01 -4.8751e-01 -8.6092e-01  1.1263e-01  5.3059e-02 -9.7705e-01
  4.1184e-01  5.8372e-01  4.2698e-01  5.0310e-01  4.2652e-01 -5.9251e-01
 -7.5500e-01 -3.2937e-01 -2.9242e-01  1.5704e-01  2.9027e-01  3.9451e-01
 -3.5163e-01 -6.4385e-02  9.8781e-02  8.7298e-01 -8.0141e-02 -2.5098e-01
 -6.1986e-01 -4.7125e-01 -4.3541e-01  5.7026e-02  6.5085e-02  7.8546e-01
 -4.5986e-02 -8.1372e-01 -4.5633e-01  3.2772e-02]"
burglar,"[ 8.6180e-01 -1.3521e-01  3.4958e-01 -4.6232e-01 -9.0140e-03  5.3415e-01
 -1.6154e-01 -4.2416e-01  6.6807e-01 -8.4671e-02 -8.5198e-02  5.5179e-01
 -9.3270e-01  7.3042e-01 -3.4211e-01  8.7537e-01 -1.5455e-01  3.4350e-01
 -2.6808e-01 -7.2727e-02  7.3999e-02 -3.0561e-01  3.1934e-01 -1.2538e+00
  9.2908e-01  4.1125e-02 -7.1858e-01 -3.5367e-02 -1.1644e+00  1.9678e-01
  7.7520e-01  2.4585e-01 -1.3383e-01  8.1918e-01  6.1820e-01 -2.4748e-01
 -4.9093e-01 -7.9941e-01  1.1894e+00 -5.9868e-01  1.0400e-01  2.7703e-01
  1.7807e-01 -2.9359e-01  4.1625e-01 -7.2309e-02  9.5834e-02 -3.3270e-01
  6.0680e-01 -2.0504e-02 -6.5142e-01 -9.9325e-02 -1.5278e-01  6.1663e-01
 -1.7343e-01  4.6383e-02  1.1627e-01  3.5351e-01  8.6281e-02  4.8414e-01
  3.1255e-01  2.1815e-01 -1.3258e-01  1.0004e+00  2.3494e-01  3.3112e-01
  5.0017e-01 -2.4692e-01  4.5353e-01  2.2544e-01 -7.8478e-01 -3.1082e-01
 -7.9384e-02 -3.8145e-02 -5.1057e-01  2.4269e-01  3.2618e-01 -7.6382e-01
  4.2761e-04 -4.9376e-01  6.7198e-01 -1.3667e-01  1.0178e-01 -3.8455e-01
  4.4519e-01  3.7223e-01  1.4388e-01  4.1164e-01 -7.3185e-01 -6.8372e-01
  3.5564e-01 -6.0191e-02  1.6982e-01 -1.4416e-01  2.7814e-01 -1.2984e-01
  5.6145e-01 -3.5414e-01 -4.9823e-01 -9.3551e-01]"
anti-submarine,"[-0.25986   0.060199 -0.89502  -0.42471  -0.28379  -0.45961   0.26785
 -0.40878  -0.50062   0.981    -0.1604   -1.0473   -0.10642   0.70741
  0.86533  -0.69623   0.33116  -0.19895   0.28443  -0.17238   0.24035
 -0.4277    0.32261   0.15436   0.48574   0.63813  -0.41681   0.66185
 -0.64109   0.055084 -0.98134  -0.60573  -0.15814  -0.40495   0.79493
 -0.28902  -0.090287 -0.59535   0.91693   0.6      -0.38013  -0.069935
 -0.17457   0.53609   0.5024   -0.023509 -0.51502  -0.2928    0.035984
 -0.53253  -0.85648   1.8223   -0.22451   0.90679   0.14409  -0.81041
  0.14949  -1.3762    0.20481   0.67003  -0.073365  0.21683   0.3875
  0.86164  -0.01386  -0.051386 -0.4212   -0.65703  -0.066277  1.2535
  0.23435  -1.1409    1.4328    0.42051  -0.22016  -0.14337  -0.51947
  0.40481  -0.091736 -0.28576  -0.17627   0.25906   1.2017    1.532
 -0.31902  -0.044303  0.74609  -0.1369   -0.18527   0.12308  -0.54169
  0.044821  0.79159  -0.40943   1.5274    0.31314  -0.78693   0.42362
 -0.067005  0.20759 ]"
trotter,"[ 0.25063   -0.28485   -0.3468    -1.4448    -0.28699   -0.56783
  0.35259    0.01534    0.50085    0.019864  -0.29116   -0.0084466
  0.0083938  0.25197   -0.052651  -0.1622     0.18474   -0.4885
  0.31186   -0.58449    0.23445   -0.05184   -0.50014   -0.52251
  0.86258    0.1414     0.14386   -0.19024    0.16248    0.33611
 -0.72331    0.025835   0.60568   -0.10066   -0.26446    0.72851
 -0.34936    0.22672    0.65432    0.28581   -0.16554    0.32181
 -0.4627     0.13851   -0.0935     0.23325    0.1446    -0.7487
  0.2476     0.076518  -0.1366    -0.17584   -0.21838    0.35833
 -0.59076    0.28277    0.52226    0.49406   -1.0571     0.22634
 -0.020145   0.066309   0.2598    -0.04188   -0.23954   -0.71824
 -0.31778    0.66272   -0.027164   0.59344   -0.44654   -0.047769
 -0.19079   -0.026919   0.53646   -0.20863   -0.12276   -0.050377
 -0.1277     0.2802     0.21037    0.14274   -0.45397    0.45481
  0.104     -0.18544   -0.19279   -0.44101    0.23432   -0.52115
 -0.12947   -0.41639    0.09841   -0.46875   -0.4987    -0.15415
 -0.30754   -0.50849    0.11928   -0.0068011]"
coloration,"[-4.4615e-01 -4.3974e-02 -3.3051e-01 -6.2111e-01 -2.4874e-01  3.2744e-01
  2.9858e-01  8.1164e-02 -1.8381e-01  4.5260e-02 -8.5506e-01 -3.3962e-01
  6.7719e-01 -1.2290e-01  1.1078e+00  4.7744e-01 -3.7975e-01 -5.3034e-01
  1.3174e+00 -4.8408e-01 -6.5213e-01 -1.1396e+00  2.1375e-02 -1.1583e-01
  4.7897e-01  7.8969e-01  4.6083e-01 -3.6069e-02 -4.4653e-01 -5.1954e-01
  3.9825e-01 -3.0063e-01 -3.2361e-01 -7.5446e-01 -1.8902e-02  3.5280e-01
  6.3716e-02  4.9330e-01  1.7027e-01 -1.6294e-01  4.1362e-01 -8.0779e-01
 -5.2292e-01  2.7862e-01 -4.9618e-01  3.7976e-01  5.2511e-01  6.2610e-01
 -1.8699e-02  4.2724e-02  6.0719e-01 -1.4128e-01 -5.7918e-01  1.3261e+00
  1.7918e-01 -1.7708e-01  6.5433e-01 -6.5304e-01 -2.8287e-01 -1.7383e-01
 -1.4901e-01  3.7063e-01  1.9844e-01  2.1389e-01  7.3883e-01 -3.1821e-02
 -4.1984e-01 -7.5604e-01  3.6254e-01  1.0791e-02  1.6224e-01 -6.6284e-01
  4.6896e-02 -9.0320e-05  8.9329e-01 -2.8525e-01 -5.2274e-01 -1.7569e-01
  4.2707e-01 -4.2434e-02 -8.6041e-01 -4.5899e-01 -3.8757e-01 -3.7496e-01
  1.0436e-01 -5.3121e-01  3.6046e-01 -2.0868e-01 -1.2568e-01  2.5332e-01
 -2.2211e-01 -6.1754e-01 -9.1105e-02 -2.1001e-01  4.4332e-01  1.3452e-01
 -2.3750e+00 -6.2574e-01 -2.0333e-01 -2.4696e-01]"
pianists,"[ 0.36427    0.73285    0.40429    0.19415    0.076532  -0.10235
 -0.027076  -0.31782   -0.87915   -0.59299   -0.183      0.0089994
 -0.30619   -0.053812  -0.63165   -0.26825    0.02962    0.18189
 -0.5251     0.2926    -0.78727   -0.032914   0.22304   -0.18493
  0.74311   -0.56167   -0.28133   -0.23884    0.75428    0.17505
 -0.7394    -0.42069   -0.12714    0.37431   -0.04575    0.075537
  0.19166    0.41701   -0.24879   -0.61436    0.031357   0.70439
 -0.13247    0.50661   -0.035951  -0.85365    0.20956   -0.93954
 -0.050039   0.26504   -0.50657   -0.11754   -0.67443   -0.68768
  0.11758    0.34517   -0.66287   -0.025275  -0.49648    0.53271
 -0.34697    0.94949    0.074193   0.78568   -0.34629   -0.42535
  0.63297    0.18481    0.16256   -0.8032    -0.22306   -0.27785
 -0.24837    0.58526   -0.619     -0.31278   -0.048544  -0.97303
  1.077     -1.0759     0.26164   -0.25307    0.59864    0.029466
 -1.0626     0.20645   -0.30275   -0.26714   -0.8509    -0.4288
 -0.47166   -0.31301   -0.20474   -0.60015   -0.70621    0.059681
 -0.68402   -0.90965    0.28167    0.0021038]"
stryker,"[-0.43589   -0.0072738 -0.09516   -0.26446   -0.16574   -0.33895
  1.0164    -0.34389    0.12605   -0.14564    0.32557   -0.67691
  0.037347  -0.71234   -0.58974   -0.031123   0.56557   -0.43858
  0.059739  -0.27461    1.2635    -0.88655    0.28747    0.89672
  0.048329   0.36201   -0.024061   0.051517  -0.20456    0.42821
 -0.020338   0.090554  -0.82615   -0.35792    0.26294    0.27443
 -0.45974    0.49147    0.68243    1.2432     0.58785    0.27438
 -0.13606    0.035947  -0.91362    0.96458   -0.44279    0.53154
  0.33985   -0.35275    0.22964    0.11203   -0.25402   -0.21328
  0.0075792 -0.039225   0.7063    -0.81553   -0.39505    0.089788
  0.79428    0.19291    1.112      1.2052    -0.28479   -0.15754
 -0.14456   -0.1285    -0.65399    0.62451    0.99896   -0.72968
 -0.82962   -0.20982    0.37175    1.011      0.7851     0.029694
 -0.14905   -0.14782   -0.11071    0.60067   -0.17032    0.52921
  0.098188   0.22128    0.11254   -0.77839    0.41899   -0.39125
 -0.059948  -0.22166    0.28426    0.2891     0.022904  -0.1349
  0.38892    0.1903     0.1727     0.0033989]"
plunkett,"[ 0.16644    0.34913   -0.26249   -1.3917    -0.5695     0.12858
  0.1371    -0.11394   -0.30258   -0.71633    0.16513   -0.040271
  0.068433   0.39608    0.53724    0.14718    0.26228    0.54363
 -0.23227    0.091052   0.22886   -0.52898    0.97081   -0.05959
 -0.46732    0.75575   -0.81524   -0.055535  -0.83005    0.35222
  0.3197    -0.48123   -0.025407  -0.41873   -0.29394   -0.069541
  0.22046    0.38193   -0.36145    0.57332   -0.24277    0.72377
 -0.044521  -0.41116   -0.22572    0.024607   0.034209  -0.35375
  0.25558    0.0020582  0.022669   0.6259    -0.045859  -0.92629
 -0.57753   -0.39184   -0.54819    0.21801   -0.72945    0.17175
 -0.039791  -0.84265    0.2514     0.89836   -0.0028653 -0.50105
  0.54133   -0.20329   -0.19661    0.40794   -0.64653    0.43772
 -0.27377    0.048203   0.15183   -0.51494   -0.70981   -0.16834
 -0.085545  -0.81825   -0.15431    0.38579   -0.036683  -0.21648
  0.048335  -0.22791   -0.042498  -0.62708    0.022944  -0.281
 -0.28955    0.15365    0.23314    0.095888   0.13465   -0.22433
  1.046      0.58871   -0.52658    0.14008  ]"
ethereal,"[ 0.045757   0.57892    0.77659    0.17685    0.39307    0.50287
  0.010881  -0.22005    0.22294    0.49186    0.0068954 -0.16454
 -0.30895   -0.12212    0.25162    0.21928   -0.079165   0.14702
  0.9137     0.19818   -0.010995  -0.33372    0.33826   -0.23366
  0.3006     0.41489   -0.019369   0.017871  -0.13996   -0.67512
 -0.1396    -1.0187    -0.5447    -0.15336   -0.44693    0.13166
  0.18207    0.64683    0.43095   -0.43132    0.44131   -0.025502
 -0.45117    0.47268    0.034072   0.38669    0.44514    0.46785
  0.49399    0.071819   0.12011    0.11366    0.74904   -0.1449
 -0.18704   -0.73182    0.8916     0.35313   -0.38661    0.26529
  0.62733    0.29068   -0.058623   0.0022189 -0.32373   -0.13096
  0.502     -0.19833   -0.27904   -0.55439    0.18472   -0.55892
  0.41921   -0.078518   0.37308    0.27358   -0.080862  -0.41253
  0.45164   -0.64456   -0.38066    0.18833    0.45731    0.6551
 -0.26417    0.13246    0.9849     0.15893   -0.40311   -0.19999
  0.060607   0.18778   -0.16089    0.0063987 -0.081745  -0.42837
 -1.3964    -0.71841   -0.39795    0.22613  ]"
minimally,"[-9.2841e-01  5.1513e-01 -5.3683e-02  5.4957e-01 -2.6410e-01  1.2902e-01
  2.4312e-01  5.0784e-01  5.4027e-01  7.1794e-01 -3.2011e-01  2.7412e-01
  6.0451e-01 -4.8638e-01  4.2833e-01 -4.6519e-01 -1.4235e-01  8.2787e-01
  4.4052e-01 -2.7811e-01  6.1045e-02 -1.5807e-01  2.7800e-01  3.8110e-01
 -1.0148e-01  1.5855e-01  2.1132e-01 -9.8433e-01 -2.8436e-01 -1.6908e-03
 -9.7042e-02 -1.2669e-01 -8.9812e-02  1.7515e-01  8.5378e-01  4.2593e-01
 -8.6434e-01  1.1936e-01 -5.1315e-01 -2.3240e-01  1.6071e-01  1.1850e-01
 -1.4417e-01  2.7539e-01 -4.6251e-01  5.1692e-03  1.2125e-01  1.4110e-01
 -1.3819e-01 -5.5939e-01 -1.6529e-01 -2.9613e-01 -9.3948e-02 -7.0761e-01
 -1.0229e+00  1.3516e-01  7.6966e-01 -4.7230e-01 -7.0883e-02 -1.7014e-01
  4.6547e-02  4.3273e-01  2.1758e-01  9.1277e-02 -3.5492e-02 -6.7301e-01
 -1.1008e-01 -3.7717e-01  2.7343e-01 -1.8352e-01 -4.5061e-01 -3.6456e-01
 -5.5519e-04  1.2620e+00  6.2263e-01 -4.0282e-01 -1.2808e-01  4.8528e-01
  1.6563e-01 -5.7187e-01  4.1358e-02 -1.0146e-01 -6.2266e-01  1.0553e+00
 -1.3867e+00  4.3730e-01  1.5104e+00  7.4907e-01 -6.2176e-01 -7.0799e-01
 -1.1177e-02 -5.9805e-02 -4.6163e-01 -4.2987e-02  1.6558e-02  2.2360e-01
 -3.5858e-03 -5.3370e-01 -2.9860e-01 -9.6814e-02]"
sabatini,"[-0.014422  -0.18046    0.28908    0.52624   -0.20683    0.99262
  0.96205    0.51113    0.072807   0.13531    0.59742    0.64166
 -0.8783     0.39512    0.070736   0.67096    0.15107    1.0752
 -0.16741   -0.19002   -0.01378   -0.058329   0.42841    1.8652
  0.88309   -0.049414   0.31273   -1.2054     0.4973     0.35441
 -0.54981    0.11627    0.78184   -0.19122   -0.10152   -0.039367
 -0.098436   0.11116    0.049835  -0.016199  -0.099551  -0.36859
  0.044474   0.0026836  0.70884   -0.16637    0.016881  -0.015293
  0.022152   0.23976    0.15245   -0.22015   -0.35199   -0.38301
  0.047507   0.28611    0.7009     0.47194   -0.27478    1.073
  0.02328   -0.33189    0.095218   0.56793   -0.19202   -0.78096
 -0.15146    0.53392    0.16039   -0.60845    0.7862     0.30531
 -0.38158    0.30059    0.14047    0.3551    -0.72679   -0.23327
  0.094229  -0.1881    -0.018482  -0.69314   -0.62888    0.017779
  0.17026   -0.69249   -1.3937     0.31459   -1.05      -0.54103
 -0.016995  -0.0091723 -0.046223  -0.20303    0.30384   -0.038277
  0.22002   -0.089134  -0.82785    0.96954  ]"
fillmore,"[-0.1096    -0.14616    0.56597    0.067999   0.073033   0.37262
  0.015924   0.71047    0.19917   -0.3362    -0.32428   -0.18719
 -0.10156   -0.66583    0.35331    0.080801   0.87296    0.92635
 -0.011968  -0.5929     0.44324    0.26907    0.95947   -0.26403
  0.20419    0.24278   -0.33156    0.055847   0.65962    1.0155
  1.0893     0.14073    0.60494    1.242     -0.41799    0.49802
  0.94035   -0.20305    0.10394   -0.71991    0.47051   -0.11721
 -0.060207   0.13752    0.069224  -0.080685  -0.092129  -0.91207
  0.34469    0.7935    -0.89501   -0.3471    -0.66938   -1.0934
 -0.39872   -0.72399   -0.0066828 -0.93585   -0.82224   -0.47292
 -0.83388    0.37612   -0.14252   -0.039958  -0.045855  -0.49255
  0.4613    -0.58965   -0.13567    0.28105   -0.23675    0.16757
 -0.61199   -0.32936    0.30499    0.013124   0.29097    0.11486
  0.1055    -0.4402    -0.39667    0.33022    0.65486   -0.20426
  0.20575    0.64429    0.16451   -0.17235    0.51841   -0.67279
  0.20016   -0.59588   -0.43172    0.61857   -0.63499   -0.055396
 -0.24304    0.16112   -0.054508   0.52606  ]"
columbian,"[ 9.8523e-01  9.7567e-01  1.7298e-02  4.6094e-01 -1.0697e+00 -5.0300e-01
 -5.0116e-02 -2.6501e-01 -1.0073e+00  8.1456e-02 -9.0883e-02 -6.4582e-01
  1.7605e-01  5.6795e-01  4.2006e-02  1.0131e+00  6.0299e-01 -3.8821e-02
 -2.3742e-01 -1.3063e+00 -8.6278e-02  2.4239e-01  1.0741e-01 -5.7292e-01
  4.5900e-01 -1.2031e-04  2.4043e-01 -3.6077e-01 -6.1784e-01  9.5103e-03
 -3.8852e-01 -5.9631e-01 -2.4090e-01  7.0193e-01 -5.9734e-01 -6.0516e-01
 -6.1215e-01 -2.7273e-01 -6.4053e-01 -2.8093e-01  1.0316e-01 -3.4379e-01
 -5.2558e-01 -3.2387e-01  7.0267e-02  1.3682e-01  4.3657e-01  3.2410e-01
 -1.9625e-03  8.2918e-01 -8.8992e-01  4.7108e-01  9.0562e-01 -9.8494e-01
 -5.8011e-01  2.7084e-01 -3.6381e-01  2.2331e-01  5.6272e-01 -3.9613e-01
 -8.0305e-01  2.5748e-01 -2.9137e-01 -6.6910e-01 -8.6643e-02 -6.0898e-01
 -7.3838e-02 -1.9478e-02  2.7424e-01 -1.6796e-01 -4.1244e-01 -9.2075e-02
  1.3181e-01  3.8941e-01 -6.1231e-01 -4.6952e-01  2.9980e-01 -1.7973e-01
 -1.2598e+00 -2.2446e-01 -1.2709e-02  1.9754e-01  2.3953e-01  8.3489e-01
  2.8639e-01 -6.1695e-01  2.6124e-01 -2.6897e-02  1.3452e-01 -3.7259e-01
  3.9698e-01 -4.2962e-01  5.4468e-01  5.3861e-02 -4.2689e-01 -7.1246e-01
 -2.0730e-01 -4.7386e-01 -3.3456e-01  4.5575e-01]"
jolts,"[-0.417      1.0446     1.1624     0.15674   -0.32764   -0.23484
  0.09184    0.038217  -0.35205    0.65208    0.37979    0.68411
  0.42362    0.99863    0.88507    0.58716   -0.97348   -0.55076
  0.08686    1.0751     1.0023    -0.045876   0.082279   0.2854
  0.25447    0.067867  -0.23144    0.98256   -0.32927    0.141
  0.54793   -0.13099   -0.16451    0.90226   -0.97584   -0.65082
  0.50992   -0.79586   -0.34482   -0.32928   -0.51817    0.13416
 -0.44437   -0.94154    0.07662   -0.17092    0.47859   -0.16607
  0.75125    0.028233  -0.49122    0.72848   -0.14364   -0.77727
  0.5983     0.13816    0.9257    -0.44336    0.27713   -0.10599
 -0.36998    0.65024    0.12418    0.41178   -0.034739   0.3226
 -0.59504   -0.49411    0.35648   -0.13746   -0.058162   0.01489
  0.44341   -0.45591    0.29613    0.34432   -0.0072306 -0.57066
  0.82436    0.24632   -0.050689  -0.41271   -0.99744    0.054358
  0.32441   -0.0072467 -0.10689    0.33073   -0.26344   -1.126
  1.3866    -0.045734  -0.03241    0.091985  -0.072706   0.74827
  0.19851   -0.21825    0.13473    0.28824  ]"
electrode,"[-0.13419    0.58078    0.15741    0.14799    0.40179   -0.76515
 -0.36866    0.41378    0.077087   0.87314   -0.085121  -0.85238
 -0.042555   0.084928   1.0209     0.24582   -0.45205   -0.59193
  0.81167   -1.3989    -0.28818   -1.0219    -0.432      0.39011
  0.73522   -0.32329    0.3469     0.19859    0.44302    0.43475
  0.17626    0.86338    0.71059    0.56792    0.60981   -0.50929
  0.16734   -0.36863   -0.04086   -0.39623   -0.12193   -0.094968
 -0.12288   -0.87518   -0.053403  -0.46467   -0.27889    0.15963
 -0.78014    0.62798    0.82114    0.48736    0.19972    0.81477
 -0.67059    0.0074943 -0.45447   -0.63209    0.33395    0.13647
 -0.16268    0.078036   0.027585   1.313      0.69357   -0.36147
  0.88127   -0.60285    0.1494    -0.49125   -0.036145   0.48771
  1.4542     0.26171   -0.23003   -0.45021    1.078     -0.68188
  0.87762   -0.4954     0.19288    0.94095   -0.77538    0.20706
 -0.20722    0.24899    0.47049    0.45555    0.0038267 -0.85356
 -1.2576     0.71815    0.11577   -0.41828    1.0938     0.42622
  0.48902   -0.09423    0.018616   0.17802  ]"
stipulate,"[ 0.04351   -0.34093    0.17495    0.17328   -0.52958    0.17632
 -0.84674    0.21358    0.25446   -0.3246    -0.14106   -0.34103
  0.8235    -0.15302   -0.20901    0.29241    0.26171    0.028665
 -0.3618    -0.013336  -0.49052   -0.37528    0.12612   -0.13901
 -0.12537   -0.77029   -0.29122   -0.64635   -0.7848    -0.47278
 -0.10986    0.19663    0.031422  -0.32149   -0.75216    0.56373
  0.24675    0.089329  -1.1654    -0.096869   0.49573    0.33739
 -0.11875   -0.1937    -0.99776   -0.11653    0.14319   -0.51095
 -0.70448   -0.57437    0.1318    -0.16317   -0.24889    0.30738
  0.17952    1.1581     0.31822   -0.25121   -0.0093259  0.53967
 -0.55326   -0.46875   -0.38074    0.44931    0.88295    0.81914
 -0.47484    0.90408   -0.86984   -0.99491    0.08388   -0.99389
  0.47245    0.45145    0.11597    0.041917   0.29213   -0.1013
 -0.60138   -0.72079    0.42307   -0.72954   -0.16876   -0.03223
 -0.41237   -0.03504    0.46682   -0.25651    0.39795    0.12638
 -0.55475   -0.020352  -0.22878   -0.92625    0.34164    0.050606
 -0.51492    0.0055079  0.0096545  0.45689  ]"
foie,"[-1.1620e-01 -6.9816e-02  3.8233e-01 -4.8763e-02  2.6354e-01  8.8482e-02
  6.9871e-01  5.7568e-01  4.4548e-01 -2.7960e-01 -1.5451e+00  1.5358e-01
  6.3881e-01  1.0045e-01 -2.3175e-01  9.0656e-02 -1.5673e-01  3.7791e-01
  2.1375e-01 -1.1962e-01  2.2795e-01  1.7360e-01  4.5713e-01 -4.1178e-01
  9.6561e-02  1.1921e+00 -4.0373e-01 -3.5031e-01 -1.7608e-02 -1.1070e+00
 -2.9568e-01 -1.6336e-01  2.0015e-01 -5.4519e-01  3.4148e-02  2.0118e-01
 -3.2668e-01 -2.7961e-01 -2.4952e-01 -5.1100e-01  1.0691e+00 -1.5736e-01
 -5.8923e-01 -5.5470e-01  4.0396e-01  5.7854e-02 -6.9662e-01 -1.2033e+00
 -4.4480e-01 -1.7021e-01  3.6278e-02  3.3017e-01 -1.1209e+00 -5.6514e-01
 -2.2450e+00 -1.6341e-01  2.8811e-01  3.4939e-01 -4.2692e-01  2.1406e-01
  2.2145e-01  6.7404e-01  1.4582e+00 -7.7083e-02 -2.0303e-01 -4.8296e-03
 -2.1330e-01 -7.2161e-01  3.0137e-01 -4.5784e-01  5.1260e-01 -9.4820e-02
 -2.4538e-01  6.8988e-01  1.4691e-01  1.1262e-02 -5.1951e-01 -3.2369e-02
 -1.7038e-01  3.9772e-01  1.5515e-02 -5.8176e-01  1.6994e-01  1.0565e+00
 -4.1816e-02 -6.4621e-01  4.7996e-01  6.1207e-01  1.6192e-03 -6.2973e-01
 -5.0340e-01 -1.0935e+00 -5.4555e-01 -5.9237e-01 -5.0772e-01 -4.6746e-01
 -4.4692e-01 -1.1732e-01  9.2156e-03 -6.6380e-02]"
norsk,"[-0.72917   -0.069592  -0.16225   -0.23274    0.21989   -1.6087
  0.13014   -0.10469   -0.073161  -0.26313    0.4578    -0.55773
  0.10905   -0.0064228 -0.89158   -0.23255   -0.13709   -0.33365
  0.23469    0.80383   -0.32969    0.87714    0.20539    0.090153
 -0.4508    -1.267     -0.70447    1.5496    -0.011371  -0.28519
 -0.2127    -0.0039397 -0.82759   -0.028043  -0.79493   -0.036786
  0.57393    0.49807   -0.10902   -1.0711     0.077036   0.4135
 -1.1653     0.45336   -0.82986    1.204     -0.61322   -0.15897
  0.046394   0.2171    -0.07928    0.61777    0.69889    0.5449
 -1.3488    -0.015811   0.46533    0.55474    0.11141   -0.20896
  0.74102   -0.69083   -1.0241     0.25754    0.9486     0.37568
  0.090526  -0.089663   0.47443    0.20605    0.13988   -0.087119
  0.53537    0.44834   -0.74794    0.078123  -0.13982   -0.91385
 -0.84647    0.90429   -0.084266  -0.12152    0.27012    1.068
  0.66528   -0.76052    0.82855   -0.96801    0.16943    0.061434
  0.12728    0.038393  -0.35545    0.4387    -0.04462   -0.039987
 -0.066449   0.41959    0.23014   -0.34298  ]"
pelvis,"[-0.24516    0.082311   0.13512    0.051718  -0.50325    0.89535
 -0.31207    0.21121    0.87614    0.2517    -0.090418   0.63295
  1.2645     0.81481   -0.26348    0.19615   -0.88791   -0.17173
  0.18404   -0.1633     0.12279   -0.2784    -0.51194    0.48324
  1.3367     0.92903   -0.72554   -0.66915    0.65055    0.37116
  0.4741    -0.6549     0.050995   0.094689   0.083328  -0.18789
  0.2647     0.34847   -0.136      0.55686    0.57723    0.43149
  0.031519  -0.34956   -1.0275     0.55396    0.64307    0.51968
  0.26371    0.38169    0.070892   0.26814   -0.44171   -0.14514
  0.18877   -0.12304   -0.36053   -0.41242    0.24541    1.0972
  0.33708    0.29761   -0.023019   1.0606    -0.18564   -0.047737
 -0.32279   -0.4285     0.070882  -0.24252   -0.067727   0.86363
  0.71228    0.40542    0.34506   -0.73092   -0.75384   -0.13983
  0.50171   -0.57211   -0.13965    0.99557    0.26888    0.1749
 -0.11138   -0.30375    0.24639    0.24899   -0.5278     0.31661
  0.0060498 -0.15088    0.0614     1.1019     0.059228  -0.02483
 -0.1277    -0.57956    0.94691   -0.30589  ]"
motta,"[ 0.1051    -0.99146   -0.081267  -0.81655   -0.71524   -0.11835
  0.66719   -0.01152    0.86677   -0.73292    0.17782   -0.42261
 -0.42518   -0.51227   -0.039608   0.0057977  0.5526     0.60834
  0.21635   -0.20995   -0.43502    0.72085   -0.053135   0.67476
  0.097967   0.010121  -0.81118    0.099001  -0.22938   -0.60382
 -0.69513    0.10151   -0.12831    0.61987   -0.10139    0.75087
  0.63934    0.66689   -0.064419  -0.17992    0.3047    -0.11417
  0.485      0.20167   -0.15675    0.55749   -0.062068  -0.31261
 -0.21202    0.13224    0.66629    0.075288  -0.51828   -0.028411
 -0.17331    0.26111   -0.098376   0.395     -0.51309    1.1268
  0.37597    0.16661   -0.20449   -0.44003   -1.1858     0.06354
  0.63579    0.072772  -0.32138    0.44874    0.6642     0.19493
  0.19792    0.11658    0.10873   -0.060902  -1.0154     0.80144
  0.42293    0.59447    0.39897   -0.48369   -0.35982    0.0099658
 -0.58407    0.27377    0.041231   0.72922    0.26399   -1.12
  0.1006     0.37357   -0.56833    0.2811     0.0044685 -0.20957
 -0.24431    0.39452   -0.47936   -0.5338   ]"
interoperability,"[-0.35985    0.17075   -0.035353   0.52335   -0.18794   -0.68206
 -0.043158  -0.92188    0.19899    0.37864    0.31912   -0.58
  0.63736   -0.41984    0.59294    0.023994   0.70867    0.63382
 -0.83902   -0.16861   -1.1094    -0.776      1.3237    -0.12197
  0.16331   -0.024349   0.22649    0.62359   -0.25058   -0.37196
 -0.67244    0.36942   -0.28844   -0.31314    1.6486     0.28637
  0.53489    0.43944   -0.079322   0.24775    0.11309    0.27307
 -0.21673   -0.031392  -0.55135   -0.22085   -0.0033031 -0.18109
 -0.61834   -0.019388   0.3135     0.02219   -1.1608     0.71639
  0.16799   -0.2195     0.90041   -0.41031    0.62902   -0.41643
 -0.26991   -0.72003   -0.008066   0.31019   -0.32814    0.033772
 -0.55483   -0.79676    1.2389     0.14917    0.39069    0.56388
  0.52106   -0.61288    0.36854    0.81429    0.28053   -0.71146
 -0.052137  -0.26193    0.33555   -0.56585    0.47487    1.1183
 -0.94564    0.77887    0.29838    0.10749   -0.25965    0.52815
 -0.20748    0.36701   -1.1435    -0.074756   1.2818    -0.028964
  0.66314   -0.09503    0.48291    1.3175   ]"
espinoza,"[ 2.0962e-01  2.4446e-02 -2.8946e-02 -6.6574e-02  1.5331e-01  2.6964e-01
 -7.5447e-02  5.4227e-01 -1.0379e-01 -8.6649e-02  8.4366e-01  7.8067e-01
  5.1637e-02 -2.8154e-01 -3.5106e-03 -3.2348e-01  2.8636e-01  1.3946e-01
  4.1816e-01  3.7521e-01  3.5765e-01  4.9656e-02  6.0290e-01  6.0837e-01
 -7.4569e-02  4.7919e-01 -2.5575e-01 -2.9619e-01  3.7470e-01 -3.1093e-01
 -8.2741e-02 -4.2783e-01 -6.9998e-02  2.3846e-01  3.3995e-01  4.0756e-01
 -4.9105e-01  4.2448e-01  3.9982e-01  6.1954e-04  6.6261e-01  3.8639e-01
 -3.5218e-02 -3.6593e-01  7.5534e-02 -1.5958e-01 -2.3344e-01 -1.5230e+00
  8.1042e-02  9.3883e-01  2.4828e-01 -2.9244e-02  6.4689e-03  4.4995e-01
 -3.2243e-01  4.9763e-01 -1.7928e-01  5.3819e-01 -3.5632e-01  3.5405e-01
  3.1491e-02 -2.6819e-01  4.4995e-02 -7.9405e-02 -3.5681e-01 -2.6531e-01
 -2.0756e-01  2.3530e-01 -6.6360e-01  6.3302e-01  4.0326e-01  9.6735e-02
 -1.5716e-02 -3.0831e-01  9.0248e-01 -3.8387e-01 -8.0906e-01 -3.1273e-01
 -2.3871e-01 -1.8776e-01 -1.2574e-01  1.4880e-02 -2.0306e-01 -1.8307e-01
  2.8229e-01 -1.9447e-03 -5.7835e-01  5.3629e-01 -4.1565e-01 -9.7395e-01
  4.3582e-02 -1.1180e+00 -6.4706e-01  7.6493e-02  4.6746e-02 -3.7227e-02
  4.4919e-03 -4.1216e-02 -5.8723e-01  3.3583e-02]"
psp,"[-0.071101 -0.37017   0.83348  -0.23936  -0.21064   0.36726   0.84734
 -0.099609  0.97159   0.28009   0.61649  -0.089113  0.37486  -0.41881
 -0.079402  0.57744   0.23121   0.22964   0.52111   0.2897    0.53317
 -0.95172   0.53785   0.71261  -0.232    -0.016975  0.1509    0.23103
  0.11017   0.84452   0.068014  1.109    -0.49167   0.65724   0.65375
  0.67062   0.18891   0.56089  -0.040292 -0.69242   0.73487  -0.24619
  0.28929  -0.12529  -0.41842  -0.45453   0.14457  -0.61881   0.18326
  0.90206  -0.20158  -0.071895 -0.1694    0.030243  0.20001   0.15667
  0.71185   0.13974  -0.15628   0.44671  -0.06409   0.26584  -0.57232
  0.71084   0.14146   0.40148  -0.44063  -0.36778  -0.20318  -0.4026
  0.3291    0.15143   0.18118   0.036905 -0.51104   0.16394  -0.3962
  0.72034   0.29201   0.13348  -0.37376  -0.65067   0.17185   0.65904
 -0.67633   0.35825   0.086376  0.65612   0.59804   0.097682  0.67739
  0.42913  -0.019631 -0.04392   0.33159  -0.67075  -0.039646  0.34227
  1.6114   -0.18362 ]"
dribbled,"[ 0.46181   -0.27296    0.29725   -0.053294   0.44629    1.545
  0.34689   -0.34514    0.070561  -0.27217    0.55952    0.091606
 -0.38731    0.0072266  0.38185    0.29053   -0.47712    0.61966
 -0.0601    -1.3305     0.6324     0.72852   -0.22806    0.21321
  0.20196   -0.16495   -0.6761    -0.30018   -0.53975   -0.45884
 -0.34937    0.041367   0.49565    0.65483    0.099111  -0.319
 -0.3366     0.44486   -0.30997    0.70343   -0.29562   -0.39108
  0.059921   0.43439   -0.38502    0.090069  -0.12141   -0.0057511
  0.75963    0.51019    0.092175   0.93699   -0.38952    0.47022
  0.076838   0.41628   -0.74336    0.24577    0.093417   0.55371
  0.50008    0.6479     0.39391    0.70275   -0.30887   -0.36496
 -0.1534    -0.047905  -0.55799    0.036563   0.23317    0.046928
  1.8       -0.43781    0.38195   -0.63705   -0.59821   -0.18843
  0.8136     0.52867    0.57331    1.1223    -0.32547   -0.55326
 -0.3967    -0.49427    0.48698    0.15631   -0.089196  -0.53125
 -0.58737    0.046946  -1.386     -0.0097736  0.057455  -0.39937
  0.57907    0.55217   -0.21433    0.16592  ]"
affords,"[-0.3225    0.21802   0.86247   0.3964    0.16927   0.13849  -0.43343
  0.18079   0.089637 -0.80032   0.18815  -0.10354  -0.38936  -0.60189
  0.3549    0.081456 -0.29389  -0.43947  -0.42208   0.45581  -0.363
 -0.47296  -0.61655  -0.11544   0.31758  -0.10376  -0.22741  -0.13088
 -0.5367   -1.1996   -0.13211   0.86669  -0.16386   0.19804   0.62051
  0.19868   0.028992  0.022419 -0.39089  -0.091161  0.053741  0.42573
  0.2552   -0.027304  0.26412  -0.31463   0.50263   0.14334  -0.20459
  0.50907  -0.253    -0.46768  -0.58467   0.42527   0.15131   0.034141
  0.99224  -0.69521   0.4366   -0.78602  -0.48259   0.19454   0.61754
  0.11602  -0.1757   -0.060106  0.39496  -0.30804  -0.022417 -0.317
  0.097771 -0.44542   0.81979  -0.031902  0.43099  -0.12021   0.20187
 -0.61666   0.32754  -0.23139  -0.078735 -0.11556  -0.1921    0.057189
  0.345     0.5388    0.48085  -0.035126  0.41395  -0.32774   0.16633
 -0.80536   0.10207  -0.41122   0.73373  -0.097205  0.020884 -0.20433
 -0.30018   0.99267 ]"
bloemfontein,"[-1.4808e-01  3.7601e-01  1.3068e+00  1.0400e-01 -3.9223e-01  1.0198e+00
  7.2896e-05  7.7677e-01 -1.0906e+00 -1.4658e-01 -4.2387e-01 -1.3106e-01
 -4.1028e-01  4.8666e-01  8.5191e-02 -2.4166e-01  1.0535e+00 -3.5158e-01
  2.6944e-02 -1.2768e+00  7.0245e-01 -5.4910e-01  5.5341e-01  4.5468e-01
 -1.4223e-01  3.1707e-01  1.3549e-01  4.6044e-01 -7.0846e-01 -2.9055e-01
 -2.8781e-01 -2.1822e-01 -9.1436e-02 -6.4181e-02  2.5799e-01 -3.4292e-01
 -6.8372e-01  2.8605e-01 -7.0755e-01 -2.8917e-02  1.5772e-01 -6.5793e-02
 -1.7174e-02 -3.8252e-01 -5.0099e-01 -2.7830e-02  8.5744e-01 -2.0443e-01
  3.5058e-01  6.1736e-01 -4.1869e-01 -1.0247e-01 -4.0988e-01 -4.0401e-01
 -9.2103e-01 -3.3346e-01 -9.1807e-01 -9.3730e-01 -4.6750e-01 -3.7956e-01
 -9.5617e-01 -1.9144e-01 -8.4847e-01 -4.0888e-01 -2.9620e-01  2.3114e-01
 -6.7394e-01 -1.6873e-01 -3.0586e-01 -2.3838e-01 -5.2398e-01 -5.0645e-01
  1.8122e-01 -5.6812e-01 -6.3096e-02 -3.2908e-01  8.3642e-01 -2.5521e-01
 -1.5115e-01 -1.1691e-01  2.0214e-01 -3.7379e-01 -2.1306e-01  3.8169e-01
  3.1388e-01  1.2725e-01 -2.6882e-01  6.6722e-01 -1.3352e-01  4.9613e-01
  2.1618e-01 -6.5269e-01  1.4835e-01  2.8334e-01 -1.3936e-02  1.5416e-01
  2.2188e-03  3.1852e-01  4.2409e-02  1.4852e-02]"
tkachuk,"[ 0.57904   0.043722  0.63464  -1.3291    0.11035   0.33786  -0.16071
 -0.52606  -0.68318  -0.11917  -0.25992  -0.40073   0.58494  -0.25462
  0.26849  -0.51532  -0.81828   0.47476  -0.10475  -0.30857   0.010824
  0.023194 -0.24475  -0.6383    0.77197   0.31421  -0.23501  -0.20883
 -0.37513  -0.18336  -0.82569   0.239     0.080738 -0.58594  -0.081846
 -0.39717   0.27171   1.6266   -0.087908 -0.082652  0.65352   0.53628
  0.13178  -0.3207   -0.11265   0.062915 -1.0492   -1.0477    0.8848
  0.36277   0.55704   0.23419  -0.78003  -0.50155   0.06818  -0.24309
  0.44522  -0.2058   -0.49759   1.0527   -0.30263  -0.36826  -0.34583
 -0.036479 -0.76807   0.09831   0.47233   0.6356   -0.48855  -0.14193
 -0.60681  -0.8314    0.54252  -0.30415   0.47328  -1.4041   -0.47173
  0.059118 -0.59644   0.3684   -0.97934   0.26828  -0.68923   0.42642
  0.47045  -0.27333   1.0545   -0.054367 -0.13969   0.3125   -0.6481
 -0.25872  -0.42905  -0.38061  -0.70619  -0.78141   0.59078   0.22886
 -0.90782  -0.23179 ]"
----------,"[-0.38218    0.9438    -0.10434    0.03853   -0.58594    0.10818
 -0.98429   -0.20025   -0.37761   -0.11224    0.3006     0.65739
  0.4391    -0.23282    0.56222    0.56039   -0.37829   -0.14245
  0.42268   -0.035989  -0.82512    0.69565   -0.24905    0.46167
  0.20783    0.58711   -0.86464    0.10699   -0.083149  -0.080779
 -0.063869  -0.1358     0.10063   -1.6551     0.20885    0.054683
  0.34043   -0.57771   -0.50986    0.93454    0.81533    0.90941
 -0.14978    0.17426    0.23409   -0.48979    0.45951    0.12659
 -0.95938    0.44507    0.68576    0.087604  -0.32901   -0.3188
  0.34807    0.38301    0.19811    0.11041   -0.14938   -0.79281
 -0.54395    0.39873   -0.14256   -0.58707    0.13859   -0.093741
 -0.4449    -0.14906    0.23293    0.46577   -0.029965   0.41603
 -0.06035    0.82063   -0.41259   -0.66386    0.25262   -0.044345
 -0.14904   -1.1018    -0.94925   -0.38487    0.28214   -0.81351
  0.331     -0.0085252 -0.43302   -0.10031    0.21325    0.92741
 -0.25671    0.34184   -0.39448   -0.737      0.20666    0.24007
  0.37212   -0.20262   -1.0804    -0.0024274]"
index.html,"[-1.2455e+00  3.6697e-01  9.7780e-01 -3.1745e-01 -1.3824e-02  6.8879e-02
  6.4639e-02 -1.4974e-01  1.1196e+00  3.5249e-01  1.1269e+00 -4.3358e-01
 -5.4948e-01  6.5939e-01 -9.1903e-02 -7.3661e-01  1.1635e-01 -8.2860e-01
  7.2220e-01  6.5694e-01 -3.4475e-01  4.2528e-01 -4.8076e-01  2.7251e-01
  7.4316e-01 -2.6138e-02  4.4556e-01  3.3646e-01 -5.3724e-03 -1.5070e+00
 -1.9683e-01  1.0847e-01  2.5067e-01  4.5316e-01  7.0280e-01  1.7988e-01
  1.1407e-02  6.8263e-01 -2.4735e-01 -6.1799e-01  3.1642e-01  1.8101e-01
 -8.7481e-01 -5.0670e-01 -8.5679e-02 -1.4881e-02  2.0027e-02 -5.2068e-01
  1.0569e-01  3.9326e-01  1.3914e+00 -5.3831e-01 -8.4778e-01 -5.7690e-01
  3.0751e-02  2.2135e-01 -4.5774e-01 -5.4525e-01  2.5632e-01 -5.3677e-01
 -4.4816e-01 -1.7159e-01  6.6820e-01 -4.6551e-01  5.1348e-01 -2.0459e-01
 -2.0315e-01 -2.0513e-01  5.7075e-01 -1.3666e-01 -8.1471e-02 -2.0281e-01
  2.5314e-01 -7.6819e-01 -4.5366e-01 -1.4409e+00  2.1422e-01 -4.3775e-04
 -4.2597e-01 -1.1421e+00 -3.7640e-01  3.9255e-02 -5.9636e-01 -4.0353e-01
  4.8698e-01  1.1325e+00 -6.0253e-01  1.6361e+00  9.0802e-02  8.1915e-01
  1.2876e-01  8.2763e-01  8.0449e-01  3.1195e-01 -2.2811e-01  1.7227e-01
  8.3710e-01 -2.5563e-02 -1.3449e-02  4.5696e-01]"
u-17,"[ 0.64919    0.18071    1.1824     0.091391  -0.49895   -0.15076
 -0.15939    1.2048    -0.96993    0.15854   -0.068872  -0.57793
 -0.36373    0.074436  -0.51952    1.6839     0.78274    0.39929
 -0.29816   -0.69303   -1.0137    -0.17277    1.1522     0.16605
 -0.81126    0.34712    0.76978   -0.53812    0.43564    0.23587
  0.037378   0.57801   -0.40308    0.72052    0.52015   -0.58897
 -0.1823     1.253     -0.84064   -0.11915   -0.57369    0.025776
  0.12735    0.32156    0.46964    1.3404     1.0392     0.25532
 -0.92284    0.18147   -1.3768     0.35961   -0.54226    0.66772
 -0.40632   -0.52918   -0.37246   -0.10274   -1.0281     0.54628
 -0.78675   -0.54703   -0.67206   -0.68459    0.16111   -0.44215
 -1.5401     0.30822    0.65418    0.39622    1.3721    -0.78541
  0.13849    0.65215   -0.36866    1.1391     0.085119  -0.36672
  0.061688  -0.40869    0.40476   -0.13926    0.24667    0.45495
  0.1864    -0.65511   -0.035179   0.22032    0.15352    0.63948
 -0.76324    1.1624     0.054165   0.20611    1.1362    -1.023
 -0.34839    0.43294    0.51009    0.0099942]"
"10,500","[ 0.69911   0.71277   0.030922  0.16131  -0.93371   0.28808   0.17401
  0.50878  -0.33889   0.11942   0.83583  -0.027104  0.65183  -0.68874
 -0.31654  -0.26815  -0.19182   0.33498   0.24294  -0.21585   0.80716
  0.064997  0.46228   0.20028   0.50397  -0.99846  -0.29839   0.033422
  0.27285  -0.70355   0.3142   -0.030494 -0.43211  -0.22962  -0.20319
  0.14806   0.14541   0.42872  -0.47287   0.30544  -0.28288   0.066497
  0.12194  -0.14601  -0.12209   0.5864    0.26199  -0.65996  -0.018901
  0.70107   0.30699  -0.62239  -0.31805   0.054277 -0.71826   0.68468
  0.19706  -0.59334   0.25339  -0.13047   0.68479   0.48862   0.14038
  0.40719  -0.50394   0.036393  0.57567   0.033582  0.92792  -0.46191
  0.58731  -0.10324  -0.4394    0.017767  0.38231  -0.24601   0.50785
  0.031441 -0.21519   0.068051  0.43215  -0.42541   0.37199  -0.15377
  0.24347   0.44565   0.56059   0.6704    0.21323   0.078574 -0.07013
  0.95401  -0.074334 -0.37479   0.068671 -0.045961  0.09506   0.74085
  0.54816   0.30603 ]"
kiln,"[-0.15428   0.085076 -0.66473   0.29409  -0.47452  -0.19547   0.80528
  0.53617   0.19997   0.51683   0.11292   0.16218   1.1069    0.16081
 -0.58009  -0.082134  0.48823  -0.85837   0.12861   0.23848   0.33867
  0.21368  -0.60882   0.37862   0.058582  0.026053 -0.3939    0.31739
 -0.91001   0.053713  0.083011  0.28065   0.22742  -0.04815  -0.50056
  0.30279  -0.26078  -0.79454   0.60125  -0.89041  -0.68088  -0.68523
 -0.42214  -0.3372    0.78184  -0.14448  -0.016547  0.0976    0.98432
 -0.097403  0.16325  -0.31267  -0.7512    0.40356  -0.43287   0.2929
 -0.70445  -0.40874  -0.1179    0.047404 -0.42163  -0.043511  0.19678
  1.455     0.37262  -0.35691   1.5355   -0.52551  -0.92297  -0.86913
 -0.18108   0.19457   0.82231  -0.06435   0.077191 -0.52623   0.25593
 -0.51667   0.15473   0.66433   0.33241   0.32685  -0.5387    0.28874
 -0.018589  0.65959  -0.051448 -0.27101   0.42819   0.023242  0.41799
 -0.063458 -0.046756  0.47792   0.92912  -1.1373   -0.40197   0.14521
  0.95156  -0.38029 ]"
goetschl,"[-3.7323e-01 -3.6978e-01  7.5600e-01 -1.9974e-01 -3.5782e-01 -2.5030e-03
  2.2999e-02 -1.2780e-01 -5.6228e-01  4.3664e-01  6.1719e-01  9.9447e-01
 -7.1077e-01 -5.9185e-01 -3.5224e-02  1.0601e+00 -6.8974e-01 -1.0720e-01
 -3.4830e-01 -3.9822e-01  4.9776e-01  9.5471e-01 -3.1643e-01  8.4847e-01
 -9.2429e-03 -1.1687e-01  3.5984e-01 -7.7361e-04 -3.5379e-01 -6.6210e-01
 -1.1179e+00  1.0072e-01  3.7607e-01  6.8791e-01  5.3093e-01  2.6872e-01
  3.0868e-01  1.0796e+00 -7.6766e-01  4.2210e-01  4.0763e-01 -8.4742e-01
  6.8527e-01 -3.1266e-01 -5.4815e-01  6.0677e-01  3.5887e-01  1.1863e-01
  7.8450e-01  1.2771e-01  1.4461e-01 -2.7167e-01 -1.1324e-02  6.7823e-01
 -1.4316e-01  1.9583e-01 -2.0149e-01  6.3153e-01 -9.1078e-01  2.0150e-01
  3.4960e-01 -1.9709e-01  2.0265e+00  7.9025e-01  9.5082e-01  1.3646e+00
 -2.7494e-01  7.4581e-01  4.1506e-01 -2.9417e-01 -9.8004e-01 -4.4506e-01
  5.2711e-02  1.3557e+00  1.7172e-01  1.0409e+00 -1.0985e+00 -1.6585e-01
  1.6214e-01 -1.0568e+00 -4.7456e-01 -2.8270e-01 -3.0059e-01  1.3451e+00
  4.9476e-01 -7.6127e-01 -2.4660e-01 -4.7379e-01 -7.0717e-01 -7.8650e-01
  1.0819e-01  2.9191e-01  5.1985e-01  3.4535e-01  3.5764e-01 -4.4301e-01
  2.5039e-01 -1.0547e-01 -2.4175e-01  2.6737e-01]"
arouse,"[ 2.2730e-02  3.4986e-01 -1.7663e-01 -5.9969e-02  1.6161e-01  5.0910e-01
 -5.8160e-01 -7.1402e-01  7.6675e-01  7.1594e-02 -9.8457e-01  3.6720e-01
 -2.3207e-01 -6.7384e-01  5.4512e-02 -9.9553e-02 -6.2116e-01  5.3236e-01
 -6.1609e-01  3.0661e-01 -7.7446e-02 -3.3940e-01  3.4185e-02 -3.2652e-01
 -1.9177e-01 -5.6965e-02 -7.3561e-02  2.6299e-01  2.0060e-01 -1.9111e-01
 -1.7845e-01  1.1131e-03  1.6246e-01  1.2354e-01 -5.5915e-01  1.9360e-01
  7.2565e-01 -1.9162e-01 -3.5904e-01  1.5223e-01  4.4390e-01  4.1717e-01
 -5.5670e-01 -1.0311e+00 -1.0242e-01 -2.9196e-01  9.4213e-01 -1.8530e-03
 -1.2017e-01 -9.1274e-01 -2.7578e-01 -1.6708e-01 -5.7079e-01  3.0714e-01
  8.1866e-02  4.9665e-01  5.1338e-01 -3.2026e-01  2.8185e-02 -8.9631e-01
 -1.6150e-01  1.1731e+00 -9.9899e-02  8.1376e-01  1.6779e-01  3.5242e-01
  2.3940e-01 -1.1765e-01  5.1504e-01 -4.9171e-01  5.7460e-01 -4.2706e-01
  2.9457e-01 -2.4418e-01 -7.1976e-02  4.2188e-01  1.4700e-01 -7.2986e-01
 -7.2928e-01 -7.4260e-02 -3.9449e-01  2.3839e-01  2.2262e-01  3.9997e-01
 -1.5813e-01 -6.2699e-01 -4.6957e-01  1.4856e+00  4.4890e-01 -5.5440e-02
 -4.1882e-01  1.9338e-01 -6.7342e-02 -6.3108e-01  5.7788e-01  2.3386e-01
 -3.0931e-01 -5.0071e-01 -8.6550e-01  2.0257e-01]"
maronite,"[-6.5616e-01  7.5398e-01  2.1224e-01  1.8068e-01  1.5193e-01  1.7361e+00
  4.0810e-01 -9.3306e-01  2.0413e-01  1.0783e-01 -5.9003e-01 -7.5037e-01
  7.0973e-01  1.6987e-01 -3.8271e-01 -2.4079e-01 -7.1680e-02 -8.8272e-01
 -9.1686e-01  8.6459e-01 -1.0884e+00  1.0552e-01  3.0535e-01  2.3982e-01
 -6.0651e-01 -1.4439e+00 -8.4140e-01  2.0475e-01  6.1338e-01  7.7603e-01
  7.7756e-01 -9.0460e-01  8.7446e-02  1.0667e-01 -3.9425e-01  2.2932e-01
  9.1437e-01  8.3200e-01  5.9165e-01 -3.1611e-01 -1.0521e-01  6.6904e-01
  9.2359e-01 -2.3757e-02 -6.4095e-01 -2.5320e-01  4.4483e-01  1.6254e-01
 -4.2604e-01  7.4150e-01 -3.9077e-01 -3.7833e-01  1.8054e-01 -4.1043e-01
 -1.2619e-01 -3.1282e-01 -1.6032e-01  5.2209e-01  1.5148e-01 -7.1369e-01
  1.3496e+00 -8.3130e-01  5.0527e-01 -5.2632e-01 -1.5256e-03 -1.4622e-01
 -1.0274e+00 -5.5617e-01 -5.5884e-01 -3.2620e-01  6.2473e-02 -9.5967e-02
  4.6890e-01 -4.6380e-01 -1.4935e-01 -7.3589e-03 -5.5269e-01  3.5256e-01
  1.1837e-01  7.7086e-02 -2.9664e-02 -1.8751e-01 -4.6201e-01  8.0432e-01
  6.9626e-01 -5.9440e-01 -8.8167e-02 -2.8200e-02  5.9128e-01 -1.2062e+00
 -3.4396e-01  2.1587e-01 -5.0741e-01  4.9718e-01 -9.7812e-01 -2.0851e-01
  4.0577e-01 -2.9008e-01  7.0272e-01  4.8011e-01]"
spl,"[-0.48432   -0.32509    1.1717    -0.18467   -0.56024    0.33459
  0.028909  -0.68883   -0.31915   -0.37341    0.35291   -0.75688
  0.13761   -0.2992    -1.5567     1.0302     0.019001   0.10023
  0.072398  -0.18509   -0.28226   -0.22172   -0.19201    0.39863
 -0.36539   -0.59795    0.78675    0.48249   -0.8249    -0.36034
 -0.54925    0.46976   -0.44337   -0.53504   -0.29555    0.51779
 -0.79506    0.42201   -0.42998   -0.48429    0.53421   -0.13394
 -0.10524   -0.48277    0.94754    0.68952    0.043694  -0.2355
 -0.40695    0.12904   -0.18476   -1.0422    -0.16562   -0.049094
 -0.26651    0.2168     0.049288   0.1692    -0.57989    0.024531
  0.34338   -0.16794   -0.69641    0.82536   -0.37747    1.0377
  0.014448   0.39705   -0.87274   -1.0317    -0.85773   -0.55086
  0.95427   -0.43112   -0.59661    0.067733  -0.13177   -0.7833
 -0.62111   -0.55398   -0.062875   0.10357    0.10114    0.0032235
 -0.30506    0.31062   -0.39619    0.30755    0.36966    1.7273
 -0.85483    0.4113    -0.49483    1.1459    -0.27308   -0.26918
 -0.42413    1.1121     0.12598   -0.34512  ]"
accelerates,"[-0.17974    0.43547    0.27556   -0.015276  -0.082043  -0.71914
 -0.19268    0.05577    0.71424    0.37231    0.25356    0.3901
 -0.31794   -0.27634    0.31673    0.079349  -0.85662    0.25375
  0.74017   -0.17789    0.042827  -0.42537   -0.32811    0.73924
 -0.041056   0.78046   -0.78547   -0.028754  -0.17655   -0.57771
 -0.89167    0.80345   -0.18204    0.066967  -0.65175   -0.18829
  0.39041   -0.53064   -0.40297   -0.10189   -0.54352    0.08739
 -0.11689    0.24688   -0.53207    0.070079   0.45482    0.35502
  0.37096   -0.50808    0.30181   -0.30667   -0.65603    0.5452
 -0.045336   0.16616   -0.19911    0.19053    0.15545   -0.15841
  0.0094193 -0.069611   0.20396    0.038541  -0.050376   0.68264
 -0.24386   -0.4554     0.83156    0.0058689  0.43478   -0.93807
  0.02515    0.071427   0.73372   -0.5484    -0.0043182 -0.26049
  0.40013   -0.62607   -0.10602    0.65594   -0.65238    0.36697
  0.26215    0.15062    0.54118   -0.41215   -0.2249    -0.32203
 -0.02138    0.22481   -0.41497    0.052087   0.52955   -0.36603
  0.51574    0.045502   0.27518    0.18922  ]"
24.9,"[ 0.97652   0.68357   0.45226  -0.80969   0.034229  0.71142  -0.035548
 -0.26813  -0.12868   0.77008   0.68064   1.1334   -0.48566  -0.64647
  1.4585   -0.63904  -0.46758  -0.055163 -0.18284  -0.01063  -0.40706
  0.93844   0.50497   0.76232  -0.39821  -0.58193   0.2879    0.53352
 -0.064941 -1.0762    0.58136   0.043298  0.35962  -0.60058  -0.37196
  0.70243   1.6039    0.050014 -0.87334   0.2609    0.30811   0.28614
 -0.14317   0.77258  -0.049719  0.42472  -0.35093  -0.74423  -0.49434
 -0.79265  -0.3799   -0.5124   -0.18729   0.052177 -0.20621   0.45472
 -0.28567  -0.85775   0.10708  -0.24133   0.44355  -0.58053  -0.59777
  0.63293  -0.75842   0.4846   -0.1269   -0.82958   0.035391  0.50715
 -0.77387  -0.36601  -0.17022   0.20523  -0.28015   0.15407  -0.76079
  0.025157 -0.46876  -0.65904  -0.30266  -0.10745   0.34381   1.7956
  0.50567  -0.084199  0.34641  -0.25146   0.55073  -0.18981  -0.066065
 -0.114    -0.53677  -1.0132   -0.1494   -0.10423  -0.058253 -0.62702
  0.13364  -0.17678 ]"
unsalted,"[-2.2694e-01  1.5656e+00  4.5162e-01  1.4750e+00 -1.0294e+00  4.8045e-01
  1.4707e+00  1.0248e+00  2.4878e-01 -8.9692e-01  1.3685e-03 -6.5297e-01
  1.4985e-01  1.3652e+00 -9.2340e-01  5.7623e-01 -7.3209e-01  2.6070e-01
 -6.1067e-01 -1.0114e+00  4.8890e-01  1.3778e+00  6.6857e-01  1.1322e+00
 -2.0689e-01  8.2710e-01 -2.0223e-01  6.4592e-01 -3.5405e-01  1.2500e+00
  1.9768e-01  2.7971e-01 -2.1214e+00  4.0591e-01 -8.7643e-01 -5.1869e-01
  8.9393e-01  2.5723e-01  5.3321e-01 -1.4276e+00  6.6653e-01 -2.0642e+00
  9.3571e-01 -9.7358e-01  1.9260e-02 -4.0934e-01 -1.1132e+00  8.0553e-01
 -7.0161e-01 -1.9979e-01  1.0389e+00 -1.5262e-01 -3.1921e-01  8.7249e-01
 -9.2927e-01 -7.1960e-01  1.1176e+00  2.0188e-01 -1.5912e-01 -1.1046e+00
  1.0718e+00 -2.7988e-01 -1.0378e-01  1.1421e-01  1.2892e-01 -1.9447e+00
 -4.6731e-01 -4.2973e-01  3.6007e-01 -6.6432e-01  2.7180e-01 -8.0421e-01
  3.1033e-01  7.1022e-01 -1.7306e-02 -4.8165e-02  1.6378e-01 -5.7802e-01
  2.3196e+00  6.5416e-01 -7.2181e-01 -1.1864e+00 -4.7142e-01 -5.3163e-01
  3.6779e-01  6.2026e-01  6.4184e-01  5.3176e-01  5.5044e-01  3.4793e-01
 -1.0710e+00  6.8727e-01  1.4460e-01  1.5618e-01 -8.5226e-01 -9.4898e-01
 -1.5471e-01  1.0858e+00  3.0870e-01 -1.0309e-01]"
srna,"[-0.47433   -1.5404    -0.04148   -0.92563   -0.95935    0.44383
 -0.65081   -0.34705    0.38182   -0.20924    0.77115    0.26925
  0.41252   -1.0488     0.27638    0.67173    0.6934    -1.837
 -0.19631   -0.37386   -0.3441     0.024091  -0.79563    1.1733
  0.45493   -0.091653  -0.12287    1.8452    -0.9587     0.41477
  0.51238   -0.16013   -0.45324   -0.48084    0.63589   -0.2293
  0.82691    0.44135   -0.2851     1.2302    -0.12275    1.3175
 -1.2214    -0.12414   -0.010497  -1.1817     0.60093   -0.57484
 -0.69065    0.71458    0.59321    0.94858   -0.2417     1.0025
  0.48819    0.69194   -0.6527     1.1055    -0.33691    0.17855
  0.31806    0.19263   -0.62179    0.018618   0.6106     0.047125
  0.36638    0.68849   -0.13019    0.97601    0.25453   -0.55497
  1.0206    -0.40408    0.82892   -0.069405  -1.232      0.22971
 -1.1903    -0.49743   -0.12634    0.25956   -0.78334   -0.0080174
  0.18396   -0.31836    0.27901    0.74777    0.57535    0.43179
  0.58989    0.19698    0.18159    0.30886   -1.4045     0.028962
  1.2756     0.46375    0.071583   0.40481  ]"
cathode,"[-4.9373e-01  1.0536e+00  3.3530e-01 -5.9379e-01  5.1351e-01 -9.4606e-01
  1.1549e-01  8.8240e-01 -5.9125e-02 -2.3071e-01 -3.0357e-01 -1.3103e+00
  6.2642e-01  5.8998e-01  1.3507e+00 -1.2431e+00 -6.1954e-01 -6.6241e-01
  1.3321e+00 -1.2394e+00  4.4160e-01 -4.0730e-01 -3.4303e-01  2.4487e-01
  1.4011e+00  4.9541e-02  1.4949e+00 -6.6211e-01  7.1201e-01  7.0508e-01
  6.7742e-01  2.0652e-01 -2.3831e-01  1.8575e-01  7.7848e-01 -1.8194e-01
 -5.8589e-01 -7.1018e-01 -2.8660e-01 -6.1856e-01  3.3191e-01 -8.4453e-01
 -6.7258e-01 -4.7846e-01 -6.6189e-02  2.9940e-01 -7.4986e-01 -1.0197e+00
 -4.3431e-01 -1.6169e-01  1.0292e+00  4.0945e-01  2.8757e-01 -8.2792e-02
 -1.7233e-01 -1.2810e-01 -7.0691e-01 -8.1525e-02 -8.1643e-02 -8.7169e-01
 -6.5577e-01 -4.5621e-01  5.0472e-01  5.2964e-01  1.4616e-03 -2.7087e-01
  9.5624e-01 -6.2187e-01 -1.5714e+00 -5.6295e-01  5.9601e-01 -1.9952e-01
  4.6602e-01  1.1856e-01 -3.5375e-01  6.1839e-02  9.7582e-01 -1.5947e-01
  4.3252e-01  7.9990e-02  2.2026e-01  1.0628e+00  5.7246e-01  4.1574e-01
  8.6048e-02  5.8271e-01  5.3763e-01  3.6894e-01  5.6329e-01 -8.8427e-01
 -2.3667e-01  1.0055e+00  8.0416e-02 -5.7945e-01  3.2616e-01 -3.4739e-01
 -3.3138e-01 -4.0229e-01  2.9256e-01 -3.0056e-01]"
securely,"[-0.98271   0.14605   0.15605  -0.17403   0.86167   0.68525  -0.44097
 -0.32059   0.72286  -0.10943   0.79298   0.9388    0.87331   0.11677
  0.024215 -0.37885   0.52576   0.16718  -0.4322   -1.3147    0.13231
  0.044668  0.55285  -0.11629   0.11712  -0.78112  -0.56103   0.023237
  0.35352   0.29122   0.077854 -0.18115  -0.098408  0.68027   0.90465
  0.12116  -0.67108  -0.4209    0.024381 -0.64709   0.80067  -0.45308
  0.12967   0.039416 -0.78562  -0.55026   0.43552   0.71627   0.2229
 -0.32371  -0.36165   0.051927  0.38283   0.40666  -0.14315   0.26399
 -0.15085  -0.61998   0.46675  -0.039923 -0.19719   0.045957  0.041552
  0.44747  -0.25785  -0.13334   0.52184   0.64968   0.52982  -0.42241
  0.20194  -0.21422   1.1488    0.076602  0.58593  -0.47116  -0.55873
 -1.0263    0.065731  0.048915 -0.48045   0.081975 -0.58371   1.0167
 -0.11975  -0.14551   0.66678   0.52175  -0.5475    0.007779 -0.8888
  0.59432   0.59405  -0.49442   0.29828  -0.341     0.67724  -0.16082
  0.064613  0.17688 ]"
vivo,"[ 0.4169    -0.38249   -0.092649  -0.031539   0.058183  -0.23255
  0.38465    0.26596   -0.096133   0.6092    -0.018494   0.31958
 -0.04834    0.40928    0.30392   -0.077057  -0.17186    0.38315
  1.7346     0.47773    0.10157    0.085366  -0.69908    1.2482
 -0.315      0.11307    1.0105    -0.025348   0.3405     0.41217
 -0.086529  -0.082166  -0.57512    0.56414    1.0255     0.0090635
  0.77089    0.21902   -0.52983   -0.85856    0.044982   0.053249
 -0.59936   -0.050206  -0.27462    0.0020361 -0.50357    0.11253
 -0.67451   -0.074028  -0.63513    0.8726     0.55034    0.087745
 -0.545     -0.26238   -0.56837   -0.42237   -0.39      -0.13662
 -0.69967   -0.52754   -0.14219   -1.2053     0.50507    0.97827
  0.12514   -0.78885    0.30717    0.42503    0.23925    0.38961
  0.3844    -0.49751   -0.1296    -0.70907   -0.11248   -0.49427
  0.12888    0.085586   0.34975   -0.52648   -0.0080603  1.2238
 -0.65082    0.26417    1.1064    -0.024687  -0.2934    -0.36076
 -0.31293   -0.22544    1.0161     0.12447    0.93657    0.61907
 -0.7765    -0.62645   -0.42858   -0.3114   ]"
leger,"[ 0.26388    0.17893   -1.0534     0.33219    0.31777   -0.10529
  1.7857    -0.0062179 -0.37232   -0.5536    -0.12844    0.61565
  0.097691  -0.28495   -0.26729    0.55027    0.0032841 -0.56115
  0.90258    0.0149    -0.44005   -0.31357    0.83763   -0.015784
  0.16188   -0.48147   -0.13092   -0.062664  -0.20671   -1.2373
 -1.0274    -0.70419    0.070933   0.77084    0.32402   -0.1265
 -0.22278    0.67438    0.68336   -0.008428   0.66903    0.29123
 -0.58865   -0.65005   -0.99365   -0.037752   0.023887  -1.1782
 -0.55694    0.14743    0.037867  -0.116      0.2966     0.26616
 -0.3839    -0.14845    0.053853   0.83062   -1.0166    -0.46496
  0.18754   -0.041798  -0.18354    0.2697    -0.12686   -0.12786
 -0.057079   0.43794    0.22379    0.54931   -1.3173     0.57705
 -0.26967   -0.37834    0.078172  -0.4284     0.25419    0.16682
 -0.3298    -0.003109   0.62378    0.17062    0.52903    1.0341
 -0.076834  -0.92246   -0.52206   -0.12196    0.18054   -0.4069
 -0.83862   -0.08614   -0.17394    0.58457   -0.6338    -0.24
  0.49099    0.25495   -0.11412    0.2296   ]"
mchugh,"[-0.57263    0.10771   -0.48082   -1.0587    -0.34651    0.22443
 -0.015792   0.0043048  0.063698   0.60369    0.12982   -0.44734
  0.052231   0.36614    0.093121  -0.14107   -0.25016   -0.34187
  0.023519  -0.14422   -0.020029  -0.06632    0.77414    0.17131
  0.26095    0.18434    0.4517    -0.16272    0.055346   0.086585
 -0.37911    0.20994   -0.20276    0.60992   -0.050193   0.18864
  0.20777    0.22812    0.37814    0.26536   -0.27596   -0.35209
 -0.14386    0.080951  -0.43291    0.33562   -0.19203   -0.55912
 -0.0033442  0.029218   0.29619   -0.15895    0.11968   -0.42584
 -0.37595   -0.013749   0.25167   -0.51018   -0.87805   -0.0094726
  0.074496   0.047445   0.065044   0.11986   -0.14352   -0.80566
  0.10598    0.50662    0.19031   -0.29632   -0.035921   0.06202
 -0.43731   -0.47397    0.52821   -0.69983   -0.39037   -0.021577
 -0.31542    0.034381  -0.18663   -0.29918    0.38601   -0.73997
  0.54193   -0.39395    0.0058076 -0.30944   -0.60709   -0.25353
 -0.12063   -0.36621   -0.33836    0.45197    0.4755     0.060999
  0.34757    0.31292   -0.44155   -0.049454 ]"
jaroslaw,"[-9.0230e-01 -1.6582e-01  2.1042e-01 -3.3625e-01 -1.5676e-02 -4.4841e-01
 -1.0072e+00 -5.8428e-01 -6.8505e-01  1.2032e+00 -2.1927e-01  1.2485e-01
  1.7111e-01  1.4979e+00  3.9752e-01 -6.4513e-01 -6.3230e-01  8.1008e-01
  4.5730e-01  3.2547e-01 -3.9472e-01 -4.7175e-01  1.5059e-01  3.4379e-01
  2.0705e-01 -6.8233e-01 -1.4554e-01  8.6925e-02 -1.9634e-01  6.4752e-01
  7.6528e-01  9.1285e-01  3.4776e-01  2.9896e-01  9.6480e-04  2.9332e-01
  4.4047e-01 -6.1951e-01  2.1094e-01 -2.9472e-01  4.0033e-01  3.3060e-01
  8.6305e-01  6.7134e-02 -1.7393e+00 -1.5372e-01  1.2288e+00  4.5758e-01
 -1.9129e-01  8.0901e-01 -1.3330e-01 -9.8876e-01  6.3716e-01  8.8382e-01
  1.3980e-01  4.8821e-01 -2.9822e-01  1.9485e+00  6.1826e-03  4.1110e-01
 -6.2410e-02 -6.0673e-01  4.2838e-01 -2.9945e-01  3.6290e-01  7.1307e-01
 -7.4440e-01  9.7159e-01 -7.7622e-01 -2.6121e-01 -2.3175e-01 -8.2370e-01
  2.2037e-01 -4.8937e-01 -9.3063e-01  4.5772e-01  2.0113e-01 -2.7127e-01
 -1.8952e-01  4.4138e-01 -8.2838e-01  8.4683e-01  6.3844e-01 -1.7350e-01
  8.6028e-01 -2.8925e-01  3.4611e-01  3.7833e-01 -5.7744e-01 -2.8508e-01
  1.3242e+00 -5.5375e-01  8.2600e-04  1.0458e+00 -4.0891e-01 -7.3137e-01
 -4.6457e-01 -3.8408e-01 -5.9310e-02 -1.5068e+00]"
veracity,"[ 0.14131   -0.23391    0.66078   -0.072078  -0.88385    0.27757
 -0.1786    -0.48479    0.33341    0.52455    0.40912    1.3495
  0.35631   -0.38408   -0.29404   -0.22117    0.86857    0.45103
  0.050045   0.076935  -0.31494   -0.70062   -0.070345  -0.1056
 -0.21986   -0.20807    0.27161    0.29234   -0.57494   -0.31677
  0.43646   -0.66936   -0.28726    0.39542   -0.5527    -0.13372
 -0.29755    0.17561   -0.26383   -0.20441   -0.42396    0.057882
  0.24283    0.094832  -0.41408   -0.5083     0.74272   -0.85185
 -0.21056   -0.51235    1.0328     0.79841    0.28885    0.69614
  0.11365    0.15143    0.50487   -0.33706   -0.6641    -0.53757
 -0.11183    0.4143     0.7459     0.10859    0.45338   -0.76362
  0.34567    0.23005   -0.40285    0.034353  -0.1275     0.89124
  0.20375   -0.27786    0.3461    -0.0046109 -0.024409  -0.66109
 -0.57871    0.051897  -0.28758    0.19135    0.13383   -0.23351
 -0.21985   -0.53539   -0.55535    0.63198   -0.07597    0.022881
 -0.047953   0.65339    0.082543   0.14044    0.27116   -0.1573
 -0.23535   -0.37061    0.29481    1.0318   ]"
unjustly,"[ 1.9686e-01  1.7796e-01 -2.1597e-01 -4.2356e-01  1.6489e-02  8.2720e-01
 -2.5042e-01  4.4497e-02  2.6393e-01  2.8728e-01 -1.0945e-01  1.1872e+00
  8.4940e-01 -2.4508e-01 -4.4801e-01 -3.1242e-01  1.7012e-01 -4.1958e-02
 -6.5378e-01 -1.8125e-01  5.7935e-01  8.6666e-04  3.8401e-01  1.5177e-01
  3.5275e-01  1.9277e-01 -2.1204e-01  1.9336e-01  1.4908e-01  3.9003e-01
  1.1298e+00  3.9356e-01 -9.8195e-01  4.2998e-01  1.2678e-01  5.5031e-02
 -3.7680e-01  2.2586e-02 -6.5100e-01 -1.5489e-01 -5.9142e-01  1.6685e-01
  4.4081e-01 -1.5233e-01  4.8306e-01 -3.9872e-02  3.6741e-01 -2.5818e-02
 -5.1146e-01  6.0970e-02 -5.0155e-01 -9.3172e-02 -2.4722e-02  7.3983e-01
 -9.1069e-01  4.4531e-01  2.5932e-01 -1.7022e-01 -3.8447e-01 -6.0035e-01
  6.3129e-02 -7.4738e-02 -5.9012e-01 -1.6239e-01 -2.3004e-01 -9.0402e-01
  1.4203e+00 -1.3578e-01 -2.5348e-01  3.4039e-01  1.4490e-01 -6.9297e-01
  4.7468e-01  6.5711e-01 -3.4652e-01 -6.3182e-02 -2.5765e-01 -1.6710e-01
 -4.3297e-01  4.6746e-01 -3.1719e-01  1.9720e-01 -8.8290e-01  7.1289e-01
 -9.2308e-01 -1.1049e-01 -4.4356e-02  4.1753e-01 -8.9706e-01 -7.2579e-01
 -6.8877e-01 -9.8355e-01  3.5117e-01 -8.2573e-01  2.6897e-01  2.3564e-01
  1.3091e-01 -3.6671e-01 -1.9755e-01 -2.6159e-01]"
1641,"[ 1.5563e-01 -1.7981e-01 -5.6336e-01  2.1175e-01 -4.1728e-01  1.1463e+00
  1.2870e-01 -1.0446e+00  2.7853e-01 -9.4605e-01  3.4755e-01  9.8470e-02
 -5.5501e-01  2.6704e-01  2.6255e-01 -3.2598e-01 -2.4383e-01 -3.3037e-01
 -1.2769e-01 -7.5329e-01  3.0343e-01 -7.7702e-01  9.2065e-01 -3.9998e-01
  2.1751e-01 -7.0299e-01 -3.7570e-01  7.1412e-03  2.2578e-01 -6.9473e-02
 -4.1585e-01 -3.5144e-01  3.3438e-01 -1.1265e+00 -7.7553e-01 -1.5761e-01
 -2.7082e-01  2.2566e-02  2.1116e-01 -2.7915e-01 -1.2000e-01  1.2928e-01
  5.5884e-01 -1.0051e+00  2.9240e-04 -5.9025e-01  5.4869e-01 -1.1668e+00
  7.2051e-01  3.7693e-01 -6.1398e-01  1.3639e-01  5.2746e-01  1.0310e-01
 -4.9649e-01  2.0265e-02 -5.7300e-02 -8.8877e-01 -7.6402e-01  6.1744e-02
 -5.3391e-02  4.9948e-01 -6.2865e-01 -1.6293e-01 -2.0432e-02 -2.5825e-01
 -5.5504e-01 -4.7796e-01  6.1090e-01 -3.7916e-01  4.9647e-01  2.3087e-01
  1.2882e-01 -3.8120e-01 -6.6568e-01 -4.8369e-01  2.3785e-01  7.1013e-01
 -1.1288e+00  1.5641e-01 -4.6862e-01 -5.2180e-01  4.4308e-01  3.4033e-01
  7.2713e-01 -2.1279e-01  5.0595e-01 -7.2899e-01 -3.5465e-01  2.2106e-01
 -2.0405e-01 -6.7769e-02  1.5120e-01  8.5552e-01  6.6691e-02  1.7965e-02
 -4.0576e-02  1.7318e-01 -5.0967e-01 -1.2225e+00]"
pooling,"[-0.17944    0.27377    0.28164   -0.22918    0.41933    0.095208
 -0.27868    0.20877    0.27391   -0.46573   -0.023302   0.60805
  0.23848   -0.25177    0.17266   -0.49396   -0.34414    0.32214
  0.37748   -0.13868   -1.0309     0.29883    0.024619  -0.22071
 -0.43048    0.088533   0.098752   0.062452  -0.26184   -0.60515
 -0.024489   0.063453  -0.39258   -0.37699    0.19379   -0.62411
  0.32781   -0.070183   0.21497   -0.028085   0.506      0.0050215
 -0.38065    0.42448   -0.65066    0.12177   -0.71191   -0.036615
 -0.42561   -0.67821   -0.8863     0.77355   -0.62443    0.65172
 -0.47546    0.30531    0.43647   -0.34944    0.42415   -0.36519
  0.42937   -0.27318    0.42909    0.67677   -0.016539   0.38
 -0.20879   -0.26127    0.56444   -0.38487   -0.64091   -0.65763
  0.45163   -0.20086   -0.30036   -0.23824   -0.18434   -0.97063
 -0.53427    0.17648    0.72481    1.3676     0.56333    0.073392
 -0.14175    0.30344    0.13554   -0.21906   -0.79661    0.02251
 -0.68356    0.01908   -0.39934   -0.24238    0.4214    -0.15875
  0.20357   -0.50646    0.29674    0.69931  ]"
yamada,"[ 2.2868e-01 -2.4438e-01  1.8169e-01  3.8544e-02 -3.8418e-01 -4.9680e-01
 -1.4358e-01 -1.9731e-01 -5.3063e-01  1.4197e-01  6.2188e-01  5.0970e-01
  2.0935e-01  7.1575e-01  5.0304e-01 -1.7527e-01 -1.8445e-01  5.0256e-02
 -1.0691e-02 -4.0769e-01 -1.8577e-01  5.5996e-01  6.7183e-02  1.2098e+00
 -2.0501e-01  1.3712e-01 -1.8425e-01  3.2118e-01 -1.8246e-01  1.6074e-01
 -3.8832e-01  9.0899e-01  4.6205e-02  1.7907e-01  1.3921e-01  1.9390e-01
  6.7351e-01  9.2016e-02  1.7735e-01 -8.0662e-01  2.7729e-01  6.2779e-01
 -5.7616e-01  5.3639e-01 -2.6802e-01  2.8961e-01  5.5103e-01 -1.6667e-01
 -1.3745e-01  9.4533e-01 -1.5625e-01 -6.4671e-01  3.3139e-01 -1.0490e-01
  9.0057e-02  4.9849e-03 -1.2921e-01  2.3742e-01 -4.6284e-01  2.0150e-01
  1.3762e-01 -2.0698e-01 -2.7017e-01  5.9735e-01 -1.0579e-01 -2.3754e-01
  7.5571e-02  6.9358e-01  4.7611e-05  4.2785e-01 -8.0406e-01  1.3815e-01
 -1.4452e-01  1.1544e-01  6.2700e-02  7.3797e-01 -8.5598e-01  4.2725e-01
 -1.7881e-01 -5.5015e-01 -7.3888e-02  2.5468e-02 -2.3382e-01  1.5985e-01
  2.7738e-02 -4.3619e-01 -7.1016e-01  9.1684e-02  3.4881e-01 -6.6877e-01
  7.4087e-01 -2.2776e-02  1.3488e-01 -8.1498e-01  8.0240e-01 -2.0722e-01
 -2.3949e-01  2.8865e-01 -4.1520e-01  3.6701e-01]"
aleksandar,"[-0.47337   -0.20642    0.058828  -1.15       0.87843    0.65168
  0.38936   -0.52223    0.17913    0.87921    0.32997    0.15844
 -0.45995   -0.42888    0.29234    0.43389    0.19632   -0.65894
 -0.66975    0.24213   -1.6562     0.33307    0.12524    0.68933
  0.082572  -0.043609   0.526      0.58601    0.70775    0.09347
 -0.35965   -0.12238    0.51694   -0.023032  -0.32258    0.3223
  0.86947    0.78866    0.13378    0.10129    0.3241     0.7182
  1.0513     0.13583    0.36345   -0.68625   -0.11334    0.78396
  0.28043   -0.10045    0.72988   -0.28711   -0.28438    0.019166
  0.031168   0.86513    0.19428    0.97862   -0.47321    0.66627
  0.035356   0.12134   -0.65353    0.89238    0.02907   -0.39631
  0.17303   -0.083835   0.035607   0.42785   -0.19629   -0.6289
  0.57767   -0.74989   -0.051013   0.0086475  0.043065   0.55871
 -0.023642  -0.2663     0.012522  -0.52132   -0.57615   -0.38052
  0.62734    0.47628   -0.23569   -0.052179  -0.77754   -0.17368
  0.024508   0.37216   -0.84702    0.54519   -0.44128   -0.13425
  0.2535    -0.076679  -0.34259   -0.46594  ]"
manoeuvres,"[-0.72909  -0.49343  -0.25048  -0.075506 -0.56835  -0.28668  -0.066033
  0.33553  -0.91964   0.52507   0.015904  0.15677   0.92745   0.054255
 -0.21381   0.037128 -0.040934  0.38434   0.51314  -0.66963   0.63313
 -0.65912   0.19528   0.029376  0.12585  -0.064468 -0.53499   1.0571
  0.20197  -0.57594  -1.1745   -0.77995   0.11775  -0.55164   0.36088
  0.090567  0.11319  -0.50533  -0.12887  -0.55533  -0.14367   0.019032
 -0.36556   0.55341  -0.22426  -0.61916   0.080289 -0.22919  -0.20884
  0.32727  -0.052997  0.57315   0.20037   0.61828  -0.36472  -0.27477
  0.5693   -0.44832  -0.081344  0.74393  -0.28405   0.44372   0.046329
  0.18746  -0.30484   0.013546 -0.05061  -0.6065   -0.16832  -0.053581
  0.045614 -1.3696   -0.10924  -0.075507 -0.84466   0.48159  -0.28733
  0.55287  -0.29041   0.43977   0.33094  -0.10068   0.5537    0.66732
 -0.35607   0.22102   0.39368  -0.068404  0.1509   -0.39633  -0.64256
 -0.07524  -0.34911   0.11007   0.72849   0.6205   -0.65203  -0.15236
 -0.43989   0.42987 ]"
strangling,"[ 0.38545   -0.44196    0.2852     0.46734   -0.0038184  0.67292
 -0.40498    0.30806    0.41599    0.41157   -0.62336    0.87795
  0.020258   0.12896    0.52399    0.31903   -0.32398   -0.2673
 -0.11104    0.22345   -0.53963   -0.10843    0.51763    0.53775
  0.73435    0.42867   -0.28944   -0.74642   -0.28979    0.71535
  0.28451    0.24685    0.15687   -0.72969   -1.1451    -1.176
 -0.30207   -0.65921    0.049954  -0.2402    -0.47875   -0.31619
  0.2678     0.38401    0.12356    0.59679    1.0151    -0.43651
 -0.32415    0.18258   -0.91446   -0.13249   -0.84808    1.3209
 -0.45867    0.16052    0.25393   -0.21884   -0.43009    0.37094
  0.017191  -0.32537   -0.46895    0.0062267 -0.87266    0.3341
  0.63353    0.196     -0.1195    -0.40157   -0.024546  -0.37785
 -0.14692    0.26439   -0.33502    0.42814    0.46886   -0.2044
  0.19379   -0.1105     0.61297    0.79281   -0.016033   0.61593
 -0.065334  -0.61451    0.2079     0.3426    -0.50764   -0.44324
  0.27498    0.064717   0.21844   -0.20287    0.073289  -1.0673
  0.030003  -0.44834    0.13245   -0.21857  ]"
custard,"[-0.35803    0.48018    0.2491     0.25856   -0.30402    0.994
  1.1089    -0.40294    0.96694    0.097697  -0.17075   -0.22435
  0.41164    0.88438    0.044271   0.090386   0.93837    0.077913
  0.24037   -0.19762   -0.64766    0.6922     0.39245   -0.47388
 -0.23623    1.2575     0.51024   -0.33806   -0.20673   -0.61592
 -0.06057    0.37695    0.2777    -1.086     -0.063114   0.47037
  0.33097   -0.19666   -0.22606   -1.2641    -0.021839  -1.3229
 -0.47382   -0.20974    0.59706    0.08961   -0.63157   -0.18935
  0.53503   -0.12344   -0.21843   -0.48221    0.098959   0.92603
 -1.0912    -0.1554     0.40521    0.22997   -0.53227    0.38565
 -0.007517   0.17662   -0.0048286  0.31709   -0.22236   -0.62101
 -0.20275   -0.31807   -0.72739   -0.6776    -0.13268    0.50378
  0.040974  -0.018176   0.35263    0.4036     0.10489   -1.1601
  0.99797    0.70954    0.51491    0.033789  -0.23727    0.75943
  0.26635   -0.47043    0.95872    0.1926     0.50737    0.27346
  0.033743   1.0854    -0.95321   -0.19163    0.5736    -0.87292
 -0.27177    0.14433   -0.045028   0.16106  ]"
lagerfeld,"[ 0.38222   0.39271  -0.16982   0.18148   0.51252  -0.26346   1.1558
  0.17339  -0.089024  0.32089   0.055808  0.032913  0.10169  -0.18829
  0.51776   0.57469   0.079763  0.33901  -0.2334   -0.31463  -0.94446
  0.032458 -0.34777  -0.10935   0.059936 -0.11523  -0.28078  -0.71176
  0.23853  -0.98588   0.27511  -0.50207  -0.42347   0.2796   -0.7531
  1.0467    0.69825  -0.39385   0.060792  0.16113   0.51354   0.14662
  0.14038   0.6204   -0.86583  -0.42057   0.028566 -0.1177    0.73996
  0.61446   1.0689    0.24686   0.32303  -0.11761  -0.82853  -0.52193
 -0.60068   1.3454   -0.81206  -0.23711   0.040617  0.21469  -0.40104
  0.68734   0.48075  -0.42953   0.883    -0.19238   0.046275  0.20776
  0.33573  -0.49135  -0.67261  -0.11514   0.18026  -0.63185   0.455
 -0.37954  -0.10261   0.23178   0.38816  -0.045713 -0.087393  0.06676
 -0.80881  -0.731     0.06902   0.33882  -0.75537  -0.41275   0.040697
  0.21559   1.3268   -0.24129   0.35918  -0.48977  -0.53264   0.25086
  0.50316   0.51831 ]"
pillsbury,"[ 0.16631  -0.080101 -0.3769   -0.41504  -0.24315  -0.17455   0.39383
 -0.24204  -0.34147  -0.54341   0.70759   0.1341   -0.24284  -0.11153
 -0.458     0.11394   0.24189  -0.14789  -0.37862  -0.32039  -0.31982
  0.7172    0.88779  -0.23433  -0.40236   0.58626  -0.24679  -0.40808
 -0.7485    0.019878  0.25808   0.17208   0.031552 -0.1753   -0.25294
  0.39416   0.33676   0.36628  -0.72966  -0.6605    0.68378  -0.056897
 -0.7843   -0.87306  -0.53597   1.2941   -0.93     -0.57706   0.3261
  0.16151  -0.24368  -0.034943  0.84157  -0.18834  -0.67477  -0.15481
 -0.22512   0.005588 -0.3782   -0.44569   0.15116  -0.33186   0.53949
  0.28163   0.013245 -0.38305  -0.26063   0.54669  -0.18761   0.029143
 -0.49548   0.34072  -0.85437   0.41376   0.11567  -0.024834 -0.32654
 -0.33869   0.20315   0.52654   0.055329  0.028741 -0.038074  1.3603
 -0.041804 -0.29294   0.80354  -0.85092   1.1277   -1.1858    0.2494
  0.36866   0.081148 -0.36815   0.042923 -0.50428   0.59309   0.11797
  0.042942  0.88011 ]"
genghis,"[ 0.13774   -0.21677    0.83324    0.0056998 -0.34098   -0.19736
 -0.23845   -0.60071   -0.34761    0.074886   0.31907    0.38265
  0.046113  -0.47125    0.46607   -0.66367    0.8103    -0.19215
 -0.55926   -0.43101    0.24704   -0.30074   -0.058532   0.049784
  0.40833    0.52595   -0.45014    0.38835    0.12825   -0.49955
 -0.11363   -0.5184     0.28003    0.13899   -0.07569   -0.083111
  0.14467   -0.083403  -0.77462    0.41759   -0.091476   0.60672
  0.40828   -0.054325  -0.21803   -0.35536   -0.014774   0.70865
  0.64234    0.0028759 -1.0761     0.6905     0.52735    0.015804
 -0.56705    0.4196    -0.77222   -0.45876   -0.56565   -0.11668
  0.07462    0.65607    0.42675    1.0796     1.384      0.3527
 -0.12395    0.29132    0.26525    0.42069   -0.16123   -0.22283
  0.15577   -0.21138   -0.49572   -0.26449   -0.33814   -0.24228
 -0.15668   -0.038821   0.53806   -0.2514    -0.15896   -0.0030856
 -0.0057892  0.90466   -1.2925    -1.2236    -0.52666    0.061995
  0.94506   -0.15067    0.46016    0.1496    -0.017281  -1.2191
  0.43446   -0.4401    -1.2191     0.021944 ]"
vhf,"[ 0.14282  -0.94238   0.14693  -0.32322   0.098893 -0.25818  -0.22726
  0.078331 -0.31401   0.29802   0.77706   0.043207  0.12293  -0.26753
  1.3485   -0.63323  -0.2751   -0.94808   1.0448    0.46689  -0.39582
 -0.28775   0.95749  -0.69364   0.18767  -0.57827   1.1509    0.68214
  0.56805   0.99946   0.42429   0.47828   0.27341   0.85351   0.37316
  0.38097  -0.86342   0.48948   1.0331   -0.45589   0.047482  0.32189
 -1.4233    0.84154  -0.1141   -0.28286   0.14981   0.18496   0.50467
 -0.18405  -0.50202   0.23342  -0.30077  -0.15033   0.62632  -0.55722
  0.13831  -0.89612   0.77674   0.66927  -0.071921 -0.50681  -0.2504
 -0.10026   0.2506    0.15046  -0.52922  -0.54873  -0.20822   0.89852
 -0.64069  -0.69282   1.6466    0.49208  -0.054636 -0.55692   0.37178
  0.6678   -0.057678 -0.20365   0.56722  -0.97342   0.38076   0.49805
 -0.011424  0.42857   0.9195    0.17318   0.45236   0.34746  -0.76491
  0.91251  -0.8281    0.095538 -0.68171  -0.75268  -0.8015   -0.15074
  0.5158   -0.27524 ]"
lunatic,"[ 0.84019    0.38739    0.75375   -0.25105   -0.13426    0.81216
  0.053973   0.26031   -0.043793   0.33125   -0.60444    0.42527
  0.1257     0.13652    0.71499    0.60262    0.10456   -0.010154
  0.043127   0.15526    0.92372    0.62471   -0.50656   -1.3483
 -0.27608    0.61898    0.31312   -0.54646    0.23128   -0.37225
  0.26968   -0.16823    0.39066    0.46604   -0.43281    0.44214
 -0.54577   -0.058778   0.097003  -0.80143   -0.48927    0.86227
 -0.043281  -0.34294    0.16559   -0.43804    0.70726    0.36943
  0.39048    1.2778    -0.58898   -0.15624    0.2226    -0.31089
 -0.33699   -0.16144    1.1604     0.2435     0.0037857 -0.38676
  0.3025    -0.19813   -0.29327    0.6957     0.84203   -0.39796
  0.018612   0.20298   -0.0546     0.089533  -0.90448   -0.85436
  0.037861  -0.28403   -0.53804   -0.2024     0.67214   -0.02498
  0.15494   -0.44611    0.19039    0.21671    0.21502    0.26191
 -0.1057     0.028745  -0.011108   0.34664   -0.82684    0.36597
 -0.28565    0.041865   0.12922   -0.10057    0.56914    0.18519
  0.40541   -0.15233   -0.087897  -0.036482 ]"
limitless,"[ 0.053388   0.38847    0.8482     0.73729    0.95765   -0.018056
 -0.19374    0.28487    0.6042    -0.29121   -0.21936    0.8952
  0.023764  -1.0078     0.035695  -0.87361   -0.4549     1.2176
  0.10956   -0.39991   -0.20879   -0.004004   0.1878    -0.90544
  0.38598    0.9927     0.14963   -0.05993   -0.63591   -0.051569
  0.25543   -0.50436   -1.1699    -0.68279   -0.040311  -0.22047
 -0.69027   -0.050604  -0.20558    0.094244   0.84497    0.24088
 -0.17821    0.14314    0.70541   -0.27914    0.16852   -0.10948
 -0.25334    0.54723   -0.17565    0.27894    0.20184   -0.21308
  0.63579   -0.35419    1.0224    -0.60641   -0.26692   -0.31526
 -0.25105   -0.40453   -0.40493   -0.010864   0.5707    -0.17354
  0.95174   -0.9358    -0.11068   -0.48787    0.75139   -0.19416
  0.091964  -0.63365   -0.053906   0.012909   0.19233   -0.66136
 -0.21176    0.059706   0.74788   -0.18378    0.32406   -0.0082869
 -0.37942    0.19596    0.32981    0.34964   -0.12648   -0.49186
  0.073793   0.60097    0.53948   -0.37541   -0.32801   -0.34861
 -0.010991  -0.55778   -0.26117    0.68156  ]"
vegan,"[ 0.34993    0.30435   -0.14862   -0.40776   -0.14262    0.66348
  0.6332    -0.042985   0.54122    0.095839  -0.38515   -0.71912
  0.26289   -0.47359    0.36702    0.56177    0.0164    -0.19881
 -0.59002    0.037027   0.53898    0.41182    0.011063  -0.072432
 -0.44251    0.87767    0.077958  -1.4767    -0.87129    0.15153
 -0.4798     0.36063   -0.11354    0.074351   0.36111    1.0596
 -0.39623    0.59771   -0.38706   -0.72414   -0.11129    0.2363
  0.40375    0.12407    0.041193  -0.086652  -1.2023     0.33196
  0.14406    0.38915   -0.49173   -0.15978   -0.21484   -0.52645
 -0.93906    0.35813    0.19019    0.2702     0.61656   -0.25399
  0.14525   -0.19208   -0.026923  -0.63788    0.93114   -0.35323
 -0.24741   -0.76379   -0.029501  -0.34845   -0.50614    0.23731
  0.36203    0.93882   -1.0102    -0.16185   -0.52113   -0.8094
  0.32937   -0.32569   -0.54869    0.065144   0.015836   1.0512
  0.080054  -0.073218   0.22625    0.57021   -0.94938   -0.55957
  0.011074  -0.22022    0.77541   -0.0076365 -0.033463  -0.74148
 -0.0441    -0.16578    0.63118    0.74588  ]"
manchu,"[ 0.21914   -0.81786    0.30798   -0.11666   -0.35082    1.1115
 -0.92347   -0.76681    0.5172     0.77631   -0.4119     0.077024
  0.99282    0.6248    -0.14627    0.50618    0.53757   -0.49416
 -0.14717   -0.48624    0.17196   -0.45213   -0.017751   0.72722
  0.50184    0.36503    0.15775    0.52253   -0.73902   -1.0226
 -0.32604    0.092747   0.25166   -1.1515     0.23949   -0.13306
  0.48342   -0.18715    0.020657  -0.32346   -0.50979    0.83771
 -0.44926    0.26137    0.36477   -0.52968   -0.093668  -0.12685
  0.54556    0.26434   -0.81069   -0.47089    0.2735     0.034417
  0.4422     0.37767   -0.04311   -0.32035    0.034312   0.023285
 -0.1515     0.86469   -0.38124    1.0132     0.38149   -0.2028
 -0.51007    0.49376    0.060359   0.85014   -0.11864    0.45703
  0.2441     0.084391  -0.04671    0.24082   -1.3802     0.33752
  0.0075936  0.17712   -0.19276   -1.0545    -0.11634    0.34111
 -0.10537    0.72157   -0.6803    -0.67579    0.76464   -0.36812
  0.46073   -0.49447   -0.014671   0.24633   -0.28228   -1.4075
 -0.78201   -0.86847   -0.65788   -0.82223  ]"
rik,"[-0.32185   0.29144   0.31207  -0.93927  -0.80641  -0.064789 -0.20388
  0.34552   0.53919  -1.3046   -0.25746   0.40115  -0.55073  -0.4542
  1.3516    0.74499   0.38624   0.076323  0.54166  -1.0233    0.50795
  1.4348    0.41189  -0.21666   0.73636  -0.48007  -0.084162 -0.23269
 -0.079683  0.3817   -0.66214  -0.57472  -0.15321   0.64665  -0.65092
 -1.062     0.7862    0.68908  -1.5166    0.61739   0.71995   0.29335
  0.016073 -0.2229   -0.90947  -0.36858  -0.54569  -0.33034   0.24516
 -0.58937  -1.1083    0.25452  -1.8007   -0.93012  -0.67963   0.33336
 -0.35336  -0.15081  -0.32662  -0.545    -0.5721   -0.64524   0.14655
 -0.098355  0.064461  0.1047    0.37959   0.75678  -0.53119   0.88515
  0.16419   0.10971  -0.59218   0.096917  0.84184  -0.54407   0.1271
 -0.078191  0.82245  -0.43027   0.33558   0.17182   0.4111   -0.11368
 -0.56388   0.27151  -0.56682   0.25154  -0.1009   -0.081386  0.055355
 -0.4613   -0.48261   0.48117  -0.043559 -0.51017  -0.18421  -1.3066
 -1.145    -0.65127 ]"
1643,"[ 0.06441   -0.19417   -0.62109    0.46016   -0.5764     0.74305
  0.36239   -0.65979    0.3933    -0.94555    0.45078   -0.30479
 -0.43437   -0.23292    0.76041   -0.65071    0.075546  -0.41777
 -0.02576   -0.72851    0.45331   -0.58066    0.85534   -0.32953
  0.25274   -0.56608   -0.52233   -0.1213     0.27466   -0.12576
 -0.21669   -0.40163    0.068789  -0.71809   -1.0022    -0.0014366
 -0.478      0.23113    0.22236   -0.080069   0.071467   0.15923
  0.68271   -0.79811   -0.27883   -0.38573    0.37003   -0.75723
  0.49095    0.40807   -0.41012    0.0062851  0.74063    0.16321
 -0.49737   -0.018935   0.17732   -1.0131    -0.984      0.022358
 -0.079833   0.34756   -0.47188    0.32172   -0.22289   -0.33413
 -0.83691   -0.31667    0.42178   -0.22596    0.55911   -0.027244
  0.35179   -0.37449   -0.8096    -0.34761    0.37108    0.74841
 -0.6925    -0.15715    0.01118   -0.76121    0.30944    0.6213
  0.46091    0.018996   0.2969    -0.4885     0.0028531  0.21864
 -0.014995  -0.2456     0.51905    0.91279    0.11062    0.18838
  0.067166   0.27665   -0.3494    -1.0051   ]"
barb,"[-0.24054   -0.17409   -0.023256  -0.86965    0.023026  -0.20938
  0.050615   0.27957    0.27302   -0.31471   -0.4285     0.76575
  0.64785    0.036869  -0.044558   0.74619   -0.94231   -0.14109
  0.32714   -0.076274  -0.0031313  0.021963   0.29421    0.13909
  1.0318     0.38538   -0.055105  -0.2856    -0.48931   -0.91793
 -0.12616   -0.29637    0.74743    0.56018    0.027629  -0.077976
 -0.012205   0.023703   0.6272     0.47896   -0.28023    0.38322
 -1.047      0.87863   -0.54926   -0.35182   -0.47269   -0.1194
 -0.48054    0.025112  -0.39137    0.2963     0.40034   -0.032934
 -0.075827   0.07149   -0.057594  -0.22338   -0.57863    0.12855
  0.08398    0.22845    0.076272   0.66858   -0.18809    0.021328
 -0.0533     0.61394    0.71181    0.36204   -0.089499   0.1213
  0.74195    0.13136   -0.41592    0.1598     0.73267   -0.028999
 -0.56023    0.034559   0.17291    0.15846   -0.35679   -0.11731
  0.10289   -0.52362    0.28482    0.51813    0.41086   -0.37705
 -0.22211    0.18279    0.33032    0.09612    0.29227   -0.14241
  0.0078341 -0.79472   -0.33025   -0.45026  ]"
gushed,"[ 0.60311    0.49827    0.52642   -0.84188    0.47298   -0.1521
 -0.0025833  0.57938    0.23388    0.37239   -0.040139   0.4499
 -0.18121   -0.54046   -0.0090545 -0.6311    -0.51063   -0.10385
 -0.14178   -0.16943    0.34253    1.1167    -0.53311    0.27709
  0.611      0.54255   -0.59129    0.68434    0.29011   -0.092692
  0.16134   -0.34694    0.10362    0.26836   -0.78107    0.67851
 -0.34501    0.22391    0.13159    0.14994   -0.36299   -0.17975
 -0.93623    0.045922   0.28179    0.2206    -0.62599   -0.17764
  0.089216  -0.26803    0.31161    0.059073   0.74078    0.29237
 -0.43585    0.066892  -0.13469    0.2712    -0.71073    0.51482
  0.3673     0.2853     0.038425  -0.26222   -0.025083   0.16442
  0.71758   -0.69216    0.45043   -0.25853    1.0583     0.46716
  0.6995    -0.10976   -0.20839    0.30946    0.32365   -0.16061
 -0.20873   -0.30804    0.17912   -0.17684   -0.13713   -0.10529
  0.57268   -0.67263    0.30098   -0.2809    -0.86292   -0.60272
  0.1565     0.14488   -0.66289   -0.17545    0.13992    0.075142
 -0.039937   0.33464   -0.71466    0.8358   ]"
merges,"[-0.18728   -0.14495    0.58688    0.53174    0.77529    0.49327
  0.12577   -0.03706    0.83906   -0.30658    0.36019    0.65105
  0.33939    0.070535   0.42126    0.13005    0.45527    0.16213
  0.34154    0.072868   0.24996   -0.22186    0.29961    0.0041415
  0.035514   0.32898   -0.29806   -0.083284   0.13875   -0.62362
 -0.63595    1.1345    -0.71251   -0.36445   -0.39162   -0.027217
  0.18464   -0.97193    0.024161   0.020912   0.18938   -0.49171
 -0.67292    0.35847   -0.09923    0.57669   -0.3056     0.48171
  0.18442    0.84965   -0.29059    0.16889    0.32041   -0.071887
 -0.093177  -0.35771   -0.0072001 -0.16358    0.19943    0.008945
  0.33438    0.1322     0.93554   -0.051146  -0.41802    0.1758
  0.31865   -0.19758    0.23691    0.13999   -0.23011   -0.2737
  0.02437   -0.31286    0.22696   -0.74301   -0.10505   -0.30907
  0.27204   -0.46111   -0.16055    0.5751    -0.31569    0.40094
  0.26697    0.057119  -0.40217   -0.71566    0.19639    0.31295
 -0.033544   0.18252   -1.3301     0.013607   0.22302   -0.2573
  0.12622   -0.030483   0.13713    0.81653  ]"
virginity,"[ 0.44623    0.55728    0.1618     0.31573   -0.91626    0.33963
 -0.23002    0.41262   -0.21281    0.40011   -0.63874    0.64823
  0.098795   1.0682    -0.055896  -0.73669    0.56614    1.0734
  0.62599    1.0726    -0.30818   -0.49116   -0.34208    1.14
  0.51771    0.55001    0.038125  -0.37762   -0.12607   -0.34997
  0.35993   -0.074131   0.42073    0.22268   -0.1539    -0.30313
 -0.46341   -0.74521   -0.50876    0.32454   -0.29076    0.2751
  0.5123    -0.34286   -0.79027   -0.27368    0.16846    0.42415
  0.042631  -0.15501    0.043029   0.36042   -0.14523    0.61735
  0.36101   -0.32435    0.085558  -0.77431   -0.22954   -0.27931
  0.54362   -0.20263   -0.13569   -0.076013  -0.4226     0.2368
  0.57057    0.031019   0.65753   -0.76779   -0.017945  -0.11445
  0.67105    0.46298   -0.71754    0.2056    -0.47172   -0.59525
 -0.80243   -0.61476   -0.46721   -0.12376    0.80601    0.017809
 -0.6576    -0.28675    0.16873    0.30716   -0.36622    0.2757
 -0.30237    0.44528    0.95434    0.67221    0.093398  -0.43125
  0.0098884  0.23065   -0.58206    0.47311  ]"
beginner,"[-0.31613    0.43429    0.70346    0.47453   -0.48631    0.15608
  0.29583   -0.083739  -0.021062   0.44158    0.64439   -0.052159
 -0.72495   -0.6765     0.5618     0.24668   -0.049846  -0.088447
 -0.2633     0.62929   -0.78415   -0.027253  -0.15505   -0.48105
  0.2715     0.055549  -0.19926   -0.08854   -0.51693   -0.39342
 -1.0264     0.15217   -0.46539   -0.43091    1.0478     1.3159
 -0.14057    0.35588    0.61184   -0.0031535 -0.47399    1.1981
 -0.24887   -0.57734   -0.26593    0.20092    0.058347  -0.0030903
  0.35521    0.060076  -0.76383   -0.65583   -0.47578   -0.25754
  0.13796   -0.27418    0.84391    0.25653    0.95531   -0.14273
  0.43272    0.38104   -0.27145    0.43666    0.15052    0.4738
  0.30197   -0.19314    0.49838   -0.24314   -0.88631   -0.065588
  0.69154    0.50515   -0.67014    0.48464   -0.18067    0.052942
  0.82793   -0.85636    0.20742    0.67577   -0.78646   -0.4349
 -0.088672   0.21167   -0.21504   -0.11788   -0.26218    0.94944
 -0.6115     0.50901    0.23471    0.70169   -0.2191    -0.35682
 -0.19971   -1.2067    -0.36054    0.11928  ]"
hoi,"[-1.0068    -0.15363    0.059999  -0.64116    0.21833    0.057058
  0.02578    0.024573   1.1498     0.27306   -0.29744    0.45349
 -0.16416   -0.28368    0.264     -0.99706    0.66849    0.30572
  0.48793    0.41249    1.6826     0.27684   -0.38983    0.027553
 -0.36083    0.22956   -0.19176   -0.62784   -0.10283   -0.45669
  0.128     -0.0082434  1.1164     0.10987    0.81511   -0.26088
  0.085437   0.42006   -0.9459    -0.28536   -0.88519   -0.59589
  0.11197    0.15955    0.31669   -0.17949   -0.31738   -0.40639
 -0.081232   0.093383  -0.11517   -0.53593    0.48278   -0.69172
 -0.11196    0.22406    0.4402     0.29979    0.13094   -0.66373
 -0.35897   -0.39702    0.4455     0.99754   -0.23112   -0.15671
  0.63346    0.1524    -0.63658    0.41671   -0.21296    1.0817
 -0.61402   -0.77387   -0.7531    -0.30547    0.011741  -0.38608
  0.06018   -0.25593    0.052447   0.27093    0.14365   -0.67072
  0.13862    0.3299    -0.54653    0.74041    0.79551    0.4272
  0.40693    0.34642    0.16548    0.64489    0.22215   -0.29076
  0.44774   -0.86007   -0.27629    0.079002 ]"
lorna,"[-3.4105e-01 -7.4723e-01 -4.9148e-01  7.3952e-02 -8.1697e-01  4.1366e-02
  9.9822e-02 -3.0215e-01  7.5960e-01 -4.7376e-01 -2.0694e-01  1.5021e-01
 -3.3737e-02  4.0903e-01  1.3286e-01 -1.1552e+00  5.3660e-01  7.2996e-02
  1.3136e-02  3.3655e-01 -1.4607e-02 -5.2289e-01  4.0249e-01  1.1602e-01
  1.4079e+00  6.5950e-02 -3.2989e-01 -7.3282e-01 -1.8322e-01 -1.8961e-01
 -7.8149e-02 -5.5964e-01  3.3844e-01  3.6596e-01 -3.7716e-01  1.2144e-01
  7.9741e-01  8.3150e-01 -3.2769e-03 -1.2315e-01  5.5518e-02  4.6049e-01
 -3.2376e-01 -8.7781e-02 -3.6875e-01  1.9761e-03 -5.9575e-01 -9.1395e-02
  1.2101e-01  9.3202e-01  4.2216e-01 -1.4289e-01  3.0582e-01  2.4264e-01
 -1.2275e-01  4.1545e-02  8.0499e-02  2.2681e-01 -7.7638e-01 -1.9104e-01
  4.5659e-01 -1.3068e-03  3.5120e-01 -5.0421e-01 -7.6101e-02  2.6967e-02
  8.1671e-01  2.7450e-01 -1.1862e-01  3.4246e-01  3.0970e-01  7.1931e-02
 -5.0765e-01  1.0400e-01 -2.1612e-01  3.4734e-01  3.5903e-01 -7.4696e-01
  4.0665e-01 -3.4435e-03  1.6449e-01 -5.0355e-01  5.7325e-01  1.9370e-01
 -3.7266e-01 -4.1812e-01  1.1891e-01  3.8125e-01  3.1635e-02  3.3490e-01
  2.7709e-01  4.7315e-01 -2.0505e-01  8.2241e-02  4.6143e-01  2.2718e-01
  5.5213e-02 -3.1386e-01 -4.4484e-01 -1.0315e-02]"
haywood,"[ 0.38471   -0.38347   -0.16115   -0.37854   -0.20549    0.1336
  0.7901     0.3156     0.28343   -0.54739   -0.36658   -0.55363
 -0.50436   -0.19751   -0.033883   0.10676    0.1709     0.24198
 -0.78428    0.55878    0.36323    0.094091   0.74159   -0.06481
  0.98017    0.21308   -0.058742  -0.4362    -0.59045    0.07037
  0.020713  -0.11025    0.75021    0.080066  -0.59165   -0.23038
  0.55173    0.49004   -0.1021     0.76684   -0.84302    0.58041
  0.10539   -0.06329   -0.72754    0.61124   -0.094541  -0.42731
  0.73944    0.15337    0.1952    -0.2825    -0.59235   -0.64828
  0.18095   -0.0090315 -0.24063   -0.49353   -0.39842    0.31653
 -0.24118   -0.53824   -0.1224     0.97607   -0.23816   -0.12727
  0.59834    0.30874    0.1246     0.077429  -0.046304  -0.15148
  0.14367   -0.2192     0.2944    -0.13832    0.10768    0.39253
  0.089497   0.13638   -0.68452    0.11016   -0.013255  -0.50021
  0.28098    0.31709    0.28375   -0.39631    0.05292   -0.29963
 -0.28823   -0.017079  -0.46134    0.13706    0.06751   -0.22237
 -0.098401  -0.091247  -0.11247    0.31222  ]"
micky,"[-0.054435 -1.0139   -0.40279  -0.59457  -0.35272   0.78292   0.64595
  0.40385  -0.17691   0.25798  -0.58974  -0.34527   0.3753   -0.52464
  0.23636  -0.45588  -0.15416   0.1261   -0.20754   0.36601   0.77801
 -0.85834  -0.078094 -0.86024  -0.59449   0.22291   0.18944  -0.58545
 -0.048998  0.15457  -0.67306  -0.82135  -0.34726   0.57088  -0.36009
 -0.28878   0.024866  0.30364   0.57979  -0.34436   0.42739   0.25356
  0.017756  0.33906  -0.53486   1.0525   -1.0581    0.25954  -0.039065
  0.059722  0.4055   -0.25762   0.45699   0.015303 -0.37784  -0.23844
 -0.42804   0.82324  -1.4164    0.56748   0.8497   -0.26853  -0.35559
  0.86213   0.50846  -0.086245  0.77183   0.60371   0.7321   -0.50506
 -0.42699  -0.76777  -0.24744  -0.66875   0.24004   0.16017   0.033019
 -0.2112   -0.66673   0.23784   0.98421  -0.53185   0.081932  0.44871
  0.18392  -0.054131 -0.29903   0.25504   0.45017   0.83384   0.35457
  0.35131  -0.53284   0.22074   0.10961   1.0993    0.52873   0.42746
 -0.98347  -0.27645 ]"
staunton,"[-0.26346   -0.048906   0.13185   -0.20972   -0.33148    0.25944
 -0.54732    0.05252   -0.17277   -0.33683   -0.31323    0.32744
 -0.34362   -0.3266     0.12963    0.38502    0.97174   -0.16893
 -0.31476    0.91076    0.49072    0.68014    0.93239    0.39568
  0.024649  -0.14291   -0.33848   -0.36403    0.030158  -0.11529
 -0.52245    0.87306    0.18425   -0.57049    0.42091   -0.17341
 -0.60989    0.17158   -0.13779   -0.69644   -0.28776    0.57573
  0.14868    0.34831   -0.12341    0.33558    0.17665   -0.69232
  0.82255    0.9694     0.42315   -0.46056    0.37367   -0.65898
  0.17952   -0.26894    0.10231   -0.74112   -1.0103    -0.13087
 -0.40226   -0.034102  -0.38774    0.72451   -1.0454    -0.46508
  0.0060286  0.12354   -0.25747    0.34959    0.21273    0.31936
 -0.078516  -0.32027    0.41286   -0.66839    0.44692    0.74492
 -0.15661    0.065644   0.31094   -0.42382    0.13275   -0.32101
 -0.2345    -0.07513    0.20571    0.38435    0.16      -0.10647
 -0.58597   -0.13749    0.037232   0.83195   -0.19649   -0.36846
  0.6936     0.14285   -0.27578    0.093536 ]"
affordability,"[-1.0939e-01 -1.8699e-01  8.4903e-01  2.8243e-01 -8.4333e-01 -1.0114e+00
 -5.0573e-01 -4.3754e-01  7.0489e-02  3.7715e-01  1.2584e-01 -1.6522e-01
 -6.9105e-01 -8.9623e-01  3.3691e-01 -3.7587e-01 -1.5342e-04  7.5495e-01
 -3.9134e-02  3.5170e-02 -6.8730e-01 -8.4462e-02  3.5863e-01  4.1986e-02
 -1.6233e-01 -4.2686e-01 -4.7757e-01 -9.8157e-01 -1.8513e+00 -2.1905e-02
 -1.3533e-01 -1.4329e-01  1.4502e-01  1.5994e+00 -2.6716e-01  4.8833e-01
  6.5569e-01  5.7700e-01  4.8270e-02 -2.6698e-01  6.2346e-01 -1.2094e-01
 -1.8771e-01 -3.4100e-01  3.0198e-02 -1.9063e-01  5.4834e-01  2.8081e-01
  1.8973e-02 -2.1678e-01  1.0678e-01 -2.8615e-01 -8.6930e-01  3.7876e-01
  4.4413e-01  8.2562e-02  6.3075e-01 -7.1492e-01  2.3408e-01 -6.4892e-01
 -5.7614e-01 -7.8868e-01 -1.5099e-01 -4.0296e-01  6.4996e-01  3.8454e-01
  5.4126e-01 -8.7082e-01  8.0032e-01 -1.4726e-01 -1.0541e-01  1.7737e-01
  5.0939e-02  4.0403e-01  5.1094e-01  7.9258e-01 -1.3526e-01  7.3397e-02
 -2.0822e-02 -1.0950e+00 -2.8645e-01  5.6732e-01 -1.0313e-01 -1.9010e-01
 -1.0839e-01 -9.1188e-02 -2.3347e-01 -7.7712e-01 -7.1213e-01 -9.7985e-02
 -1.2945e-02  4.7735e-01 -3.1432e-01 -3.9035e-01 -2.5822e-01  2.3228e-01
  9.2088e-01  1.9088e-01  3.6973e-01  7.3547e-01]"
10m,"[ 7.9224e-01  7.0013e-01  2.5914e-02 -2.5533e-01  6.2479e-01  2.7051e-01
 -3.3974e-01  6.5705e-01 -8.6156e-01  1.1945e+00  1.3805e+00  8.0054e-01
 -3.1643e-01 -1.2531e+00 -9.2860e-02  3.8973e-02 -1.1970e+00 -1.1501e-01
 -7.2008e-04 -9.9983e-01  4.3185e-02 -1.4144e-01  7.1496e-01  1.1285e+00
 -5.6054e-01  1.0696e+00 -4.9608e-01  4.2414e-01  6.2798e-02  4.5829e-02
 -7.6031e-01  6.9704e-01  1.6504e-01 -4.3272e-01  1.1701e+00 -3.2524e-01
 -9.3679e-01  1.2631e+00 -1.2507e-01  1.1029e+00  8.9700e-01 -1.3415e-01
  1.0336e-02  1.0855e-01  2.4443e-01  6.0930e-01  1.1702e-01  1.1326e-01
 -1.2540e-01 -2.7061e-01  1.7587e-01  6.5652e-01  6.0314e-01  4.6294e-01
 -6.5793e-02 -1.6823e-01  1.1321e+00  2.6066e-01 -1.6718e-01 -4.7364e-01
 -5.9841e-01  1.1723e-01  2.0098e-01  1.1798e+00 -2.4798e-01 -4.2221e-01
 -2.0021e-01  1.3272e-01 -2.9227e-01 -6.7638e-01  2.8746e-01 -9.5088e-01
  7.8142e-01  2.9653e-01 -2.5413e-01  7.1091e-01  2.1775e-01 -5.7095e-02
 -4.3539e-01 -7.4105e-01  1.4349e-01 -3.6523e-02  7.5097e-01 -3.5563e-01
  5.8321e-01 -5.6087e-01  1.0779e-01  5.7927e-03  1.3184e+00  1.1862e-01
  3.9289e-01  7.5644e-01  1.1557e+00  7.1214e-02  1.2225e+00  8.5442e-02
 -7.5051e-01  2.2179e-01  5.6693e-01 -1.4721e-01]"
esque,"[ 0.098688   0.1005     0.27007   -0.47691   -0.41003    0.37508
  0.1837    -0.044      0.021855   0.58514   -0.57036    0.31953
 -0.64542   -0.11121    0.4399     0.73916    0.30685    0.19725
  0.85248   -0.13756    0.33111    0.25465   -0.03392    0.041615
  0.44045    0.44721   -0.49589    0.36391   -0.34571   -0.53859
  0.06932   -0.32615    0.11683    0.27224    0.10226    0.42897
  0.16089   -0.032102   0.17614   -0.012537   0.27091    0.35113
 -0.084811   0.047986  -0.092486  -0.10912    0.055087  -0.18283
  0.47647    0.064603  -0.35247   -0.12073    0.40754    0.14155
 -0.27075   -0.49907    0.66413    0.68168   -0.10016    0.27249
  0.45593    0.50294   -0.18258   -0.28334    0.24072   -0.74431
  0.84324    0.17994   -0.56259   -0.093881   0.3117    -0.23405
 -0.23039   -0.026495  -0.14862   -0.56024    0.2422    -0.21147
  0.33276   -0.027991  -0.28911   -0.12335    0.77477    0.11691
  0.0048055  0.51688   -0.021915  -0.27566   -0.30456   -0.31352
  0.22722    0.7065     0.15675   -0.51189   -0.051388  -0.26875
 -0.16282   -0.79718   -0.25924    0.4468   ]"
baden-württemberg,"[ 0.27014  -0.037366  0.89472   0.41292   0.55457  -0.064483 -0.23145
  0.64767   0.014233  0.2091    0.46207  -0.6831   -0.56419   0.99067
 -0.13234   0.37709   1.4496   -0.875     0.020624  0.47037  -0.3819
  1.027     0.36961   0.51816  -1.0078   -0.73604   0.30154   0.26899
  0.37086  -0.035467 -0.44074  -0.23854   0.42516  -1.0263    0.37287
 -0.3371    0.086684 -0.49135   0.15115  -0.15663   0.32817   0.46121
 -0.156     0.30932   0.16872  -0.55294   1.8921   -0.034658 -0.39583
  0.28307  -0.68172  -0.62293   0.65372   0.27274  -0.70309   0.027803
  0.15318  -0.47926  -0.27742  -0.50093   1.1509   -0.042925 -0.093942
  0.41746   0.49755   0.87531  -0.18989   0.56249   0.082912  0.11382
  0.39617  -0.70714   0.98991   0.24948  -0.1546    0.68586   0.52041
 -0.068439  0.14756  -0.11939  -0.91864  -0.16916  -0.69896  -0.19852
  0.7796    0.52316  -0.99913  -0.3809   -0.012299  0.30464   0.56685
 -1.0627   -0.936     1.0653    0.28035   0.85817   0.4019    0.56859
  0.67535   0.012152]"
dera,"[-0.59646  -0.90478   0.27509  -0.74065  -0.085254 -0.24635   0.066333
  0.72141   0.41554   1.5662   -0.21846  -0.18229   1.1      -0.51
 -0.15419  -0.2047   -0.76052  -0.45502  -1.1861    0.13779   0.42211
 -0.24897  -0.69886   0.46027  -0.9156    0.18948   0.35422   0.23763
 -0.56374  -0.055065  0.098619 -0.49096  -0.27432  -0.09653  -0.6399
 -0.63444   0.20642   0.70977  -0.26565   0.20983  -0.24481   1.4302
 -0.18877  -0.59021  -0.16279  -0.42765  -0.54227   0.75542   0.18018
  0.12416  -0.68489   0.55584   0.83706   0.31897  -1.1088   -0.086857
 -1.1279   -1.1534   -1.3484   -1.3442    0.057273  0.58816  -0.065339
  1.0928    0.71992   0.36816   0.74035   0.12382  -0.11041   0.73013
 -0.62602  -0.21321   0.28419  -0.74823   0.1054    0.054276  0.44348
  0.040764 -0.51906   0.61721  -0.60345   0.30173  -0.29655  -0.36415
  0.29411   0.8342   -0.18077  -0.85868   0.33997   0.095446  1.3405
  0.45766  -0.8459   -0.37099  -0.028855  1.0332    0.53779   0.3828
  1.1261    0.92636 ]"
katowice,"[-0.41786   -0.055284   0.99584   -0.22747   -0.027235   0.016253
 -0.95901    0.02865    0.61901    0.44494   -0.29906   -0.56595
  0.12894    1.1979     0.40253   -0.21829    0.43461   -0.077979
  0.64815   -0.73893   -0.16943    0.72794    0.13797    0.49574
 -0.2589    -0.44832    0.48744    0.66587    0.75483   -0.048467
 -0.59825   -0.67699    0.2062    -0.015594  -0.30836   -1.2431
  0.7188    -0.11225   -0.74393    0.058984   0.59923   -0.058307
 -0.48258   -0.14856   -0.512     -0.39461    0.81904   -0.26992
 -0.19266    0.87685   -1.6922    -0.79205   -0.4762    -0.60099
 -0.31287    0.58768   -0.6141    -0.78228    0.051693   0.053716
  0.74326    0.54552   -0.99694   -0.0086355 -0.22056   -1.0637
 -0.27074   -0.02116   -0.38826    0.39353    0.28702   -0.38426
  0.35115   -0.096754  -0.094115  -0.76751    0.74726   -0.1392
  0.1661     0.43602    0.234     -0.1075     0.63429    0.11659
 -0.51533    0.073076  -0.46877   -0.068189   0.40424    1.1653
  1.0668    -0.63009   -0.22813    0.41158    0.44006    0.55538
  1.208      0.44335    0.56798   -0.54126  ]"
horacio,"[-6.0968e-01 -1.2828e-01 -1.3159e-01 -5.8961e-01  4.3008e-01 -2.7047e-01
  1.2165e-03  6.2102e-01  2.2276e-01  1.9967e-01  5.8095e-01  9.7390e-02
 -2.9191e-01 -1.6169e-01  7.4397e-01  5.1995e-01  3.0885e-01  2.5810e-01
  4.4826e-01  5.3251e-01  2.2709e-01 -1.0090e-01  4.2965e-01  4.9701e-01
  1.4990e-01 -1.4431e-01  5.0323e-01 -2.9329e-01  7.3177e-01  1.3457e-01
 -5.0672e-01 -1.8007e-01  7.4520e-02 -2.7934e-01 -1.5099e-01  7.6968e-01
  2.2282e-02  3.9820e-01 -2.3829e-01  3.9355e-01  9.4313e-01 -3.6014e-01
  6.0451e-01  2.4029e-03  1.5512e-02 -8.1747e-01 -1.6090e-02  1.3834e-01
 -6.2977e-01  5.2536e-01  1.0171e-01  5.2109e-01 -1.2263e+00 -2.2379e-01
 -5.1358e-01  6.6099e-01 -2.4040e-02  4.8400e-01 -3.9196e-01  4.1610e-01
 -3.6331e-01 -7.1138e-01  6.2384e-01  9.2843e-02  4.6363e-01 -5.5392e-01
  4.2547e-01 -2.9113e-01  1.5317e-01 -1.3196e-01  1.7971e-01 -3.6782e-02
 -3.5922e-01 -8.1924e-01 -7.7974e-01 -3.6368e-03 -8.2187e-01  4.0799e-01
 -2.7456e-01  4.8316e-02 -6.0935e-01  1.7427e-01 -9.3124e-01  6.3603e-02
  3.7965e-01 -1.1170e+00 -6.9038e-01  1.1202e+00  6.6859e-02 -1.2684e+00
  1.1319e+00 -5.0549e-01 -1.3091e-01  7.7092e-02 -2.9388e-01  3.9603e-01
 -4.5555e-01  3.9624e-02 -7.8618e-01 -1.0870e-01]"
pachuca,"[ 0.38383   0.27145   0.55034  -0.48709   0.33508   0.43959   0.69056
  0.29786  -0.11968  -0.28111   0.68408  -0.55041  -0.54796  -0.14987
 -0.29997   1.0172    1.1358    0.13224   0.9959   -0.068308  0.43131
 -0.44205  -0.36225   1.7258   -0.82513   1.1944   -0.21921  -0.1535
 -0.097671 -1.1807   -0.43238  -0.04611  -0.40832   1.0879    0.085385
 -0.77851  -0.58907   0.11187  -0.30779   0.40434   0.7142   -1.1001
 -0.11167  -0.35979   0.43691  -0.56743   0.53673   0.24197  -0.59781
  0.67625  -1.1979    0.49471  -1.1361   -0.1379   -0.36858   0.14538
 -0.055578 -1.042    -0.95028   0.41644  -0.11252   0.21531   0.071572
 -0.9653   -0.50733  -0.16692  -0.19334   0.93766  -0.48844  -0.2044
 -0.63754   0.21642   0.028949 -0.31813   0.38145  -0.46659  -0.11843
 -0.58907  -0.25428  -0.12813  -0.44599  -0.56673  -1.3798    0.41343
  0.22466  -0.0334   -0.87796   0.83263  -0.11681  -0.80873  -0.3645
  0.51068  -0.83115   0.22567  -0.51983  -0.39803  -0.38686   0.25797
  0.35611  -0.31664 ]"
gallop,"[-0.20993   -0.61284   -0.27598   -0.92162    0.034582   0.43222
  0.38625    0.625     -0.72888    0.0033679  0.14199    1.0901
  0.34069   -0.21604    0.31838    0.033778  -0.32264    0.54602
  0.13243   -0.072187   0.8343     0.18548   -0.033965  -0.75231
  0.74767    0.53558   -0.33741   -0.05768    0.1507    -0.78284
 -0.41867   -0.76952   -0.077373   0.13448    0.30864    0.64597
 -0.42401    0.50582   -0.031962   0.085338   0.12411    0.024916
 -0.68935   -0.15987   -0.6038     0.15069    0.34177   -0.67718
  0.63642   -0.92393   -0.18132   -0.58465    0.27635   -0.010624
  0.63697   -0.23964   -0.14435    0.66755   -0.18305   -0.076746
  0.43497   -0.31031   -0.18251    0.093695  -0.081008   0.46675
 -0.83023   -0.128      0.57517    0.42041   -0.18691    0.20079
 -0.21556   -0.8953    -0.40606   -0.30148   -0.13155   -0.062696
  0.25952   -0.60303    0.35897    0.48321   -0.38958    0.50965
  0.38401   -0.052819  -0.075043   0.57059    0.44294   -0.38014
 -0.22781   -0.53876   -0.15054    0.77468    0.54769   -0.44098
  0.46592    0.069476  -0.19259    0.55433  ]"
ferret,"[ 0.17984  -0.52916   0.40187  -0.39916  -0.010004  0.6385    0.053344
 -0.28907   0.53958  -0.10892   0.39881   0.31396   0.15409  -0.49943
  0.12695   1.0985    0.99867   0.30743  -0.12748   0.004999 -0.11459
  0.29415  -0.019322 -0.37525  -0.024601  0.085802 -0.14182   0.05192
 -0.10504  -0.45079  -0.37223  -0.74394  -0.6254    0.61722   0.42926
  0.412    -0.37477   0.38675   0.36544   0.084118 -0.064511  0.50904
 -0.7533   -0.36257  -0.75801   0.2212   -0.28158  -0.29444  -0.23665
  0.37949  -0.66365   0.2174   -1.0606    0.3515   -0.43437  -0.016064
  0.25733   0.026131  0.1611    0.093804  1.0115    0.073562  0.18834
  0.29188   0.31437   0.20512  -0.19319  -0.33187   0.33043  -0.26762
  0.50526  -0.3993   -0.34106  -0.48731  -0.43665  -0.26633  -0.24069
 -0.22516  -0.012633  0.17462   0.5529    0.044917  0.3409    0.46907
 -0.10058  -0.5256    0.57463   0.4321   -0.56563  -0.049014 -0.65401
  0.05268  -0.052342 -0.28512   0.3552   -0.33061  -0.73108  -0.087729
 -0.29814  -0.55252 ]"
walla,"[-0.69768   -0.65718    0.84377   -0.76654    0.14742    0.18173
  0.17026    0.15097    0.52326    0.5774    -0.77657   -0.42233
 -0.18639    0.26669   -0.20538   -0.14855    0.59259   -0.36027
 -0.89883   -0.65422   -0.98695    0.6753    -0.38909    0.19116
 -0.38494    1.0735     0.035251   0.075898   0.0038403 -0.59972
 -0.15209   -0.12306    0.23893   -0.41947   -0.3666    -0.047798
 -0.54476   -0.36584    0.44348   -0.51752   -0.06419    0.67368
 -0.84066   -0.072397  -0.45313    0.1233    -0.065282  -0.26563
  0.63828    1.0357    -0.458     -0.59371    0.47966   -0.80283
 -1.1381     0.19233   -0.075389  -1.3757    -0.29453   -0.19166
  0.25339   -0.34001   -0.79286    0.1069    -0.42175   -0.39329
  0.27821   -0.32081    0.038168   0.68322   -0.86453    0.0034194
 -0.6448    -0.066428  -0.10167    0.3471     0.60916   -0.40882
 -0.18002    0.15161   -0.19921    0.041504   0.50875    0.33699
 -0.086069   0.77872    0.57658   -0.29971   -0.096126   0.85602
 -0.084465  -0.60502   -1.6139    -0.029348  -1.56      -1.0397
  0.19853   -0.045032  -0.31596    0.92305  ]"
bmx,"[ 0.25167   -0.46282    0.077582  -0.2717     0.020575   0.076246
 -0.33081    0.94308   -0.0028638  0.0172     0.72798    0.042533
  0.53113   -1.5006    -0.51248    1.1751     1.1281    -0.10095
  0.009818  -0.57682    0.57707    1.0139    -0.038849   0.17025
  0.035938   0.94776   -0.10717   -0.050803   0.64687    0.40302
 -0.50157   -0.17599   -0.68119   -0.095893   0.64169    0.094233
 -0.82265    0.71102   -0.66048    0.80539    0.25088    1.0864
 -0.28744   -0.55915   -0.9183    -0.039726  -0.11543   -0.70726
  0.36716    0.28265   -0.72864   -0.20829   -0.53198    0.30762
  0.81743    0.21566   -0.29868    1.2505     0.21689    0.14771
 -0.19751   -0.17689   -0.27742    0.59802    1.1741     0.3944
 -0.0046844 -0.25854    1.048     -0.11099   -0.33122    0.038668
 -0.62611    0.83701    0.45671    0.22588    0.87559    0.52284
 -0.28742   -1.1522     0.42083   -0.39229    0.65741   -0.084872
  0.80439    0.39953   -0.75444   -0.17119    0.11766    0.39046
 -0.034838   0.37254    0.64074    0.33523    0.60213   -1.4551
  0.10389   -0.07192    0.74872    0.48637  ]"
neutrons,"[ 0.068817   0.5681     0.23273   -0.96622    0.31259   -0.45176
  0.0099742 -0.029472  -0.074715   0.53391    0.37445   -0.60743
 -0.0064333  0.5487     1.0593    -0.46738   -1.5976     0.91848
  0.94119   -0.56569    0.83012   -0.83144   -0.43089   -0.056114
 -0.29132    0.59228   -0.08999    1.0784     0.29019    0.53189
 -0.49307    0.72488   -0.51013    0.28461    0.10894   -1.1415
  1.1553    -0.15713   -0.30254   -0.51621    0.10714    0.059716
 -1.0844     0.020041   0.47601   -0.31232    0.06725   -0.12274
  0.91348    0.35343    0.81784   -0.99688    0.084486   0.0036781
  0.20696    0.7486    -0.76386   -0.11084   -0.094725  -0.14623
 -0.54048    0.70465   -0.078813   0.71322    1.0086     0.52584
  0.53916    0.5133     0.48985   -1.0802    -0.34948   -0.80461
  0.53958   -0.057672   0.37062    0.45014    0.14659   -1.7356
 -0.20059   -0.22629   -0.76309    0.8017    -0.75286    1.0014
 -0.50467    0.87241    1.7821     0.6551     0.28322   -0.32993
 -0.5659     0.55786   -1.0376    -0.087919  -0.39072   -1.1566
  0.079675   0.026895  -0.26054   -0.57789  ]"
406,"[ 0.57919    0.3732     0.38028    0.27247   -0.19052    0.68573
  0.79907   -0.01755   -0.11819    0.048408   0.5542     0.14063
 -0.24714   -0.10024    0.40015   -0.085439   0.054757  -0.078677
 -0.13064    0.22035    0.47551   -0.010582   0.51907    0.29662
  0.37695   -0.48682    0.90113    0.49632   -0.45353   -0.46021
 -0.026798   0.2309    -0.28203    0.29842   -0.41277    0.43276
 -0.35691   -0.23399    0.15302    0.85919    0.29181   -0.51441
 -0.30142   -0.17914   -0.030818   0.036804   0.50173   -0.34914
 -0.59694    0.7009    -0.68732    0.12607   -0.0056824  0.48701
 -0.87756    0.30154    0.17676   -0.33732   -0.37977   -0.31092
 -0.18062   -0.52563   -0.053202   0.74728   -0.71936    0.32376
  0.018416  -0.26848    0.40198   -0.28063   -0.05993   -0.30982
 -0.2856     0.11537    0.41932    0.61117   -0.13768    0.71781
 -0.60823   -0.24215    0.061173  -0.19106    0.51762    0.19191
  0.036393  -0.0047089  0.18089   -0.85772   -0.36567    0.20733
 -0.10901    0.88698   -0.51649   -0.51854   -0.64959    0.14707
 -0.42278    0.023063   0.11858   -0.29517  ]"
mooted,"[ 0.11576    0.11907   -0.015181   0.66419    0.41984   -0.44003
  0.51557   -0.13897    0.44254    0.25419   -0.59075    0.79377
 -0.12048   -0.33588    0.95873   -0.13516   -0.26513    0.041367
  0.15661   -0.87329   -0.30911   -0.10167   -0.58424    0.0041064
  0.21363   -0.88649   -0.047634   0.43775   -0.52462    0.1921
 -0.49499    0.0094498 -0.14804   -0.3003     0.21032    0.45226
 -0.35952   -0.29228   -0.51559   -0.40429   -0.30052    0.66488
  0.5563     0.28349    0.38151    0.45308    0.51431    0.24856
 -0.13297   -0.046797  -0.26107    0.41851    0.31114    0.62529
 -0.80172   -0.062366  -0.074523   0.15638   -0.39272   -0.055615
 -0.54807   -0.10561    0.1125     0.5202     0.42496   -0.63785
 -0.37739    0.32974    0.16455   -0.68162    0.52358   -0.22104
 -0.78966   -0.24231   -0.90944   -0.39563    0.044039  -0.2911
 -0.71781    0.3578    -0.2841    -0.97797    0.49919   -0.26372
 -0.37261    0.33763    0.78413    0.35607   -0.49546   -0.60666
 -0.43054   -0.0033396 -0.7422    -0.55364    0.20073    0.28659
  0.018601   0.53298    0.13373   -0.16541  ]"
joni,"[-0.28552    0.096314   0.20746   -0.86141    0.59635   -0.0025708
  0.14154    0.17567   -0.58623   -0.88036   -0.073543   0.25892
 -0.6823     0.57792    0.36605   -0.3449     0.12224   -0.25475
 -0.051967  -0.29683   -0.30927   -0.15837    0.034181   0.18989
 -0.18717    0.10852    0.11037   -0.27272    0.11679   -0.25293
  0.10978    0.48465    0.36649    0.061947  -0.40295   -0.34625
  0.45155    0.40372   -0.0096371 -0.70704   -0.35528    0.83793
  0.18114    0.46711   -0.21152    0.49014   -0.7889    -0.5391
  0.43084   -0.048863   0.37057    0.66076    0.19182   -0.69381
  0.08926   -0.145      0.27803    0.2739    -0.94693   -0.1566
  0.10574    0.55776    0.1897    -0.0038599 -0.12232   -0.33976
  0.84848    0.29301    0.31298   -0.49518   -0.17451    0.18497
  0.18437   -0.29021    0.15128    0.59654    0.72775   -0.098451
  0.71204   -1.0014     0.26763    0.12869    0.74387   -0.29484
  0.080333   0.24139    0.05332   -0.1808    -0.61761    0.23475
  0.01368    0.031471  -0.56061   -0.46344   -0.40814    0.29432
 -0.2815    -0.39226   -0.84487    0.19586  ]"
20-yard,"[ 0.23028   -0.40836   -0.55464   -1.1007    -0.063667   0.4198
  0.75436   -0.30937   -0.70509    0.85243    0.66873    0.0043238
 -0.32934   -0.22941    0.012176   0.52839   -0.47156    0.2433
  0.016915  -0.6458     0.47794    0.56882    0.18741    0.30449
  0.77635   -0.14408   -1.3002     0.87859    0.32925   -0.41095
 -0.24292    0.99692    1.2196    -0.35854    0.24835   -0.4718
 -0.46824    0.62743    0.20682    0.072634   0.69886    0.097207
 -0.15841    0.96498   -0.28728   -0.29987    0.098127  -0.0092303
  0.49665    0.5717     0.54465    0.85952   -0.22802    0.38955
  0.6983    -0.83806    0.42785    0.12067    0.83413   -0.62871
 -0.45445   -0.83154    0.1611     0.49709    0.23709   -0.13707
 -0.23819   -0.94764   -1.1972     0.18716   -0.46304    0.89812
  1.1992    -0.56408   -0.76231   -0.6418    -0.048453  -0.38381
  0.1403     0.17578    0.4738     1.0467    -0.25308   -0.58969
 -0.31861    0.024124   1.3884     0.28408    0.15776   -0.028921
  0.30575    0.6819    -1.206     -0.24038   -0.92142   -0.67778
  0.65224    0.17882   -0.036563  -0.39782  ]"
biologically,"[-0.23147    0.69609    0.37475    0.12062    0.11616   -0.11228
  0.59129   -0.07673    0.063955   0.33367    0.18155    0.42322
  0.060467  -0.6246     0.35056   -0.42433   -0.038649  -0.054391
  0.32152    0.32439   -0.028927  -0.58163    0.81556    0.05712
 -0.45428   -0.088141  -0.425     -0.34188   -0.29057    0.60173
 -0.22175   -0.39847   -0.028097  -0.32028    1.1081    -0.52777
 -0.18364    0.54571   -0.75556   -0.066112   0.11233    0.99056
  0.1562    -0.16352   -0.14838    0.17578    0.21912    1.0417
 -0.78602   -0.36064   -0.55977   -0.64966    0.1958    -0.58141
  0.23648    0.65291    0.29456   -0.48681    0.017137  -0.15893
  0.10649    1.2045    -0.0024213 -0.4984     0.62463   -0.61538
  0.82968   -0.068899   0.28855   -0.51045    0.32014   -0.59492
  0.3186     0.64383    0.11399   -0.69696    0.14271   -0.95557
 -0.11453   -0.1352    -0.77738    0.31822   -1.1041     1.0018
 -0.77995    0.39117    0.53968    0.21286   -0.40927   -0.42942
 -0.60429   -0.058459  -0.25458   -0.30889    0.070628   0.0094333
 -1.2942    -1.3186    -0.42306   -0.12075  ]"
loma,"[ 0.65178  -0.13087  -0.39875   0.96466  -0.10152   0.48622   0.96566
  0.8033    0.4238    0.46035   0.33158  -0.020731 -0.41408   0.17579
  0.27838  -0.35066   0.41295   0.10975  -0.1967    1.1016   -0.38797
  0.40978  -0.23263   0.77795   0.57004   0.53851  -0.63042  -0.58941
 -0.2623   -0.54132   0.3647   -0.89953   0.92005   1.8327   -0.53247
 -0.21975   1.1641    0.48619   0.66684  -0.79142  -0.4856    0.74539
 -0.44738  -0.33001  -0.054951  0.77319   0.82795   0.53449  -0.26659
  0.96359  -0.23918   0.22963  -0.31942  -0.7522   -0.027163 -1.182
  0.44819  -0.37066   0.1034    0.18523  -0.7026   -0.023485  0.30786
 -0.24633  -0.3616   -0.24065  -0.44817  -0.44829   0.77162   1.0204
 -0.18472   1.477     0.57407   0.071096 -0.42723  -0.31385   0.34553
  0.97293   0.40841  -0.27412  -0.20344  -0.33408  -0.62248   0.27054
 -0.28687   0.27769   0.36209   0.32774  -0.11376  -0.36502   0.1759
 -0.27524  -0.45592   0.43141   0.39456   0.4501   -0.25038   0.23642
  0.023631 -0.13495 ]"
pamplona,"[ 0.58318   -0.71008   -0.23847   -1.0097     0.60071    1.4202
 -0.12308    0.3353    -0.49555   -0.58215   -1.1507     0.7253
  0.43932   -0.46439   -0.072396   0.40857    0.15888   -0.69289
  0.52645    0.16185    0.21443   -0.047361   0.049634   0.66853
 -0.043582  -0.38359   -0.79994   -0.098148   0.75279   -0.2948
 -0.3729    -0.8288     0.43256    0.87533    0.069668  -0.043667
 -0.24362    0.18797    0.31897    0.087499   0.97012   -0.30738
 -0.15322   -0.61387   -0.32112    0.073452   0.87805   -0.30829
 -0.16675    0.29767   -0.48248    0.38419   -0.060986  -0.23269
 -0.86988   -0.2868    -0.98747    0.33749   -0.56358   -0.01733
 -0.0519     0.063899   0.20836    0.14026   -0.0069724  0.56008
 -0.85551   -0.81201   -0.25957    0.16937    0.094499  -0.66871
  0.097203  -0.26048   -0.02738   -0.4002     0.063706  -0.02863
 -0.38551   -0.36717    0.49091   -0.36694   -0.95022    1.0921
  0.29856    0.81064   -0.77281   -0.35694    0.043488  -0.18808
  0.19178    0.12353   -0.0062285 -0.048927  -1.0838     0.56196
 -0.42774    0.32959    0.60337    0.0081529]"
sunnyvale,"[ 2.5444e-01  4.0259e-02  4.0760e-02 -9.8745e-03  8.0856e-01 -4.4127e-01
  4.0687e-01  3.4437e-01  2.0727e-01  7.6249e-01  2.6263e-01 -2.3799e-01
  4.3596e-04 -1.4503e+00 -2.1068e-01 -4.0410e-01  1.3213e-01 -7.1001e-03
  9.7603e-02  3.7235e-01 -3.3395e-01  4.7814e-02  2.7255e-01  1.7216e+00
 -7.5415e-01 -1.8419e-01 -3.8769e-01  2.6011e-01 -1.1527e+00 -2.7439e-01
  2.2406e-01  2.7402e-01 -6.2683e-02 -1.4805e-01  1.3891e-02  1.1914e-01
  4.3188e-01  6.2752e-02  1.3717e+00 -6.5736e-01  3.3610e-01  6.6875e-01
 -7.0163e-01 -1.6993e-01 -5.1526e-01  4.9659e-01  2.7495e-01  9.8040e-02
  2.7241e-01  7.8111e-01 -5.4963e-01 -4.0482e-01 -1.0084e-01 -6.3693e-01
 -3.3263e-02 -5.1861e-01  3.6712e-01 -1.6970e-01  6.8243e-01 -4.9196e-01
  3.3332e-03  2.2312e-02  4.9911e-01  8.0178e-02 -1.1152e+00 -3.3053e-01
  3.8585e-01 -1.9897e-01 -3.6969e-01  9.2049e-01  5.0951e-01  7.0856e-01
 -2.3073e-01 -6.8101e-01 -5.2299e-01 -1.1192e-01  8.4766e-01 -4.8267e-01
 -9.6226e-01  3.0103e-01 -2.8027e-02 -5.7520e-01 -1.2376e+00  7.5407e-01
 -3.2644e-01  8.4700e-02  3.6225e-01  3.6944e-01 -9.3642e-04  1.4134e-01
 -1.5406e-01  7.5391e-02  2.0026e-01  3.6587e-01 -1.5006e-01  2.7507e-01
  3.7804e-01 -5.4285e-01  3.1032e-01  4.4675e-01]"
josip,"[-0.53995   -0.25451   -0.7288    -0.39415   -0.23507    1.0292
 -0.074645  -0.3562    -0.87024    0.12368   -0.0068642 -0.20467
 -0.61563   -0.02111    0.013238   0.096079   0.93539   -0.43306
 -0.51165   -0.65404   -0.22339    1.0434     0.35749    0.2298
  0.23422   -0.056939  -0.70221    0.35398    0.13641   -0.12208
  0.2314     0.16053   -0.1        0.82913   -0.28642    0.16922
  2.0926     0.36143   -0.54521   -0.30994   -0.53782    0.47617
  0.76208    0.095636   0.60026   -0.6669     0.47198   -1.0336
  0.29194    0.1145     0.80577   -0.66053   -0.87828    0.31856
  0.77609    0.50112   -0.49912    0.87159   -0.10749   -0.021131
  1.0056     0.53964   -0.4124     0.48463    0.36613   -0.29533
  0.19766    0.38643    0.14554    0.26118   -0.37894   -0.33673
  0.49794    0.16783   -0.20782   -0.57319    0.23468   -0.19694
  0.66518    0.53615   -0.094281  -0.52509   -0.53882    0.4003
  1.0511     0.65044   -0.23998    0.6888     0.48368   -0.52331
  0.0085849  0.39824    0.095757   1.1575     0.12284   -1.4005
  0.71608    0.014563  -1.0224    -1.0039   ]"
machinations,"[ 0.1317    -0.64715    0.66563   -0.42485   -0.09693    0.36981
 -0.50332   -0.52254   -0.33463    0.028594   0.59668    0.36565
  0.35943   -0.13721   -0.0096196  0.18404   -0.643      0.26139
  0.24205   -0.4973    -0.18186   -0.11976    0.33511   -0.35222
  0.085436  -0.094087   0.089605   0.073656  -0.21604   -0.62545
 -0.043228  -0.48133    0.25739   -0.67387   -0.52763    0.072297
  0.091477  -0.45556    0.063206  -0.0037311 -0.18928    0.091212
 -0.49173   -0.10183   -0.36371   -0.35327    0.090998   0.46887
  0.44772    0.31575   -0.030556   0.27082    0.031545   0.80155
  0.24284   -0.25306   -0.040217  -0.16952   -0.75476   -0.03466
 -0.36289    0.060181   0.14371    0.17557    0.56539   -0.084174
  0.21088   -0.26851    0.092104  -0.31527   -0.22122   -0.54719
 -0.067441   0.12484   -0.89139   -0.56562    0.10743    0.20576
 -0.26197    0.84537    0.20399    0.64725    0.63444    0.43889
 -0.96651   -0.13714   -0.34018    0.42629   -0.11844   -0.99075
 -0.10134    0.38982   -0.11876   -0.14647    0.63463   -0.46088
 -0.062453  -0.57095   -0.10464    0.36037  ]"
massieu,"[ 0.8759    -0.72407    0.0091434 -0.65857    1.4164     0.75345
  0.20712   -0.68736    0.4898     0.35591    0.068504   0.30805
  0.53368   -0.11215    0.70368    0.095492  -0.36699    1.0406
  0.090017   0.03423   -0.17842    0.033192   0.1832     1.0123
 -0.89436    0.46759    0.66748   -1.033      0.1371     0.38821
  0.78627    0.15734    0.51549    0.59416   -0.79661    0.33192
  1.0233     0.47203    0.4547    -0.23461   -0.085025  -0.68027
  1.4915    -1.0788    -0.45315    0.2337    -0.17209   -0.5191
 -0.21179   -0.032695  -0.75105   -0.32199    0.57944   -0.052156
 -0.69325    0.67963   -0.71206    0.14271    0.66083    0.58444
 -0.80685   -0.080418   0.41315   -0.052144   0.58964   -0.83144
 -0.30928    0.61948   -0.36289    1.0976     0.10953   -0.51027
  0.147      0.29604   -0.5523    -0.71949   -0.48039    0.093835
 -1.4147     1.0325     0.59396    0.71861   -0.26836   -0.7051
  0.33593   -0.31065   -0.67065    0.94672   -0.20266   -0.43204
  1.2147     0.11342   -0.4017    -0.21463    0.22709   -1.0194
  0.27402   -0.83502   -0.91682   -0.50258  ]"
craigslist,"[ 0.72842   -0.6163    -0.40575   -0.32728    1.1419     0.36101
 -0.13325   -0.083024   0.63068   -0.58124    0.36993    0.30464
  0.17676   -0.70592    0.021367  -0.044127   0.27701   -0.072085
 -0.96983    0.41636    0.40707   -0.029763  -0.60906    1.1022
 -0.99842   -0.15584    0.34105   -0.20827   -1.6194    -0.70287
  0.93862    0.70109    0.16935    0.44665    0.039      0.33826
 -1.277     -0.77811    0.65427    0.090129   0.50299    0.993
  0.18842   -0.14735   -0.82954    0.81286   -0.56262   -0.44256
  0.32296    0.2781     0.54699    0.81088   -0.28016   -0.37644
 -1.3483    -0.25158   -0.308     -0.53212    0.56697   -0.32161
 -0.42403   -0.26834    0.67698   -0.55021   -0.0086828  0.12526
  1.0907    -0.13619    0.49964   -0.14199    0.12075   -0.67068
  0.66501    0.093052  -0.40688   -0.35591    0.18755   -0.35269
 -0.077728  -0.83017   -0.056102  -1.0306     0.3079     0.67092
 -0.19856   -1.4079    -0.12962    0.40558   -0.68377   -0.015109
  0.28753    0.34135    0.58866    0.0089505  0.816     -0.39963
 -0.36743    0.28064    0.12996    0.32539  ]"
hokies,"[ 0.45084    0.014865   0.43724   -1.6557    -0.59271   -0.14796
  0.71073   -0.48427   -0.52514   -0.71013    0.61068    0.011771
 -0.30786   -0.25497   -0.27448   -0.43725    0.61293    0.57077
 -0.59676    0.12128    0.28146    0.035878  -0.071017   0.56306
  0.047105  -0.0024444  0.27066    0.25816   -0.52142   -0.17995
 -0.54969    0.49229    0.20288   -0.22335   -0.27446   -0.77898
 -0.97855    0.049751  -0.25873    0.44481    0.036456  -0.58874
  0.0039441  0.37429   -0.31386   -0.030252   1.2643     0.96745
  1.2264    -0.34859   -0.3532     0.061025   0.18911   -0.40307
  0.46035    0.62173    0.63158   -0.67527    0.24774   -0.2855
 -1.0528    -0.20534   -0.1125    -0.27015   -0.25874    0.30676
 -0.038481   0.64485   -0.91334    0.82695   -0.15359   -0.0068874
  0.61296    0.087772  -0.49093    0.32241   -0.36676    0.14437
  0.8675    -0.087621   0.94309    0.18671   -0.67306    0.21614
 -0.38166   -0.62922    0.6836    -0.62319    0.58983    0.52977
 -0.32414    0.23161   -0.46759    0.43892   -0.21111   -1.1171
  0.14125    0.40458    0.39868    0.061726 ]"
seaplane,"[-5.3367e-01  5.8581e-01 -8.0176e-01  3.9658e-01 -6.3532e-01 -5.8074e-01
  9.4778e-01  4.3046e-02  4.1330e-02  1.5938e-01  1.5420e-01  4.2022e-01
  7.4462e-02  1.9361e-01  3.1321e-01 -4.9962e-01  9.1158e-01  3.3951e-01
  5.5544e-01  1.8358e-01 -4.5867e-01  4.5366e-01  2.3388e-02 -7.4710e-01
  2.2303e-03  1.1921e-01 -1.0803e+00  6.7033e-01  1.3929e-01  5.1540e-01
 -8.6784e-01  4.8481e-01  2.1529e-01  4.1683e-01  5.5193e-01  5.5011e-01
 -1.6426e-01 -4.2495e-02  3.1252e-01 -1.2438e-03  3.9817e-01 -7.5848e-01
  2.2186e-01  6.4682e-01  1.1545e+00  4.7750e-02  6.7364e-01 -7.0990e-01
  1.7432e-01  6.6462e-01 -1.1377e+00  5.8477e-01  5.0551e-01  2.6776e-01
 -2.6259e-01 -1.4407e-02  5.8850e-01 -1.8147e-01  1.3113e+00  4.6773e-01
  2.4398e-01  2.0262e-01  1.2110e+00  1.1845e+00 -3.1464e-01 -6.1444e-01
 -7.7995e-01 -5.3061e-01 -6.3697e-01  5.2772e-01 -1.2651e+00 -6.1060e-01
 -1.8580e-01 -5.5924e-02  1.7525e-01  3.7576e-01  4.1960e-01  4.3817e-01
 -3.2897e-01  6.7382e-03 -3.3035e-01 -1.3465e-01  3.7504e-01  5.4829e-01
  7.9914e-01 -5.6363e-01  3.7484e-01  9.9548e-02  1.9356e-01  3.5109e-03
 -9.8340e-01  2.4863e-01 -6.1563e-02 -7.5292e-02  8.1728e-01  6.8117e-01
 -4.9619e-01 -3.5286e-01 -3.7206e-01  5.3655e-02]"
montclair,"[ 9.4124e-01 -2.9864e-01  8.1236e-01 -4.0916e-01 -3.8735e-01 -2.4922e-02
 -1.5506e-01  1.5450e+00 -5.3701e-01  1.3251e+00 -9.9211e-01  2.3190e-02
 -5.9202e-01  5.0399e-01  4.8123e-01  3.1740e-01  7.0651e-01 -1.4699e-01
  4.7803e-01 -2.7635e-01 -5.0532e-01  7.1553e-01  3.1737e-03 -3.4479e-01
  2.3718e-01 -5.7661e-01  4.7818e-01 -4.2289e-01 -6.5388e-01  1.5694e-01
  9.3930e-02  1.4203e-01 -1.3873e-01 -8.9221e-02  3.2226e-04  3.6801e-01
  8.0554e-02 -3.1460e-02  6.4982e-01 -2.5577e-01  1.7391e-01 -9.6862e-02
 -5.3314e-01 -5.1538e-01 -8.5076e-01  6.0018e-01  1.4261e+00 -1.1053e-01
  7.7886e-01  1.3156e+00 -3.4139e-01 -5.5904e-01 -4.8578e-01 -7.9840e-01
 -5.6527e-01 -5.2520e-01 -5.1860e-01 -1.8857e-01 -1.5406e-01  1.2451e-01
 -3.0198e-01  5.1898e-01  4.3353e-02  3.6530e-03 -5.7815e-01  4.6691e-02
  4.1799e-01  5.4057e-01  7.5322e-01  2.4708e-01 -3.2047e-01 -2.0301e-01
  5.2471e-02  6.9582e-02 -3.4967e-01 -3.2626e-01  4.2992e-01  2.9940e-01
 -1.2098e-01 -7.9974e-01 -5.2235e-01  7.5032e-01  5.1102e-02 -7.7639e-02
  6.1654e-01 -1.1661e-01  1.7145e-03  3.9150e-01 -2.4143e-01 -5.3075e-02
 -5.9529e-01 -5.9501e-01 -8.1817e-02  2.0778e-01 -4.7130e-01 -2.9012e-01
  6.3528e-01 -2.7753e-01 -1.0443e-01 -4.1059e-02]"
smelting,"[-0.32911    0.90616   -0.77412    0.13184   -0.092089  -1.8885
 -0.71825    0.60025   -0.040485   0.522      0.13629   -0.25372
 -0.2076    -0.28338   -1.2344    -0.48589    0.17984   -0.67406
  0.69809   -0.34983    0.61694    0.20333    0.1797     0.79719
  0.082981   0.17266    0.46911    1.1535    -0.18608   -0.0035379
 -0.28002   -0.029626   0.026416  -0.13215   -0.87094   -1.0321
  0.26547   -0.3579     0.57041   -0.74605    0.32021   -0.30911
 -0.47549   -0.41708    0.2698     0.13048    0.025459  -0.080133
  0.52598   -0.87147   -0.68119    0.26654   -0.89842    0.56209
 -0.23831    0.33809   -1.1459    -0.69459    0.042886   0.0092159
 -0.3904    -0.10677    0.58463    0.84499    0.04835   -0.34642
  1.0255    -0.2764    -0.16313   -0.31313   -0.5651     0.72935
  0.86631    0.77198    0.42843   -0.8248     0.35409   -0.31352
 -0.30256   -0.013841  -0.068649   0.5966     0.20087    1.3012
 -0.47261    0.65125    1.0091    -0.37355    0.17482   -0.36737
 -0.091172  -0.69807   -0.047916   0.63674    0.052882  -0.48434
  0.017144  -0.66525    0.46122    0.337    ]"
padding,"[-0.51903   -0.10383    0.059412  -0.76868   -0.46676    0.42807
 -0.7006     0.20761    0.08511    0.073382   0.67936   -0.34921
 -0.019504   0.083984   0.4661    -0.021141   0.28283    0.42851
  1.0672    -0.5081    -0.25405    0.30553   -0.12505   -0.079529
  0.20405   -0.078596   0.10191   -0.32893   -0.52821   -0.67224
  0.39447   -0.58633   -0.021216   0.072963  -0.31838    0.073482
 -0.22037    0.16325   -0.071819   0.22213    0.62444   -0.25516
  0.53622    0.041746  -0.93157   -0.18276    0.14266   -0.033089
  0.11887   -0.62286   -0.17494    0.34458    0.040007   1.1602
 -0.64769    0.13922    0.40849   -0.49401    0.24253    0.057796
  0.15017    0.13545    0.046007   1.3676    -0.21675   -0.10812
  0.54721   -0.46847    0.20761   -0.60182    0.32703   -0.28728
  0.41898    0.13664    0.038054   0.37377   -0.12419    0.13323
  0.46962    0.65284   -0.38899   -0.0037245  0.19246   -0.65815
 -0.30256    0.019349   0.55451    0.40057   -0.20607    0.093079
 -0.14594   -0.3381    -0.064886  -0.38926    0.8667    -0.25658
  0.4611     0.26648    0.35201    0.3387   ]"
3.15,"[ 0.79274   0.21589   0.8575    0.3446   -0.35543   0.12948   0.17531
  0.22676  -0.12077   0.55952   0.34415   0.26225  -0.48168  -0.18553
  0.19031  -0.49037  -0.6831   -0.65712   0.022488  0.69504   0.12099
 -0.14786   0.087671  0.73994   1.2828   -0.44055   0.15026   0.47093
 -0.16467  -0.29971   0.2328   -0.11944  -0.10209   0.31774  -0.33155
  0.66386   0.23942  -0.36541  -0.12156   0.2567   -0.091191 -0.85142
 -0.26977  -0.038093 -0.53365  -0.033838 -0.47972  -0.01381  -0.045805
 -1.037    -0.58111  -0.43843   1.4391    0.17369  -0.93245   0.86861
 -0.33442  -0.48342   0.31942   0.20017  -0.31187  -0.55775  -0.54996
  0.36153  -0.83255  -0.40358  -0.35441  -0.63101   0.66174   0.72664
 -0.36008   0.35447   0.10714   0.38936  -0.41767   0.02533  -0.61678
 -0.043036 -0.2305    0.77404  -0.87183   0.38611   0.47023   0.53146
  0.50643   0.18911   0.50277   0.44633   0.051294 -0.22898  -0.24943
  0.55721   0.46122  -1.0243   -0.19815  -0.55752   0.016763 -0.28884
  0.2395   -0.29207 ]"
tennant,"[ 0.062763 -0.78647   0.083001 -0.20865   0.32823  -0.39609  -0.018975
  0.87339   0.1159   -0.72066  -0.38074  -0.20939  -0.011048  0.38918
  0.36848   0.087587 -0.076191  0.096243  0.11899   0.7414   -0.032734
 -0.2796    0.43395  -0.46872   0.60376   0.0641    0.20019  -0.2762
  0.016135  0.045134  0.060535  0.15807   0.47599  -0.523    -0.0447
  0.68496   0.23276   0.31442   0.12888   0.12592  -0.039265  0.8613
 -0.057233  0.43912  -0.025612  0.79197  -0.72724  -0.45988   0.62992
  0.2643    0.038247 -0.30857   0.25974   0.055641 -0.56349  -0.34831
 -0.61495   0.14585  -1.3266   -0.12014   0.60428   0.073187  0.50537
  0.92402   0.17145  -0.37229   0.12794  -0.087323 -0.16578  -0.24573
 -0.48431   0.52564  -0.32571  -0.031171  0.017366 -0.49436   0.5209
  0.022647 -0.80258  -0.32838   0.22369   0.74416  -0.082785 -0.11608
 -0.2829    0.073844  0.16999   0.42112   0.23675   0.41531  -0.42357
 -0.093689 -0.027178 -0.35691   0.16573   0.2653    0.046117 -0.1921
 -0.44372   0.16334 ]"
colvin,"[ 1.9669e-01 -4.8639e-01 -7.8483e-03 -7.8579e-01  6.9814e-02 -2.9590e-01
  1.6131e-02  7.9857e-02  2.5082e-01 -1.8502e-01  3.0041e-01 -2.7522e-01
 -5.5697e-01  4.3668e-01  3.6330e-01  6.0453e-02 -1.6282e-01 -1.3231e-01
 -2.6421e-01  1.8814e-01  3.2169e-04 -2.7274e-01  4.8199e-01 -2.5844e-02
 -7.8099e-02  5.5404e-01  4.1927e-01 -3.9743e-01 -2.5023e-01  1.1345e-01
 -2.3485e-01 -2.1222e-01  8.1604e-01  2.7586e-01 -1.6157e-01  7.0230e-01
 -1.1325e-01  6.3126e-01 -2.2003e-01  3.6290e-01 -4.1892e-01  8.6152e-01
  2.5070e-01  2.7137e-01  2.2095e-01  1.5587e-01 -2.6348e-01 -4.1723e-01
  3.2907e-01  1.5876e-01  2.2739e-01  4.2485e-01  8.2046e-02 -4.1579e-01
 -7.2099e-02  1.0709e-01 -5.3079e-02 -2.0630e-01 -5.6680e-01  2.0929e-01
  3.8523e-01  4.7743e-03  2.9537e-01 -2.6913e-02  7.0705e-02 -2.2639e-01
  1.0073e+00 -1.7573e-02 -2.4811e-01  2.7587e-02 -2.3172e-01 -5.0206e-01
 -2.3013e-01 -3.8220e-01 -1.0137e-01 -4.0672e-01  2.4211e-02 -8.0577e-02
  1.0467e-01  1.1008e-01 -5.6343e-01  1.6495e-01 -8.8612e-02 -6.1036e-01
  4.1506e-01 -3.3162e-01  9.3023e-01 -5.9404e-01 -6.7463e-01 -2.4832e-01
 -1.8904e-02 -2.6585e-01  1.5539e-02 -8.0799e-02 -2.3924e-01  9.0602e-02
 -1.9470e-01  1.2338e-01 -7.0431e-01  3.0124e-01]"
cleanse,"[-0.61939    0.12756    0.41582   -0.2108    -0.19365    1.1252
 -0.20904    0.048168   0.48939    1.3513    -0.39474    0.3684
  0.12309   -0.051498  -1.009     -0.31553    0.53431   -0.48094
 -0.83515    0.33983   -0.19158   -0.84406   -0.45026   -0.32298
 -0.55038    0.1572    -0.46759    0.11904    0.43029   -0.18218
  0.74494   -0.29843   -0.0095111  0.053594  -0.34265   -0.13786
  0.35897    0.16938   -0.23807   -0.6375    -0.51677   -0.43649
 -0.68796   -0.36691   -0.6046     0.89187   -0.40138    0.30859
 -0.048894  -0.29316   -1.1958     0.43936    0.037284  -0.030768
 -0.5386    -0.069599   0.34763   -0.13317    0.55176   -0.33912
  0.38146    0.66444   -0.31314    0.13508   -0.12189    0.09891
  0.17575   -0.21008    0.15281   -0.81655    0.3674    -0.50438
 -0.18393    0.35582    0.18196   -0.14234   -0.4317     0.20536
 -0.11385    0.15357   -0.33176    0.71901   -0.97533    1.1951
  0.15012    0.6052    -0.13136    0.71492   -0.20711    0.27463
 -0.77001    0.19794   -0.16006    0.022196   0.54107   -0.70305
  0.49523   -0.26968   -0.50344    0.50277  ]"
zhen,"[-0.17756   -0.57685   -0.045568  -0.032113   0.11621    0.42446
 -0.10971   -0.2454     0.56131    0.047353   0.18971    0.77552
  0.61697   -0.18281    0.01438    0.016669   0.37576   -0.024624
 -0.511     -0.069655   0.38007   -0.1455    -0.68013    1.3524
 -1.1965     0.83635   -0.65044    0.19966    0.078097  -0.10404
 -0.48325    0.286      0.5982    -0.23302   -0.14339    0.0030754
 -0.037643   0.31074   -0.041445  -0.42258   -0.16278    0.21562
  0.063266  -0.53927    0.40143   -0.15553   -1.1158    -0.0028868
  0.21974   -0.38554    0.24078   -0.30397    0.81654    0.49414
  0.17265    0.8045     0.20295    0.49707   -1.0665    -0.24188
 -0.60109   -0.2638    -0.49908    0.91337   -0.66294   -0.073133
 -0.088748   0.50724    0.30828    0.74839    0.1527    -0.19173
  0.31014    0.02837    0.10632    0.025004  -0.44645    0.078935
 -0.56216   -0.60818    0.46022    0.37351   -0.56214    0.096101
 -0.82699    0.30198   -0.33023   -0.605      0.82744   -0.46574
  0.86969    0.29894   -0.19959    0.82178   -0.18122   -1.1135
 -0.9823    -0.90192   -0.25182   -0.46724  ]"
casanova,"[ 0.47493   -0.73616    0.60196   -0.19975   -0.47428    0.81544
  0.3861     0.17547   -0.28864    0.023838   0.093095   0.081308
 -0.079731   0.30245    0.61791    1.0933     0.66241    0.81366
 -0.17294    0.76459    0.14654    0.60326    0.13875    0.48598
 -0.15391    0.035842   0.0087386 -0.93789   -0.099738  -0.25988
 -0.58133   -0.60744    0.066114   0.58081    0.25856    0.8502
  0.12131    0.46553    0.18171   -0.40354   -0.04079    0.084575
  0.10746    0.51394    0.37012   -0.010783   0.14047   -0.31867
  0.12477    0.62738   -0.42004    0.1434     0.10998    0.18554
 -0.54046    0.07747    0.10373    0.89129   -0.50677    0.67804
  0.33967   -0.34943    0.086985  -0.55805    0.16871   -0.27238
  0.085953   0.073429  -0.13756    0.21846   -0.1882    -0.060489
 -0.12766    0.030512   0.3266    -0.23944   -0.77151    0.21988
  0.23233    0.45173   -0.039567  -0.019812   0.05032    0.46819
  0.08652   -0.58074   -0.22089    0.042513  -0.78506   -0.37764
  0.25405    0.17851   -0.087633   0.098442   0.47178   -0.48362
 -0.13128   -0.40545   -0.52627   -0.37183  ]"
tomasz,"[ 0.18678    0.34905    0.21586   -0.58819    0.15517   -0.72484
 -1.2644    -0.4271    -0.78656    0.49246    0.45256   -0.41691
 -0.0031443 -0.17829    0.89062    0.69104   -0.039567  -0.27695
 -0.60378   -0.50022   -0.37299    0.89186    0.72674    0.44257
  0.46911   -0.36901    0.5213     0.12672    0.58211    0.2421
 -0.88206    0.41984   -0.1561     0.68334    0.4194    -0.71716
  0.48356   -0.031144  -0.7748    -0.10748    0.27744    0.19859
  0.31969   -0.15268   -0.30096   -0.80156    0.36267   -0.65324
  0.21428    0.16343    0.015824  -0.87286   -1.152      0.37424
  0.34875    0.71305   -0.32964    0.33084   -0.48639   -0.34123
  0.97184    0.33894   -0.89714    0.40659    0.86125   -0.28761
  0.0032834  0.62333   -0.0064903 -0.46401   -0.29594    0.78976
  0.82181   -0.36445    0.6742     0.27552    0.036375   0.23892
 -0.15209    0.66056   -0.49568   -0.21799   -0.60438   -0.32512
  1.2595    -0.11191   -0.10774    0.9296     0.085951   0.056912
 -0.014638   0.15904    0.45695    0.4355     0.12534   -0.7614
  0.88383    0.21913   -1.0473    -1.4294   ]"
tomlin,"[ 0.13297   -0.21455    0.22516   -1.3596    -0.14948   -0.12827
  0.1678     0.35439    0.22857   -0.44675   -0.5145    -0.72232
  0.28123    0.35931    0.44001   -0.27804    0.20918    0.21648
 -0.19654    0.72152   -0.68385   -0.16127   -0.22033    0.54882
  1.2707    -0.11052    0.10453    0.25269   -0.29999    0.13274
 -0.81764   -0.10499    0.50801    0.15622   -0.76409   -0.078262
  0.0055889  0.039938   0.034074   0.0055287  0.24603    0.26881
  0.020831   0.39377   -0.96114    0.64475   -0.54447    0.024862
  0.28343   -0.62578    0.12742   -0.59559    0.16705    0.38101
  0.17927    0.20661    0.41791   -0.29046   -1.0933     0.058541
  0.3271     0.20751   -0.36782    0.55773    0.48692   -0.46011
  0.67523    0.3102    -0.70247    0.79843    0.13729    0.19988
 -0.80105    0.054592   0.17108   -0.2454    -0.27394    0.084415
 -0.10938   -0.13847    0.071042  -0.42537    0.016161   0.22944
 -0.49053    0.12389    0.58701   -0.083829   0.033932   0.39099
  0.4283    -0.14769    0.049076  -0.32744   -0.088429   0.02568
 -0.71615    0.35692   -0.43652    0.6175   ]"
barksdale,"[-0.13826    0.26427    0.45133   -0.20562    0.35342    0.078827
  1.4026     0.031585  -0.32591   -0.31224    0.14684   -0.0092779
 -0.088944  -0.64728   -0.057886  -0.24733    0.68471   -0.449
 -0.11631    0.12815    0.16396   -0.42842    1.1717     0.23398
  0.046546   1.0375    -0.15289    0.20664    0.12518    0.085913
  0.72214   -0.068064  -0.67448   -0.51642   -1.0629     0.85383
 -0.29202    0.75146    1.1285     0.13463   -0.7398     0.16744
  0.020757   0.49777   -0.76651    1.4283    -0.2312    -0.10791
  0.11352    0.056377  -0.054706   0.36627   -0.6063    -0.19544
 -0.49994   -0.050252   0.24454   -0.93965    0.23903    0.54286
 -0.33618   -0.087343   0.065156   0.37003   -0.62224   -1.0892
  0.56744   -0.20955    0.049551   1.0686     0.62738   -0.85429
 -0.14264   -0.89462   -0.030496  -0.97979    0.75136   -0.96182
  0.1805     0.91294   -0.49133   -0.62144    0.14209   -0.018376
  0.23105   -0.0023025  1.0132     0.5962     0.041461   0.19028
 -0.23359   -0.5423     0.28256   -0.095498   0.51342   -0.022573
  0.40685   -0.16519    0.14195    1.1388   ]"
itinerant,"[ 3.6985e-01  1.0077e-01 -3.6911e-01  2.3793e-01  3.9870e-02  7.5180e-01
  1.6541e-01 -1.4987e-01 -1.2450e-01 -4.4832e-01 -6.7600e-01 -7.2304e-01
  9.2486e-01 -3.4858e-02  1.0626e-01 -1.2760e-01  7.0358e-01 -4.9116e-01
  5.1018e-01  3.3055e-01  2.8197e-01  2.5712e-01  3.0634e-01 -4.3126e-01
  5.3900e-01 -3.7279e-01  4.3247e-02 -9.9130e-02 -2.3904e-01  2.9048e-01
 -8.6063e-01 -2.8747e-01 -5.0684e-01 -4.6442e-01 -6.7053e-01  3.8254e-01
 -4.1332e-01  2.4267e-01  8.5157e-01 -1.4481e-01 -6.0935e-01  4.5683e-01
  7.4291e-02  3.3152e-01  1.7360e-01 -3.4346e-01 -5.7321e-04  2.5790e-02
  4.7627e-01  1.1390e-02 -6.1090e-01 -3.0382e-01  1.7715e-01  1.0848e-01
 -3.5773e-01  7.1230e-01 -5.0155e-02 -7.4163e-02  3.8204e-01  2.3679e-01
  1.4544e-01  4.2840e-02  6.4179e-01 -3.2809e-01  1.5526e-01 -1.5024e-01
  4.9980e-01 -7.5826e-01  5.4667e-01 -5.6781e-01 -4.2648e-01 -3.6291e-01
 -1.1398e-01 -6.5800e-01  2.7688e-01 -4.1293e-01 -2.3658e-02 -1.9449e-01
  4.9328e-01 -9.7416e-01  9.9347e-02  5.5319e-01  3.3321e-01  3.8652e-01
 -3.8446e-01 -4.8175e-01 -1.1443e-01  8.2683e-02 -3.0874e-01 -1.1916e+00
  1.7168e-01 -4.4711e-01  1.2817e-01 -4.5167e-02 -3.5395e-02 -1.0496e+00
 -1.7081e-01  4.7466e-02 -2.4181e-01 -1.1531e-01]"
kale,"[-0.76958   -0.080158   0.57757   -0.33943   -0.2395     0.15521
  0.14619    0.35334    0.32031    0.69572   -0.94932    0.7745
  0.26991    0.77706    0.088618   0.41783    0.36876   -0.46959
 -0.52671    0.46613   -0.59402    0.0061636  0.229      0.12709
 -1.1695     0.67477   -0.066191  -0.124     -0.50211   -0.041909
 -0.2139    -0.91719    0.43568   -1.5326     0.29561    0.376
  0.19522    0.21574    0.076903   0.1578    -0.079168  -0.43932
 -0.171     -0.15318   -0.26321    0.31178   -0.44534   -0.23001
  0.56974    0.24352   -0.63142   -0.83049   -0.11937    0.19237
 -1.6772     0.14792   -0.30176    0.06608   -0.77344    0.015201
  0.60746    0.231     -0.14975    1.5189     0.76923   -0.35485
  0.35948   -0.016676   0.27238    0.52487   -0.57149   -0.52774
 -0.65354   -0.62907   -0.062139   0.79319   -0.45255    0.24677
  0.41266    0.29804    0.3221    -0.33622   -0.33091    0.013424
  0.37775    0.57905   -0.54266    0.43823    0.90493    0.75433
  0.0798    -0.31545   -0.69782    0.049297   0.14153    0.18347
  0.12871   -0.14966   -0.79389    0.57572  ]"
mccallum,"[-0.29726   -0.31988    0.41713   -0.41016   -0.15616   -0.58074
  0.16393    0.43841   -0.30218   -0.032199  -0.37292   -0.48345
 -0.55031    0.30281    0.092609  -0.24047   -0.36551    0.23428
 -0.14557   -0.39078    0.077262  -0.11914    1.0255     0.32499
  0.33414    0.38184    0.11499   -0.022431   0.42162    0.091199
 -0.31361   -0.01423    0.033569   0.22215    0.1197     0.18514
 -0.67932    0.23995   -0.019853   0.14878    0.14365    0.61481
 -0.079291   0.19872   -0.56774    0.01329   -0.38902   -0.27518
 -0.15919    0.32787    0.5287    -0.52634    0.25558   -0.29474
 -0.079349  -0.087234  -0.089409  -0.021592  -0.70529    0.59669
  0.55831   -0.54367    0.084873   0.017619   0.17613   -0.50034
  0.38682   -0.072023  -0.41873    0.66084    0.2492     0.44958
  0.19448    0.0021883  0.039855  -0.6424    -0.13656    0.46328
 -0.13444    0.57393    0.16813   -0.20958    0.29702   -0.12883
  0.13281    0.036123   0.25588    0.055144  -0.4403    -0.38788
 -0.40225   -0.54681   -0.010853  -0.14613   -0.20151   -0.41066
 -0.09508    0.25541   -0.73473    0.18979  ]"
demobilized,"[ 1.5885e-01  5.9162e-01 -3.8871e-01  1.0604e-01 -5.0906e-01  5.9731e-01
  7.2286e-01 -9.7704e-02  1.6731e-01  4.3257e-01  8.6621e-01 -1.2075e-01
  1.2677e+00 -6.1381e-02  8.9037e-01 -5.9288e-01  1.2790e+00 -4.3782e-01
  2.4057e-01 -2.4597e-01  3.6394e-01 -6.4550e-01  7.4035e-01  3.2422e-01
 -3.0763e-01 -3.5834e-01  6.1395e-02 -6.1159e-02  7.2127e-01  1.7939e-02
 -1.7817e-01 -3.3923e-04 -6.2946e-01 -1.2180e-01  1.8955e-01  5.0652e-02
 -1.0561e-02 -2.1542e-01 -5.7091e-01 -3.2287e-01  2.9724e-01  6.2358e-01
  6.9184e-01  5.4547e-01  3.0148e-01  1.3819e-02  1.9339e-01  6.5892e-01
  1.5129e-01  3.0868e-01 -1.3806e-01 -5.3760e-01 -1.3699e+00  8.5999e-02
 -1.1568e-01  1.2564e+00  3.1837e-01 -1.2618e+00  7.2132e-01  8.8201e-02
  6.4770e-01  6.4993e-01 -6.9934e-01 -6.2159e-01  7.5124e-02 -6.2256e-02
 -1.7672e-01  2.5659e-01  5.2396e-01  4.4237e-01  8.1967e-01 -1.0475e+00
 -1.3045e+00 -1.7901e-01  2.0648e-01  2.6524e-01 -1.9702e-01  4.8365e-01
 -4.9165e-02  7.7316e-02  1.4095e-01  3.5667e-01  6.6188e-02  6.1598e-01
  1.3779e-01 -3.9549e-02  4.9140e-01  3.5758e-01 -1.1440e+00 -2.9470e-01
 -8.1438e-01 -1.1250e+00 -1.9495e-01  6.2623e-01 -3.7653e-01 -2.5828e-01
  4.3559e-02  9.2506e-01 -7.0098e-01  7.2505e-02]"
roofed,"[-0.78205   0.73589  -0.75864   0.54812   0.1028    0.58032  -0.47781
  0.49317   0.20073   0.65561   0.18378   0.37053   0.79953   0.12029
  0.33642   0.22884  -0.63737  -0.42206   1.0766   -0.735     0.58155
  0.81738   0.42398  -0.060201  1.1701   -0.90959  -0.041985 -0.39593
 -1.1692   -0.094582  0.45331  -0.36296   0.97292   0.60829   0.37165
  0.0552    0.034009  0.52711   0.84543  -0.5171    0.46933  -0.13961
 -0.071851  0.26267   0.63826   0.12468  -0.59716   0.2237    0.37203
 -0.30706  -1.1039   -0.36889   0.52248   0.37045  -0.32475  -0.2466
  0.095268  0.51165   0.27481   0.15736  -0.77322  -0.23304   0.55701
  0.8373    0.097263 -0.20896   0.54866   0.17055  -0.404    -0.88596
  0.50202   0.6621    0.35664  -0.68939   0.28318  -0.60451   0.067239
  0.50817   0.31437   0.57117  -0.89907   0.039937  0.30181   0.24304
  0.7797    0.20025   0.22627  -0.17067  -0.069319  0.72788   0.50502
 -0.71727   0.050402  0.042761  0.32175  -0.58313  -0.01876  -0.23903
  0.20173  -0.2163  ]"
rijkaard,"[ 0.65916    0.17758   -0.11053   -0.88514   -0.45529    0.24129
  0.17771   -0.028154   0.40647   -0.251      0.4667     0.17884
 -0.21478   -0.08781    0.87262   -0.39947   -0.74811   -0.80481
  0.10793   -0.1595    -0.061071   0.2419    -1.1661    -0.13447
 -0.11934   -0.89988   -0.40064   -0.2472     0.30323    0.090813
 -0.87346    0.27327   -0.89779    0.58713    0.3835     0.42908
 -0.22272    0.39559   -1.3055    -1.1123     0.0048954 -0.49195
  0.61666    0.098869  -0.1018     1.7955     0.1127    -0.60863
 -0.0039413 -0.35207    0.82108   -0.16334   -0.6238     0.3833
 -0.021728  -0.32987   -0.31556    0.11517   -1.216      0.22102
 -0.035693  -0.092411  -0.23359   -0.19958   -0.20044    0.29193
  0.022298   0.48343   -0.86717   -0.76599    0.70973    0.19172
  0.72201   -0.71092   -0.26557    0.25342   -0.041782   0.345
 -0.060376   0.18879    0.55779   -0.55736   -0.1078     0.41369
  0.40925   -0.45844   -0.1481     0.72503    0.098441  -0.80717
 -0.043848   0.3469    -0.074269   0.45842    1.276     -0.24078
 -1.2987    -0.11668   -0.36906   -0.10331  ]"
dinh,"[ 0.4574   -0.50217  -0.28294  -0.19735  -0.3131   -0.14877   0.22906
  0.48734   0.33302  -0.32323   0.059653  0.74439  -0.34899   0.55407
  0.85372  -0.31224   0.096994 -1.1735   -0.023627 -0.48138   1.0443
  0.44301   0.51696   0.010101 -0.16386  -0.1198    0.4397   -0.23463
  0.2499    0.12271   0.21798   0.42096   1.1386    0.74038  -0.94636
  0.11533   0.63432   1.0268   -0.46323  -0.46275   0.26925   0.73078
  0.44222  -0.67531  -0.28794   0.62961   0.71878  -0.76021  -0.66852
  0.52448  -0.65314  -0.083506 -1.1741    0.36367  -0.29071   0.65776
  0.22911   0.084918  0.19259  -0.70698  -0.47291  -0.22894  -0.010208
 -0.21624  -0.86451  -0.15333  -0.46504   0.71772  -0.037622  0.75252
  0.72631  -0.073232  0.81998  -0.95929  -0.54635   0.20959  -0.37558
  0.86712   0.044901  0.84395  -0.14838   0.076615 -0.26038  -0.98699
 -0.3694    0.28344  -0.70924   0.1681    0.48097   0.24484   1.4834
 -0.4042    0.50458  -0.17505   0.83047   0.040468 -1.2056   -0.4319
  0.018355 -0.10183 ]"
vertebrate,"[ 0.082197  0.84594   0.73773  -0.020114 -0.088285 -0.17732  -0.14023
 -0.14591  -0.13997  -0.34748  -0.6567   -0.30824   0.70751   0.25882
  0.32648   1.0792   -0.10103   0.8391    0.50703   0.37189  -0.053465
 -0.53398  -0.44209  -0.33022   0.72408  -0.18614   0.90409   0.1403
  0.039841 -0.064847 -1.0209    0.26797  -0.27518   1.0146    0.53664
  0.35396  -1.5388   -0.16648  -0.72903   0.56942  -0.21536  -0.64915
 -0.64871   0.96274   0.1987    0.36133   0.14719   0.65153  -1.1584
  0.89844  -0.22251  -0.30025   0.28175  -0.61836   0.02316   0.51229
 -0.28726  -0.66779  -0.13115   0.6689   -0.34248   0.60509   0.35004
  0.68459   1.0177    0.43899  -0.58446   0.38544   0.777     0.077409
  0.64939  -0.12268   0.56756  -0.36846  -0.29329  -0.44835  -0.69597
 -0.59512  -0.8504    0.3924   -0.803     0.70426  -0.55909   0.38836
  0.2508    0.38763  -0.056093  0.44698  -0.68018  -0.45379   0.66338
 -0.5608    1.3742    0.50739  -0.52559  -0.58396  -1.0416   -0.94433
  0.34518  -0.48348 ]"
colonized,"[-0.0061533  0.34358    0.93897    1.143     -0.39437    0.178
  0.18871   -0.069099   1.068     -0.28153   -0.1232    -0.0063682
  0.78018   -0.19581    0.45699   -0.67431   -0.092472   0.05098
 -0.38326   -0.82329    0.73633    0.25955    0.30507    0.0016007
  0.36311   -0.50117   -0.15101    0.21969    0.11968   -0.031136
  0.2734     0.19793   -0.1254     0.28357    0.85519   -0.21024
 -0.038082  -0.36171   -0.85054   -0.89163   -0.73505   -0.3199
 -0.2283     0.64774    0.21534    0.74033    1.149      0.38438
  0.44813    0.48028   -0.70213    0.9164    -0.27954   -0.35327
 -0.5163     0.2657    -0.1254     0.046146  -0.031783  -0.29796
  0.43819    1.1443     0.13232   -0.22742    0.64595    0.16606
 -0.17712    0.29457    0.44755   -0.40242    0.28586    0.4351
 -0.17421   -0.1568    -0.33817   -0.54023   -0.2892    -0.43866
 -0.54301    0.5474    -0.44306   -0.046455  -0.86247    1.4199
  0.31313    0.41885   -0.0046328  0.056716  -0.2278    -0.48379
 -0.59391   -0.51001    0.53405   -0.14012   -0.50245   -0.058521
 -0.81705    0.0026879 -0.73962   -0.59175  ]"
normality,"[ 0.021414  -0.17027    0.83812    0.040665  -0.53911    0.64762
 -0.19931   -0.2856     0.38622    0.3727    -1.1153     0.90333
  0.66179    0.11071    0.284     -0.41658    0.39426    0.64103
  0.69069    0.26512    0.18249   -0.202     -0.24666   -0.8559
  0.54114   -0.0098919  0.23596   -0.38688    0.032139  -0.61025
 -0.25515   -0.85583   -1.0301     0.094736   0.20159   -0.085471
  0.39435   -0.13949   -0.68235   -0.99308   -1.0663    -0.5153
  0.13322    0.012297  -0.40481    0.35381    0.39459   -0.27568
  0.53293    0.091809   0.021506  -0.27936   -0.27052    0.40508
  0.18998   -0.16274    0.12749   -0.66339    0.10744    0.27185
 -0.42933   -0.07913   -0.68149   -0.35049   -0.31985    0.74449
 -0.29863   -0.93587   -0.3523    -0.054626  -0.18459   -0.22933
 -0.23909   -0.39201    0.84589   -0.0053983 -0.21454    0.62333
 -0.20843   -0.51044   -0.45826    0.58672    0.040754   0.52391
  0.22246    0.86793    0.90696   -0.25824   -1.1277    -0.74578
 -0.20162    0.37374   -0.089385   0.3868    -0.35526   -0.46884
  0.93903   -0.06083   -0.89213    0.65202  ]"
interlocking,"[ 2.9056e-01  2.4761e-01  1.0090e-01 -6.0645e-02  3.0024e-01  7.0668e-02
 -5.7254e-01 -1.3681e-01  1.8496e-02  2.8139e-01  5.5468e-01 -7.3869e-04
  8.1309e-01  5.4455e-01 -1.1807e-01  9.4204e-01  6.4350e-02  3.7614e-01
  5.4221e-01 -1.0544e+00  1.0270e-01  1.9060e-01  2.9016e-02 -4.1101e-01
  1.0008e+00 -7.7620e-01  5.5652e-01  9.6721e-01 -9.8365e-01  1.4815e-01
 -4.7621e-02  1.4952e-01  3.8257e-02 -5.6819e-01 -5.2003e-01 -7.1288e-01
  5.4069e-02 -5.0810e-01  4.2303e-01  2.3057e-01  8.1899e-01 -1.2757e-01
 -2.7061e-01 -3.8886e-01 -8.6019e-01  2.3505e-01 -6.0103e-01  4.7997e-01
 -6.9416e-02  5.1731e-01 -6.9135e-01  2.6201e-01  3.4481e-01 -2.6986e-02
  7.4804e-01 -4.6829e-01  7.4396e-01  4.5207e-02 -1.0828e-03  5.2596e-01
 -5.9238e-01  5.3047e-02  4.3051e-01  7.4955e-01  9.0759e-02 -6.2322e-01
  1.7621e-02  2.3506e-01  2.2411e-01 -4.2181e-01 -3.6414e-01 -2.0700e-01
  2.4892e-01  3.6904e-02  3.1843e-01 -4.3694e-01  3.8454e-01 -1.4624e-01
 -3.0243e-02 -2.2737e-02  2.6194e-01 -4.2800e-02  7.2349e-02  7.2137e-01
 -4.0761e-01  7.0483e-01 -5.2207e-02 -2.3853e-01 -1.1176e-01  7.1932e-01
 -1.7909e-01  5.2217e-01 -5.0794e-01  1.3903e-02  4.6428e-01 -5.9962e-01
 -6.5993e-01 -5.9092e-01 -2.4091e-03  4.7215e-01]"
davie,"[-0.21652   -0.25826    0.031371  -1.3745    -0.90609    0.12043
  0.7695     0.098835  -0.11818    0.011469  -0.58457    0.4081
 -0.041891  -0.18775    0.42129   -0.74131    0.61375   -0.15519
 -0.43199    0.51515   -0.34228    0.46286    0.56634   -0.23105
  1.189     -0.086113  -0.7796    -0.184     -1.1522    -0.19687
 -0.18019    0.058729   0.045718  -0.56761   -0.48189   -0.1248
 -0.087974  -0.086722  -0.04459   -0.0039253 -0.29583    0.22114
 -0.22141   -0.082793  -0.58342    1.0605     0.19353   -0.88995
  0.33493   -0.22599    0.23283   -0.55855    0.25192   -0.61455
 -0.045271   0.078891   0.30566   -0.14979   -0.66007   -0.19731
 -0.28454    0.10608   -0.15906    0.32232   -0.7423    -0.31888
 -0.052865   0.29687   -0.40188    0.60144    0.058      0.060282
 -0.7606    -0.62943    0.14422   -0.50015    0.16864    0.53884
  0.13729    0.51366   -0.0089626 -0.65098   -0.32525   -0.57408
  0.45049    0.068258  -0.02435   -0.19278   -0.042356   0.23906
  0.080039  -0.19443    0.19635    0.61865    0.019245  -0.0033686
 -0.65277   -0.066614   0.40767    0.62773  ]"
bruckner,"[ 0.41686    0.63218    0.42014   -0.058546  -0.33221   -0.06258
 -0.33112    0.53188   -0.34233    0.24257   -0.48342    0.61267
 -0.97424   -0.25329    0.69315    0.12686    0.75998    0.44001
  0.16353   -0.3224    -0.90154    0.12344    0.047061   0.49767
  0.50411   -0.85257    0.17114    0.048168   1.3083     0.33486
 -1.3466    -0.015376  -0.36882   -0.01789   -0.17885    0.010231
  0.67826   -0.33059    0.060747  -0.3986     0.57454    0.8343
  0.25087    0.33981    0.048834   0.22509    0.83519   -0.19638
  0.45692    0.76646    0.19984    0.22519   -0.49497   -0.86091
 -1.1299    -0.047383  -0.10938    0.56941   -0.13439    1.1633
  0.43663    0.069735   0.056917   0.8506    -0.33832    0.15096
  0.54782    0.50964    0.17027   -0.37058    0.0041612 -0.19726
  0.010534  -0.34206    0.56331   -0.081078  -0.20438    0.96446
 -0.18744    0.11462   -0.010785  -0.044811  -0.7242    -0.45829
 -0.64254    0.20436   -0.41616    0.25347   -0.57648    0.51308
 -0.21459    0.39006   -0.16955    0.66193    0.2282     0.53628
 -0.46083   -0.43492   -1.0786     0.28156  ]"
notts,"[-0.28694   -0.12627   -0.072209   0.01635    0.015607   0.87764
  0.81924    0.2777    -0.0062577  0.035227   0.0094757 -0.50845
  0.0098505 -0.43815    0.57627   -0.36179    1.493      0.3726
  0.76137    0.27526    0.3802    -0.093238   0.026001   0.077954
 -0.16641    0.57844   -0.027973   0.16046   -0.65902   -0.062285
 -0.057742   0.25743    0.3208    -0.83131   -0.39224    0.38321
 -0.58414    0.20129    0.080559  -0.18129    0.01224   -0.35909
  0.30348   -0.74812    0.55495    0.28964    0.69943   -0.3372
  0.74459   -0.03983   -0.4617    -0.7661    -0.42823    0.46878
 -0.030567   0.21914    0.13468   -0.8967    -1.2532     0.099336
 -0.34664   -0.32179   -0.89759    0.1747    -0.20778    0.09407
 -0.21354    1.1441     0.055926  -0.42757   -0.64261    0.11922
  0.4608    -0.98394    0.56661   -0.2588     0.051453   0.074417
 -0.11655   -0.23194    0.47666    0.56899   -0.11986    0.20733
  0.024778  -0.10241   -0.52497    0.30164    0.6021     0.5869
 -1.1446    -0.1885    -0.96066    0.90158    0.15188   -0.60048
  0.2433     1.6796     0.60108   -0.83559  ]"
wynne,"[-2.3012e-01  1.3272e-01  1.7869e-01 -3.6528e-01 -3.9451e-01 -4.2058e-01
 -1.1550e-01  3.4347e-02  2.7707e-01  4.7511e-01  7.2325e-01 -7.9022e-01
 -7.7804e-01  8.5852e-02 -7.7394e-01 -6.7676e-01  3.0808e-01  3.3768e-01
  2.3548e-01  3.1278e-02  3.5872e-01 -8.6538e-01  1.0869e+00  2.3471e-01
  4.7279e-01  2.6172e-01  4.3127e-01  3.4066e-01 -4.1732e-04  3.8272e-01
 -3.5159e-01  9.2207e-02  2.2177e-01  3.7319e-01 -2.5288e-01 -1.4220e-01
 -1.8082e-01  8.3017e-01 -5.3038e-01 -3.3146e-01 -2.1876e-01 -3.2829e-01
 -4.0336e-01  3.0381e-01  3.3997e-01  6.4255e-01 -2.1119e-01 -1.2937e-01
  1.9052e-01 -2.1438e-01  5.1911e-01 -6.2309e-01  6.8362e-01  8.4156e-02
 -6.1871e-02  3.7856e-01  8.2503e-01 -4.2546e-02 -9.8431e-01 -4.7612e-01
  5.1616e-01  1.0576e-01  5.3278e-01  1.1098e-01 -3.1198e-01 -1.0913e-01
 -1.7825e-01  9.7854e-01 -7.6227e-01  3.7465e-01 -2.2451e-01  8.2410e-02
  2.1685e-02 -2.4298e-01  1.2524e-01 -8.8694e-02  1.2366e-01 -2.9161e-01
  1.6479e-01  3.8836e-01  8.1828e-01 -3.9819e-01  5.7802e-01 -6.1521e-01
  5.9746e-01 -2.6482e-01  3.3588e-01 -1.7170e-01  1.3086e-01 -7.0922e-01
  1.1365e-01 -4.5708e-01  2.5106e-01  8.4747e-01 -1.2722e-01  4.2541e-01
  4.5944e-01 -3.3191e-01 -6.2046e-01 -2.6313e-01]"
relational,"[ 3.4459e-01  9.6067e-01  8.2455e-02  1.0858e+00 -4.8895e-01  7.4989e-01
 -2.8078e-01 -1.0850e+00 -4.9638e-02  2.7298e-02  3.4553e-01 -1.8847e-02
  2.2817e-04 -1.2086e-01  2.3978e-01  1.2644e+00  4.8911e-01  1.2567e+00
  4.1787e-01  7.6705e-02 -8.8481e-01 -1.0157e-01  1.1575e-01  7.4405e-01
  1.2248e-01 -6.4757e-01  3.5223e-01 -3.0539e-01 -7.9867e-01  1.9118e-01
  1.1176e-01  5.3668e-01 -7.6727e-01 -1.5467e-01  8.7902e-01  8.2326e-02
  6.3544e-01  2.3068e-01  6.2783e-01 -7.7444e-01  4.1913e-01 -5.3596e-01
  1.5457e-01  5.1552e-01 -3.6412e-01  6.8165e-01  5.7820e-01  1.4794e-01
 -1.7164e-01  4.4281e-01 -5.1227e-03 -1.4217e-01 -1.5824e-01 -1.0100e-01
  8.5963e-01  3.3370e-01  5.3342e-01 -3.0893e-01  5.0092e-01  3.0514e-02
  1.9814e-01 -3.6948e-02 -6.7707e-01 -7.7271e-02  2.8076e-01  8.3038e-02
  3.3030e-02  1.2187e-01  5.6969e-01  1.2726e-01 -1.0885e+00 -1.7783e-02
  1.2859e-01 -7.2285e-01 -3.5829e-01 -8.4029e-01  2.8834e-01  2.4729e-01
 -1.2479e+00 -2.1978e-01 -9.4529e-02  2.9323e-01 -2.5139e-01  1.6357e-01
 -8.2100e-02  5.7874e-01  5.7097e-03  1.5035e-01 -2.1092e-01 -3.4987e-01
 -3.1581e-01  6.0807e-01  3.3343e-01  3.4790e-01  2.0568e+00  2.6887e-02
 -1.9735e-01 -3.5471e-01  4.6042e-01  8.0238e-01]"
presidio,"[-0.53622  -0.78712  -0.22878   0.51086   0.015352  0.38117  -0.076403
  0.71688  -0.14746   0.34232   0.40569   0.64483  -0.42751  -0.50473
 -0.27744  -0.50199   1.2029    0.028607  0.278     0.43157  -0.19486
  0.41904  -0.66804   0.10236  -0.47441  -0.2191   -0.53696  -1.1631
 -0.44044  -0.67165  -0.19635  -0.26959   0.2383    0.67392  -0.0861
 -0.064064 -0.13168  -0.061102  0.72934  -0.50866   0.56817   0.15907
 -0.51596  -0.42016   0.59971  -0.35229   0.23191   0.013547 -0.32358
  0.46316  -0.51602  -0.23373  -0.48432  -0.76444  -0.30996   0.016227
  0.38226  -1.1545    0.20361   0.17913  -0.36919   0.74029   0.55174
 -0.54008  -0.51282  -0.46952  -0.40907  -0.16025  -0.42681   0.51086
  0.66574   0.40275   0.13111  -1.0416   -0.13425  -0.38234   0.51604
  0.65537  -0.26514   0.07345   0.29269   0.07448   0.16999   0.83071
  0.56255   0.067959  0.10457  -0.1985    0.67888  -0.48458  -0.29654
 -1.0735   -0.24195   0.58139  -0.68268   0.20995   0.85033  -0.28396
 -0.07396   0.49571 ]"
langston,"[ 4.4831e-01  5.3396e-01 -4.2504e-01  4.2744e-01 -3.3801e-01  8.4192e-02
  4.9267e-01 -5.3871e-01 -2.8440e-01  7.1884e-03 -6.0408e-01 -5.1869e-01
 -1.2546e-01 -6.5524e-02 -2.1175e-01 -2.3893e-01  4.1600e-01  7.3706e-01
 -4.2816e-01  2.7566e-01  2.7860e-01 -2.0188e-01  6.2615e-02  2.8728e-01
  7.8279e-01  4.8645e-02 -6.2243e-01 -2.8836e-01 -3.4734e-01 -1.2206e-03
 -5.7286e-01 -5.5105e-02  5.4077e-01 -1.7962e-01 -2.9344e-01 -4.2008e-01
 -2.9898e-01  5.3638e-01 -3.4871e-01 -1.0106e-01 -2.5987e-01  4.9829e-01
 -3.7521e-01  2.3350e-01 -5.2734e-01  1.5850e-01 -5.2625e-01  1.1860e-02
  7.3990e-01 -1.0147e-01  1.8274e-01 -4.3976e-02  3.7303e-01 -1.1121e+00
  3.7099e-02 -5.3809e-02  2.8627e-01 -1.4230e-01 -5.5054e-01  5.4399e-01
 -6.5423e-02  5.2090e-01  2.6221e-02  1.8103e-01 -5.4184e-01 -1.1222e-01
  1.2699e+00  6.0231e-01  1.9772e-02  4.9440e-02 -5.5604e-01  9.8758e-01
 -2.5704e-01 -3.4352e-01  1.1781e-01 -2.7119e-01  2.2081e-01  5.4717e-01
 -6.7713e-02  4.2486e-01 -3.2717e-01  3.1334e-01 -7.9623e-01 -6.2622e-01
  1.0014e-01  2.0594e-01 -1.0381e-01 -1.1806e-01  3.2245e-01 -1.8221e-02
 -1.7522e-02 -1.1761e-01  1.6204e-01  3.0889e-01  9.7895e-02 -3.5078e-01
  4.6446e-01  1.1260e-01 -9.1379e-01  1.0914e-01]"
hump,"[-0.15986    0.25036    0.57411   -0.34087   -0.94094   -0.6993
  0.05969    0.40065   -0.15033   -0.4757    -0.080652   0.75954
  0.13285    0.51955    0.32013    0.88179    0.3277    -0.57813
  0.078355  -0.66286    0.54521    0.83744   -0.79616   -0.77766
  0.35703    0.53538   -0.49084    0.4273     0.53736   -0.50679
  0.002332   0.043552   0.95718    0.50541    0.049849   0.51945
 -0.6142     0.49188    0.54131   -0.17062    0.61823   -0.19071
 -0.16649   -0.36323   -0.23893    0.55457    0.96677    0.1474
  0.028354   0.23844   -0.44011    0.48044   -0.35682    0.63335
 -0.091461  -0.017065   0.82033    0.0023934  0.52587   -0.55361
  0.52639   -0.14001    0.23148    0.47875    0.073048   0.092048
 -0.24697    0.097583  -0.049345   0.16283   -0.33242   -0.93694
  0.23724    0.25782    0.054216  -0.27314   -0.55419    0.51528
  0.27      -0.13221   -0.16907   -0.061861  -0.16112    0.62444
 -0.22872    0.097492  -0.0096136 -0.73833   -0.57768    0.17037
 -0.80396   -0.018799  -0.58138   -0.34665   -0.17689   -0.4545
  0.072831   0.17977   -0.16014    0.2581   ]"
rant,"[ 0.17057    0.45997    0.2736    -1.0707    -0.71867    0.91691
 -0.19069    0.056102   0.2947     0.3901    -0.23049    0.077491
 -0.86779   -0.2205     0.70792    0.57625    0.047401  -0.22418
 -0.051886   0.31394    0.57508    0.13531   -0.19136   -0.010058
  0.6755    -0.061963   0.059773   1.1925     0.62414   -0.24082
 -0.5096     0.31045    0.05943    0.29648   -0.3971     0.61462
 -0.39905   -0.058413  -0.02166    0.09127   -0.040515   0.6339
 -0.27044   -0.3131    -0.39887   -0.14846   -0.032472  -0.24896
  0.47245   -0.37638   -0.23697    0.14779    0.25626    0.073838
 -0.43003   -0.03557    0.12432    0.11939   -0.080655  -0.22699
  0.29289    0.16512    0.059084  -0.56055   -0.0068596  0.0082641
  0.86951   -0.13563   -0.23518   -0.09706   -0.10614   -0.038296
  0.38444   -0.38806   -1.4337     0.34326    0.03547    0.21787
 -0.31662   -0.12395    0.15151   -0.31251   -0.12677   -0.34082
 -0.14967   -0.15345   -0.16287   -0.043023  -0.60649   -0.19508
 -0.086911   0.33697   -0.44847    0.49756    1.2732    -0.075721
 -0.063084   0.034831   0.035967   0.70355  ]"
bottleneck,"[-0.026411  -0.031139   0.22101   -0.17345    0.21317   -0.69942
 -0.26387   -0.18287    0.70164   -0.45496   -0.59481    0.65747
 -0.17549   -0.4032     0.60294    0.0029245  0.30259   -0.20239
  0.30518   -0.59564   -0.054108  -0.031475   0.28948    0.30487
  0.40837   -0.38362   -0.18196    0.25354    0.086115   0.28116
 -1.0463    -0.48379    0.75992    0.018922  -0.56791   -0.49864
  0.1108     0.36826    0.49027   -0.18882    0.17102    0.24039
 -0.18256    0.065441   0.43229    0.44176    0.81177    0.19899
 -0.57309    0.44094   -0.078355  -0.11793   -0.64823    0.46505
  0.45207   -0.43157   -0.22984   -0.01503    0.17092    0.31222
 -0.17426   -0.55249   -0.33226    0.20835    0.090735  -0.029299
  0.3249    -1.2109     0.36842   -0.21633   -0.36857   -0.37067
  0.3111     0.40614    0.77597   -0.65074    0.20213    0.02495
  0.57651    0.16606    0.3464    -0.50668   -0.32973    0.27695
 -0.94675    0.65585    0.089427  -0.63214   -1.2583     0.13078
 -0.097562   0.58787   -0.93118   -0.26027    0.46266    0.0031802
  0.58414   -0.46205    0.17389    0.56448  ]"
novices,"[ 0.34893    0.3118     0.085361   0.060082  -0.63598   -0.013882
 -0.055977  -0.37445   -0.0021377 -0.3076     0.22466    0.28931
 -0.21846   -0.1699    -0.32192   -0.23982    0.4085     0.53738
 -0.25364    0.67284   -0.7496    -0.6101     0.50628   -0.49901
  0.28117   -0.23327   -0.47941    0.46272   -0.24476   -0.27574
 -0.099295  -0.5802    -0.51421   -0.42128    0.7508     0.18782
 -0.74427    0.90112    0.54265   -0.37285   -0.54763    0.10491
 -0.5205    -1.0848     0.093117  -0.36109    0.78705    0.28699
  0.61475    0.80203   -0.20681   -0.58564   -0.33173    0.44034
 -0.13154    0.25571    0.14502   -0.30269   -0.065671  -0.27037
 -0.67028    0.16025    0.07827    0.2409    -0.35325    0.19241
  0.22125   -0.074337   0.37647   -0.18732   -0.44386   -0.020238
 -0.77163   -0.39782   -1.0296    -0.052085  -0.88667   -0.27765
  0.62271   -1.2188     0.33341   -0.33079   -0.21714    0.32454
 -0.79821    0.12184   -0.21244    0.093784  -0.36309   -0.052076
 -0.52438    0.0038034  0.07327   -0.26915    0.17284   -0.54538
  0.31373   -0.50933   -0.27841    0.39058  ]"
wholesaler,"[ 3.8440e-01  3.0472e-01  8.7848e-02 -1.7316e-01  8.8019e-01 -5.4456e-01
  2.0273e-01 -1.0115e-01  2.4059e-01 -1.2205e-01 -2.9242e-01 -5.5742e-01
  1.5718e-03 -2.6399e-01 -8.5660e-02  2.9221e-01  2.8192e-01 -6.2007e-02
 -6.9313e-02  2.2567e-02 -3.7843e-01  6.2066e-02 -1.9692e-01 -1.6219e-01
  1.6688e-01  3.8337e-01 -5.1622e-01 -3.8417e-01 -4.8290e-01  1.1353e-01
  3.2799e-01 -3.3787e-01 -2.7227e-02 -1.1737e-01 -7.1478e-02  5.8471e-01
  2.6735e-01 -2.1581e-01  2.7971e-01 -8.5895e-01  1.2916e+00  8.2162e-01
 -3.6272e-01 -7.7900e-01  5.3613e-02  1.2795e-01 -1.7307e-01 -1.5665e-01
  1.0776e-01  3.2331e-01 -2.5244e-01  5.5990e-01  2.4061e-01 -5.8831e-01
 -1.7833e-01  8.4749e-01 -1.0358e+00 -2.8871e-01  8.2085e-01  3.6181e-01
  9.0877e-01 -9.3555e-01  2.0602e-01  3.3326e-01 -1.5682e-01  5.1404e-02
  6.3848e-01  2.4534e-01  4.3151e-01  3.4363e-01 -8.8648e-04  2.7546e-01
  1.2542e-01 -2.3135e-01 -1.1409e-01  5.4138e-02 -2.4457e-01 -6.5929e-01
 -8.2275e-01  1.7229e-01  2.9728e-01  5.3381e-03 -1.0117e+00  1.0995e+00
 -1.6606e-01 -7.1487e-01 -3.3547e-01 -6.1816e-02 -3.6260e-01 -3.3814e-01
  5.2922e-01  4.5605e-01  7.3727e-02 -3.5514e-01 -4.7525e-01  3.4307e-01
  6.8454e-01 -4.9204e-01  6.6516e-01 -2.2759e-01]"
antigen,"[-0.18164   -0.15722   -0.39158    0.7092    -0.53705    0.001798
  0.11507    0.25599   -0.21286    0.69342    0.080039  -0.97496
 -0.71965   -0.60937    1.3151     0.88205   -0.4523     0.65332
  1.2064    -0.69542   -1.108     -1.435     -0.31056    0.080456
  0.11659    1.4413     1.0856     0.7957     0.73585   -0.23824
  0.80914    0.65191    0.43169    0.47338    1.7831     0.078081
  0.098178   0.81312   -0.56338    1.1604     0.52063   -0.26123
  0.029663  -0.33526    0.84444   -0.31977    0.2666     0.19754
 -1.0123     0.36226    0.48026   -0.33134    0.75386    0.51208
 -1.1943     0.54516   -1.0653     0.16224    0.32182    0.1306
  0.39021    0.34297    0.7348     0.23184    0.17625    0.40159
 -0.22278   -0.015778  -0.23156   -0.21709    0.12851   -0.45415
 -0.044801  -1.1525    -0.070989  -0.20511   -0.12601   -1.1472
 -0.34478   -0.20913   -0.2613    -0.28446   -0.30886    0.0044513
 -0.41736    0.41092   -0.36868    0.56928   -0.23798    0.26217
 -0.80641    0.033545  -0.1807    -0.13364    0.94546    0.52335
  0.085371  -1.2689    -0.20902    0.14284  ]"
lycos,"[ 0.28369   0.10294   0.41592  -0.17008   0.64429  -0.33711   0.7288
 -0.10623   0.44465  -0.36695   0.55181   0.49098  -0.40328  -0.80247
 -0.54099  -0.4631    0.14473   0.13065  -0.283     1.1873   -0.99234
  0.10236  -0.27499   1.176     0.53066  -0.3567    0.20544   1.3335
  0.029681 -0.208     1.0884    0.087296 -0.86206  -0.45485   1.1488
  0.60374   0.035653 -0.14897   0.86796  -0.21315   0.6918    0.14547
 -0.77354  -0.35833  -0.93386   1.5528   -0.27754  -0.1683    0.77447
 -0.14303  -0.27391   0.86966  -0.83363  -0.5204   -1.1347   -0.71694
  0.25863   0.10139   0.64981  -0.1214   -0.081372 -0.29858   0.61904
  0.26934  -0.18404   0.4852    0.44504  -0.095903  0.67026  -0.12397
  0.37565  -0.074292 -0.23693  -0.42933  -0.86402  -0.81714   0.73385
 -0.30184  -0.67184   0.17416   0.58406  -0.27748   0.13532   0.26728
  0.56506  -0.078004  0.57869   0.10633   0.056881 -0.14337   0.31036
 -0.30835   0.29401   0.30982   0.36235   0.16696  -0.54975   0.078256
 -0.34511   1.466   ]"
emits,"[-0.0054855  0.60429    0.75076   -0.78747    0.6779     0.13212
  0.09724    0.54379    0.74803    0.064854  -0.022033  -0.75982
 -0.28858   -0.24816    0.9442    -0.83721   -0.44837   -0.13315
  1.3329    -0.20985    0.30006   -0.74589   -0.83669   -0.321
  0.39719    0.40287   -0.2691     0.43436    0.23551   -0.34072
 -0.10672    0.75195   -0.35022    0.63948   -0.20989    0.082461
  0.043139  -0.58917    0.19723    0.28658   -0.020063   0.064738
 -0.78608    0.4493    -0.10255    0.099695   0.5307     0.76667
 -0.097972  -0.10379    0.20877   -0.50946    0.094262   0.24512
 -0.30836   -0.12214    0.070711  -0.044156  -0.070943  -0.043412
  0.74444    0.13738   -0.099278  -0.040694  -0.33878    0.12217
  0.68451   -0.73688    0.11435   -0.23336    0.86136   -0.69673
  1.1241     0.69687    0.65103    0.070782   0.45896   -1.6694
 -0.44609    0.1497     0.52255   -0.40752   -1.2773     0.0081707
  0.30169   -0.020384   1.2619    -0.069321   0.37953    0.5651
  0.1444     0.45143   -0.29189   -0.042514   0.13785    0.16007
 -0.74855   -0.6481    -0.29756   -0.52925  ]"
dries,"[-6.1485e-01  2.0710e-01  1.4995e-01 -6.0652e-01  3.4745e-01 -7.0938e-01
  1.9765e-01  1.0667e-03  1.0647e+00 -5.5887e-01  4.3137e-01  2.7647e-01
 -3.4471e-01  3.3952e-01  3.9671e-01 -3.5872e-02 -4.0284e-01 -7.8605e-02
  7.3189e-01 -2.1400e-01 -1.0560e+00  4.4802e-01  9.1615e-02 -4.4610e-02
 -2.0324e-01  5.6099e-02 -3.7328e-01 -1.3390e+00 -3.7485e-01 -9.9499e-01
 -5.2986e-01  4.9168e-01 -5.3733e-01 -2.0917e-01 -9.6082e-02  3.1999e-01
  9.8123e-01 -7.7521e-01 -6.0542e-01 -3.7487e-01 -4.1632e-02 -7.1206e-01
 -6.5329e-01  3.4949e-01 -2.7696e-01  3.2754e-01 -1.8607e-01 -1.5674e-01
  2.5549e-01  9.4708e-02 -1.6038e-01 -4.2341e-01 -1.6342e-01  6.1151e-01
 -7.1475e-01 -1.7887e-02 -6.6698e-01  6.5555e-01  1.6458e-01 -4.4343e-01
  1.2090e+00  6.0355e-01 -2.0977e-01  8.9948e-01  3.8711e-01  6.0069e-01
  3.2950e-01 -5.6780e-01  3.0631e-01 -6.2470e-01  1.6218e-01 -6.1820e-01
 -2.3833e-01 -1.6082e-01  3.6828e-01  1.9460e-01 -4.9697e-01  3.8378e-01
  8.0575e-01  5.6040e-01  4.6898e-01  3.5890e-01 -7.3905e-01 -9.1022e-02
  1.8061e-02 -4.1666e-02 -3.5046e-02  1.2911e-01 -3.2265e-01  3.7677e-01
  3.1552e-01 -2.5389e-02  4.4265e-01  3.1017e-01  9.4800e-01  4.6497e-01
  7.6676e-02  8.4330e-01 -7.7699e-01  2.2662e-01]"
1751,"[ 0.14045  -0.8225   -0.42334   0.61585  -0.50118   0.39483   0.91584
 -0.055513 -0.099063 -0.40067   0.7268   -0.038069 -0.27003   0.35784
  0.76716   0.17484   0.06591  -0.22512  -0.76656  -0.35889  -0.30958
 -0.11384   0.90096  -0.056137  0.01672   0.23082  -0.3446   -0.26908
 -0.10404  -0.085332 -0.14461   0.065288  0.12043  -0.88062  -1.3918
  0.40347  -0.37538  -0.29381  -0.038802  0.18339   0.56226   0.38826
 -0.026942 -0.50524  -0.16814  -0.7847   -0.058592 -0.7439   -0.12682
 -0.12727  -0.93385   0.032501  0.5879   -0.076079 -1.2531    0.03971
 -0.12645  -1.1819   -0.73191  -0.40788  -0.37522   0.058528  0.2228
  0.31423   0.092755  0.031529 -0.65714  -0.47008   0.6039   -0.011548
  0.12565  -0.054899  0.25567  -0.063822 -0.12188  -0.32063   0.55906
  0.6531   -0.55973  -0.22244  -0.60396  -0.49328   0.53397   0.24525
  0.36722  -0.093465  0.4667   -0.91055  -0.68419   0.22963  -0.35022
 -0.14398   0.61112   0.88685  -0.26102   0.11546  -0.081212 -0.43386
 -0.44017  -0.79402 ]"
boswell,"[-0.42075   -0.011012   0.24388   -0.51077   -0.10889    0.10735
  0.012207  -0.42501   -0.53028   -0.3787     0.19071   -0.34111
 -0.38565    0.21555   -0.41909    0.32759   -0.067393   0.13407
 -0.39625   -0.17581   -0.016497   0.28655    0.58093    0.17909
  0.42212   -0.10104    0.058704  -0.013884  -0.032995   0.28974
 -0.15438    0.13081    0.43696    0.0052251  0.0097591  0.29322
  0.25533    0.75575    0.13649    0.13143   -0.44757    0.19395
 -0.14842    0.014403  -0.4919    -0.10758   -0.057655  -0.078481
  0.74409   -0.43597    0.061896  -0.041193   0.15235   -0.37703
  0.10998    0.069547   0.69033   -0.198     -0.73131    0.027085
  0.27953    0.12574    0.3517     0.28037   -0.27916   -0.68347
  0.33616    0.82141   -0.074568  -0.055971  -0.87989    0.59255
  0.050546   0.32884    0.047426  -0.36708    0.45367    0.19988
 -0.31686    0.49485   -0.62045    0.19526    0.41233   -0.34292
  0.12593   -0.25243    0.31169   -0.69266    0.15235   -0.29378
  0.20652    0.10748    0.44834    0.33337   -0.11731   -0.5872
  0.27082   -0.2534    -0.78379   -0.011766 ]"
zhi,"[ 2.2350e-01 -5.6829e-01  9.1365e-02 -9.8753e-01  5.8705e-01  6.9466e-01
  1.7675e-01 -6.2677e-01  4.3216e-01 -3.1568e-01  2.2735e-02  3.6922e-01
  2.6948e-01 -9.2546e-02 -5.4215e-02 -3.1734e-01  1.6158e-01  1.5170e-02
 -5.3466e-01 -6.3639e-01  5.6452e-01  7.6295e-02 -9.0288e-01  5.6170e-01
 -1.0331e+00  6.6475e-01 -5.9351e-01  2.9755e-01 -1.5613e-01  1.6653e-01
 -1.2039e+00  7.1366e-01  7.6236e-01 -5.2921e-01 -7.4923e-01  1.4942e-01
  2.4793e-01  6.7524e-01 -6.9624e-01 -3.2732e-01 -6.7420e-01 -4.4645e-01
  7.5558e-01 -8.5138e-01  7.3333e-01 -8.0638e-02 -7.0742e-01  4.0012e-01
  5.2946e-01  3.7311e-01  2.5897e-01  1.2584e-01 -9.1755e-02  9.9518e-02
 -3.4258e-01  1.8960e-01  4.9771e-01  3.0928e-01 -1.0800e+00  9.6076e-02
 -7.1763e-01 -3.7700e-01 -4.3341e-01  1.5268e+00 -4.3990e-01 -3.0818e-01
  9.2410e-02  4.2743e-04  1.4167e-01  5.0174e-01  4.9276e-01 -2.5822e-01
  9.5673e-01 -4.1418e-01 -5.4387e-01  7.2083e-02 -6.5717e-01 -4.1271e-01
 -2.5844e-01  1.1682e-01  1.0176e-01 -5.3076e-01 -4.0018e-01 -3.6298e-03
 -7.3225e-01 -1.0749e-01 -7.4243e-01 -2.7402e-01  3.2337e-01 -4.1413e-01
  2.0513e-01  6.6499e-01  2.2952e-01  4.2167e-02 -1.4923e-01 -8.6188e-01
 -5.0697e-01 -1.1215e+00 -3.3033e-01 -1.1442e+00]"
congratulates,"[-7.8624e-01  2.5054e-01  1.3258e+00  8.3733e-01  3.9684e-01 -2.0832e-01
 -3.0854e-01 -6.2498e-02 -3.9915e-01 -6.0861e-01 -2.7891e-01 -5.6219e-01
  1.0631e-01 -2.8861e-01 -6.5578e-01  6.9789e-01  6.3071e-01 -5.6466e-01
 -4.3597e-02  4.5986e-04 -5.0078e-01 -4.6588e-01 -3.7357e-01 -1.1782e-01
 -1.9350e-01  6.7485e-01 -3.6444e-01  1.1899e+00  8.6922e-01 -1.4266e-01
 -3.6280e-01  1.0425e+00  2.0069e-01  9.3286e-01 -2.4035e-01  3.0418e-01
 -7.7559e-01 -4.1132e-01 -2.8171e-01 -5.5012e-02 -1.0555e+00 -4.8233e-01
  7.2319e-01  6.4686e-02 -4.2540e-01  1.6728e-01 -7.6581e-01 -7.8707e-02
 -1.8814e-01 -6.8837e-02 -4.4495e-01 -2.3395e-01  6.1219e-01  3.6412e-01
 -1.0926e+00  2.9331e-01  3.5301e-01  1.0369e+00 -6.4642e-01 -1.3122e+00
  1.9412e-01 -7.8086e-01  6.7307e-03  3.6874e-01 -2.6570e-01  3.3673e-01
 -7.2722e-01  3.9188e-01 -2.1005e-01  2.3062e-01  7.6989e-01  1.4972e-01
 -1.0683e+00 -7.3588e-01  3.1330e-01  2.8679e-01  4.7456e-01  2.1887e-01
  3.5953e-02 -4.3050e-01  8.3405e-02 -3.6455e-01 -4.7465e-02  8.5956e-01
  4.8180e-01 -6.3266e-01 -3.9748e-01  3.6674e-01 -1.6603e-01 -6.1264e-01
  4.8093e-01  1.4033e-01  5.1332e-02  5.5395e-01 -3.6864e-01 -3.0135e-02
 -2.7233e-01 -6.5965e-02 -5.8360e-01  4.1288e-01]"
sheriffs,"[ 0.21941   -1.2279     0.3643    -0.69013   -0.22268    1.08
 -0.47141    0.62108   -0.27562    0.22781   -1.0508    -0.74021
 -0.013561   0.26161    0.042977  -0.54707    0.67608    0.51375
 -0.7298     0.012842   0.21291    0.086588  -0.22471   -1.2481
 -0.59586   -0.41167    0.52489   -0.52798    0.041649  -0.46311
  0.5004    -0.53237   -0.22297    0.0043002  0.0095827  0.10214
 -0.63185   -0.36601    0.74697    0.064281  -0.045104   0.0045566
 -0.045098  -0.14602    0.5901    -0.24828   -0.057784  -0.48412
  0.57683    0.098398  -0.57197   -0.38429   -0.46191    0.31979
  0.19474    1.21       0.82279    0.031791   0.065448   0.31912
 -0.70138    0.21283    0.25381    0.35383   -0.13488    0.1502
  0.20565    0.73689    0.6347     0.40743    0.28131    0.071931
  0.55891   -0.50671    0.08487   -0.45849   -0.26662    0.39608
 -0.5364    -0.64572    0.45717    0.10524   -0.083113  -0.86402
 -0.51371   -0.16026   -0.1414     0.26913    0.4693     0.23882
  0.24563   -0.28804   -0.88944   -0.11229   -0.49561    0.14847
 -0.10525    0.23542    0.049606  -0.91625  ]"
surfacing,"[-0.029918   0.3404     0.37629    0.37875   -0.56417    0.36917
  0.54983   -0.042236   0.13697    0.11359    0.7974     0.62333
  0.61043   -0.024415   0.56532   -0.2507     0.15359    0.37161
  0.42513   -0.98228    0.22048    0.19737    0.097985  -0.0087712
 -0.38062    0.32609   -0.45241    0.8917     0.19843    0.32376
 -0.53424   -0.77511   -0.013424  -0.032544  -0.41747   -0.20721
 -0.5815    -0.43712    0.36422   -0.49188   -0.40374    0.61937
 -0.19608    0.073222   0.10794   -0.030662   0.47315   -0.43663
  0.36162   -0.28733    0.31473    0.64011   -0.15601    0.72045
 -0.42984    0.1433     0.16394   -0.51622    0.39456    0.40913
 -0.88853    0.61485    1.0568     0.74093   -0.23656    1.0077
  0.55843   -0.6042     0.28538    0.020847  -0.31877   -0.25625
 -0.39332    0.49956   -0.051212   0.10845   -0.17374    0.84855
  0.43243   -0.90864    0.21801   -0.34997    0.5022     0.34515
 -0.066907  -0.39427    1.0617     0.14061   -0.60392   -0.53243
  0.233      0.16046   -0.68647    0.26559    0.94373   -0.21432
 -0.24473   -0.37549    0.065181   0.82724  ]"
attainment,"[ 0.10527   -0.21285    0.11195    0.97109    0.14225   -0.36751
 -0.25324   -0.29823    0.02035    0.6508     0.41563   -0.24854
  0.3313    -0.36345    0.5993    -0.30863   -0.019951   0.13567
 -0.12796    0.20746   -0.64808   -0.67168    0.19977    0.16919
 -0.30191    0.57819   -0.23679   -0.61014   -0.94211   -0.66385
 -0.41042   -0.35462   -0.36398    0.38733    0.33821   -0.40459
  0.1163     1.1092    -0.89717   -0.0053873 -0.57806    0.69452
  0.0038851  0.36219    0.25586   -0.30576    0.90729    0.056969
 -0.73269   -0.033535  -0.25277   -0.42324   -1.0423     0.56959
  0.27959    0.012845   1.0432    -0.48523    0.26078   -0.56209
 -0.21024   -0.19397   -0.49545   -0.4957    -0.2483     0.1883
 -0.024707  -0.80837    0.90613   -0.66429    0.51083   -0.090149
  0.66212   -0.23164    0.14924   -0.10123   -0.57786   -0.59935
  0.25228   -1.0502    -0.56589    1.2712     0.18671   -0.41759
 -0.52772    0.28205   -0.18318   -0.61618    0.39789   -0.12812
 -0.96803    0.34384   -0.047091   0.58537   -0.53022   -0.73179
  0.48041   -0.33773   -0.24204    0.032103 ]"
cray,"[-0.19711    0.24145   -0.27184   -0.18141   -0.19116   -0.43505
  0.76811   -0.68922   -0.072018  -0.61836   -0.13651    0.39128
 -0.27832   -0.64751    0.12774    0.25372    0.59559    0.24497
  0.94807    0.52844   -0.17012    0.19556    0.88515    0.4236
 -0.015175   0.17221    0.43886    0.24313   -0.15381   -0.3913
  0.25699    1.119      0.076454   0.26724   -0.1664    -0.4956
 -0.50873   -0.58873    0.6115    -1.0706    -0.075399   0.45072
 -0.89508    0.29225   -0.5512     0.79584    0.65556   -0.39345
  0.72748    0.68958    0.68986   -0.44413    0.40215   -0.9389
 -0.13704    0.064916   0.032782   0.28383   -0.17183   -0.16632
 -0.0034868  0.01197    0.32272    1.1357    -0.90264    0.34618
 -0.065753   0.93389    0.11304    0.11913   -0.15853    0.72649
 -0.59553   -0.23056   -0.38915   -0.79572   -0.31948    0.7301
 -0.35764    0.83285    0.63419    0.63916   -0.35408    0.58199
 -0.61638   -0.13415    1.138     -0.092686   0.3162     0.34162
 -0.37136   -0.11669   -0.0073907  0.67228    0.78062   -0.40238
 -0.4962    -0.15612    0.59528   -0.38654  ]"
ervin,"[ 1.6167e-01 -1.0278e-01  1.0485e-01 -6.2528e-01 -2.9300e-01 -2.5626e-01
 -2.1443e-01  4.3692e-02  1.1203e-02 -6.5412e-01  2.2229e-01  2.1424e-01
 -6.5137e-01  2.1884e-01  9.4436e-02  7.7505e-02  3.9718e-01  5.1738e-01
 -6.3483e-01 -1.9865e-01 -2.6997e-01 -8.2124e-01  3.7976e-01  2.9088e-01
  2.4540e-01  1.2735e-01  2.0329e-01 -2.2238e-01 -4.4440e-01  7.0086e-02
  2.2502e-01  8.7586e-02 -3.7232e-01  1.3075e+00 -1.3882e-01 -3.8367e-01
  1.1296e-01  6.3496e-01  4.3183e-01  7.8199e-01 -7.1667e-02  6.2573e-01
  2.7663e-01 -3.1338e-02 -3.3812e-01  1.5661e-01  4.6334e-01 -1.0584e+00
  2.2994e-01 -5.7970e-03 -3.1120e-01 -5.6412e-01 -3.5731e-01 -7.0663e-01
 -3.7803e-03  1.3671e-01 -3.2337e-01  6.7326e-01 -3.4679e-01 -8.8447e-02
 -2.2808e-01  4.8163e-01 -1.6531e-01  4.6256e-01 -5.4904e-01  5.4136e-04
  9.7913e-01  7.5951e-01  3.9801e-01  6.2277e-01 -1.5719e-01  6.3957e-02
 -2.3071e-01 -3.8229e-01  5.6284e-01  7.2311e-01 -9.2578e-01  1.8631e-01
 -7.9390e-02 -3.6049e-02 -2.3906e-02 -2.8506e-01 -7.1337e-01 -8.8732e-01
  1.1280e+00  9.0443e-01 -4.7020e-01 -8.7430e-02 -3.4703e-01 -2.7090e-01
  1.2919e-01 -3.2406e-01 -2.5772e-01  4.3168e-01  3.3197e-01 -1.5996e-01
  2.3862e-01  2.2180e-02 -3.4039e-01 -2.0150e-01]"
brahma,"[ 0.38211   -0.08434    0.0065054 -0.18975    0.0094007 -0.025507
 -0.4726     0.021457  -0.37025   -0.83086    0.13824    0.25469
  0.12881    0.47822    0.15958   -0.80738    0.21597    0.74473
 -0.68487    0.27982    0.0039602 -0.80083   -0.54397    1.0969
  0.67039    0.34108    0.48473    0.49235   -0.15167    0.60811
 -0.26055   -0.30753   -0.51837   -0.35695    0.44707    0.55197
 -0.56455    0.10673    0.5562    -0.38037    0.14158    1.2695
  0.22072   -0.48864   -0.46179    0.70761    0.18656   -0.077805
 -0.23736    0.42118   -0.24176    0.37185    0.3332    -0.04507
 -1.012     -0.42977   -0.14396    0.50541   -0.75947    0.21349
  0.7467    -0.55361    0.47422    0.56407   -0.45131    0.37302
  0.352     -0.45602    0.71301   -0.22684    1.2843     0.53115
  0.48514   -0.5332    -0.84921   -0.79528   -0.47989   -0.97659
 -0.58658    0.91219   -0.42586   -0.19728   -0.70248   -0.22062
 -0.17075    0.039685  -0.23179    0.057958   0.64004    0.10668
  0.32918   -0.72371    0.16455   -0.20487    0.10572   -0.70259
 -0.55031   -0.022161  -0.20117   -0.12057  ]"
gulbuddin,"[-1.9310e+00  5.1301e-01 -2.9356e-02  1.6028e-01  5.4717e-01  2.8487e-01
  3.9661e-01 -1.8775e+00  2.7849e-01  7.3991e-01  2.2849e-01 -3.8130e-01
  1.2785e+00  2.6242e-01 -1.2414e-01 -8.8002e-01 -1.6593e-01 -1.0658e+00
  3.7018e-03  1.0195e-02  4.1983e-01  1.8681e-01 -5.3239e-01  2.4182e-04
 -2.7954e-01  9.7334e-03  1.4734e+00  2.0632e-02  7.7275e-02 -9.9872e-01
  7.3148e-01  4.0785e-01 -6.7709e-01  2.2508e-02  2.4722e-01  2.7978e-01
  5.1772e-01  5.7504e-01  3.5669e-01 -7.7951e-01  2.0576e-01  1.5678e+00
  1.3575e+00 -3.5896e-01 -2.6348e-01  5.0420e-01 -8.1145e-01  1.5244e-01
  1.1570e+00 -1.2827e-02 -2.5239e-02  2.7780e-01  8.8548e-01  2.0386e-01
 -2.9791e-01  1.1350e+00  2.2403e-01  1.4505e+00 -1.0263e-01  4.0106e-01
 -1.7135e-01 -1.3877e-01  3.0079e-02 -1.4258e-01  7.0631e-02  5.2096e-01
  1.0018e-01  8.7281e-01 -1.8828e-01  8.4808e-01 -3.3772e-01 -1.3877e+00
 -1.3538e+00 -8.4342e-01 -6.0614e-01 -5.1605e-01  3.6469e-01  6.9025e-01
  5.5229e-01  6.7423e-01  6.0196e-01  6.3506e-01 -4.8270e-01 -3.4406e-01
  1.4002e-01  9.9824e-01  1.3082e-01  1.4699e+00  1.5330e-01  2.4946e-01
  1.0713e+00  9.9153e-02 -9.5209e-02  5.2328e-01  3.4870e-01 -7.4750e-01
  4.1624e-01 -1.7207e-01  7.4835e-01 -7.4341e-01]"
swastika,"[ 0.23276   0.83555  -0.92048  -0.83268   0.10051   0.73235  -0.29055
 -0.31383  -0.28409   0.38778  -0.72068  -0.089617  0.23456   0.73138
  0.3837    1.1268    0.81352  -0.088868  0.017494 -1.2801   -0.12584
  0.32218  -0.69845   0.045027  0.5363   -0.049074 -0.29512   0.2229
  0.16081  -0.60986   0.52623   0.36544  -0.22867   0.5596   -0.10781
 -0.37234   0.062403 -0.28257  -0.11927  -0.12356   0.19777  -0.042483
  0.37573   0.89173  -0.20706   0.81529   0.77011   1.048    -0.37776
  0.070074  0.66141   0.30772  -0.014347  0.7479   -0.98104  -0.13894
 -0.020778  0.72908   0.30925   0.11486   0.79782   0.99285   0.2439
  0.96032   0.16221   0.38761   0.42368   0.084747 -0.1509    0.013196
 -0.23131  -0.71049  -0.37414   0.040223  0.32678  -0.036526 -0.084648
  0.13715  -0.16687   0.34966  -0.19871  -0.78134   0.6309   -0.19998
  0.68844  -0.59897  -0.083518 -0.16027   0.28426   0.46108  -0.54788
 -0.69262   0.23935   0.1207    0.91898  -1.0459   -0.49312  -0.37428
 -0.49754  -0.053284]"
overfishing,"[-0.2702     0.17908    0.85278   -0.34029   -0.3177    -0.6135
 -0.35477   -0.24044    0.2077    -0.51502   -0.53948    0.77223
 -0.25039   -1.0828    -0.30671   -0.35195   -0.76959   -0.33681
  0.12133    0.61554   -0.065489   0.18643    0.67557    0.27461
  0.47167    0.50275   -0.75174   -0.95778   -0.21435   -0.26453
 -0.62354   -0.35657   -0.70858    0.38702   -0.37244   -0.52873
  0.15998   -0.65003   -0.35672    0.041844  -0.81226   -0.13363
 -0.83299    0.20202    1.0963     0.73573    0.5113    -0.01358
 -0.83008   -0.33919    0.35569    0.68231   -1.4251     0.15299
 -0.28444    0.36775   -0.0081014 -0.62791    0.094322   0.21612
 -0.92903   -0.53719    0.54991    0.035064   0.61848    0.079517
  0.33769   -0.90849    1.0543    -0.7414    -0.1607    -0.47964
  0.14504    0.37036   -1.0829    -0.84267   -0.604      0.50335
 -0.7472     1.1139     0.67138   -0.46293   -0.45834    0.68138
 -0.12813   -0.47787    0.18148   -0.84724   -0.79645   -0.12965
 -0.20575   -0.083581  -0.17085   -0.15375    0.62743    0.33993
 -0.99563   -0.047437   0.034534  -0.3623   ]"
ando,"[ 0.11898   -0.28592   -0.1311     0.57919    0.054991  -0.53619
 -0.48171   -0.38642    0.95526    0.51939    0.85997    0.7214
  0.30779    0.043457   0.51185    0.36291   -0.59285    0.081905
 -0.85436   -0.27652    0.1259    -0.24416   -0.16178    0.57199
  0.15804    0.035763   0.02146   -0.11386    0.0073856 -0.70121
 -1.2934    -0.024727  -0.55069    0.29867    0.32046    0.088739
 -0.56977    0.36099   -0.28849   -0.52693    0.59237    1.1
 -0.17921    0.20938   -0.40604    0.62143   -0.077967   0.1757
 -0.0021318  0.59651   -0.68534   -0.34186   -0.0034243 -0.034245
  0.51653   -0.12773   -0.29568    0.20071   -0.55557    0.56024
  0.11091   -0.32641    0.22862    1.3605     0.37851   -0.30374
 -0.066142   0.86099   -0.35363    0.66093   -0.032516  -0.12139
 -0.29714    0.53951    0.17806    0.68092   -0.24734    0.69509
 -0.25605   -0.18085    0.40524   -0.80477   -0.45118    0.4983
  0.53056    0.15443   -0.98764    0.26537   -0.16158   -0.48388
  1.1264     0.28919    0.80263   -0.26884   -0.28795   -0.98835
  0.30516   -0.7323    -0.35119    0.49569  ]"
seething,"[-0.12864    0.68826    0.10671   -0.43977   -0.48883    0.96513
 -0.84463   -0.24037    0.68254    0.48779   -0.94752    0.39628
  0.22818   -0.73432    0.19128   -0.66594   -0.33534    0.082559
  0.25461   -0.7827    -0.019621   0.59594    0.20363   -0.19286
  0.26098   -0.15773    0.084619   0.92257    0.17       0.041084
 -0.18789   -0.50983    0.063545   0.22398   -0.5545     0.28724
  0.26222    0.22843    0.43118    0.23713   -0.077719  -0.17456
  0.062823   0.0087524  0.37263   -0.0033713  0.5935     0.42582
  0.23037    0.23449    0.16671   -0.61614    0.21398    0.57005
 -0.15506   -0.48805    0.37139   -0.18022   -0.78952    0.08818
  0.27041    0.04436    0.39972   -0.23706    0.13515    0.10354
  0.93559   -0.070827  -0.18255   -0.064975   0.19233   -0.23304
 -0.35254   -0.20732   -0.48689    0.38178    0.34018   -0.41261
 -0.17743    0.24712    0.2829     0.080598  -0.2713     0.69122
  0.15192   -0.20654   -0.085575   0.30326   -0.55999   -0.012906
 -0.64691    0.50291   -0.76223    0.40327    0.2871     0.022781
 -0.0089558 -0.069686  -0.017577   0.5356   ]"
arlene,"[ 0.20033   -0.20287   -0.59421   -0.54093   -0.4298    -0.046779
  0.47586    0.34213   -0.18637   -0.073875  -0.17421   -0.15991
 -0.0083199 -0.065682   0.4344    -0.797     -0.27229   -0.035486
 -0.050709   1.0158    -0.25661    0.12355    0.82855    0.21122
 -0.017456   0.5132    -0.14199   -0.86112   -0.38395   -0.12541
  0.27332    0.20689    0.49479    0.52189   -0.64056   -0.31096
  0.32795   -0.3073     0.40907   -0.44657   -0.41023    0.55289
 -0.66889    0.43023    0.43236    0.39191   -0.57142   -0.61364
  0.61291    0.080819   0.53942   -0.027343   0.093116  -0.16767
  0.34606    0.015008   0.0017229  0.35664   -0.76279   -0.26331
 -0.066397   0.35301    0.043602   0.052493  -0.52246    0.37002
  0.038514   0.51211    0.56739   -0.41919    0.45      -0.21167
  0.10194   -0.69858    0.38614   -0.0044172 -0.068006  -0.42209
 -0.18697    0.11213   -0.79573   -0.29413   -0.26449    0.23447
  0.68776   -0.71787    0.80732   -0.12261   -0.32503   -0.76817
  0.67326   -0.10643   -0.37187    0.22823    0.24791   -0.51076
 -0.13598   -0.063513  -0.12126   -0.036003 ]"
denunciation,"[ 0.35903    0.02352    0.046592  -0.19386    0.031776   0.72327
 -0.060607  -0.66936   -0.49902    0.23437   -0.32067   -0.29216
 -0.179      0.15014    0.57045    1.1762    -0.46571   -0.15977
 -0.077218  -0.34889    0.03861    0.098671  -0.24832    0.0093623
  0.33771    0.4675    -0.045682   1.0415     0.31962   -0.41753
  0.45411   -0.14652    0.48014    0.3306    -0.90925    0.51447
  0.40709   -0.5581    -0.21391    0.44535   -0.45273    0.2834
  0.47113    0.59453    0.017151  -0.45774    0.67452   -0.047216
  0.064615  -0.31378    0.61578    0.2448     0.30908    0.25946
 -0.15616    0.085384   0.48388   -0.094694  -0.064264  -0.63796
  0.1233    -0.49846    0.22798   -0.41227    0.26444   -0.48675
  0.17102    0.24486   -0.10206   -0.63355   -0.047737  -0.3306
  0.0095984 -0.32347   -0.26846    0.33769   -0.28411   -0.24327
 -0.70052   -0.12563    0.31061   -0.20233   -0.0092113  0.675
 -0.42989   -0.069553  -0.044266   0.062718   0.16837   -0.75704
  0.46933    0.022076  -0.38261    0.5751     0.56904   -0.065216
 -0.30063    0.20438   -0.041342   0.37198  ]"
neurotic,"[ 0.28284  -0.31191   1.0895   -0.32312  -0.92456   0.92375  -0.13234
 -0.4336    0.17229   0.37239  -0.59281  -0.1812    0.29772  -0.49754
  0.48293   0.47521  -0.29126  -0.1685    0.64762   0.48111   0.112
  0.38473  -0.29145  -0.31824   0.75778  -0.1789   -0.073871 -0.40369
  0.055223  0.63479  -0.039799  0.47802   0.28964  -0.65027  -0.47661
 -0.056142  0.12103  -0.051691  0.2199    0.17301   0.26709   0.054064
 -0.37827  -0.2076    0.10207   0.15212  -0.064992  0.21955   0.093596
  0.34599  -0.14134  -0.46151   0.22735  -0.14921   0.072009  0.07286
  0.75493  -0.055749 -0.63397  -0.1067    0.68916   0.76472  -0.22822
 -0.012065  0.56317  -0.053813  0.79683  -0.00527  -0.011951 -0.47024
 -0.18874  -0.55846  -0.50925   0.50974   0.21388  -0.2238    0.11248
 -0.11184   0.33186  -0.55051  -0.26973   0.53694   0.12684   0.50537
 -0.89849   0.21192  -0.068892  0.4196   -0.63452  -0.513    -0.071107
  0.4742    0.32724  -0.16396   0.19489   0.40587  -0.1901   -0.58845
 -0.27337   0.27335 ]"
underpinning,"[-0.085135   0.46185    0.22089    0.13631    0.23313   -0.51539
 -0.47403   -1.2196    -0.19281   -0.07891    0.19732   -0.22175
 -0.20945    0.11696   -0.076304   0.29704   -0.11305    0.056294
  0.77227    0.095914  -0.10029   -0.63861    0.3228     0.14097
  0.34046   -0.44833   -0.23247   -0.26132   -1.178      0.2497
 -0.2001    -0.44997   -0.21565    0.10181   -0.36092    0.31428
  0.50007    0.68601   -0.1434    -0.50354   -0.1776    -0.056428
  0.29662    0.35716   -0.56028    0.084108   1.0003     0.10395
 -0.60675   -0.58805    0.20421    0.49358   -0.15869    0.61482
 -0.024522  -0.19428    0.9105    -0.76415    0.24137    0.43203
 -0.56407   -0.66294   -0.43938    0.3814    -0.32417   -0.12982
 -0.39109   -0.46213    0.0028655 -1.1446     0.96216    0.25185
  0.21554   -0.014362  -0.63656   -0.19036    0.38672   -0.32756
 -0.18915   -0.31596   -0.24829    0.3368    -0.24526    0.26103
 -0.045408   0.52867    0.093964   0.31275   -0.35092   -0.42944
 -0.21432    0.20746   -0.11325   -0.33008    0.6971    -0.45104
  0.35902   -0.49716    0.010575   1.2961   ]"
mexicana,"[ 0.55952   -1.4472    -0.38836    0.48993    0.10052    0.25061
  0.4001     0.21546    0.82491   -1.0115     0.39728   -0.59288
  0.38698    0.52883   -0.97225   -0.49733    0.91443    0.3469
  1.5878     0.63333    0.81389   -0.0019587 -0.7236    -0.12238
  0.25154    0.15475    0.18137    0.1555     0.30146   -1.2998
 -0.62346   -0.20718   -0.23992    0.30203    0.028423   0.81529
  0.93552   -0.43383    0.49902   -0.73524    0.52233    0.11014
 -1.0828    -0.11145    0.48503    0.98726    0.024574  -0.21729
 -0.82826    0.85192   -1.1371     0.65008   -0.058712   0.21845
 -0.22064    0.58542    0.65659    0.31546    0.82005    0.79738
 -0.23569   -0.28484    0.10742   -0.53522   -0.7392    -0.0047287
 -0.52674   -0.10509    0.78486    0.72422   -0.10418    0.27392
 -0.47813   -0.02244   -0.20045    0.036431  -0.56388   -0.73944
 -0.93708    0.40173   -0.064478  -0.69873   -0.23549   -0.26776
  0.40807   -0.6449    -0.31799   -0.02014    0.19123   -0.81519
 -0.34645    0.38537   -0.32795    0.37716   -0.20733    0.44311
 -0.4381    -1.0126     0.10262   -0.15846  ]"
gruelling,"[-0.47665    0.46021   -0.2775     0.46258   -0.41283    0.36207
  0.43709    1.3855    -0.92618    0.31382    0.40482    0.67709
 -0.47064   -0.495     -0.19943    0.40896   -0.10276   -0.24027
  0.61834   -0.50585    0.78557   -0.084373   0.62304    0.4388
  0.67508   -0.34747   -0.64679   -0.021246  -0.040193  -0.3145
 -1.2589    -1.2109    -0.0067894 -0.86513    0.30414    0.52092
 -0.7006    -0.083778  -0.29667    0.95605   -0.60557    0.5108
  0.8881     0.3554    -0.39205    0.25271    0.5971     0.056164
  0.67662    0.12681    0.020199  -0.33609    0.36912    0.19495
  0.52248   -0.24552    0.49126    0.11726    0.094745   0.14614
 -0.51859    0.24541   -0.1067    -0.52544   -0.12413    0.39555
 -0.3937    -0.27862   -0.3846    -0.82296   -0.06283    0.23444
 -0.23456    0.65422   -0.65539    0.053236  -0.66368   -0.34047
 -0.25169   -0.02976    0.25389    0.51334   -0.021787   0.81001
 -0.76068    0.33025   -0.37088    0.54589   -0.20086    0.058524
  0.3502     0.84563    0.032481   0.27836    0.53622   -0.12451
  0.14958    0.26407    0.27957    0.15691  ]"
84-year,"[-0.075234  0.14642   0.70523  -0.13407  -0.25545   0.70937   0.3994
 -0.17139  -0.74819  -0.19606  -0.55937   0.94823   0.98717  -0.47075
  0.31041   0.16784   0.69541  -0.92581   0.1571   -0.2409   -0.35772
  0.23125   0.15827   0.66645   0.84068  -0.58223  -0.49122  -0.48566
 -0.20624   0.43894   0.52386  -0.22295   0.68299   0.17346  -0.73589
  0.012079  0.23844  -0.047828 -0.18569   0.1079   -0.50166   0.20197
  0.3542   -0.18322  -0.071357  0.69244   0.78257  -0.39465   0.061509
  0.31292   0.11923  -0.50989   0.55877   0.20635   0.26766  -0.076407
 -0.53434   0.80833  -0.33007   0.1132    0.34809  -1.3472    0.2683
  0.23854  -0.31221   0.70892   0.64623  -0.05704  -0.9467   -0.8115
  0.36269  -0.42695  -0.71347  -0.4339    0.51149  -0.22422  -0.1909
 -0.07947  -0.78644  -0.73139   0.39336  -0.089437  0.7297    0.48711
 -0.30716  -0.35141   0.24761   0.60614  -0.61091  -0.21358   0.64052
  0.072091  0.24763   0.091051 -0.15662  -0.77892   0.26823  -0.34488
 -0.80271   0.25596 ]"
hosseini,"[-5.3218e-01 -3.6363e-01  6.1456e-02 -3.0287e-01  1.3370e-01 -7.0305e-01
  3.1863e-03 -2.0340e-01  6.3870e-01  1.2853e+00 -2.7171e-02 -2.6718e-01
  9.9235e-01 -5.1936e-01  4.9639e-01  6.8088e-02 -9.6752e-01  4.8331e-01
 -4.1971e-01 -6.2516e-01  6.3078e-01  3.0048e-01  2.9947e-01  1.9618e-01
 -3.0538e-01  4.2702e-01 -2.7072e-01  3.3765e-01 -1.6935e-02  7.1995e-01
 -1.1500e+00 -1.0013e+00 -7.9716e-01  4.9186e-01 -1.0562e-01  4.6900e-01
 -4.5871e-01  1.2366e+00 -3.6714e-01 -5.7920e-01 -7.4511e-01  6.4973e-01
 -5.3505e-01  2.8850e-01  4.8955e-02 -1.1595e+00  9.4406e-02 -1.7518e-01
  2.9006e-01  7.4765e-01  6.6377e-01 -2.6934e-02  1.0417e+00  5.0840e-05
 -9.3142e-01  1.9504e-01  1.8330e-01  4.4782e-01 -6.1804e-01  1.8701e-01
 -5.1994e-01 -1.4024e+00  1.5636e-01 -3.7784e-01  1.4764e-02  9.0218e-02
  6.0845e-01  9.0665e-01 -3.3215e-01 -9.6848e-02  3.9704e-01  1.7616e-01
  7.5238e-01 -5.9330e-02  3.4316e-01  5.4654e-01 -2.5751e-01  6.6572e-02
 -3.7368e-01  5.2587e-01 -1.9971e-01 -6.2253e-01  3.2925e-01 -6.2898e-01
 -7.0925e-02 -5.3665e-02  4.7394e-02 -1.8835e-01  4.8925e-01 -3.6207e-01
  3.9078e-01  1.2841e+00  1.5721e-01 -5.1309e-01 -5.8915e-01 -4.8939e-01
 -3.1309e-01  1.3405e-01 -2.7924e-01 -2.9465e-01]"
mcmaster,"[-0.17668  -0.74397   0.1839   -0.56503   0.11682   0.20779   0.31839
  0.337    -0.29058   0.047318 -0.78375  -0.013348 -0.24083  -0.18532
  0.14147   0.156    -0.14253   0.38711  -0.23335   0.46027  -0.40132
 -0.067716  0.007532 -0.29138   0.41558   0.37881   0.56429  -0.34313
  0.4127   -0.20207  -0.22538   0.68811  -0.20576   0.099656 -0.55524
  0.176    -0.6321    0.30204  -0.49277   0.32362   0.062749  0.23198
 -0.99652   0.19818  -0.83456   0.73957   0.50087   1.1331    0.19664
  0.34008   0.53036  -1.0045   -0.65862  -1.0307   -0.42734   0.37749
  0.020711 -0.52915  -0.54316   0.20126   0.39456  -0.52714  -0.10993
  0.85852   0.3739    0.056842  0.015256  0.6004    0.12717   0.93731
 -0.013412 -0.62833  -0.49302  -0.58535  -0.62547   0.17827   0.73243
 -0.17097  -1.1014   -0.075515 -0.036765  0.16391  -0.028452  0.089327
  0.19976   0.78941   0.56449  -0.7757   -0.23321  -0.14926   0.042219
 -0.71787  -0.046392  0.80762  -0.24206   0.37155  -0.43156  -0.067246
 -0.39085   0.25993 ]"
eckstein,"[-1.7177e-01  4.4909e-02  4.5437e-01 -1.0888e-01  3.7179e-01  6.5430e-02
  7.5043e-02 -7.4909e-01  1.6858e-01 -3.3446e-01  4.9588e-01 -2.9714e-01
  3.4697e-02  3.0920e-01  1.2158e-02  4.8266e-01 -4.7986e-01  1.1388e+00
 -5.7190e-01 -1.9408e-01  9.4242e-02 -8.8620e-02  2.8820e-01  3.1192e-01
  5.0670e-01 -8.3381e-02 -1.3227e-01 -5.8850e-01 -2.2380e-01 -3.3173e-01
 -3.3793e-01  3.4746e-01  4.5714e-01  7.6440e-01 -5.5914e-01  7.2850e-01
 -9.1944e-02  1.4910e+00  5.8296e-01  3.3942e-01  3.1700e-01  7.8331e-01
  3.0826e-01  2.4041e-01 -6.1377e-01 -1.4842e-01  2.1260e-01 -5.4220e-01
  5.1787e-01  6.9439e-01 -8.9966e-02 -7.1891e-02 -1.8296e-01 -4.3236e-01
 -7.7847e-01 -2.2748e-02  1.0256e+00  7.1100e-01 -3.9527e-02  1.2469e+00
 -6.3211e-02  2.1913e-01  6.1916e-01  1.2784e-01  8.9071e-02 -3.1668e-01
  6.1064e-01 -2.6847e-01 -3.0292e-01 -4.3411e-01 -9.2958e-01 -3.7874e-01
 -4.1328e-01 -5.6633e-01  6.5011e-04  1.6911e-01 -9.6048e-02 -3.9376e-01
 -6.7481e-02  3.2394e-01 -8.4532e-01  6.2969e-01 -3.8187e-01 -7.4971e-01
  5.7845e-01  8.1484e-02  1.0290e+00  3.2955e-01 -4.8573e-01 -2.1223e-01
 -4.4364e-01 -3.5498e-01 -4.7251e-01 -3.0501e-01  4.7390e-01 -1.6476e-01
  5.7891e-01  5.9258e-01 -7.5058e-01 -1.3398e-01]"
tisch,"[ 1.2302    -0.22869   -0.12389   -0.89293   -0.52406   -0.67234
  0.037007   0.4819    -0.56399    0.19603   -0.31339   -0.59888
 -0.098451   0.18712   -0.07894   -0.51636   -0.08949   -0.67991
 -0.41827    1.0203    -0.99158    0.090064  -0.20354   -0.70938
  0.69681   -0.10203    1.3585     0.20937   -1.1382    -0.19248
  0.29933    1.1509    -0.39568   -0.28142   -1.2947     0.021607
  0.074527  -0.37288    0.046333  -0.35162    0.033223   0.77182
 -0.6762     0.44934   -0.18725    1.0873     0.2421     1.0774
  0.81133    0.11671   -0.68984   -0.80124    0.45391   -0.86544
 -0.24976   -0.63685    0.4155    -0.36321   -0.74958   -0.29047
  0.036578  -0.16221    0.027388  -0.088848  -0.61657   -0.15096
  0.45542    0.78026   -0.55041    0.41333    0.0019044 -0.41703
  0.49015    0.081841  -0.66741   -1.2462    -0.88075   -0.0063974
 -0.73698    0.32197    0.0027177 -0.31564   -0.18452   -0.59449
 -0.34352   -0.046651   0.026923  -0.21684   -0.51308   -0.3797
  0.39824   -0.27452    1.1703     0.81496   -0.97012   -0.26395
  0.69905   -0.16379    0.68761    0.32642  ]"
schalken,"[-0.1463    0.13053   0.70861   0.43784   0.6159    1.3623    0.45041
  0.10113  -0.1998   -0.44208   0.51904   0.28597  -1.3195    0.084344
  0.46938   0.08727  -0.19502   0.56875   0.1114   -0.53196   0.60818
 -0.23629   0.27022   0.14457   1.4881   -1.0349    1.121    -0.65082
  0.45939  -0.35058  -1.1762   -0.78498   0.38944   0.44541   0.23673
 -1.059    -0.33212  -0.29764   0.40328  -1.0786   -0.33465  -0.81252
  0.75057  -0.22736  -0.17226  -0.28855   0.11925  -0.44421   0.66874
 -0.69846   0.27028  -0.10436  -0.74092  -0.58501   0.45407   0.94065
  0.87128  -0.03963   0.22757   1.1049    0.67464  -0.086453 -0.26668
  0.27469  -0.39508  -0.36895  -0.21474   0.66908  -0.3065   -0.37809
  0.39808  -0.001893  0.18371  -0.13755   0.2443   -0.42326  -0.73209
 -0.5383    0.60199   0.055082  0.8674   -1.2332   -0.84949   1.0362
  0.031582 -0.58125  -0.14012   0.55905  -0.20659   0.66919   0.018422
 -0.025916  0.97948   0.67199   0.87205  -0.069069 -0.046608 -0.3139
 -0.84482  -0.69093 ]"
transpired,"[ 1.2863e-01 -4.1387e-02  4.5812e-01  4.0768e-01 -5.6821e-01  1.1841e-01
  8.1422e-01  3.2813e-01  3.0016e-01 -2.2242e-01  5.3276e-01  1.0958e+00
  6.3421e-01 -3.0795e-01  1.1578e-01 -1.2169e-01 -6.0881e-01  3.9488e-01
 -4.3908e-01 -3.7072e-01  3.1584e-01 -3.1020e-01 -5.6047e-01 -4.3566e-01
 -2.4418e-01 -6.3703e-01  1.3819e-02 -1.1597e-02 -1.0560e-01 -4.3137e-01
 -7.5172e-02 -1.0957e-01  1.5776e-01  2.3346e-01 -7.1946e-01  4.3386e-01
 -3.8185e-01  1.3384e-01 -3.3392e-01 -6.0073e-01  3.9862e-02  4.5318e-01
  4.0271e-02  1.2365e-01 -9.4266e-01  4.4536e-02  7.2887e-01 -4.2415e-01
  6.3741e-01 -6.6490e-01  2.7226e-01 -4.2692e-02  6.0910e-01  1.8624e-01
 -3.8459e-02  9.0731e-02 -9.4678e-02  3.1255e-03 -5.1672e-01  5.0760e-01
 -7.5685e-01  1.0886e+00  6.5920e-02  2.0925e-01  2.7368e-01  1.0532e-01
  8.9371e-02 -2.8430e-01  3.6582e-01  1.0649e-01  3.6446e-01 -5.8339e-01
  6.9389e-01  5.1799e-02  2.4539e-01  3.6850e-02  5.9418e-01 -4.9367e-01
 -5.4347e-01  9.1279e-01 -6.4238e-01  5.2713e-02  3.4803e-01  2.7389e-01
 -2.8118e-01  8.3926e-02  5.2606e-02 -1.6178e-01 -4.4640e-01 -6.3103e-01
 -2.3044e-01 -3.8208e-02 -6.0932e-01 -5.5596e-02  5.2914e-01 -2.8987e-01
  6.2522e-04  6.2898e-01 -3.5116e-01  6.5994e-01]"
saviour,"[ 0.81741    0.87369    0.16633    0.24395   -0.17206    0.09933
  0.10526   -0.49232    0.14422    0.22453   -0.17721    0.30283
  0.50459    0.46466   -0.20999   -0.69226    0.24637    0.53086
 -0.37772    0.33653   -0.63085   -0.22789   -0.27538    0.30116
 -0.36773    0.17112   -0.30461    0.41136    0.25732    0.85187
  0.36763   -0.48845   -0.1607     0.60091   -0.19664   -0.076378
 -0.62353    0.1791     0.18791   -0.72265   -0.12001    0.66058
  0.47063   -0.20929    0.13172    0.28464    0.39544    0.41436
 -0.16609    0.53777   -0.048007   0.083598   0.21039    0.30004
 -0.9597    -0.91928    0.0057931  0.53075   -0.89987   -1.2019
  0.23971   -0.46675   -0.52482    0.21849   -0.93405   -0.06934
 -0.6841    -0.42829    0.32012   -0.65527    0.39796   -0.079829
  0.19932   -0.82154    0.71664   -0.76868    0.49329   -0.22812
  0.35113    0.15555   -0.27131    0.61447    0.24569    0.56587
 -0.62929   -0.34666   -0.20572   -0.48133    0.79851   -0.27407
 -0.0028573  0.70995    0.17884    0.82287   -0.52546   -0.93004
  0.38609    0.060011  -0.24172    0.0076286]"
baronetage,"[-2.2120e-01 -2.9949e-01  1.5185e+00  6.2716e-02  2.7884e+00 -4.8520e-01
 -3.0456e-01 -8.4519e-01 -8.8551e-01 -7.8710e-01 -6.3243e-01  3.3403e-01
 -2.4910e-01 -1.5882e+00  1.0758e+00 -1.0126e+00  8.1026e-01  5.3234e-01
  4.6947e-01 -5.7065e-01 -3.1100e-01 -4.6808e-01  1.3905e+00 -1.9750e+00
 -9.6721e-02 -1.1320e+00  6.0858e-01  1.1460e+00 -3.4449e-01 -6.6232e-02
  9.7187e-01 -3.6365e-01 -1.9974e-01 -8.3577e-01  4.2095e-02 -1.2365e+00
 -8.8960e-01 -1.8948e-01 -7.2820e-01 -1.9246e+00  3.5334e-01  6.4487e-01
 -6.6286e-01 -1.6021e+00 -6.8183e-02  2.0075e-01  1.8620e+00 -5.4841e-01
  1.2077e-02 -1.1608e-01 -6.2363e-02  6.6094e-01 -5.2570e-01 -2.5577e-01
 -7.8015e-01 -8.2123e-01  7.5463e-02  1.8305e-02 -6.6866e-01  5.4753e-01
  6.1244e-01  1.8186e+00 -3.3485e-01  9.1855e-01  5.4370e-01  1.1071e-01
 -1.4475e+00  8.1692e-01 -4.7295e-01 -1.3897e+00 -4.7454e-01  1.9533e-01
  8.8725e-01  9.7814e-01  1.2977e+00  8.3672e-01 -1.1847e-01 -6.1864e-01
 -2.8636e-01  7.0376e-01 -7.7487e-01 -6.1148e-02  1.8809e+00  1.5108e+00
  1.6208e-01 -1.5159e-01 -8.4495e-01 -1.6407e+00  3.1910e-01 -8.8774e-01
 -9.9044e-01  1.3319e+00 -2.6768e-03  1.3264e-01  3.5751e-01  8.7655e-01
 -3.6901e-01  2.1439e-01  1.2516e+00 -1.2841e+00]"
hustled,"[-0.017065  -0.65437    0.29166   -0.16322    0.18218    0.95522
  0.056918   0.12089    0.20664    0.063407   0.56218    0.54728
 -0.12794   -0.31502   -0.073943  -0.069781  -0.028681   0.67592
 -0.43673   -0.94194    0.2874     0.49226    0.32863   -0.14432
 -0.06504   -0.12843   -0.22018    0.26333    0.19373    0.07342
  0.047425  -0.20257   -0.084041   0.80711    0.086608   0.11642
 -0.56402   -0.017908   0.24647    0.49227   -0.17757   -0.26928
  0.10043    0.069303  -0.28001    0.45156   -0.53881    0.90765
  0.53645    0.10221   -0.56304   -0.04977   -0.45409    0.63605
 -0.25744    0.30635   -0.26985    0.35674    0.056311   0.045593
 -0.033073   0.28921    0.016366   0.71248   -0.33023   -0.57975
  0.39137    0.14148   -0.26807    0.2745     0.18061   -0.69059
  0.36344   -0.786     -0.19997    0.47686   -0.15072   -0.16091
  0.59854   -0.21752    0.17269    0.2511    -0.066769  -0.14472
 -0.47497   -0.45965    0.48867    0.30205   -0.96948   -0.64347
  0.20171   -0.45684    0.019379  -0.6017    -0.0039408 -0.48525
  0.67103    1.0564    -0.52195    0.31565  ]"
agribusiness,"[ 0.16317   0.46335   0.12917  -0.41036   0.10958  -1.1073   -0.4579
 -0.68784   0.10423  -0.37685  -0.36151  -0.52322  -0.25337  -0.35678
 -0.80796   0.70936   0.050974  0.46745  -0.11735   0.71322  -0.37099
  0.42809   0.56643   0.043106 -0.5388    0.41767  -0.70912   0.037462
 -1.0996   -0.17388  -1.0361    0.17561   0.39207  -1.0315   -0.55267
  0.19905   0.24858   0.76338  -0.21511   0.018112  0.55585  -0.36513
 -0.81228   0.4317    0.1999   -0.22008   0.1096    0.85462  -0.51584
 -0.33352  -1.0098   -0.25384   0.35992  -0.12832   0.020477  0.66223
 -0.20072  -0.12491  -0.098798 -0.12989   0.38889  -0.61336   0.34878
 -0.39792  -0.30452  -0.43405  -0.17853   0.41429   0.94952   0.24727
 -0.62501  -0.27018  -0.28536  -0.82239  -0.55493  -0.34518   0.14206
 -0.26757  -0.45694   0.84928   0.45508   0.33967  -0.36029   0.89273
 -0.33641  -0.59272  -0.14536  -0.24282   0.061841 -1.1316    0.32128
 -0.55953  -0.60872  -0.53034  -0.10125  -0.16188   0.016967 -0.16826
  1.096     0.32652 ]"
moravia,"[ 0.15393   -0.28654    0.84985    1.008     -0.31786    0.42822
 -0.25225   -0.12935    0.16386   -0.24037   -0.35182    0.029885
 -0.65045    0.22074    0.2511    -0.62519    0.7896    -0.35321
 -0.56301   -0.47457    0.2195     0.70672    0.07208    0.83656
 -0.16697   -0.56455    0.7497     0.58509    0.90464   -0.53006
  0.055781  -0.25999    0.14066   -0.27162    0.15663   -0.24317
  0.93001   -0.88139    0.36093    0.16714   -0.4527     0.65509
 -0.057588  -0.68919   -0.19829    0.021751   1.3072    -0.65104
  1.0402     0.47586   -0.46602    0.71311   -0.50394   -0.58345
 -0.24405   -0.21364   -0.8663    -0.17103   -0.3907    -0.31264
  0.78042    0.78657   -0.1004     0.77034    0.18764   -0.025195
  0.60327   -0.33399    0.37995   -0.064865   0.24951   -0.42352
  0.12485   -0.085815  -0.39043    0.42781   -0.57876    0.39168
 -0.079897   0.1688    -0.41066    0.14882    0.42322    0.35805
  0.40859    1.047     -0.62387    0.074893   0.0043498  0.092945
 -0.59704   -0.53692    0.24871    1.1699    -0.6049     0.99366
  0.14553   -0.54483   -0.60266   -0.18088  ]"
wahl,"[-1.2082e-01 -7.3354e-01 -4.0630e-01 -7.4242e-01 -9.5376e-01 -5.5880e-01
 -1.3993e-02 -3.5593e-01  2.3279e-01 -2.2022e-01 -6.3993e-02  1.1073e-01
  6.3299e-01  1.1401e-01  1.0051e+00  1.6134e-01  1.2008e-01  4.2201e-01
  3.4508e-01 -2.9649e-02  1.4747e-01  8.8638e-01 -5.7454e-01  8.2189e-01
  4.5270e-01  3.0998e-01 -1.1332e+00 -5.3124e-01 -7.8432e-02  2.6757e-02
  4.9220e-01 -3.2069e-01 -1.5282e-01  9.6213e-02 -3.7429e-01 -2.0115e-02
  1.9570e-01  9.4658e-01 -8.5831e-01 -2.1091e-01  6.6067e-01  6.4128e-01
 -2.8734e-01  3.1274e-01  3.1557e-01 -2.3115e-02 -4.7327e-01 -2.8733e-01
  1.0956e+00  5.2473e-01 -1.1867e+00 -1.4835e-01 -1.0703e-01 -3.0848e-01
 -1.3834e+00  6.3910e-01  1.0692e+00  1.5630e-01 -2.9453e-01 -5.3838e-01
  4.0105e-01 -8.5730e-01  2.3947e-01 -5.1560e-01 -2.1097e-01 -8.4649e-02
  5.1789e-01  5.3080e-01 -7.0718e-01 -1.4650e-01  4.8790e-01  7.5232e-01
 -9.7627e-01 -2.1857e-01  2.5676e-01 -1.8765e-01  2.6460e-01 -8.0561e-02
 -1.7048e-01 -1.4144e-01  4.0569e-01  9.7208e-04  3.8697e-01 -7.2001e-01
 -7.1917e-01  4.7346e-01 -4.0879e-01 -3.1559e-01 -2.4652e-01  5.4506e-01
  4.4075e-01 -6.0558e-01  3.8262e-01  1.1634e-01  8.2525e-01 -2.6108e-01
  7.3436e-01 -1.1264e+00 -2.9981e-01 -4.7688e-02]"
glynn,"[-0.05441   -0.093195   0.28168   -0.4192    -0.55667    0.027531
  0.185      0.31636   -0.13253   -0.26613   -0.73991    0.085238
 -0.50415    0.97817   -0.15438   -0.58129    0.23785    0.63962
 -0.096146   0.15673   -0.59592   -0.022212   0.54188    0.44802
  0.79679    0.51484    0.18086    0.46681   -0.54316    0.075592
 -0.17682   -0.075782   0.52448   -0.092232  -0.07302    0.015325
 -0.16935   -0.11567    0.45572    0.57382   -0.4264     0.56045
 -0.89279    0.14694   -0.68177   -0.23097    0.05956   -0.35463
  0.30951    0.5554     0.35993   -1.0772    -0.67504   -0.49605
 -0.14794   -0.065927   0.051458  -0.046381  -0.90735   -0.021644
  0.035405   0.10084    0.39932    0.90861   -0.08209   -0.23211
  0.31776    0.64138    0.072482   0.51594   -0.0088698  0.52195
 -0.3374    -0.90077    1.0381    -0.014422  -0.093007   0.33934
 -0.63803    0.008888  -0.34835   -0.36973   -0.10538   -0.33971
  0.11577   -0.34162    0.70904    0.14144    0.137     -0.40698
  0.004699  -0.59865   -0.17917    0.14733   -0.33943   -0.38267
  0.47828    0.38216   -0.68314    0.077788 ]"
enel,"[ 0.83848  -0.99493   0.30743   0.12346  -0.016395 -0.42299   0.15907
  0.19149  -0.5335    0.43045   0.81785   0.1281   -1.2171   -0.41862
 -0.89747  -0.55611  -0.46557  -0.20868   0.77388   0.55273  -0.74678
 -0.54555   0.42596   0.43316  -0.72286  -0.28722  -0.26627   1.2904
 -0.61675  -1.0304   -0.12023   0.094205 -0.81151  -0.78906   0.61519
  0.55548   0.89799  -0.56989   0.517    -0.073286  0.32836  -0.033499
  0.14779  -0.083141 -0.31397   0.96357  -0.43464   0.22086   0.34462
  0.45759   0.17374   0.72836   0.27057   0.3829   -0.45194  -0.61845
 -0.64773   0.56058   0.10185  -0.28557   0.59296  -1.1659   -0.1824
  0.030174  0.27318   0.5815    0.10204  -0.46461   0.14071  -1.051
  0.98129   0.015109 -0.18514  -0.97486  -0.19361  -0.34926   0.069623
 -1.0089   -0.58353   0.71791   0.67392  -1.3358   -0.4033    1.3209
  0.94507  -1.0614    0.43608   0.56136  -0.34946  -0.86067  -0.24361
 -1.2351   -0.41145  -0.26021  -0.050631  0.529    -0.83055  -0.11967
  0.2011    0.12919 ]"
iconography,"[-0.037512   0.63087   -0.099995   0.090023   0.50071    0.70198
 -0.55629   -0.89464    0.10155    0.50403   -0.65864   -0.48119
  0.3915     0.22889    0.19354    0.19098    0.12171    0.19924
  0.13459    0.199     -0.49104   -0.60094    0.043048   0.21118
 -0.057302  -0.15463    0.20058    0.24882   -0.44107   -0.34656
  0.026186  -0.5736    -0.71355    0.13284    0.034091  -0.18738
 -0.17952    0.011702  -0.18799   -0.21051    0.23512    0.035053
 -0.3494     0.39399   -0.81366   -0.56007    0.67176    0.23356
  0.51846    0.10872    0.41125    0.47987    0.38453    0.046343
 -0.60291   -0.28332   -0.37318   -0.087988   0.084575   0.24254
  0.16433    0.60484    0.71692    0.12979    0.050999  -0.36413
 -0.10079   -0.63168   -0.15415   -0.20726   -0.098441  -0.22611
  0.22327    0.20089   -0.05792   -0.45746   -0.27206    0.082939
  0.0051158 -0.071699  -1.0596     0.12651    0.25843    0.17436
 -0.080361   0.2455    -0.81198   -0.13947    0.0085102 -0.39105
  0.30598   -0.27034    0.15891    0.064259   0.17504   -1.0459
 -1.0629    -1.0643    -0.10661    0.5533   ]"
crap,"[-0.39511   0.18167   0.6697   -1.0907   -0.81838   0.65672  -0.15802
 -0.004835 -0.12598   0.46418   0.19712   1.0814   -0.047066  0.10151
  0.018093  0.68992  -0.57139   1.0834   -0.12835   0.72453   0.6198
  0.69141  -0.1274   -0.38584  -0.12353  -0.069278  0.10554   0.21212
 -0.060876 -0.71649  -0.47565  -0.66602   0.48232   0.071413 -0.57277
 -0.12712  -1.187    -0.18856   0.5067   -1.2077   -0.090652  0.26351
 -0.77518  -0.18731  -0.42174  -0.51197  -0.3011   -0.44818  -0.33056
 -0.040078 -0.31008   0.511    -0.21601   0.25537  -0.86855   0.17588
  0.2424    0.57971   0.028529  0.14729   0.49313   0.46215  -0.78823
  0.067016  0.20608   0.2451    0.56586  -0.12184  -0.52137  -0.20461
 -0.014964 -0.39278   0.94742   0.45671  -0.42599   0.2761    0.030708
  0.14765   0.023488  0.5392    0.066078 -0.19155  -0.65755   0.51908
 -0.48162   0.21248  -0.45846  -0.77757   0.50284  -0.5345   -0.082461
 -0.1557   -0.11117  -0.54082   0.4193   -0.81794   0.15519   0.3749
 -0.025577  0.74428 ]"
char,"[-1.0054    -0.23202   -0.29868   -0.87353   -0.45478   -0.010549
  0.73254    0.2066     0.19619    0.040632  -0.29401    0.19103
 -0.27104   -0.67837    0.034046   0.0083612  0.41742   -0.97194
 -0.43009   -0.13105    0.49319   -0.27925    0.52775    0.57796
 -0.1615     0.55193    0.31029   -0.17562   -0.78904   -0.3892
 -0.42295   -0.037714   0.60961    0.37158    0.47256    0.25032
  0.57001   -0.13945    0.075986   0.46006   -0.26616   -0.83084
 -0.15217    0.37416    0.037642   0.20099   -0.46192   -0.57033
 -0.23117    0.80339   -0.19653    0.1058    -0.44399    0.028237
 -1.3455     0.13297    0.55424   -0.69949   -1.0222    -0.019984
 -0.005304   1.0373     0.38622    0.46329    1.0794     0.70479
  0.87473   -0.49173   -0.55503   -0.37052   -0.5071     0.12637
  0.49742   -0.051102  -0.83675   -0.14083   -0.36125    0.49578
  0.71976    0.033322   0.16995   -0.54556   -0.54351    0.44863
  0.91608    0.64577   -0.16361   -0.10134    0.82998   -0.30512
  0.15397    0.23548    0.71173   -0.024429   0.61362    0.15413
  0.051756  -0.15565   -0.16242    0.023661 ]"
27.4,"[ 1.0171     0.97659    0.56485   -0.73396   -0.11407    0.44479
 -0.040842   0.035795  -0.29317    0.56356    0.74354    0.84636
 -0.47243   -0.44836    1.9525    -0.27218   -0.52013   -0.026738
 -0.49686   -0.14305   -0.3918     0.68646    0.77346    0.71657
 -0.51905   -0.40243    0.68744    0.61621   -0.23443   -1.3424
  0.7572    -0.36001    0.51837   -0.44785   -0.41756    0.93047
  1.4985     0.39731   -0.81846    0.56776   -0.046915   0.43073
 -0.22752    0.47336    0.14408    0.21178   -0.42354   -0.90852
 -0.49481   -0.74302   -0.29308   -0.43016    0.12485   -0.032504
 -0.41765    0.34829   -0.47097   -0.75293    0.12672   -0.23167
  0.29506   -0.44693   -0.80965    0.70556   -0.71754    0.41144
  0.046212  -0.94431   -0.15946    0.62506   -0.49343   -0.24575
  0.11583    0.32927   -0.41434    0.51054   -0.69825   -0.18466
 -0.32259   -0.67113   -0.2319    -0.050234   0.33371    1.3295
  0.36944   -0.078824   0.44112   -0.12774    0.55415    0.027842
  0.14594    0.0061138 -0.44607   -0.83477    0.127     -0.31992
 -0.16982   -0.37622   -0.15305   -0.12926  ]"
weep,"[ 0.0044101  0.9536    -0.29069   -0.47703   -0.70831    0.80624
 -0.57983    0.15698    0.5681    -0.51878    0.070521   1.0927
 -0.13006    0.33996   -0.41054   -0.40158    0.20478    0.74553
 -0.17609    0.15196   -0.014667   0.11348   -0.31952    0.49786
  0.80611    0.13172   -0.18742    0.6848     1.3146    -0.077665
 -0.075454  -0.070931   0.15833   -0.12393   -0.6334     0.48526
 -0.40201    0.1783     0.80248   -0.0784    -0.47231    0.74896
 -0.91252   -0.26815   -0.20507    0.0040859  0.3112     0.18504
 -0.92075   -0.99344   -0.64836   -0.40532    0.0092353  0.76292
 -0.35941    0.25738    0.21895   -0.07548   -0.93322   -0.11032
 -0.25403    0.63203   -0.042197  -0.077317  -0.20805    0.17989
  1.1136     0.028596  -0.089585  -0.39199    0.28337   -0.01847
  0.30351   -0.8873    -0.092461   0.66305   -0.031118  -0.32856
  0.51307   -0.30863   -0.063446  -0.6271     0.12712    1.0266
 -0.27751   -0.41466    0.26144   -0.24495   -0.41638    0.92202
  0.46937   -0.15002   -0.19513   -0.23285   -0.10988   -0.29541
  0.18369   -0.72727   -0.04876    0.61614  ]"
kincaid,"[-1.0414   -0.10935  -0.085234 -0.31066  -0.22107   0.29752  -0.71607
  0.5152    0.22942  -0.18374   0.38808  -0.47783  -0.19852  -0.35314
 -0.45398   0.26089   0.45764  -0.78132  -0.11963   0.35684  -0.080983
  0.35074   0.77952   0.93176   0.90307  -0.79259   0.54259  -0.77091
  0.014665  0.27082  -0.14648   0.57731   0.041603 -0.095333  0.17111
  0.45414   0.19191   0.28176  -0.026628  0.21061  -0.54968   0.43695
  0.034609 -0.12729  -0.18736   0.3555   -0.93191  -0.9923    0.53727
 -0.024867  0.67426  -0.6223    0.035206  0.47398   0.13865   0.3742
  0.96912   0.33999  -0.67775  -0.17354  -0.22373   0.26232   0.11985
  0.54625  -0.39346  -0.029252  0.58712  -0.11075  -0.44451  -0.16195
 -0.029708  0.47938   0.39245   0.16889   0.20455  -0.41038   0.62012
  0.028666 -0.53986   0.060127 -0.15089  -0.34203  -0.43245  -0.090719
  1.3357    0.12197  -0.69821  -0.4652   -0.56859  -0.65928   0.24848
  0.61273  -0.12491  -0.055672  0.078823 -0.096702 -0.401    -0.73007
 -0.2197    0.7716  ]"
awaken,"[-0.25092   -0.0040858  0.41297   -0.013878  -0.17791    0.98101
 -0.18938   -0.019375   0.40449   -0.57226   -0.12657    0.6583
  0.18303   -0.50452    0.045825  -0.26162   -0.026536   0.53054
 -0.7428    -0.15542   -0.25339   -0.80616   -0.27101   -0.067128
  0.18589    0.02266   -0.072161   0.10896    0.66751    0.049858
 -0.058103  -0.07345   -0.46383    0.24659   -0.92981    0.019107
 -0.1836     0.010239   0.52738   -0.53697   -0.14445    0.40113
 -0.61465   -0.30686   -0.094794   0.16413    0.089157   0.55219
 -0.14283   -0.40148   -1.1426    -0.049262   0.029866   0.25985
  0.28377   -0.19874    0.2163    -0.3122    -0.24383   -0.14122
  0.21363    0.88334   -0.46579   -0.15258   -0.15721    0.88426
 -0.04977   -0.1178     0.16339   -0.84813    0.2119    -0.45766
 -0.09158   -0.36257   -0.37073    0.21844   -0.19312   -0.67805
 -0.15841   -0.52241   -0.60867    0.29116   -0.35595    0.58597
  0.12641   -0.055934   0.12251    0.89022   -0.57038    0.11176
  0.089692   0.11963    0.26952   -0.17483   -0.051727  -0.38796
  0.1836    -0.36773   -0.69746    0.099664 ]"
cassava,"[-0.5588    0.82653  -1.3794   -0.28922   0.088234 -1.0974   -0.12379
 -0.14156   1.0022   -0.21277  -1.0352   -0.80798   0.23639   1.2252
  0.3326   -0.3779    0.60598  -0.14088   0.73567   0.58649  -0.70201
 -0.084202  1.6365    0.75839   0.29573   0.56962   0.91838   0.30063
 -0.76164  -0.004241 -1.0008   -0.030435  1.128    -0.69044  -0.25551
  0.21505   0.22166   0.44613   0.050924  0.24183   0.019417 -0.87145
  0.14211  -0.12495   0.5472    0.08545  -0.28827   0.02359  -1.0344
 -0.3482   -0.55173   0.079531  0.43954   0.14951  -0.58035   1.1025
 -0.56383  -0.064475 -0.18369  -0.37769   0.4129   -0.027362  0.071783
 -1.1094    0.059303 -0.99854   0.31029  -0.46725   1.281    -0.91576
 -0.37539  -0.1555    0.20235  -0.20665   0.35942   0.90074  -1.03
  0.14345   0.11997   0.85735  -0.066351 -0.72679  -1.1213    0.43858
 -0.82429  -0.14151   0.29496   0.33313  -0.74014   0.77687   0.20056
  0.44539  -0.19159   0.26705  -0.42138  -0.77427   0.13384  -0.26441
 -0.084508  1.0831  ]"
parodied,"[-0.79746   -0.42705   -0.20606   -0.16777    0.45308    0.62027
 -0.051037  -0.13962    0.2523    -0.063808  -0.41316    0.2825
  0.23784   -0.53858    0.30555    0.44988    0.33763   -0.16936
  0.14735    0.036763   0.75563   -0.17875   -0.13352    0.047286
  0.4363    -0.32383    0.2318     0.60347   -0.0015171  0.541
  0.1231     0.23724   -0.0095385  0.76348    0.035162   0.62675
 -0.55376   -0.32346   -0.65832   -0.16587    0.23097    0.72838
 -0.67965    1.4208    -0.0039643 -0.027778  -0.0027554 -0.02772
  0.31614   -0.48782   -0.30366    0.48821    0.78247    0.14599
 -0.58283   -0.10775   -0.083316   0.44639   -1.0449    -0.2864
  0.10819    1.0387     0.19076   -0.0059278  0.61611   -0.55601
  0.71512   -0.28063    0.019378   0.39882   -0.57045    0.18332
  0.041921   0.9121    -0.22825   -0.13756    0.082739   0.044522
 -0.0029927  0.34602   -0.81243   -0.54069    0.13854   -0.13244
 -0.84121   -0.041727  -0.63241    0.089466  -0.52512   -0.16566
 -0.14204    0.047973  -0.29027    0.18216    0.17546   -0.4138
 -0.67681   -0.07806    0.10866    0.020363 ]"
scallops,"[-1.1117     0.46797    0.095148  -0.66528   -0.074074  -0.26552
  0.8597     0.30804   -0.33275   -0.23729   -0.06461    0.85367
  0.70726    0.38423   -0.0031647 -0.68537   -0.59304   -0.37833
 -0.024971   0.32091   -0.47962    0.086471   0.13896   -0.57433
  0.77757    0.85268   -0.14319   -0.35352   -0.22246   -0.74352
 -0.43769   -0.085357  -0.36872    0.036998   0.12319   -0.063152
 -0.4245     0.12958    0.81324   -0.6362     0.39203   -1.4125
 -0.41668   -0.53732    0.34371    0.087736  -0.3168    -0.39351
  0.42608    0.095806   0.048517   0.51586    0.46329    0.36297
 -1.6125     0.40432    0.57547   -0.51866   -0.4238     0.14025
 -0.99844    0.92112    0.54241    0.24347    0.28149   -0.11541
 -0.13836   -0.25109    0.28753   -0.19227   -0.058249   0.1743
  0.46394    0.64416   -0.26623    0.32659   -1.1242    -0.29699
  1.172      0.66172    0.3307    -0.6656    -0.06308    1.615
  0.68636   -0.68196    0.48346    0.79516    0.15275   -0.27796
 -0.59359   -0.15027   -0.3514    -1.036     -0.36408   -0.015755
 -0.2131    -0.3817     0.18111   -0.15855  ]"
cameramen,"[-0.10074  -1.421    -0.12026  -0.10172  -0.086293  0.41205  -0.2969
  0.65836  -0.076782 -0.063782  0.85313  -0.1792    0.55507  -0.89819
 -0.35033  -0.12418  -0.075167 -0.32808  -0.07076  -0.29997  -0.049566
  0.39348  -0.09194  -0.17189   1.1467   -0.65939   0.32815   0.5903
  0.39956  -0.20275  -0.044576 -0.20539  -0.98156   0.7394    0.41043
 -0.19922  -0.36637   0.23894   0.26246   0.3528   -0.38331   0.4901
 -0.48886   1.1173    0.042048 -0.54324  -0.58373   0.50628  -0.28444
  0.41501  -0.43786   0.24124  -0.3928    1.3697    0.29602   0.89648
 -0.58743  -0.01184  -0.36509   0.44487  -0.50331   1.1206    0.17818
  0.44926   0.11205  -0.072382  0.72585  -0.036446 -0.31127   0.46798
  0.11503  -0.11738   0.52917  -0.51401  -0.068955  0.49537   0.31403
 -0.21506   0.52975   0.073667  0.28606  -0.21179   0.45293   0.14193
 -0.94424  -0.46974  -0.14232   0.54768  -0.25957  -0.98449   1.0953
 -0.45951   0.18567  -1.0965   -0.73749   0.2437    0.59647   0.6521
  0.69808   0.51866 ]"
winningest,"[ 5.9557e-01 -2.8672e-01  3.8324e-01 -6.3778e-01 -5.5946e-01  3.5919e-04
  1.1176e+00 -6.1359e-01 -6.1070e-01 -1.7850e-01  3.6132e-01 -4.4824e-01
  7.2040e-01  5.1929e-01 -7.3436e-01 -5.5444e-01  9.1475e-01 -5.1960e-01
  7.8642e-01 -5.8196e-02 -3.1182e-01  1.4020e+00 -6.1973e-01  8.4842e-01
  6.0435e-01 -9.4363e-01 -1.9448e-01 -3.9689e-01  6.7670e-01 -1.6967e-01
 -3.6726e-01  5.4714e-01  3.6664e-01  9.3853e-01 -4.6290e-01  7.0824e-02
 -1.5561e+00 -4.2142e-01  2.2119e-01 -1.9212e-01  1.8699e-01  1.0641e+00
  7.9539e-01 -4.2845e-01  2.9060e-01  8.7468e-01  1.3325e+00  4.5425e-02
 -7.3481e-02 -5.4621e-01 -6.1560e-01 -1.1306e+00 -5.9634e-01 -1.6525e-01
  3.6585e-01  2.7880e-01  3.1890e-01  8.7433e-01  6.8553e-01  1.5185e-01
 -1.5718e-01 -6.4578e-01  1.1952e+00 -2.7558e-01  1.5266e-01 -9.5426e-02
  2.1932e-01  2.6213e-01  2.9589e-01  7.5312e-01  1.1216e-01 -4.2950e-01
 -5.8602e-01  9.5401e-01  1.0374e+00  2.8026e-01 -1.1677e+00 -3.9308e-01
  1.6213e-01 -1.1292e+00 -4.3296e-01  4.7170e-01 -2.5613e-02  6.8274e-02
  1.8082e-01  2.0641e-01 -6.3977e-01 -6.1282e-01  5.1503e-01 -7.7065e-01
 -9.5488e-01  1.1714e+00 -2.8819e-01 -4.0326e-01 -2.0845e-01 -8.9599e-01
 -6.3443e-01 -1.9571e-01  2.2293e-01  4.2060e-01]"
insidious,"[-0.046654   0.31117    0.31666   -0.48724   -0.58323    0.46733
 -0.14237   -0.5974     0.80435    0.30458   -0.15417    0.056415
 -0.62979   -0.81071    0.72884    0.40863   -0.29514   -0.14062
  0.2617    -0.059076   0.45618    0.098068   0.0061126 -0.028145
  0.16126    0.55099    0.33567    0.063143  -0.64354   -0.74358
 -0.24791   -0.15068    0.34357   -0.46368   -0.5298    -0.075814
 -0.37525   -0.40454    0.3625     0.24305   -0.40905    0.92179
 -0.17528    0.056676   0.027314   0.37338    1.0667     0.36871
 -0.39538    0.034752   0.49205    0.079365   0.22978    0.073227
 -0.1474     0.087853   0.61969   -0.2037    -0.16818   -0.26478
 -0.026328   0.51102   -0.013413  -0.01637    0.23132   -0.6662
  0.3959    -0.35025    0.46129   -0.68369    0.17506   -1.2866
 -0.37488    0.1877     0.081908  -0.61926   -0.32325   -0.36848
 -0.22171    0.04362    0.1645    -0.011443  -0.17737    0.85103
 -0.83787   -0.18395    0.24602    0.25787   -0.5416    -0.3077
 -0.44526    0.61415   -0.084605   0.2989     0.52836   -0.47577
 -0.63523   -1.0375     0.015924   0.29335  ]"
hershiser,"[ 0.18364    0.61552    0.64724   -0.085001  -0.81843   -0.14545
  0.57004    0.085025  -0.54071    0.048232  -0.11329   -0.20483
 -0.0846     0.0031336  0.58384   -0.1742     0.40115    0.73488
  0.64201    0.3305     0.080736  -0.03097   -0.59674    0.78041
  1.0679    -0.61759   -0.35197    0.096007  -0.26585   -0.34013
 -0.53011    0.25498    0.24345    0.14759   -0.18332   -0.086322
 -0.27931   -0.15661    0.12144   -0.11518   -0.045839   0.54224
  0.39187   -0.30432   -0.28401   -0.14509    0.44617   -0.98617
 -0.24427   -0.30808   -0.40254   -0.01201    0.046886  -0.2199
  0.056426   0.76422    0.23659    0.26414   -0.32949    1.1264
 -0.35958    0.63648   -0.20614    0.082168   0.038649  -0.19068
  0.84814    0.031343  -1.0872     0.82746   -0.010563   0.29839
 -0.821     -0.58093    0.56593    0.029478  -1.1601     0.76544
 -0.027461   0.65024   -0.58178   -0.050513  -1.125     -0.26715
  0.27861    0.75655    0.061558   0.56319   -0.79976    0.23012
  0.12728   -0.92717   -0.1368    -0.071555   0.39368   -0.011435
 -0.50214    0.73398   -0.84014    0.27192  ]"
reorganizing,"[-0.12166  -0.22979  -0.18421   0.51856   0.41833   0.50786  -0.23931
  0.04319   0.22372   0.77129   0.63345  -0.14749  -0.029989 -0.2951
 -0.41634  -0.28497   0.026203  0.18007   0.44413  -0.262    -0.30324
  0.32306   0.092591  0.36113  -0.62651   0.10786  -0.015761 -0.2561
 -0.63978  -0.059018 -0.0515   -0.078639 -0.40593  -1.2225   -1.0362
 -0.21536  -0.25902  -0.69656  -0.19452  -0.10546   0.38048   0.36886
  0.010613  0.75694  -0.50068   0.90894   0.2098    0.10521  -0.12159
 -0.4596   -0.33642   0.062683 -0.31476   0.67524  -0.622     0.48112
  0.63543  -0.41133   0.30034   0.47378   0.026713  0.090219  0.36272
  0.63242  -0.17584   0.059435 -0.021826  0.67929   0.50157   0.206
  0.80257  -0.36822  -0.62711  -0.46127   0.21045  -0.42467  -0.37891
  0.29418  -0.17603   0.58472  -0.22955  -0.059479 -0.25016   0.8372
 -0.14479   0.047698  0.41169  -0.035962 -0.83508  -0.15127  -0.030003
 -0.31171  -0.37478  -0.08429   0.23606  -0.73549   1.0514   -0.040792
  0.57602   0.61881 ]"
gdansk,"[ 0.40561    0.31141    0.547     -0.92484   -0.40477   -0.46894
 -1.2078    -0.16217   -0.73401    1.0828    -0.88689   -0.2557
  0.11378    0.62159   -0.70298   -0.65252    1.0369    -0.27835
  0.18035    0.047706  -0.16958    0.54827   -0.0068035  0.43561
  0.52979   -0.97092   -1.4295     0.67898    1.1915     0.22519
 -0.52819   -0.042803   0.77191    0.25821   -0.85011   -0.48648
  0.65624   -0.46472   -0.13588   -0.46571    0.1465    -0.069492
  0.55758   -0.11495   -1.0335     0.045429   1.3192    -0.016505
  0.1692     0.99339   -0.26249   -0.75183    0.023923  -0.022734
 -1.1461     0.87122   -0.36705   -0.22056    0.6609     0.060009
 -0.35255    0.18436   -0.88793   -0.61439   -0.1321    -0.033886
 -0.37531   -0.13342    0.040232  -0.62535   -0.10482    0.44363
  0.09605   -0.31025    0.067346  -0.15082    0.92721    0.5067
 -0.65385    1.0332    -0.62818   -0.033985   0.090538   0.44859
  0.07995    0.42867    0.54469    0.36828   -0.2555     0.041551
  0.71333   -1.0413    -0.073634   0.26608   -0.31961    0.43309
  0.83858    0.64499    0.033929   0.27024  ]"
cham,"[-0.521     -0.4084    -0.29191   -0.021859   0.35634    0.52624
 -0.95592   -0.35953    1.7818    -0.21698   -0.2445    -0.435
 -0.19724    0.20593   -0.58249    0.32112    0.14868   -0.94121
 -0.31695    0.46719    0.88398   -0.29419   -0.053437   0.87564
 -0.94001   -0.38526    1.0659     0.48079   -0.69244   -0.13201
 -0.54714   -0.16425    0.3347    -0.12421    0.07882   -0.21319
  0.18081    1.12       0.339     -0.96169   -0.18142   -0.092171
  0.11954   -0.6489    -0.17902    0.079909  -0.083953  -0.2227
 -0.386      0.40651   -0.53182   -0.19235   -0.19105    0.17577
 -1.2687     0.71387   -0.58313   -0.37872   -0.081276   0.022299
  0.55296    0.40709    0.27699   -0.036269  -0.22256   -0.11043
  0.39919   -0.26991    0.29102   -0.18259    0.037822  -1.0244
  0.55334   -0.1458    -0.49426   -0.044145  -1.2331     0.27094
  0.78083   -0.039294  -0.64094   -0.34886    0.53375   -0.25528
  0.052589   0.33908   -0.20626   -0.6292     0.39174   -0.29722
  1.0934    -0.13212   -1.0778     0.76132   -0.82873   -0.5397
 -0.33146   -0.0035803  0.24165   -0.28214  ]"
gyms,"[ 0.56471    0.68772   -0.66339   -0.28834   -0.72813    0.96314
 -0.76217    0.59454    0.20521    0.32361    0.52267   -0.68648
  0.41758    0.013408  -0.1189     0.18767    0.11558    0.99477
  0.14646    0.16586   -0.077107   0.86882    0.40468   -0.26664
 -0.12568    0.091777   0.55632   -0.59431   -0.95539    0.59989
  0.21232   -1.1285    -0.23619    0.12846    0.61845    1.4597
 -0.46318    0.31757   -0.3987    -0.11453    0.60876    0.21979
 -0.62477   -0.96402   -0.094118   0.60008    0.17234    0.24226
  0.84024   -0.05642   -1.048      0.001756  -0.44294    0.23357
  0.53424   -0.43297    0.55395   -0.28983    0.26401    0.58382
 -0.52179    0.39724    1.129      0.16914   -0.51574    0.67904
  0.22001   -0.22588    0.6734     0.022609   0.14677   -0.62882
  0.0082597  0.097021  -0.68593    0.17795    0.44331   -0.13013
 -0.084764  -0.07276    0.017419  -0.99986    0.064049  -0.32708
  0.068947   0.39166    0.36064    0.38094   -0.43144    0.11071
  0.20884    0.15671   -0.05387    0.27466   -0.25577   -0.19955
 -0.067644  -0.034447   0.73077    0.85404  ]"
u.s.-sponsored,"[ 0.061009   0.08951   -0.31603    0.3435    -0.051356  -0.31878
  0.51444    0.46104    0.13803    0.57832   -1.0676    -0.14661
  0.61049   -0.61089    0.59325    1.1885    -0.6576    -0.24666
 -0.11204   -0.17429   -0.72076    0.31219    0.15472   -0.1207
  0.92101   -0.2203    -0.63554    0.095344  -0.0075136  0.28673
 -0.4701    -0.087788   0.2516     0.044612  -0.010733   0.076492
  0.21514   -0.27847    0.82486    0.43609   -0.39178    1.0816
  0.41659    0.55628   -0.58541   -0.28986    0.14795    0.1167
 -0.43429   -0.18817   -0.16044    0.23906    0.034229  -0.17866
  0.17374   -0.34893    0.37209   -0.052575  -0.3417    -0.56095
 -0.75914    0.30628   -0.23481   -1.2082    -0.57447   -0.29274
 -1.0221     0.51153   -0.59801   -0.43883    0.98799   -0.62198
 -0.32246   -0.25038   -0.97468    0.077312  -0.44997    0.34437
 -1.0214    -0.4178     0.32502    0.48736    0.15881    0.52995
  0.17932    0.73798    1.2254     0.085411   0.98169   -0.30402
 -0.35138    0.34018   -1.0083     0.45182   -0.20464   -0.50929
  1.1494     1.         1.5533     0.28102  ]"
coals,"[-1.3975     0.82607   -0.014118  -0.056546  -0.18944    0.28181
  0.09956    0.38605    0.060756  -0.38068    0.85801    0.41118
  0.35279   -0.052292   0.084836  -0.79385    0.0041076  0.16484
 -0.42075   -0.77348    0.12874   -0.68338   -0.17551   -0.69846
  0.40981    0.85702    0.43705    1.662     -1.5061     0.1676
  0.4617     0.24775   -0.28924   -0.017368  -0.89153    0.37753
 -0.77015   -0.40631    0.31159   -0.067104  -0.061755  -0.62668
 -0.45338   -0.84385   -0.029723   0.16072   -0.42152   -0.35978
  0.28142   -0.80828    0.24317   -0.34663   -0.71527    0.90644
 -0.25291    0.21818    0.29091    0.091707   0.14848   -0.41606
  0.22421    0.97236   -0.32451    0.30026    0.5122     0.021142
  0.8114    -0.11868   -0.32869   -0.75404   -0.29024    0.19545
  1.0009     0.24394   -0.50277   -0.10677   -0.10566   -0.72688
  0.90772   -0.95765    0.53281    0.94127   -0.98446    0.77714
  0.95651   -0.35842   -0.45498    1.0284     1.088      0.27647
 -0.16261   -0.18542   -0.84926    0.14046   -0.11538   -0.64205
  0.64745    0.62374    0.89745   -0.055001 ]"
cranky,"[-0.095184   0.10624    1.0112    -0.85821   -0.74838    0.86084
 -0.39596   -0.038029   0.1834    -0.076852  -0.32359    0.13436
  0.65655   -0.24354    0.47961   -0.080422  -0.45001   -0.33579
  0.63631    0.49074    0.17665    0.57418    0.055255  -0.31601
  0.73997   -0.03982   -0.33422   -0.047716   0.10896    0.50737
  0.012304   0.47295    0.17805   -0.40603   -0.62351    0.77327
 -0.43395   -0.25967    0.7565    -0.072526   0.017387   0.095272
  0.2093    -0.51589   -0.39666    0.059969   0.21009    0.42705
  0.53777    0.13374   -0.20212   -0.41177    0.28326   -0.32961
 -0.13215    0.20193    0.50597    0.26738   -0.24714   -0.52578
  0.3846     0.42986   -0.4495     0.21327   -0.11964    0.0019152
  0.62549   -0.22115   -0.17292   -0.33552    0.12211   -0.0095296
  0.037551  -0.043883  -0.33784    0.26464   -0.10129    0.34278
 -0.03486   -0.62488    0.046454  -0.11523    0.075162   0.20185
 -0.92026    0.2977    -0.11078    0.45571   -0.91648   -0.64643
  0.18996    0.50533    0.076335  -0.092375  -0.11425    0.067636
 -0.10256   -0.0096214 -0.32032    0.38349  ]"
generali,"[ 0.058859  -0.0047755  0.99152    1.3983     0.0041922  0.47285
  0.56266   -0.17715    0.11603   -0.097948   1.0614     0.56763
 -0.18229   -0.58819   -0.56007    0.054592  -0.28168   -0.49647
  0.18885    0.83502   -0.11022    0.50869   -0.31331    1.8192
 -1.0585    -0.50691   -0.58785   -0.35133   -0.42835   -1.3999
  0.091816   0.10695    0.15518   -0.20384    0.71821    0.10962
  0.57074    0.70504   -0.72416   -0.4375     0.80726   -0.093219
  0.043116  -0.76291   -1.0307     0.40102   -0.48235    0.3216
 -0.064218  -0.34712    0.01041    0.032336   0.041099  -0.90622
 -0.97285    0.039214   0.68028    0.71432    0.23736    0.59261
  0.20876    0.21949    0.45294    0.58028   -0.27623   -0.53585
 -1.0318     1.0477    -0.21259   -1.7585     0.091807  -0.30737
 -0.44982    0.4272    -0.5942    -0.16029    0.76614   -0.21112
 -0.35976   -0.11723    0.51158   -0.26376    0.45985    1.5321
  0.43394   -1.3601     0.37902    0.52196   -0.11192    0.080659
  0.68441   -0.4634     0.86201    0.48081    0.71611    0.48506
  0.34659    0.11243    0.63698    0.41246  ]"
reconnect,"[ 1.5171e-01  5.0566e-01  2.3211e-01  3.3724e-01 -1.0950e-01 -1.1691e-01
 -2.4073e-01  9.2974e-04  7.0017e-01  2.6957e-01 -2.6539e-01  5.1237e-01
  9.2828e-01 -6.5298e-02 -5.4072e-02 -4.3691e-01  7.9617e-01 -3.7744e-01
 -3.9943e-01 -3.2135e-01  1.3300e-01 -4.2333e-01  2.0343e-01 -3.2485e-01
  7.8580e-01 -3.3417e-01 -1.0003e+00  2.7671e-01  5.5160e-01  1.4593e-02
 -1.5033e-01  5.3175e-01  5.3686e-01 -8.4326e-02  1.2862e-01 -2.2493e-02
  1.5895e-01 -4.0498e-02  1.5766e-01  2.6081e-01 -6.3335e-02  7.8327e-02
 -4.5335e-01 -4.7556e-01 -1.2697e+00  6.0347e-01 -2.3163e-01  1.1808e-01
  8.4200e-01  3.5391e-01 -6.3300e-01 -1.3770e-01 -1.2006e-01  3.6982e-01
  2.2607e-01 -1.6502e-01  2.9680e-01 -2.1442e-01  6.9658e-02  9.8516e-03
 -1.7987e-01  3.0513e-01  2.7443e-01 -3.2557e-01  1.0992e-01  6.2876e-01
 -2.1092e-01  5.4167e-01  1.0875e-01 -6.5342e-01  4.3141e-01  6.5835e-02
  6.3359e-01 -6.2859e-01  2.2675e-01  2.4268e-01  6.1693e-01  6.0715e-02
  8.5328e-02 -9.9606e-02 -4.8856e-01  7.0266e-01 -7.6515e-02  1.3688e+00
  1.9060e-01  7.7033e-01  2.4091e-03  1.5347e+00 -1.0197e+00  1.3471e-01
 -5.6099e-01  1.8373e-01 -2.3987e-01 -6.8880e-01 -3.5751e-01 -1.0796e+00
  4.6934e-01 -2.1494e-01 -2.7523e-01  3.8028e-01]"
jibril,"[-1.2140e+00 -1.7605e+00 -2.9437e-01 -8.2033e-01  6.5487e-01  2.9492e-01
  4.4467e-01  3.3853e-01 -8.8286e-01 -8.6162e-02 -2.6907e-01  9.4131e-01
  3.4120e-01 -3.1995e-01  6.9162e-01  1.1374e+00 -2.7467e-01 -6.9649e-01
 -7.2188e-01 -5.0887e-01 -5.6893e-01  4.5160e-01  1.8196e-01 -8.1434e-01
  2.4333e-01  6.5165e-01 -1.2314e-01 -5.3236e-01  3.4488e-02  3.4757e-01
  7.3804e-01 -4.1875e-01 -1.1792e+00  3.0873e-01 -4.6211e-01  2.8431e-02
 -4.4214e-01  1.1018e+00  5.9465e-01 -1.6110e-01  9.1496e-01  7.7037e-01
  1.2778e+00  3.4773e-01 -4.6669e-04  4.3159e-01  9.2765e-01  6.4799e-01
 -1.0136e+00 -5.9648e-03  1.6801e-01  3.4214e-01  2.6268e-01  6.5238e-01
 -1.5080e-01  3.0518e-01 -5.7519e-02 -4.7616e-01 -1.1226e+00 -1.8415e-01
  7.9073e-01 -8.5992e-01  5.3354e-01 -9.2608e-02  6.0514e-01 -2.4658e-01
  3.2221e-01  4.0030e-01  1.1531e+00  6.2036e-01  7.3958e-01 -1.0618e+00
 -9.4878e-02 -1.2929e+00 -2.2342e-01 -1.5657e-01  6.5872e-01  9.7343e-02
  5.7480e-02 -9.2136e-02  7.5574e-01 -7.3685e-01  1.9928e-01 -4.0795e-01
 -2.7969e-01  4.2977e-01 -2.6398e-01 -6.5013e-02  5.1306e-01  6.7380e-01
  1.5032e-01  1.9470e-01 -3.2791e-02 -2.6028e-01 -1.0346e+00 -3.3770e-02
  9.7902e-01 -2.8358e-03  3.5449e-02  9.2636e-01]"
acevedo,"[-0.94139   -0.52698   -0.33904   -0.9349     0.4142     0.37955
 -0.13413   -0.1931     0.37886   -0.18611    0.058837   0.079727
 -0.21826    0.025489   0.39802   -0.25027   -0.11438    0.91728
  0.2136     0.79963    0.43963   -0.38809    0.57653    0.77582
 -0.48648   -0.26918   -0.91833   -0.70329    0.09836   -1.1591
 -0.061401  -0.33842    0.4633     0.94005    0.15738   -0.63975
 -0.40662   -0.18976    0.19669   -0.082101   0.60602   -0.34786
  0.88022    0.51913   -0.71151    0.33706    0.094034  -0.55072
 -0.21745    0.76553   -0.39101   -0.097084   0.47935   -0.64444
 -1.1419     0.64298    0.084157  -0.24564    0.039293   1.0431
 -0.65951   -0.43483   -0.19047   -0.021938  -0.37411   -0.0048329
 -0.13814   -0.2845     0.025161   0.50178   -0.1166     0.4315
 -0.90391   -0.53525    0.37294    0.12145   -0.50446   -0.15435
 -0.38691    0.66482   -0.69319   -0.45479   -0.20975   -0.58005
 -0.36674    0.33859   -0.20492    0.96541    0.014343  -0.82669
  0.090881  -0.55836    0.47878    0.27223    0.35449   -0.016188
 -0.10129   -0.4809    -0.05816   -0.26994  ]"
singtel,"[ 0.24865   -0.54502    0.15084   -0.015382   0.98137   -1.0401
 -0.24504    0.4767    -0.19467   -0.35423    0.71588    0.68723
  0.4784    -0.43237   -0.51347   -1.0214    -0.55892   -0.45056
  1.5233     0.48034    0.61434   -0.47563    0.32462    0.45803
  0.69069    0.07069    1.0503    -0.39455   -1.1962     0.40367
 -0.61367    0.86036    0.56666   -0.31365    0.38493    0.89299
 -0.39353    0.74593   -0.12763    0.017705   0.24831    0.099379
  0.64721   -0.041831  -0.32648    0.63415   -0.49757    0.26856
  0.54596   -0.88468   -0.94767    0.66212    1.2137     0.27985
  0.29832    0.63703   -0.18209    0.25898    0.3576     0.36283
 -0.3992    -1.1111    -0.27521    0.24876   -0.97145    0.54374
  0.3735     0.19103    1.1985     0.12955    0.070613   0.27363
  0.0070622 -1.1261     0.080085  -0.23625    0.44232   -0.44045
 -0.28746    0.852     -0.034066  -0.92907   -0.0084481  0.70614
 -0.052278  -0.65432    0.025023   0.59466    1.0543     0.48252
  0.0923     0.015392   0.41952   -0.84163    0.050347  -0.07586
  0.19606   -0.72013   -0.41565   -0.22358  ]"
dabbagh,"[-1.1376   -0.41666  -0.34521  -0.63679  -0.010826  0.11556  -0.16754
 -1.0948    1.4018    0.87888   0.33115  -0.38151   0.76593  -0.32988
  0.16311   0.054503 -0.63008  -0.59831   0.14397  -0.66165   0.96799
  0.4592   -0.12799  -0.34681  -0.8213    0.65581   0.61978   0.79612
 -0.55412   0.093276  0.31617  -0.68589   0.079906  0.18578   0.027334
  0.56614  -0.54759   0.83133  -1.2575   -0.31096   0.22587   0.74193
 -0.47246   0.74983  -0.62834  -0.23911  -0.96399  -0.27657   0.21949
 -0.41631  -0.074783 -0.67792   0.95906   0.073827 -0.63022   0.23813
  0.63412   0.32697  -0.41699   0.64301   0.059201 -1.6878    0.19112
 -0.38718  -0.086334  0.81874   0.42201   0.6689   -1.9691   -0.22667
  0.31458  -0.40419   0.13237  -0.56754   0.85843  -0.09038  -0.2406
 -0.39786  -0.50352   0.60109   0.91194  -0.81822   0.88168  -0.57612
 -0.26965   0.35133   0.20758  -0.42701  -0.18761   0.43412   0.11664
 -0.52019  -0.47601   0.40956  -0.14449  -0.06866   0.76574  -0.35616
 -0.2951   -0.59158 ]"
tocchet,"[ 0.05438   -0.61251    0.34762   -1.3693     0.013361   0.5048
  0.33645   -0.30851   -0.15796    0.18583   -0.15912    0.14174
  0.53488   -0.42682    0.34921   -0.022019  -0.45645    0.22071
 -0.89912    0.39202    0.080514   0.54861   -1.2845     0.17379
 -0.41209    0.35696   -0.28094   -0.099539  -0.2556    -0.12897
 -0.40122    0.32368    0.16671    0.44654   -0.19737   -0.21023
 -0.39272   -0.21038    0.4437    -0.53596    0.65364   -0.051641
  0.67347    0.24089   -0.81901   -0.064538  -0.17162   -1.035
  0.74804    0.30706    0.4969    -0.022724  -0.74149   -0.55768
 -0.47693   -0.39612    0.7109    -0.30389   -0.6241     1.7086
 -0.19403   -0.14344   -0.52765    0.1873     0.097898   0.025667
  0.60778    0.43657   -0.1683     0.15198    0.31721   -0.59845
  0.30032   -0.1013     0.39425   -1.088     -0.61377   -0.04969
 -0.0026136  0.10099   -0.27443   -0.097944  -0.62504   -0.31723
  0.51806    0.36939    0.016821   0.33841   -0.33187   -0.3432
 -0.59482   -0.077136  -0.3139    -0.17566    0.048076  -0.40147
 -0.39649    0.67947   -0.31138   -0.12288  ]"
janzen,"[ 0.14169   -0.061918   0.26224    0.1112     0.34466   -0.14601
  0.49143   -0.23931   -0.34462   -0.63001    0.26851    0.99914
 -0.08171    0.23781    0.239      0.39144   -0.94879    0.72673
 -0.78504   -0.34       0.29214    0.3735     0.33495    0.764
  0.44938    0.46484    0.31594   -1.0923     0.060074  -1.0961
 -0.68494    1.2619     0.42661    0.37646    0.69776    0.082154
 -0.041791   0.21142   -0.0076639  0.29225   -0.80389    0.0021464
  0.31589    1.05      -0.22123   -0.16984   -0.3107    -0.23044
 -0.5772    -0.98843   -0.60911   -0.60961   -0.047039  -0.85459
  0.21109   -0.032133   0.57994    0.61669   -0.68813    0.68732
 -0.32395    0.32351    0.84375    0.71839   -0.63197   -0.56845
  0.73241    1.02      -0.41226   -0.22518   -0.64861    0.11816
  0.10722    0.38776   -0.34589   -0.028765   0.21098   -0.12727
  0.16618    0.25954    0.10455   -0.17634   -0.096219   0.46566
  0.61142    0.40854   -0.30288    0.32085   -0.46891    0.29612
 -0.44659    0.18484    0.0077762  0.19269    0.024289   0.11104
  0.21454   -0.40538   -0.607      0.039877 ]"
wasserman,"[ 0.24159  -0.49101   0.10881  -0.71991  -0.1951   -0.052125 -0.05024
 -0.073959  0.25366  -0.11989   0.62125   0.02906  -0.37375   0.33134
  0.02838  -0.092615  0.010697 -0.59765  -0.1257    0.14263  -0.10637
  0.19982  -0.35526   0.25659  -0.069077  0.049653  0.70411   0.16598
 -0.3187   -0.21927  -0.1356    0.80389   0.033663  0.6569   -0.18032
  0.252     0.34867   0.15861   0.028357 -0.30106  -0.18949   0.276
 -0.42014   0.4439   -0.87734   0.97864   0.62424  -0.20027  -0.16137
 -0.086894 -0.59657  -1.3012   -0.49937  -0.45724   0.59631   0.41126
 -0.32952  -0.068052 -0.28795   0.040764  0.82265   0.44715   0.36192
  0.40221   0.21561  -0.79325   1.2933    1.0945   -0.46672  -0.26334
 -0.30317  -0.22703  -0.66297   0.28422  -0.39131   0.053661 -0.65858
 -0.43115  -0.83232   0.075607 -0.7796   -0.12516   0.45692  -0.15958
  0.37317   0.43805   0.073377  0.14745  -0.2785   -0.36313   0.66832
 -0.25537   0.50039   0.65625  -0.091251 -0.45609   0.36846  -0.1557
 -0.090408  0.12247 ]"
apprenticed,"[ 0.30232   -0.23446   -1.0455     0.56385    0.041287   0.36013
  0.23444   -0.63964    0.26349    0.057735  -0.21037   -0.23654
  0.42362   -0.20218    0.4567    -0.85914    0.98243   -0.029489
 -0.54843   -0.2748    -0.73021   -0.11512    0.44859   -0.8016
  0.35405   -0.97506   -0.25777   -0.55259    0.070799   0.44023
 -0.86344    0.62024   -0.17079   -0.47018   -0.44745    0.98668
 -0.70207   -0.93142    0.15471   -0.056939  -0.24476    0.13911
  0.11915   -0.39637   -0.49563    0.41566   -0.33998    0.43093
  0.57717    0.15243   -1.061     -0.5483     0.187      0.31283
 -0.32629    0.02285   -1.3472    -0.53083   -0.922      0.01444
  0.60708    0.32565   -0.5476     0.40004   -0.63679   -0.42627
  0.15012   -0.077421   0.017448   0.66973   -0.48067    0.24487
  0.20036    0.15268   -0.13994   -0.38581   -0.34088   -0.67757
  0.047264  -1.1582     0.087081   0.48432   -0.31793    0.34107
 -0.19352   -0.24304    0.27077   -0.63996   -0.89861   -0.5051
 -0.19634   -0.24996    0.52483   -0.17508   -0.070817  -0.47527
 -0.092595  -0.0097705 -0.52467   -0.86904  ]"
o'rourke,"[-0.28789   -0.40846   -0.64087   -0.79808   -0.086108   0.27524
  0.24209   -0.093186   0.4662     0.27194   -0.028664  -0.14055
  0.21569    0.1583    -0.26165   -0.55242    0.48529    0.4588
 -0.11211    0.36598    0.27041   -0.24583   -0.0022431  0.16281
 -0.035313   0.12371    0.38228    0.053166  -0.49058   -0.11967
 -0.42747    0.48793    0.26516   -0.3023    -0.2929     0.13727
 -0.025721   0.32232    0.26256   -0.25344   -0.53573   -0.10481
  0.051099   0.59509   -0.60573    0.6725     0.089253  -0.70818
  0.47078   -0.33588    0.25032   -0.3144     0.29222   -0.1898
 -0.20536    0.039874   0.12978    0.46824   -0.84375    0.35568
  0.44773    0.0098815 -0.0064186  0.30445   -0.19781   -0.43253
  0.20224    0.41636    0.20358   -0.072184  -0.44253    0.078134
  0.10703   -0.042048   0.20955   -0.33008   -0.35565   -0.36989
 -0.27353    0.018631  -0.10704   -0.30998    0.33396    0.026627
  0.81649   -0.058727  -0.24117    0.060049  -0.46403   -0.15606
 -0.060729  -0.0032447  0.10585    0.095211  -0.0058333 -0.13471
  0.12099   -0.16555   -0.20515   -0.1047   ]"
1.97,"[ 1.1257    0.50086   0.40919   0.34707  -0.044009 -0.33151  -0.061422
 -0.020278  0.41377   0.39109   0.28299  -0.095394 -0.7504   -0.49184
  0.31231  -0.32209  -1.0455   -0.085685  0.11319   0.70176   0.094534
 -0.17076   0.14211   0.99677   1.0962   -0.53841   0.18159   0.43603
  0.048265 -0.83615  -0.1887   -0.2332    0.061751 -0.047829  0.14354
  0.68757   0.12633  -0.04118   0.083686  0.8931   -0.014676 -0.89166
 -0.49175   0.1405   -0.59374   0.21003  -0.48898   0.32249  -0.23472
 -0.91618  -0.21427  -0.49585   1.2125    0.075702 -0.92742   0.59932
  0.034294 -0.12789   0.5133    0.25414   0.033441 -0.72938  -0.31684
  0.61947  -1.0611   -0.45662  -0.18325  -0.40756   0.71852  -0.063783
 -0.71358   0.33373  -0.3268    0.20738  -0.49418   0.23825  -0.36728
  0.29809  -0.22637   0.4697   -0.63127   0.42051   0.01722   0.60354
  0.5289   -0.012295  0.079311  0.62622   0.2236    0.34398  -0.4221
  0.87801   0.009339 -0.66562  -0.26701  -0.33046  -0.56341  -0.51726
 -0.2241   -0.48144 ]"
herron,"[ 0.050115   0.19753   -0.31698   -0.74356    0.0046215  0.30394
  0.35549    0.27642   -0.14168   -0.18804   -0.22732    0.30847
 -0.077238   0.28001    0.20557    0.20635    0.18688    0.19896
 -0.48615   -0.23601    0.06766    0.11427    0.33495    0.25788
  0.41083    0.067884   0.44462   -0.60583   -0.23235   -0.80983
 -0.91701    0.30099    0.10822    0.091346  -0.15313   -0.023009
 -0.48765    0.12913    0.18829    0.23742   -0.82043   -0.0787
  0.14822    0.98003   -0.89862    0.49887   -0.29288   -0.2192
 -0.074945  -0.20847   -0.42414   -0.095897   0.15005   -0.46272
 -0.19852   -0.034738   0.24889   -0.0067803 -0.71161    0.63663
  0.020551  -0.10775    0.071641   0.37593   -0.57242   -0.55119
  0.19618    0.13855   -0.10813    0.19279   -0.31094    0.52549
 -0.013045  -0.15505    0.086848  -0.21069   -0.017882   0.15102
 -0.2291     0.27049   -0.1446     0.22392   -0.32923   -0.28143
  0.34001    0.14415    0.20098   -0.14621   -0.48787   -0.31337
  0.023446  -0.37077    0.22098    0.43363   -0.11469   -0.26983
  0.32684   -0.55151   -0.56783    0.044545 ]"
cavities,"[-0.71818   1.1739   -0.38238  -0.33935   0.053654  0.68688  -0.73911
  0.060161  0.95358  -0.28085   0.25143   0.17293   0.42762   1.4037
  1.0369   -0.071402 -0.35214   0.48666   0.43051  -0.66078  -0.83346
  0.54584  -0.31011  -0.095064  0.44296  -0.023951  0.55147  -0.26253
  0.099189  0.42725   0.56998  -0.54564   0.37067   0.075976  0.50384
 -0.026508 -0.62477   0.22871   0.13718   0.02284   0.39339  -0.15662
 -0.93355  -0.83061  -0.20969   0.55493   0.20687   0.2953   -0.40749
  0.18849  -0.1465    0.061179 -0.29767   0.86929   0.12732  -0.20271
  0.83525  -0.469    -0.19454   0.63467   0.031836  0.46999   1.0097
  0.81953   0.49471   0.10759   0.1971   -0.63499   0.16221  -1.1629
  0.10095  -0.075465  0.66088   0.30538   0.24142  -0.60404   0.082417
 -0.22875  -0.30056   0.63348  -0.39369  -0.19366  -0.30414   0.39986
  0.086742 -0.32671   1.0792    0.38906  -0.33746   0.76958   0.27283
  0.20583  -0.59245   0.89211  -0.59352  -0.38178  -0.043441 -0.4158
  0.03748  -0.41334 ]"
animators,"[ 0.42435   -0.26618    0.041234  -0.14831    0.028154  -0.41277
 -0.45754   -0.50612   -0.55665   -0.0029731  0.2163    -0.6731
  0.38199   -1.252     -0.25864    0.43092    0.012072   0.53179
 -0.029254   0.16099   -0.26764    0.17905    0.43085   -0.59336
  0.13112   -0.70163   -0.021573   0.62176   -0.18016   -0.68482
 -0.17515    0.48186   -1.1445    -0.042151  -0.13258    0.076303
  0.20072    0.14338    0.62467   -0.80271   -0.10537    0.67204
 -0.61439    0.82525   -0.30993    0.46605   -0.48801   -0.16288
  0.658      0.62057   -0.89143   -0.64686   -0.65641    0.65423
  0.31196    0.47496   -0.60369   -0.38381   -0.23052    0.11897
 -0.069632   1.542     -0.088608   0.41823    0.33766   -0.27887
  0.62593    0.64007   -0.037691   0.21598    0.0032757  0.35578
 -0.63215    0.11937   -0.21216   -0.25349   -0.15023    0.08516
  0.31061    0.039147  -0.55065   -0.62988   -0.21098   -0.21016
 -1.726      0.15025    0.12402    0.36201   -0.071601  -0.093676
  0.41737   -0.11593    0.17456   -0.59195   -0.11286   -0.97489
  0.079078  -0.14666    0.002163  -0.35665  ]"
abnormally,"[-0.36322   -0.58589   -0.18447    0.35953   -0.65451   -0.10127
 -0.035282   1.246     -0.45478    0.017335  -0.72766   -0.10002
  0.64677    0.31266    0.6035    -0.49349   -1.195     -0.27192
  0.76219   -0.33992   -0.20276    0.16369   -0.076753  -0.15426
 -0.068886   0.24034   -0.47934   -0.46793   -0.295      0.86415
  0.73256   -0.20915   -0.38527    0.090099   0.33382   -0.09414
  0.66623   -0.0099911 -0.50051    0.26007    0.56892    0.32673
 -0.79226   -0.7652     1.0437    -0.063854   0.97324    0.45829
  0.063914  -0.47449   -0.16322   -0.77489    0.86238   -0.32936
 -0.3951    -0.43984    0.16005    0.22262   -0.044638   0.14222
 -0.065056   0.70228    0.16826    0.049562  -0.32548   -0.14045
  0.19362   -1.0763     0.98776   -0.39167    0.49032   -0.19794
  0.44664    0.23171    0.39921   -0.021409  -0.2383    -0.45143
  0.44208   -0.50753    0.69057    0.42025   -1.0609     0.31163
 -0.14676   -0.91273    0.54188    0.17629   -0.73644    0.085331
 -1.0159     0.63775   -0.080174  -0.11271    0.51419   -0.77275
 -0.52992   -0.7499    -0.57467   -0.54059  ]"
fedorov,"[-0.027427  -0.047119   0.13684   -0.69286    0.22088   -0.32722
  0.3828    -0.64779    0.11381    0.076771  -0.052452   0.27044
 -0.35266    0.28906    0.10663   -0.39335   -0.41911    1.1047
  0.20256   -0.53002   -0.89925    0.38572   -0.96324    1.1263
  1.4154     0.15456   -0.90288    0.36502   -0.046616   0.13977
 -0.4463     0.94779   -0.080921   0.0076186 -0.44221   -0.54013
  0.7165     1.2319    -0.071621   0.028976   0.78977   -0.027348
  0.0086068  0.25205    0.0021385 -0.51392    0.068269  -0.68433
  0.0060095  0.91997    0.84091    0.23872   -0.67656    0.039559
  0.057363  -0.16899    0.35053    0.41585   -0.36623    0.52982
 -0.57242    0.054585  -0.4176     0.98107   -0.42952   -0.34569
  0.35452    0.54248   -0.95914    0.37118    0.42042   -0.99214
 -0.14173    0.29534    0.66902    0.13661   -0.37866    0.33484
 -0.2128     0.066353  -0.21699    0.67162   -0.30285   -0.37477
 -0.071334   0.12289    0.27357    0.49514   -0.23632   -0.068311
 -0.15001   -0.35895   -0.71581   -0.88336   -0.80864   -0.4806
 -0.40528    0.41548   -0.17587   -0.20465  ]"
connotations,"[ 0.46188    0.16249   -0.12975   -0.56042   -0.31255    0.54514
 -0.49056   -1.2939    -0.047376   0.70234   -1.0292     0.3798
  0.88671    0.24352    0.858      0.007949   0.1166    -0.18952
  0.13803   -0.10872    0.4414    -0.035322  -0.78481    0.072903
 -0.47884   -0.07322    0.19107    0.48553    0.022266  -0.22697
  0.6628    -0.013358  -0.64171   -0.19313   -0.32911   -0.15171
  0.11973   -0.19278   -0.75116   -0.14869    0.36293   -0.40589
 -0.094694  -0.26442   -0.21071   -0.036427   1.2851     0.031158
 -0.41764    0.14204    0.49737    0.57712   -0.16592    0.23574
  0.0041837 -0.33624    0.32421   -0.0081096 -0.44076    0.22517
  0.16157    0.29854   -0.14512   -0.020988   0.47899   -0.61572
  0.52567   -0.85353    0.21292   -0.15651   -0.53763   -0.28756
  0.72275   -0.071454  -0.047345  -0.0039925 -0.37498   -0.031387
 -0.39779   -0.057554  -0.81788   -1.079      0.14098    0.43633
 -0.34633    0.57039   -0.65639   -0.48483   -0.038223  -0.43656
 -0.95113    0.30917    0.45835   -0.41808    0.3411     0.11041
 -0.52439   -0.1039    -0.47192    0.79768  ]"
voltaire,"[ 0.18036  -0.64972  -0.050738  0.64087   0.45892   0.28955   0.47515
 -0.4607    0.046196 -0.40516  -0.25842   0.10432  -0.32717  -0.50076
  0.69418   0.41561   0.16184  -0.56463  -0.36591   0.18917  -0.40546
 -0.030556  0.27245  -0.48906   0.63916  -0.72249   0.041705 -0.4889
  0.57977  -0.20172   0.1666    0.01605  -0.20505   0.34671  -0.59878
  1.4868    0.36633   0.20698  -0.24153   0.019756 -0.47451   0.65209
 -0.34736   0.54679   0.042772 -0.26575  -0.68113  -0.092163  0.15943
  0.17506   0.11676   0.68859   0.074314  0.10406  -0.70946  -0.12879
  0.68755   0.74258  -1.2306    0.47278   0.1295    0.01081  -0.15621
 -0.29456   0.095004 -0.45624   0.40494  -0.58078   0.026196 -0.76637
 -0.36359   0.15098  -0.22121  -0.53538  -0.15479  -0.44533   1.0508
  0.27727   0.12145  -0.040448 -0.21899   0.30416  -0.62916   0.6568
 -0.27719   0.3604    0.17249  -0.37858   0.098629 -0.40831   0.82826
 -0.51182  -0.11368   0.21044  -0.1597    0.12345  -0.53009  -0.66273
 -0.90738   0.38115 ]"
compliments,"[ 1.8671e-02  2.6362e-01  4.7529e-01 -2.1226e-01 -9.2284e-02  5.9691e-01
 -3.7975e-01  2.1308e-02 -2.7222e-01 -6.8614e-02  7.0943e-02  4.4581e-02
 -6.8760e-02  2.3910e-01  4.1616e-01 -1.1343e-01 -5.5598e-01 -1.2926e-01
 -1.5832e-01  4.8609e-01 -3.0443e-01  3.1862e-01 -7.3123e-01  1.3556e-01
  3.1154e-01  2.3912e-02 -2.2920e-01  3.7576e-01  2.3583e-01 -1.0063e+00
  1.7227e-01  1.0488e-01  1.7676e-01  5.0493e-01 -4.0994e-01  8.8111e-01
 -6.5374e-01  3.6292e-02 -2.1334e-01 -4.1446e-01 -4.9928e-02  2.2125e-01
 -2.1490e-01  2.7579e-02 -6.1296e-01  2.0299e-01 -2.3696e-04 -2.0081e-01
  2.8166e-01 -1.9381e-02  1.8474e-01  1.4563e-01  9.6572e-02  1.6629e-01
 -3.7011e-01  5.3280e-01  4.6941e-01 -1.6877e-01 -9.5167e-02 -5.7716e-01
  1.9230e-02  2.9065e-01 -2.5613e-01  5.5500e-01 -2.8439e-01 -5.6775e-01
  5.9406e-01 -2.7058e-01  2.3698e-01 -4.2374e-01 -2.0190e-01 -2.4126e-01
  5.1131e-01 -3.7370e-01  6.9684e-02  9.1539e-01 -4.8566e-01 -4.9709e-01
  6.9039e-02  3.7910e-02  3.2903e-02 -1.6609e-01  1.3904e-01 -6.7068e-01
 -4.3061e-01 -4.4556e-01 -2.3837e-01 -9.4387e-02 -6.9315e-02 -9.3910e-01
 -4.0689e-01 -5.5768e-02 -3.2810e-01 -3.4010e-01  7.5077e-02  1.1417e-01
 -5.9953e-01  3.2078e-01 -6.8670e-02  9.7263e-01]"
825,"[ 0.5158     0.48575    0.062017   0.20146    0.13292    0.25828
  0.20981    0.017012  -0.3313     0.21857    0.53688    0.64326
 -0.20807   -0.43636    0.25138    0.24145   -0.66949   -0.51545
  0.16967    0.071317   1.0474    -0.052855   0.1855     0.22854
 -0.056824  -0.047658  -0.011783   0.70845   -0.49533   -0.72507
 -0.13915    0.47907   -0.071928   0.19546   -0.84793    0.43372
 -0.32837   -0.1638     0.6106     0.21787    0.50447   -0.29432
  0.39856    0.4998    -0.17499    0.0058996  1.0136    -0.42629
 -0.67962    0.54573   -0.1687    -0.50059    0.46608    0.4558
 -0.97042    0.12617    0.57283   -0.58702   -0.16411   -0.30139
  0.12204    0.24001    0.67618   -0.068025  -0.40064    0.0049354
 -0.18652   -0.17665    0.78218   -0.56409    0.30516   -0.20116
 -0.89624   -0.029791  -0.012878  -0.070377  -0.15329    0.79681
 -0.44965   -0.17026   -0.28609   -0.72865    0.57996    0.2783
  0.28236    0.52498    0.66174   -0.22294   -0.55746   -0.12379
  0.22912    1.0876    -0.20953   -0.5088    -0.27067   -0.069557
 -0.014907  -0.032519   0.32329   -0.89641  ]"
353,"[ 0.56498    0.63672    0.42266    0.17415    0.0054015  0.73659
  0.47167   -0.1263    -0.23493   -0.4013     0.75294    0.42349
  0.04984   -0.0042479  0.53986   -0.13816   -0.066858   0.15823
  0.0014615  0.53967    0.96211    0.079578   0.59332    0.55598
 -0.0023495 -0.44668    0.87681    0.7932    -0.48666   -0.34975
 -0.026886   0.067505  -0.2127     0.099218  -0.73129    0.49517
 -0.19651   -0.080712  -0.22201    0.50617    0.036214  -0.51167
  0.020699  -0.13577   -0.043412   0.057574   0.10243   -0.38607
 -0.51078    0.89945   -0.39041   -0.37226    0.2377     0.61497
 -0.98649    0.26665    0.56314   -0.46682   -0.20233   -0.34876
 -0.29008   -0.75299    0.21994    0.66713   -0.58331    0.22981
  0.20337   -0.24238    0.19061   -0.29405   -0.30529   -0.13012
 -0.26272    0.35328   -0.11831    0.49552   -0.44997    0.65642
 -0.36139   -0.11926    0.2422     0.093687   0.21208    0.2434
  0.15239   -0.0017422  0.63961   -0.45601   -0.29383    0.24677
  0.073678   0.518     -0.26489   -0.33403   -0.21191    0.084562
 -0.049354   0.15414    0.038191  -0.39354  ]"
archivist,"[ 0.52016   -0.1937     0.65717   -0.3402     0.86691    0.13298
  0.029738   0.028822   0.23145    0.0071291 -0.26038   -0.59298
 -0.010591   0.018657  -0.68689    0.40146    1.3984    -0.40359
 -0.50505    0.033861  -0.37859    0.822     -0.15154   -0.47841
 -0.13211   -0.50939    0.39627   -0.1283     0.2583    -0.28781
 -0.18822   -0.31404   -0.36389    0.95629   -1.0763    -0.16068
 -0.93511   -0.064081   0.53235   -0.72715    0.087467   0.54287
 -0.32265    0.1255     0.2446    -0.23497   -0.090546  -0.66565
 -0.34758   -0.20932    0.96385   -0.56651    0.33094    0.15248
  0.045086   0.13571   -0.26265   -0.48307   -0.33359    0.34537
  0.92104    0.019921   0.58109    0.41066    0.22769   -0.90549
  0.72546    0.81594    0.7742     0.71162    0.54512   -0.15637
  0.66349   -0.10658   -0.19767   -0.3374     0.29252   -0.28027
 -0.25114   -0.26554   -0.070829   0.0085163  0.18026    0.48
  0.2031     0.21482    0.23643    0.086521   0.027801  -0.63774
  0.21309    0.20618   -0.011233   0.19585    0.20269   -0.523
  0.49019   -0.30737   -1.206     -0.14551  ]"
auf,"[-0.25433   -0.2025    -0.0048003 -1.0699    -0.71173    0.20518
  0.30211   -0.1392    -0.45649    0.15381    0.58882    0.40646
 -0.29954   -0.46046    0.75564    0.17131    0.8509     0.21488
 -0.064253  -0.011348  -0.30339    0.17366   -0.67855    0.33303
 -0.22831    0.28135   -0.24489   -0.2076     0.48576    0.84151
 -0.66676    0.18901   -0.036583   0.63194    0.70128    0.48549
  0.63587    0.40097    0.10679   -0.95341    0.50109    0.41533
 -0.89059    0.43222    0.48619   -0.64452   -0.24208   -0.17351
 -1.6351     1.2972    -0.63988   -0.25448    0.58901   -0.21175
 -1.3356    -0.40128    1.6537    -0.50758   -1.1829     0.076652
  0.64045    0.012821  -0.28744   -0.50673    0.20806    0.59556
  0.75872   -0.016503   0.078791  -0.48507    0.53539   -0.079293
  0.37068   -0.33442   -0.52434   -0.57217   -0.071632   0.33755
  0.16769    0.74036    0.076005  -0.20197   -0.25679   -0.055117
 -0.77763   -0.96894   -0.084093   0.022509   0.18912    1.1594
  0.61417    0.24346    1.0015     1.1626     0.79474    0.34728
  0.46893    1.074      0.31248   -1.1173   ]"
snipes,"[-0.088821   0.49386   -0.29776   -0.28915    0.073732   0.15963
 -0.36009    0.11762    0.053559  -0.71875   -0.34265   -0.10683
 -0.48397    0.70039    0.052861   0.26744    0.65327    0.40285
  0.79018    1.2914     0.29212   -0.13507   -0.60248    0.24523
  0.77513    0.59913    0.34873   -0.5713    -0.96241   -0.77407
  0.49641    0.15264    0.007957  -0.46755    0.20366    0.08187
  0.77855    0.22601    0.64611    0.54249   -0.37131    0.055796
  0.17325    0.42505    0.31167   -0.60877    0.39425   -1.433
  0.099479   0.073192   0.046477  -0.40051    0.43184    0.39003
 -0.09489    0.87985    0.23276    0.013471  -0.23526    0.2815
  0.19453    0.83775    0.28743   -0.69397   -0.092264  -0.44272
  0.2044     0.70141   -0.8006     0.62358    0.19271   -0.66657
  0.33056   -0.35952   -0.17207   -0.92565   -0.27809   -0.018372
  0.86249    0.037936   0.28249   -0.24167    0.036026  -0.36281
  0.29157   -0.79394    0.47378    0.17636   -0.46125    0.10576
 -0.4576    -0.78012   -0.0066476  0.39898    0.66697   -0.64587
  0.30125    0.19286    0.74194   -0.47341  ]"
bernice,"[ 0.14608   -0.47271   -0.51552   -0.281      0.60893    0.61661
  0.0091431  0.10755    0.50468   -1.0484    -0.14883    0.30955
 -0.1657     0.21682   -0.0095091 -0.44805   -0.44751    0.3871
  0.23323    0.94668   -0.059925  -0.41599   -0.40842    1.0632
  0.40091    0.20796    0.73172   -0.59342   -0.42053    0.11944
 -0.21929   -0.35407    0.31446    0.28336   -0.4593     0.57655
  0.1633     0.19199    0.56941    0.2636    -0.45145   -0.22929
  0.25232    0.18878   -1.0242     0.30438    0.29955    0.25993
  0.53129   -0.031269  -0.77166    0.50683    0.15546   -0.83093
  0.40172   -0.071419  -0.66702    0.25159   -0.4273    -0.2746
 -0.079728   0.12482    1.0006     0.37956   -0.11565   -0.0905
  0.32738    0.92189    0.038551   0.40078   -0.009108  -0.23951
 -0.34974   -0.37201   -0.13654    0.75604   -0.2954     0.39733
  0.49126   -0.3342    -0.6326    -0.23725    0.055628   0.36115
 -0.51289    0.41301   -0.15808   -0.89856    0.49148   -0.55414
  0.71624   -0.072558   0.52074    0.64185   -0.079768  -0.59031
 -0.045119  -0.85478   -0.89412   -0.8927   ]"
bergeron,"[ 2.5060e-01 -8.5665e-01 -2.7383e-01 -1.4209e+00  1.3965e-01  1.6176e-01
  2.6974e-01 -2.7457e-02 -7.9747e-02 -3.4796e-01 -2.9529e-01  2.8432e-01
 -7.3325e-01  2.2231e-01  6.9501e-01  1.9690e-01 -3.8786e-01  6.1189e-01
 -2.6344e-01 -1.7090e-01 -8.0375e-02  3.6801e-01  1.1168e-01  5.7258e-01
  8.0823e-01 -7.6333e-01 -4.8942e-04 -1.7916e-01  1.9029e-01  1.3211e-01
 -9.4110e-01  2.4836e-01  3.1421e-01  8.1985e-01  1.3122e-01 -4.0259e-01
  2.2546e-01  6.7797e-01  1.5279e-01 -2.1552e-01  3.6543e-01  7.0110e-02
 -1.5695e-01  1.7745e-01 -6.5315e-01  7.0433e-01 -4.3243e-01 -4.3292e-01
  3.9363e-02  2.9727e-01  3.1757e-01 -5.7357e-01 -3.0029e-01 -7.4283e-01
 -6.2495e-01 -1.0574e-01  4.4780e-01  4.5855e-01 -2.5081e-01  9.0858e-01
 -3.6157e-01 -4.0312e-01  2.0768e-01  5.3800e-01  3.5926e-01  1.8160e-01
  4.9336e-01  3.1867e-01  4.1822e-01  2.0906e-01 -9.5521e-03 -4.1168e-01
  1.5964e-01 -8.1938e-02  4.8873e-01 -6.5524e-01 -3.6477e-01 -4.4559e-01
 -3.6118e-01  2.6335e-01 -4.7300e-01 -4.6475e-01  1.4037e-01  1.3662e-01
 -2.7013e-01  6.6032e-02  8.0321e-02  1.3743e-01 -8.2611e-01 -5.8346e-02
 -4.5401e-01 -1.9556e-01 -2.8129e-01 -7.6483e-02  8.0741e-03 -2.8878e-01
  6.2637e-01  6.3419e-01 -8.6017e-01  4.0090e-01]"
landfills,"[-0.28275    0.5717     0.70378   -0.99621    0.19996    0.13801
 -0.16417    0.59507    0.68769    0.63312   -0.44255    0.045215
 -0.16223   -0.060029  -0.042609  -0.83372    1.1382     0.92238
  0.10114    0.0060144  0.10839    0.87801    0.25248    0.27347
 -0.80276   -0.49636    0.051936   0.11832    0.20044    0.093667
 -0.26463   -1.1156    -0.12208   -0.25543   -0.18077    0.46761
  0.11647   -1.103     -0.24742   -0.46204    0.35707   -0.55335
 -1.0237     0.062063  -0.34126    0.63562   -0.27363    0.14296
 -0.58971    0.099541   0.39759   -0.6112    -0.48287    0.065086
 -0.55482    0.4561     0.25611   -0.16468    0.39962   -0.11947
 -0.37813   -0.088221   0.30262    1.194      0.19189    0.4389
  0.56034   -0.27756    0.3465    -0.83071   -0.069486  -0.26334
  0.98343    0.35426   -0.51878   -0.46061    0.77059   -0.26999
 -0.36592    0.6346     1.085      0.7657    -0.40721    0.8729
 -0.13576    0.38129    0.38558    0.0833    -0.85955    0.26434
 -0.094411  -0.028529  -0.26555    0.23935   -0.18255    0.40077
  0.29794    0.42678    0.003665   0.22622  ]"
conspiracies,"[ 0.35925    0.2759    -0.1515    -0.2995     0.066781   0.79007
 -0.93715   -0.66832   -0.083749   0.38403    0.30987    0.47358
 -0.16274    0.87961    0.16739    0.70486   -0.31692    0.87699
 -0.62097    0.065113   0.34143   -0.10488    0.35239   -0.62788
  0.31563    0.09122    0.63405    0.12022   -0.40532   -0.10983
  0.090657  -0.7087     0.18049   -0.59026   -0.14342    0.38653
  0.18408   -0.62739   -0.039858   0.14777   -0.03657    0.36131
 -0.33091   -0.18607   -0.51387   -0.48378    0.66228   -0.044676
 -0.37559    0.0094286 -0.26553    0.43312    0.10739    0.97605
  0.14716    0.39414    0.40601    0.63023   -0.27359    0.47571
 -0.42937    0.28963    0.28172   -0.21563    0.41244   -0.34315
 -0.056742  -0.10938    0.50627   -0.37099    0.22428   -1.085
 -0.22647   -0.32973   -0.8261    -0.52661    0.68647   -0.15551
 -0.64907    1.1479     0.30741    0.37734    0.51324    0.51682
 -0.27125   -0.15035   -0.12507    0.393     -0.1913    -0.50728
 -0.79232    0.28522   -0.25886   -0.71076    0.63098   -0.38861
 -0.43213   -0.27863   -0.23487   -0.089047 ]"
reckon,"[-3.2383e-01  4.8726e-01  2.4447e-01  1.1060e-01 -1.3125e+00 -1.6620e-01
 -1.2686e-01  2.6849e-02  6.6416e-02 -7.6817e-02  1.2218e-01  5.1324e-01
  4.3300e-01 -5.4492e-01 -1.8162e-01 -2.6914e-01  1.6415e-01  2.7244e-01
  2.0091e-01  4.5601e-02  4.5200e-01  2.0204e-02 -3.9113e-01 -2.5291e-01
 -5.7685e-02 -3.3083e-01  3.0789e-01  1.1065e-01  1.3143e-01 -7.1838e-01
 -2.7969e-01 -1.3345e-01 -1.5222e-01 -9.7779e-02  3.1135e-01  9.0155e-01
  2.6267e-01  2.7226e-01  6.5055e-01 -8.9568e-01 -2.2895e-01  3.7454e-01
 -4.3591e-01 -1.5103e-01 -7.9360e-01 -2.2044e-01  9.3340e-01 -1.8685e-01
 -5.0286e-01 -3.7642e-01 -1.8571e-01 -1.4472e-01 -3.0179e-01  1.1324e-01
  5.1972e-02  1.4919e-01  2.6818e-01 -3.9920e-01 -4.8644e-01  5.5451e-01
 -1.1178e-01  2.3885e-01 -7.2652e-01  2.1280e-01 -1.3185e-01  3.7239e-01
 -1.3524e-01  5.3967e-01 -5.2911e-02 -3.3512e-01  8.0295e-01 -2.4572e-01
 -6.7019e-02 -2.0435e-01 -4.9135e-01 -5.7614e-01  2.1798e-02 -3.2329e-01
 -1.5281e-01 -3.0343e-01  3.7717e-01 -4.3206e-01 -8.4496e-01  3.0609e-01
 -1.4446e-01 -6.2145e-01  6.6262e-04 -1.7048e-01 -8.1812e-01 -3.9549e-01
  2.1692e-01  5.1263e-02 -3.7232e-01 -7.0320e-01 -1.3280e-01 -3.3316e-01
  3.2711e-01 -2.1315e-01 -3.2994e-01  6.3024e-01]"
studs,"[ 0.12668    0.54907   -0.30402   -0.77073    0.068964  -0.48088
 -0.73571   -0.30637   -0.29688   -0.010039   0.30005   -0.15319
  0.62043    0.50071    0.51735    0.66654   -0.48354   -0.25268
  0.071256  -0.76292   -0.67423   -0.08876   -0.22978   -0.39649
  1.221      0.27355   -0.24489   -0.64034   -0.035618  -0.14855
  0.19013   -0.58882    0.25917    0.37742    0.52798    0.26271
 -0.64924    0.082518   0.27902    0.53875    0.38515    0.42875
 -0.26397   -0.68576   -0.77242   -0.31671    0.0049547 -0.14061
 -0.22487    0.098412  -0.67877    0.27072    0.063079   0.70352
 -0.090309   0.60099   -0.32808   -0.11764    0.16266    0.059883
 -0.059023   1.0516    -0.15899    0.3067    -0.043562  -0.46751
  0.62194    0.65184   -0.21879   -0.56242   -0.15829    0.46043
  0.6534     0.12008   -0.63829   -0.9898     0.44141    0.49022
  0.17984   -0.037582  -0.068393   0.36352   -0.46199    0.35346
  0.30556   -0.39433   -0.32917    0.1573    -0.11043    0.15729
 -0.16852    0.54705    0.22843   -0.19878    0.26359   -0.64873
 -0.065692  -0.21616   -0.072576   0.10692  ]"
1748,"[ 0.13465   -0.85175   -0.43277    0.77682   -0.77993    0.01457
  0.49795   -0.51011    0.10279   -0.43961    0.68907   -0.1684
 -0.073592   0.39971    0.76915   -0.039588   0.090052  -0.32087
 -0.49617   -0.45601   -0.2953    -0.27486    0.71395    0.044284
  0.32342   -0.45255   -0.4965    -0.10108    0.24986    0.0037458
 -0.52642   -0.3263     0.26539   -0.87378   -1.2348     0.11191
 -0.1296    -0.31712    0.023699   0.13177    0.44094    0.26752
  0.30807   -0.54094   -0.3492    -1.0687     0.4007    -0.52277
  0.23327    0.45833   -0.66558    0.16669    0.6148     0.23679
 -0.82705   -0.26229   -0.062593  -1.0222    -0.93256   -0.11458
 -0.075407   0.38485   -0.2344     0.33746    0.073789  -0.37312
 -0.68071   -0.26123    0.22031   -0.24686    0.28687    0.18637
  0.29674   -0.081739  -0.40276   -0.61813    0.35449    0.38091
 -0.64093   -0.21284   -0.36768   -0.46361    0.38937    0.32538
  0.54383   -0.04325    0.47858   -0.8577    -0.48497    0.14886
 -0.21601    0.049314   0.34806    0.4322    -0.21622    0.17297
 -0.044007  -0.15849   -0.74867   -0.65294  ]"
vigilantes,"[ 0.64736   -0.55106   -0.31454   -1.0707    -0.12281    1.4464
 -0.1052    -0.50663    0.17726    0.61953   -0.015378  -0.19223
  0.49412   -0.031588   0.16154    0.15816    0.0095194  0.10242
 -0.5975    -0.50183    1.1541    -0.52973   -0.13559   -0.054691
 -0.33785   -0.098681  -0.40503   -0.27477    0.10576    0.044801
  0.52608   -0.22807   -0.19892    0.38947    0.62489   -0.82084
 -0.032485  -0.47519    0.54023   -0.32734   -0.39094    0.41306
 -0.18999   -0.08975    0.23126   -0.68614   -0.21575    0.37199
  0.78809    0.45518   -0.19142   -0.0019668 -0.14623    0.4932
 -0.30681    0.34559    0.73245    0.057104   0.1652     0.29699
 -0.27216   -0.64579   -0.074583   0.089139  -0.015247   0.73838
  0.41005    0.36903    0.36572    0.26399   -0.046954  -0.58798
 -0.0087821  0.064041  -0.99198   -0.24104    0.26381    0.25209
  0.10575   -0.73878    0.36971    0.11625   -0.53815   -0.33429
 -0.15856    0.17696   -0.3152     0.54677   -0.45187   -0.16806
 -0.020713   0.16953   -0.60739   -0.10856   -0.62424   -0.26881
 -0.16641    0.096317  -0.11807    0.38077  ]"
sired,"[ 1.1560e-01  2.7770e-01 -1.7104e-01 -2.7083e-01  3.2224e-01 -3.4028e-01
  4.5483e-01 -1.3320e-01 -3.5944e-01 -2.3753e-01 -7.7872e-03  8.2731e-01
  7.7903e-01 -1.0228e-01  1.0996e-01 -2.5157e-01  1.5909e-01 -2.2341e-01
  5.4863e-01  6.2326e-01 -9.1207e-02 -2.0430e-01  3.6798e-01 -1.1958e-01
  7.5615e-01 -2.0828e-01 -6.8579e-01  3.7048e-01  1.5020e-01 -3.1424e-01
  8.4107e-02 -1.3604e-01  1.2501e+00  5.5219e-01  5.5879e-01  7.0024e-01
 -4.7915e-01  4.8443e-01 -6.7399e-01  8.2342e-01  1.0996e-01  8.7233e-01
 -2.4891e-01 -7.6629e-01  9.7760e-01 -7.6149e-01  3.4670e-01 -1.9976e-01
 -4.6173e-01  2.8972e-01 -1.5554e+00 -9.4649e-04  2.9142e-01  1.3835e-01
  2.7141e-01  4.6991e-01 -1.2293e-01  4.3282e-01 -9.3101e-01 -6.1939e-01
  1.8768e-01  5.0318e-01  1.9400e-01  8.9649e-01  4.9603e-01 -3.3008e-01
 -3.7321e-01  2.8451e-01 -1.0620e-02  5.0043e-01 -2.5207e-01  1.1145e+00
 -1.8832e-02  9.6422e-01 -2.1560e-01 -5.8997e-03  5.3406e-01 -4.3790e-01
 -3.1994e-01 -6.1529e-01  6.4637e-01  1.3540e-01 -2.3251e-01  9.1232e-01
  1.3454e-01 -3.3050e-01 -2.5135e-02 -4.5431e-01 -5.5935e-01 -6.7158e-01
 -1.3701e+00 -7.1193e-01 -4.7659e-01  1.8718e-01 -4.7698e-01 -1.4210e-01
 -7.5698e-01  3.1121e-01  3.3169e-01 -2.1730e-01]"
whitmore,"[ 0.29701   -0.50087    0.14947   -0.29197   -0.097144  -0.014461
  0.10609    0.37377    0.42766   -0.48028    0.11568    0.13428
 -0.58978    0.29241    0.09844   -0.097991  -0.17551    0.07194
 -0.47903    0.12483    0.35343   -0.36768    0.36495   -0.20893
  0.30021    0.22052   -0.17186    0.25282   -0.71781    0.003926
 -0.1409     0.1712     0.48993    0.45258    0.044415   0.041832
  0.088778   0.65197    0.15412    0.074509  -0.23644    0.40556
 -0.4791     0.18555   -0.22049    0.69768   -0.33233   -0.73548
  0.30264    0.20548    0.55406   -0.97028   -0.20659   -0.69459
  0.066112   0.032535   0.014761  -0.11751   -0.62983   -0.14417
 -1.1333    -0.13622   -0.15563    0.84133   -0.37279   -0.72924
  0.31206    0.49549   -0.39564    0.70158   -0.2871    -0.14943
  0.69197    0.3591     0.37046   -0.55474   -0.36313    0.015673
 -0.397      0.25312    0.25438   -0.032766  -0.025422  -0.30359
  0.20121    0.32331    0.14463    0.035462  -0.16341   -0.48002
 -0.078466  -0.0077557  0.43416    0.13057    0.0068795 -0.18297
 -0.73522   -0.2057    -0.512     -0.77371  ]"
bayh,"[-0.26201   0.52722   0.28395  -1.9351    0.92318  -0.60453  -0.38245
  0.051279 -0.96982  -0.26998  -0.73747   0.40439  -0.35206  -0.54629
  0.72655   0.037599  0.079762 -0.1931    0.15403  -0.95573   0.49241
  0.68918  -0.098039  0.50587  -0.4994    0.22476  -0.43732   0.23719
  0.5035    0.35831   0.31061   0.98896   0.16      0.19866  -0.2837
  0.21995   0.15944  -0.88275  -0.022401  0.65621  -0.65352  -0.65529
  0.25818   0.27845  -1.2166    0.40858   0.59188  -0.63286  -0.093366
 -0.33806  -0.43939  -0.47798   0.47566   0.035736  0.016845  0.24546
  0.53626  -0.66195  -1.4104    0.078017 -0.29924  -0.23841   0.5278
  0.23915   0.9732    0.20211   0.90021   0.65168  -0.12644  -0.058313
  0.021211 -0.12869   0.45269   0.27097   0.12778   0.77788   0.6252
 -0.39651  -0.32124  -0.5013   -0.63716  -0.70868   0.16436   0.12478
 -0.18166   0.26246   0.35285   0.10894   0.43692  -0.96806   0.1279
 -0.36514   0.41637   1.0807   -0.49896  -0.73313   0.57188  -0.63881
 -0.17523  -0.34687 ]"
hernia,"[-6.8146e-01 -2.2915e-01 -6.7557e-01 -4.8680e-01 -8.3732e-01 -5.3504e-01
  5.2695e-02  9.8402e-01  1.0601e+00  2.8747e-01  2.4085e-01  5.3688e-02
  4.2127e-01  5.9503e-01  1.9367e-01  3.4630e-01 -5.8229e-01 -4.1653e-01
  4.1125e-01 -3.1837e-01 -1.0389e+00  1.3947e-03 -1.1318e+00  4.7534e-01
  8.2554e-01  7.9789e-01  2.5171e-01  1.8323e-01 -5.7585e-02  2.1434e-01
 -5.2024e-01 -4.5849e-01 -2.1777e-01 -3.3070e-01  2.8277e-01  5.1769e-01
 -7.1042e-01  5.0414e-01 -2.8451e-01  2.5477e-01  7.1399e-01  8.0726e-01
  1.1379e+00 -8.0440e-01 -5.7895e-01  5.3680e-01  7.6182e-01 -5.7594e-01
  3.2468e-01 -2.2665e-01 -8.0490e-02  4.4671e-01 -3.7474e-01 -4.0719e-01
  1.4430e-01 -6.1498e-01 -9.9782e-01 -7.7238e-01  2.1129e-01  1.4796e+00
  1.8867e-01  2.6310e-01  5.5202e-02  2.2241e-02 -2.8038e-01  6.0284e-01
 -7.0314e-01 -7.2662e-01 -3.9193e-01 -1.4500e-01 -9.8172e-01  5.4774e-01
 -1.0745e-01  7.1786e-01  1.9548e-02 -9.2439e-01 -1.4850e-02  6.2063e-01
 -2.2630e-01  2.9668e-02  3.0154e-01  1.4868e-01  4.0478e-01  3.8470e-01
 -3.1735e-01  3.5475e-01  1.7354e-01  6.2721e-01 -1.1684e+00 -5.9701e-01
 -3.6496e-01 -1.3817e-02  5.3772e-02 -6.1084e-01  6.9325e-01 -2.2788e-01
  9.2971e-01 -2.1234e-01 -4.7011e-03 -8.7209e-01]"
filipina,"[ 0.52459    0.15011   -0.8592     0.27409    0.29607    0.99038
 -0.26761   -0.014519  -0.67957   -0.088251   0.072732   0.52302
  0.88287    1.3174    -0.088273   0.52934    0.129     -0.1277
  0.6251     1.2726     0.80724   -0.077017   0.49038    0.95354
  0.65857   -0.32031   -0.34011   -0.88493   -1.1517     0.42487
 -0.3836    -0.12867   -0.16713    0.41661   -0.033305   0.057367
  0.037427   0.50919    1.1155    -1.1898    -0.44727    0.71168
  0.42009    0.72079    0.31692    0.23456    0.064199   0.047876
 -0.23947    0.54572   -1.1693    -0.41585   -0.29881    0.90518
  0.054438   0.033038  -0.83349   -0.56277    0.11941   -0.42889
  0.33858   -0.54506    0.0056468 -1.2911    -0.79787    0.11695
 -0.44329    0.49795   -0.19605   -0.11847   -0.44945    0.53023
 -0.28173    0.2977    -0.0053486  1.0013     0.55559    0.056987
  0.68255   -0.34931   -0.50882    0.14894    1.0649     0.99872
 -0.36082   -1.8073     0.10599    1.0123     0.71269   -1.7281
 -0.26249    0.1249     0.66841   -0.36128    0.12413    0.30479
 -0.12278   -0.24665   -0.32556   -0.56051  ]"
echostar,"[-0.11086   -0.14027    0.16129    0.50751   -0.047226  -0.93894
  0.77985   -0.46453    0.14987   -0.040029   0.097687   0.14637
  0.017832  -0.18317    0.0039447 -1.5399    -0.087708  -0.086123
  0.52442    0.77692   -1.2488    -0.086249   0.47093    0.49387
  0.32416    0.62626    0.2732     1.5557    -1.1543    -0.45711
  0.78822    1.2699     0.15247   -0.16233   -0.089537   0.11762
  0.052932   0.41031   -0.0099385 -0.34255    0.49368    0.3286
 -1.0791    -0.42329   -0.5906     0.3222    -0.51569   -0.31933
  0.67011   -0.24652   -0.089344   0.80787    0.8611    -0.31939
  0.01409    0.22036    0.67847   -0.45141    0.83742    0.34892
  0.0060741 -0.51519    0.77293    0.26736   -0.19884    0.065616
  0.21281    1.1581    -1.0021     0.58048   -0.10104   -0.45433
  0.2262     0.35979   -0.15731    0.16565   -0.047492   0.28947
 -0.15431    0.65309    0.2288    -0.95529   -0.13529    0.68598
  0.14148   -0.60443    0.42406    0.82359    0.78039   -0.24452
  1.1363     0.53659   -0.88757   -0.47787   -0.1532    -0.026593
  0.39676    0.022764   0.02597    0.28734  ]"
contour,"[-0.29445    0.68505    0.13532    0.77654    0.14573    0.12597
  0.49385    0.3418    -0.51764    0.20215   -0.16211    0.44012
 -0.21443   -0.45916    0.27687    0.17229   -0.28242    0.27093
  1.6334    -0.64683    0.02445   -0.2012    -0.51195    0.73363
  0.22552    0.2313    -0.37362   -0.17002   -0.28369   -1.3541
 -0.025398   0.14873    0.29846    0.074192   1.0058     0.34922
  0.57477    0.18837    0.27022   -0.0083503  0.43325   -0.70093
  0.036942  -0.052344  -1.0384     1.2227     0.19314   -0.35099
 -0.4129     0.38833    0.59683    0.29463   -0.39719    0.21389
  0.064939  -0.17571   -0.066633   0.37702    0.12489   -0.1816
  0.58089    0.13756   -0.25927    0.41473    0.69302   -0.33015
  0.19362   -0.32661    0.49677   -0.028055  -0.1418    -0.13669
  0.66543   -0.95172    0.20728   -0.80396    1.1506     0.46364
 -0.20548   -0.31364   -0.85802   -0.14625    0.21618    0.74812
 -0.12149    0.33654    0.47712   -0.40195   -0.31763    0.68563
 -0.60376    0.71176   -0.63094    0.2051     0.36742   -0.18627
 -0.73839    0.09864   -0.051873   0.24098  ]"
frowned,"[-0.26468    0.071848  -0.076771   0.29156   -0.41939    0.71494
 -0.75986    0.074818   0.4104    -0.11748   -0.55592   -0.051238
  1.049     -0.35709    0.26253   -0.15552    0.0081185  0.16283
 -0.089653  -0.13608   -0.20619    0.51278    0.050755   0.33344
  0.48701    0.19191   -0.29347   -0.18835   -0.15734    0.23839
  0.40795    0.40823   -0.21885    0.32544   -0.26065    0.45494
 -0.37495    0.035828  -0.45478   -0.54816   -0.20868    0.2297
 -0.24483    0.56264   -0.53474   -0.90577    0.76928    0.86097
  0.57709   -0.51944    0.11525   -0.29662    0.12585    0.25891
 -0.69902    0.65706    0.049527   0.075378  -0.22275   -0.14101
  0.11027    0.083519   0.30903    0.15108   -0.28897   -0.35996
  0.1588    -0.11474    0.12349    0.10694   -0.15294   -0.71784
  0.64294    0.20818   -0.44302   -0.44804   -0.41428   -0.52207
 -0.031379  -0.40133    0.057374  -0.48665   -0.013851   0.067269
 -0.26737   -0.49008   -0.38637   -0.33486   -0.81219   -0.81206
 -0.52837   -0.60919   -0.27328    0.4484     0.22614    0.087521
 -0.58545   -0.023682   0.0018754  0.51375  ]"
nerd,"[-0.26697    0.65663    1.0887    -0.61649   -0.82521    0.55445
  0.25444   -0.53049    0.32402    0.7028    -0.80063   -0.5209
  0.11687   -0.31789    0.42239    0.77111    0.49504    0.32295
  0.17685    0.52412   -0.072501   0.2505    -0.28494   -0.55311
  0.5086     0.52789   -0.0057502  0.20241   -0.084711   0.15073
  0.085429   0.053024   0.34816    0.01933    0.41533    0.10493
 -0.80817    0.0094844  0.3802    -0.7428    -0.20092    0.31527
 -0.27799   -0.16895   -0.3642    -0.15452    0.036048   0.80299
  0.22742   -0.094059  -0.40417   -0.32295    0.20728   -0.21036
 -0.14644   -0.26856    0.5366     0.19614   -0.042469   0.42409
  0.97716   -0.061133  -0.37155    0.23828    0.02163    0.1306
  0.63553   -0.20524    0.16037    0.6096     0.43415   -0.35015
 -0.29693    0.30515   -1.1681     0.39048    0.31908   -0.092892
  0.53134   -0.080612  -0.026114   0.24444   -0.15246    0.10525
 -0.53753    0.27849   -0.31345   -0.21802   -0.366     -0.12675
 -0.076534   0.68323    0.55833    0.038737   0.28652   -0.67134
  0.44622   -0.64256   -0.32775   -0.31565  ]"
edgardo,"[-0.18224    0.35604    0.33968    0.39308    0.2753    -0.28063
  0.62369   -0.10022    0.16293    0.0061763  0.15968   -0.20972
 -0.77321    0.57917    1.025     -0.79945   -0.35264    0.79227
  0.14823   -0.0063771  0.87237   -0.0058609  0.042884   0.54472
 -0.54569   -0.44356   -0.86117   -0.26516    0.23806    0.801
 -0.44858   -0.041197   0.40008    0.74304   -0.2364     0.27334
 -0.24641    0.47617    0.71386    0.039532   0.31107    0.36352
  0.22802   -0.062294  -0.16631    0.97719   -0.56402   -0.74146
 -0.26357    0.78487    0.062768   0.56142    0.17273    0.0053508
 -0.45465    0.49417    0.057784   1.0768    -0.12062    1.0586
 -0.85789   -0.37565    0.78218    0.10952    0.34309   -0.36794
  0.22189    0.17078    0.44194    0.095878  -0.12028    0.081759
 -0.25975   -1.2325     0.27282    0.51499   -0.93505    0.1288
  0.16231    0.068592  -0.83652    0.42838   -0.54927    0.25772
  0.50854   -0.58595   -0.42415    0.54884    0.14538   -1.0781
  0.033141   0.40693   -0.71103   -0.17366    0.8626    -0.0014844
  0.55778    0.3547    -0.70499   -0.2313   ]"
alden,"[ 0.15114    0.0025496 -0.74179   -0.36882   -0.30737   -0.90349
 -0.059135  -0.055929  -0.084841  -1.0231    -0.027408  -0.0016246
 -0.74463    0.08593    0.30658   -0.37759    0.40842   -0.5696
 -0.44077    0.28722   -0.053354   0.31368    0.11435    0.15238
 -0.0086518  0.33849    0.1647    -0.48057   -0.65636    0.17663
 -0.36634   -0.085803  -0.11282    0.16639   -0.36487   -0.22072
  0.24965    0.39958    0.37879   -0.015102  -0.36808   -0.15219
 -0.1477     1.1346    -0.75173    0.90779   -0.29064   -0.037637
  0.21661    0.16028   -0.45947   -0.82618    0.12237   -0.22677
 -0.15357   -0.39481    0.0039412 -0.73604   -0.62221   -0.5557
  0.36349    0.24911    0.29291    0.34488   -0.064546  -0.56175
 -0.19776    0.77687   -0.16361   -0.22811   -0.67002    0.097442
 -0.071441  -0.16258    0.22634   -0.24743    0.47493   -0.1546
 -0.11809    0.05825    0.0030719 -0.010078   0.12025   -0.49078
  0.59649    0.078434  -0.27222   -0.633     -0.15138   -0.44068
  0.067219  -0.27811    0.086339   0.16846    0.50609   -0.13105
  0.24441   -0.24349   -0.54481    0.18808  ]"
heinze,"[ 0.84392   -0.29611   -0.68642   -0.9685    -0.083987   0.38981
  0.47106    0.41406    0.0043749 -0.46004    0.49463    0.3406
 -0.78355   -0.50909    0.36589    0.4855    -0.20856    0.3566
 -0.15989    0.0082611 -0.085093   0.31292   -0.30123    0.56951
  0.71657   -0.01217    0.01276    0.093309   0.067687   0.19356
 -0.48402    0.23973   -0.44441   -0.1598    -0.1031    -0.3264
  0.15793    0.46976    0.16306   -0.81237    0.50448    0.31186
  0.51078    0.034674  -0.16791    0.39647    0.017328  -0.25011
  0.58029    0.55065    0.83557    0.77509   -0.87196   -0.12192
 -0.16235   -0.24924    0.4552    -0.093016  -0.75469    0.4992
  0.36827    0.057537  -0.29167   -0.11332   -0.53556   -0.28282
  0.37248    0.27787   -0.8286    -0.0083302  0.4763    -0.32276
  0.5644    -0.50052    0.57508   -1.0038    -0.12206    0.58688
 -0.096054   0.38604    0.26945    0.4556    -0.40823   -0.32698
  0.62789   -0.40307   -0.26581    0.57371    0.23434   -1.1402
 -0.99258   -0.43726   -0.28511   -0.54945   -0.82134   -0.14046
  0.33335   -0.1241    -0.7175    -0.63425  ]"
parr,"[-0.11765   -0.95681   -0.4378    -0.34989   -0.18131   -0.28679
  0.059143  -0.13665   -0.19836   -0.7171     0.028599   0.29226
  0.26378   -0.21324    0.20855    0.12474   -0.046611  -0.37885
 -0.38049    0.7257    -0.474     -0.48171    1.0311     0.40199
  0.5878     0.17436    0.096558   0.073138   0.13457    0.58084
  0.109      0.28216    0.40452    0.14755    0.39816    0.17744
 -0.38085    0.26596    0.49972   -0.079472  -0.1712     0.11056
 -0.50449    0.33947   -0.39562    0.039192  -0.14693   -0.43693
  0.92214   -0.099857   0.031197  -0.83312    0.40298   -0.2714
  0.025036  -0.23167    0.036788  -0.15945   -1.1277     0.035592
  0.51243    0.017011  -0.0026141  0.59918   -0.62471   -0.23734
  0.037858   0.27588    0.033256  -0.027986  -0.045334   0.27846
  0.36303   -0.41615    0.47022   -0.2508    -0.3719    -0.14581
 -0.41067    0.056179   0.20602    0.025168   0.37521    0.63497
  0.027531  -0.016519   0.0511    -0.74748    0.6302    -0.079941
 -0.042757  -0.23753    0.28714    0.16643    0.094807  -0.38088
  0.16037   -0.054836  -0.32221   -0.16424  ]"
hambrecht,"[ 1.0809   -1.0696   -1.1828   -0.69109   0.40722  -0.5655   -0.38727
  0.14014  -0.60455   0.17168   0.65959   0.57683  -1.3384   -0.95485
  0.51471   0.14109  -0.13441  -0.29577   0.43313   0.90417  -0.26369
 -0.63762   0.065942  0.83887   1.2012    0.42154  -0.3883    0.40592
 -0.51357   0.11261  -0.45702   0.20952   0.59974   0.85541  -0.17647
  0.027111  0.63258   0.81219   0.70652   0.12201   1.0892   -0.72837
 -0.73123  -0.61005  -0.75865   0.20976   0.082373  0.36217  -0.65605
  0.27494   0.24972  -0.71552  -0.19221  -0.9499   -0.71747  -0.13861
 -0.13093   0.31149  -0.41874  -0.11294  -0.18779  -0.7322    0.53806
 -0.93179  -0.21457  -0.5124    0.605     0.24961   0.70129  -0.20739
 -0.13049   0.28269  -0.81867  -1.2061   -0.1448   -0.59024  -0.79996
 -0.34824  -0.39204  -0.70582   1.4823   -0.96445  -0.3409    0.2728
  0.41842  -0.53991  -0.042112 -0.69799  -0.32914  -0.57942   0.22776
 -1.21     -0.094647 -0.29314  -0.057065  0.65543  -0.014548  0.14678
 -0.18872   0.98222 ]"
gardez,"[-0.77067  -0.30134   0.97554  -0.18968  -0.31726   0.41238  -0.41525
 -0.13113   0.020609  0.275    -0.20078   0.37405   0.76283   0.039683
  0.4563   -0.44855  -0.39277  -0.48199  -0.96706  -0.7285    1.0419
  0.61377  -0.21304  -0.54585  -1.057     0.75053   0.34046   0.31359
  0.018586 -0.043214  0.31703  -1.4403    0.1486   -0.34871  -0.12097
 -0.74686  -0.43042   0.77103   0.058863 -0.1162    0.3211    0.27967
  0.32743  -0.27739  -0.70984   0.33637  -0.24059   0.21939   0.1311
  0.026463 -1.3239    0.45065   0.62354  -0.099617 -0.24094  -0.085402
 -0.03284  -1.2915   -0.42716  -0.14347  -0.023073  0.12289   0.55865
  0.13249  -0.52194   0.15962  -0.67799   0.23796  -0.75089   0.64459
 -0.24294  -1.0822   -0.18445  -0.10032  -0.16141  -0.6644    0.88047
  0.50561  -0.53881   0.43059   0.44377   0.24487   0.13146  -1.0383
  0.37121   0.69582   0.77248   0.10925   0.07632   0.28345   1.5944
  0.34505  -0.31484   0.03166  -0.32694   0.68236   0.024773  0.61558
  0.59889   0.52992 ]"
readable,"[-1.2367e+00  4.4859e-01  3.3842e-01 -9.6240e-02  7.4553e-02  9.8721e-01
  4.7254e-01 -1.8804e-01  9.9318e-01  1.7996e-01 -3.2692e-02  2.9140e-04
  2.6396e-02 -4.2839e-01  6.3906e-01  9.3704e-01  8.7964e-01  5.1548e-01
  8.6564e-01 -2.4978e-01  2.2868e-01  1.8101e-01  4.1944e-01 -3.1062e-01
  1.0458e+00 -5.9575e-01  1.4810e-01 -1.6205e-01 -1.2375e-01  1.8170e-02
 -2.2371e-01 -5.1278e-02 -3.5034e-01 -5.2597e-01  6.1103e-01 -2.6480e-01
 -3.5168e-01 -4.9088e-01 -6.1752e-01 -3.5208e-01  3.2690e-01 -1.9005e-01
 -1.6222e-01  4.5015e-01 -3.2745e-01 -7.2701e-01  8.4694e-01 -1.2839e-01
  3.6612e-01 -2.4919e-01  7.4290e-01  6.6126e-01  6.5828e-01  8.0405e-02
  2.6387e-01  4.2035e-01  4.2555e-01  2.7861e-01  3.3457e-01 -1.3156e+00
  4.3664e-02  1.7902e-01 -3.3493e-01 -9.7198e-02  3.9104e-01 -3.0726e-01
  6.3514e-01  8.7922e-01 -2.7154e-01 -9.8016e-01  8.4955e-02 -2.1357e-01
  1.1052e+00  3.6678e-02  2.4646e-01  6.1859e-01 -4.6874e-01 -1.2113e-01
 -5.5827e-01 -7.1781e-01  1.2300e-01  4.7177e-01 -5.1209e-01  5.7877e-02
 -4.1619e-01  8.1112e-01  8.2976e-01 -6.7184e-01 -4.3754e-01  8.0951e-02
  9.8941e-01  1.4653e+00  4.1907e-01 -2.2532e-01  3.6200e-01  6.0151e-01
 -6.2248e-01 -9.3454e-01 -3.4578e-01  4.6644e-01]"
hateful,"[ 0.12993  -0.16219   0.15349  -1.0603   -0.55052   0.87813  -0.58621
 -0.52942   0.45313   1.0248    0.033454 -0.22369  -0.1775   -0.5136
  0.81272   0.57399  -0.76209  -0.044945 -0.019475 -0.42415   0.48495
  0.23623   0.19827   0.18955   0.02375  -0.10488  -0.14051   0.55215
 -0.095839 -0.33679   0.40366   0.7637    0.40691  -0.31513  -0.3741
  0.13798  -0.31241  -0.78497   0.11566   0.60868  -0.71753   0.36498
  0.076063  0.18917  -0.25872  -0.16333   0.36222   0.64145  -0.30786
 -0.16614   0.56773   0.36916   0.47327  -0.11007  -0.31257   0.29879
  0.85146   0.53398  -0.065631 -0.57085   0.018205  0.74622  -0.56802
 -1.2331    0.4577   -0.10317   1.0089    0.36835   0.1417   -1.3257
  0.14927  -1.0823    0.6667   -0.32282   0.10048   0.18801  -0.059084
  0.19303  -0.19623   0.083357  0.078978  0.26922  -0.128     0.58837
 -0.51259   0.004419 -0.45891  -0.14319   0.44249  -0.43321  -0.59497
 -0.046836  0.23723   0.57564   0.23508  -0.74267  -0.72897  -0.45367
 -0.49085   0.4098  ]"
wac,"[ 0.32523   -0.34735    1.1216    -0.87064   -0.39274    0.14055
  0.75597    0.62237   -0.53561    0.14321    0.24226   -0.87668
  0.11724   -0.12702   -0.21289    0.0061767  0.37065    0.26804
 -0.53923    0.62242   -0.73969    0.32744   -0.51591    1.5275
 -0.078611  -0.22651    0.28804   -0.27696    0.26456   -0.38502
  0.0050453 -0.62518    0.19816   -0.33226    0.34574   -0.25772
 -0.67746    0.54353    0.13855    0.5489    -0.15333    0.23424
  0.094323   0.018595   0.12598   -0.15027    0.32491    0.72612
 -0.38835   -0.075012  -1.1854     0.082206   0.48796   -0.83797
  0.062216  -0.26818    0.81941   -0.24726    0.32766    0.69138
 -0.21493   -0.46234    0.1733     0.39346    0.42317   -0.20702
  0.017231   0.69881    0.26156    0.44058    0.79335   -1.1052
  0.54859   -0.052206  -0.99765   -0.17259   -0.46168   -0.23399
  0.3638     0.21153   -0.51838   -0.92633   -0.40951    0.45806
  0.10947    0.027008   0.06745   -0.57898    0.76146    0.44273
  0.025856   0.43813   -0.50464    0.28537   -0.024573  -0.59773
 -0.43614    0.88593    0.051206   1.0003   ]"
ashanti,"[ 1.1455e-01  1.5559e-01  5.7013e-01  1.0849e-01  2.5796e-01 -2.7079e-01
 -9.0562e-01  9.3770e-02 -2.6841e-01  1.3333e-01 -9.6201e-02 -3.2367e-01
 -2.7330e-01 -5.1203e-02 -5.9920e-01 -4.2691e-01  7.1825e-01 -1.2751e+00
  2.7703e-01  1.6139e-01  2.0796e-01 -1.7039e-01  2.7731e-01  5.2468e-01
 -1.4593e-01  4.5451e-01  9.4279e-01  6.2150e-01 -4.1407e-01 -7.7656e-01
  3.4433e-01 -3.7369e-01  6.2722e-01 -1.2862e-01  6.6032e-01 -6.7336e-01
  4.9560e-01  7.6254e-01 -3.4958e-03 -8.5988e-01 -9.0692e-02  6.2873e-01
 -6.6184e-02 -3.6164e-01 -7.2873e-01  5.0030e-01  2.1103e-03 -4.0086e-01
  2.6648e-01 -5.2560e-01 -1.6615e+00  1.1553e+00  1.2008e-01  7.6359e-02
 -3.1441e-01 -2.3102e-02 -6.2759e-01 -8.4399e-01 -3.7599e-01 -1.7929e-01
  7.5263e-01  3.0383e-01  2.9360e-01  4.5997e-01 -9.9074e-02 -1.1290e-03
  3.3476e-01  7.9377e-01 -3.4377e-01 -6.4108e-02 -1.2299e-01  2.0447e-02
  1.7834e-01  7.2103e-01  3.1389e-01 -2.8163e-01 -5.1296e-01  4.2515e-02
 -2.9155e-01 -7.1937e-01 -1.7429e-01 -3.8936e-01  5.3781e-01  5.2771e-01
  4.7015e-01 -1.0183e-01 -4.3685e-01 -7.7707e-01  4.3492e-01  5.0849e-02
  1.7137e-01 -8.9734e-02 -7.9150e-01  2.8483e-01 -4.4609e-01  3.3538e-02
 -2.6785e-01  1.4953e-01 -1.1461e+00  2.2502e-01]"
folders,"[-1.0865e+00  4.7157e-01 -5.5473e-03 -1.2666e+00  1.2422e+00  1.1022e+00
 -4.9728e-01 -2.1452e-01  3.7303e-01 -1.8716e-01  8.4295e-01  2.0371e-01
  3.8643e-01  2.6681e-01  1.3864e-01  6.1082e-01  1.0417e+00  3.6237e-01
  7.0275e-02 -5.3293e-01 -9.9596e-01 -4.3431e-02  2.9390e-01  7.2147e-01
  2.2135e-03 -5.0546e-01  4.1893e-01 -5.4445e-01 -4.6650e-01 -1.0716e+00
  9.7319e-01  1.3720e-01 -2.3251e-01  9.1297e-02  7.8942e-01  1.4606e-01
  3.9718e-01 -5.3979e-01  6.1530e-01 -2.0301e-01  2.0322e-01 -1.8750e-01
 -1.6080e-01 -1.1929e-01 -7.2497e-01  3.9112e-01  1.7998e-02  1.0545e-01
 -3.4838e-01  1.0302e-01 -1.0914e-01  7.3793e-02  1.8091e-01 -4.6666e-02
 -5.9434e-03  3.3725e-01  7.4099e-01  4.2918e-01  1.4113e+00  6.4897e-01
 -1.3473e+00  5.4586e-01 -7.9552e-01  1.3684e-01 -8.7686e-02 -4.9301e-01
  6.1262e-01 -1.8995e-02  6.3771e-01  1.3801e-01 -1.4859e-01  2.6679e-01
  3.2086e-01 -7.5831e-01  2.3054e-01  1.3925e+00 -7.6328e-01  6.3449e-04
  3.4161e-01  2.8847e-01 -1.0132e+00 -2.3780e-01 -2.3774e-01 -2.4228e-01
  6.8259e-03  1.9207e-01  2.5582e-01 -2.9534e-01 -3.3882e-01  3.1752e-01
 -1.3980e-01  1.0077e+00  8.0779e-01 -3.1718e-01  8.2313e-01 -1.9907e-01
  4.5026e-01 -1.7243e-01  5.3975e-01  3.7546e-01]"
preaches,"[ 0.021582   0.66728   -0.13863   -0.015939  -0.11195    1.3293
 -0.39422   -0.21867    0.0053914  0.5759    -0.55844   -0.034309
  0.065385   0.22146   -0.019368  -0.066474  -0.031526  -0.02197
 -0.71586    0.20729    0.21103   -0.16193   -0.36913   -0.38611
  0.34391    0.40326   -0.52073    0.070534  -0.56874   -0.031463
 -0.72839    1.0182    -0.33909    0.78536   -0.33865    0.54405
 -0.21143    0.0024617  0.18004   -0.055846  -0.46324    0.68742
  0.62293    0.11325   -1.2483    -0.63016    0.56151   -0.20712
  0.13394   -0.65601   -0.21021   -0.20303    0.15607    0.20945
 -0.46991    0.16214    0.13479   -0.27575   -0.127     -0.19818
  0.5167    -1.0229     0.36085   -1.261     -0.34153    0.032407
  0.66116   -0.58077    0.028208  -0.067559   0.55958   -0.39386
 -0.11428   -0.098614  -0.074851  -0.36514   -0.15362   -0.86503
  0.035041   0.058434   0.013275  -0.28398   -0.72637    0.46063
  0.17125   -0.030562  -0.31092   -0.34943   -0.013643   0.069059
 -0.07189   -0.23445   -0.15481    0.15779    0.069273  -0.64651
 -0.21093   -0.57916    0.20116    1.1791   ]"
photons,"[ 1.2863e-01  1.0377e-01 -2.1082e-01 -8.0159e-01  4.3622e-01  1.2083e-01
  8.7066e-02  2.9460e-01  1.9261e-01 -2.4590e-01  3.5837e-01 -6.3458e-01
 -2.3547e-02  4.5093e-01  8.3160e-01 -9.6932e-01 -5.6219e-01  1.3897e+00
  7.6163e-01 -6.6546e-01  7.0908e-01 -9.2045e-01 -1.4496e-01  1.5172e-01
 -2.3908e-01  4.3813e-01  7.8405e-01  6.0699e-01  4.8979e-01  2.2892e-01
 -3.6240e-01  3.1326e-01 -8.3989e-01  9.9281e-02  3.8773e-01 -1.1714e+00
  5.2864e-02  3.6379e-01  3.6231e-01 -1.6409e-01  3.5656e-02 -3.4128e-01
 -1.2190e+00  4.4711e-01 -5.5474e-01  8.3683e-02  6.7800e-01  6.4630e-01
  1.5670e-01  3.0683e-01  6.4331e-01 -3.5606e-03  3.7525e-01  4.2428e-01
  1.5157e-01  2.2328e-01  7.4214e-01  6.5064e-01  1.6721e-01  1.8168e-01
 -2.1796e-01  3.1416e-01  3.0323e-02  2.9597e-01  2.1275e-01  9.6993e-01
  6.8541e-01 -1.0863e-01  3.6343e-01 -7.3059e-01  2.1438e-01 -1.0167e+00
  1.0762e+00  1.2536e-01  4.9305e-01  2.5769e-01  3.7076e-01 -2.0327e+00
 -5.9166e-01  1.1912e-01 -7.3435e-02  4.3251e-01 -4.9688e-01 -3.2738e-01
 -3.3516e-01  1.9190e-01  9.0534e-01  1.9771e-01  8.9838e-01 -9.3426e-01
 -6.8229e-01  2.3322e-01 -9.6602e-01 -4.6414e-01 -5.8370e-01 -3.4305e-01
 -3.1787e-01 -1.1725e-03 -9.6709e-01 -9.9242e-01]"
23.1,"[ 1.0758     1.0904     0.76634   -0.79536    0.32883    0.55413
 -0.053756  -0.087225   0.15646    0.38836    0.82683    0.81743
 -0.69449   -0.52521    2.1409    -0.34524   -0.29524   -0.034926
 -0.66204   -0.085404  -0.40087    0.70983    0.55514    0.5571
 -0.56347   -0.45421    0.47254    0.49061    0.0094204 -1.3955
  0.61176   -0.17189    0.4968    -0.47917   -0.22587    1.1408
  1.3471     0.13044   -0.57197    0.2346     0.008818   0.57418
 -0.22827    0.86999    0.24748    0.07392   -0.54255   -0.72455
 -0.25351   -0.70289   -0.22248   -0.6029     0.27429    0.034194
 -0.38152    0.54019   -0.47855   -0.7826    -0.083698  -0.29051
 -0.0047332 -0.57404   -0.68563    0.88284   -0.66756    0.48543
  0.075358  -0.96486    0.024396   0.69891   -0.44162   -0.077473
 -0.024416   0.046488  -0.54346    0.55245   -0.84841    0.12545
 -0.27533   -0.50294   -0.14392    0.38339    0.32781    1.5046
 -0.009393  -0.0060223  0.25186   -0.2641     0.44643   -0.090115
  0.30045    0.05114   -0.6553    -0.68777   -0.12707   -0.77984
 -0.37081   -0.53431    0.14139   -0.50403  ]"
deepak,"[-0.15789   -0.46624    0.42509   -0.19113    0.030036  -0.80821
 -0.83011    0.16732   -0.70551    0.14841    0.17738    0.11388
 -0.16161    0.49061    0.82032   -0.10332    0.20739    0.0066294
 -0.71462    0.71492   -0.027682   0.2933    -0.099152   1.0559
 -0.5359     0.27921    0.069937  -0.039265  -0.095641  -0.049678
  0.22276    0.11329   -1.0622    -0.046878  -0.67516   -0.43878
  0.36456    0.82901    0.39376   -0.66875    0.56485    0.8115
  0.12227    0.52891   -0.1173    -0.039352  -0.29821    0.27647
  0.35993    0.92792   -0.19875   -0.94875   -0.023758   0.38676
 -0.63243    0.23362   -0.48843    0.73967   -0.19142   -0.18502
  0.64048    0.57226    0.55952    0.36491    0.063397   0.33866
  0.34517    0.41474    0.50995    0.1774     0.001606   0.018945
  0.068654  -0.39583   -0.71806    0.38739    0.012722  -0.90933
  0.091891  -0.82974    0.18624    0.11456    0.74298   -0.59942
  0.095511   0.33663   -0.6871     0.26931   -0.98465    0.38624
  0.12909   -0.41856   -0.22718   -0.63282    0.63422   -0.37309
  1.2627    -0.93305   -1.3426     0.3779   ]"
hain,"[-6.4323e-01 -2.4800e-01  9.6001e-01 -3.1079e-01  2.8691e-01 -4.2098e-01
 -1.1504e-01  1.5490e-01  1.0952e+00 -2.5606e-01 -6.0344e-01  2.1504e-02
 -4.2241e-01  1.3975e+00  2.7794e-01 -7.1907e-01 -1.1234e-01 -2.0383e-01
  1.8198e-01 -9.2894e-02  8.5604e-01 -1.0047e-01 -5.2194e-02 -8.2424e-01
 -1.8409e-01  4.0639e-01  3.7677e-01  9.4588e-01 -3.3660e-01 -1.8098e-01
 -7.3744e-01 -5.1882e-01  3.1281e-01 -3.0172e-01  1.2154e-01  7.3946e-01
  3.5479e-01  5.3206e-01 -3.3108e-01 -8.0142e-01 -1.1710e+00  6.3352e-01
 -1.8723e-01  3.7204e-01 -1.9754e-02  5.4747e-01 -1.4884e-01 -7.9805e-01
  5.9442e-05 -1.2050e-01  2.1864e-01 -1.5136e-01  8.6960e-01 -1.2138e-01
 -8.0604e-01  3.7573e-01  1.9018e-01  8.5044e-01 -6.2557e-01 -2.7656e-01
  1.1243e+00 -8.0355e-01 -4.2930e-01  6.2939e-02  5.5376e-02  1.6899e-01
 -2.1408e-01  8.7149e-01  4.6700e-01 -7.0905e-02 -3.6584e-01 -2.0505e-01
  3.1135e-01 -7.0896e-01 -3.9975e-01 -4.6136e-01 -7.0932e-01  8.0012e-03
  2.8339e-01  8.5509e-01  2.5929e-01 -1.1943e+00  7.7473e-01  6.7777e-01
 -1.8798e-02 -6.7417e-01 -9.0238e-02 -1.5938e-01  5.5162e-03  3.1449e-01
  2.5365e-01 -1.2731e-01  2.7095e-01  7.5609e-01  2.5301e-01  4.4129e-02
  1.3710e-01  4.8622e-01  3.1333e-01 -3.5463e-01]"
kickers,"[ 0.3778     0.26078    0.43266   -0.82804   -1.1083     0.079059
  0.80183   -0.37298   -0.78485    0.11583    0.49969   -0.91848
 -0.16343   -0.18887    0.45575   -0.38712    0.72456    0.0040921
  0.053202  -0.037338   0.16743    0.2284    -0.70094   -0.48425
  0.013861  -0.63638   -0.10341   -0.15641   -0.045166   0.053176
 -0.6424     0.2935    -0.099761   0.29187    0.14986    0.33041
 -0.64387    0.79353   -0.84701   -0.28178    0.57576    0.74114
 -0.45647   -0.10105   -1.1876    -0.11637    0.62771   -0.3394
 -0.35667    0.23384   -0.56877   -0.011023  -1.3799     0.60083
  0.22222    0.90601    0.17685   -0.13759   -0.57269   -0.23433
 -0.30084    0.48032   -0.54857    0.22036    0.19882   -0.22337
 -0.11181    0.025028  -1.0748    -0.24729   -0.147     -0.34725
  0.50677    0.024858  -0.60507   -0.94377    0.45313   -0.36461
 -0.25946   -0.46267    0.70541    0.71807   -0.8775     0.73308
 -0.44384   -0.6014    -0.52932    0.010413   0.044536  -0.037421
 -1.1207     0.13326   -0.69075   -0.027028  -0.39298    0.063507
 -0.15408    0.70552    0.79064    0.051823 ]"
yavlinsky,"[-0.64418    0.28665    0.16807   -0.27147    0.66276   -0.2101
  1.0568    -1.0207     0.28598    0.10242   -0.85577    1.2685
 -0.064761  -0.022588   0.56955    0.25139   -0.6086    -0.66282
 -0.24       0.044227  -1.184      0.11108    0.12284    0.26626
  0.3295    -0.56523   -0.83013   -0.3354     0.88686    0.38028
  0.41074   -0.36526    0.20923   -0.54476    0.36096    1.4779
  0.8453    -0.025206  -0.3652     0.58333    0.078521   0.28009
  0.32833   -0.1899    -0.97296   -0.8965     0.64854   -0.59983
 -0.62458    1.0955     0.59459   -0.0037228 -0.15213   -0.14167
 -0.85386   -0.42671    0.54206    1.0458    -0.70102    0.53604
  0.45701   -0.97279   -0.11685    0.96263    0.060178   0.24178
  0.1044    -0.039283  -0.12388    0.24631    0.12007   -0.50439
 -0.83282   -0.1974    -0.7842    -0.19672   -0.76862    0.16281
  0.35771   -0.91629    0.16006    0.31081   -0.74874    0.24817
  0.050094  -0.94584    0.20916    0.6044    -0.076553  -0.58136
  1.1321    -0.67336    0.44349    0.21304   -0.54027    0.026355
  0.074053  -0.41373    0.37292    1.074    ]"
fractional,"[ 0.74051   0.28889  -0.6089    0.38858  -0.47508  -0.24608   0.24829
  0.034646  0.171    -0.28763  -0.6277    0.218    -0.73967  -0.56329
 -0.44336   0.11429  -0.61827   0.27464   1.2822    0.15312   0.55068
  0.35636   0.25781  -0.3202    0.99221  -0.699     0.37679   0.85362
 -0.92302  -0.72348   0.011696  0.057555 -0.87     -0.50039  -0.1955
 -0.067755  0.77945   0.36246   0.37579  -0.41696  -0.39733  -0.4619
 -0.13871   0.38792   0.082088  0.55194   0.25086   0.57824  -0.35686
 -0.10011  -0.3639    0.47227   0.29281  -0.097117  0.6289   -0.14487
  1.1744   -0.3408    0.95847  -0.14124   0.1682   -0.74091  -0.19558
  1.0954    0.70432   0.2246    0.6007    0.098015 -0.035823 -0.17777
 -1.6406   -0.54488   0.52371   0.14246  -0.66761  -0.16237  -0.26341
 -0.67729  -0.51145  -0.12197  -0.70957  -0.54576  -0.68778  -0.43147
  0.77179   0.6526    0.61185  -1.1521    0.36317  -0.35925  -0.95718
  0.83388  -0.023482  0.046932 -0.40799  -0.56578   0.12525  -0.46573
 -0.52973  -0.093952]"
littoral,"[-0.24827   -0.30249    0.6826     0.4491    -0.096557  -0.42682
  0.047008   0.23311   -0.21445    0.42547   -0.45317   -0.55178
  0.11528    0.077784  -0.27648   -0.40207    0.59616   -0.86706
  0.13442   -0.93578   -0.47075    0.54882   -0.15884    0.73909
  0.072718  -0.38017    0.20686   -0.38638    0.21451   -0.47639
 -0.43576   -0.76934    0.21564   -0.97002    1.6187    -0.12409
  0.8617     0.51779    0.068701  -0.087705  -0.74851    0.13311
 -0.6993     0.54848   -0.19188    0.59433   -0.62252    0.23689
 -0.44316    0.98422   -0.76134    0.39371   -0.34972   -0.06888
 -0.086229   0.0045132  0.63572   -0.97898    0.74516    0.43199
  0.37052    0.29988    0.58462    0.2335     0.083495   1.1149
 -0.30009    0.57206    0.0020289 -0.34562    0.24654   -0.94029
  1.2932     1.0271     0.23236    0.21735   -0.18959    0.56559
  0.4257     0.67048   -0.51221   -0.32271   -0.10369    1.0509
  0.23864    0.1241    -0.26702    0.15834    0.60809   -0.040423
 -0.0098615 -0.22835   -0.2865    -0.41974    0.31946    0.93184
 -0.59095   -0.054596  -0.67549    0.078668 ]"
gulch,"[ 0.72551    0.57424    0.25697   -0.89261    0.43671   -0.077749
  0.98934    0.2974    -0.24441   -0.53581   -0.17854    1.3615
  0.10238   -0.13502   -0.26742    0.82928    0.90136   -0.43647
  0.35165    0.14905   -0.26874   -0.082305  -0.24614    0.27161
 -0.41915    0.91688   -0.54808   -0.16236    0.063022  -1.3696
  0.069585  -0.30428    0.73523    0.071412   0.62433   -0.0027918
  0.13893   -0.11331    0.44088    0.0042031  0.34113    0.3873
 -0.53608   -0.58883    0.54882   -0.21479    0.53052   -0.09793
  0.78298    0.63455   -0.75564    0.27198   -0.042263  -0.10046
  0.2286    -0.099118   0.49651    0.14773   -0.2488    -0.16252
  0.54052    0.55513   -0.66547    0.39393    0.31159   -0.2212
  0.91321    0.025941  -0.26253   -0.010004  -0.56109    0.086171
  0.30259    0.17167   -0.36794   -0.39344    0.39814    0.75859
  0.059706  -0.36571    0.44611    0.84331   -0.89158    0.91602
  0.6896     0.17543   -0.049084  -0.21891    0.8017    -0.17968
  0.0296    -0.48093    0.022496   0.96633   -0.071192   0.33893
  0.36582    0.70449    0.43047   -0.1774   ]"
bsa,"[ 0.32309   -0.23236   -0.11693    0.035855   0.16844   -0.21251
  0.29485    0.31322   -0.073443  -0.32093    0.42468   -0.68704
  0.90342   -0.38316   -0.38995    0.72869    1.0681    -0.015905
  0.028782   0.2167    -0.28101   -0.4012    -0.080692   0.24623
 -0.27424    0.22665   -0.32706   -0.17646   -0.51581   -0.13379
  0.12781    0.73276   -0.57737   -0.61994    0.20726    0.31321
  0.5601     0.30033    0.75058   -0.30706   -0.66534    1.0806
 -0.40358   -0.10739    0.59719   -0.50894    0.61782    0.016235
 -0.31436    0.087288  -0.26283    0.19015   -0.42895    0.20609
  0.58032    0.47694    0.54051    0.66851    0.013295  -0.21812
  0.78677    0.29112   -0.1558     1.0514    -0.72325   -0.36379
 -0.60657   -0.060022   0.64275    0.51745    0.8244    -0.52805
 -0.3772    -0.42212   -0.36808   -0.015327  -0.12743   -0.046277
 -0.9632    -0.14357   -0.22738   -0.25941    0.16058    0.66734
  0.12038   -0.0028131  0.16332   -0.48142    0.62236    0.55676
 -0.010685   0.057845  -0.23058    0.12229    0.13498   -0.81826
 -0.050147   0.48994    0.50282    0.047659 ]"
kasey,"[ 1.2068e-01  1.4076e-01  1.5763e-01 -8.3565e-01 -7.1375e-01 -2.6063e-01
 -8.8219e-01 -2.5067e-01 -6.6999e-01 -6.9041e-01  7.2001e-01 -6.5401e-01
 -1.4037e-01 -2.3769e-01 -7.2506e-01  3.4596e-01  3.7835e-01  5.0774e-01
 -7.7264e-01  7.3037e-01  9.5964e-02  9.8531e-01  2.1637e-01  5.4144e-01
  1.2186e+00 -1.5337e-01  3.7363e-04 -4.8417e-01  3.0146e-01 -5.6723e-01
 -1.6669e-01  6.4899e-01 -1.5958e-01  3.0436e-01  5.7762e-02  5.8037e-01
 -2.0955e-01  1.2524e-02 -9.5885e-02  8.2681e-01 -1.9968e-01 -4.4704e-01
  3.2794e-01  1.4230e+00 -4.0881e-01 -7.1972e-01 -2.0426e-01 -2.0659e-01
  3.7199e-01 -1.6356e-01 -2.0867e-01 -2.5518e-01 -1.6742e+00  1.1059e-01
 -3.2641e-02 -1.5467e-01 -4.4021e-01  2.5095e-01 -1.0238e+00 -2.0669e-01
  1.6600e-01 -4.2947e-01  5.0857e-01  8.8945e-01  2.3283e-01 -1.1000e+00
  6.0525e-01 -6.6224e-02 -6.2215e-01 -5.8014e-01 -6.0555e-01 -1.0468e-01
  8.4260e-02 -6.3342e-02  5.4454e-01  3.5242e-01  7.7315e-01 -4.2271e-01
 -3.6780e-01  1.1691e-02 -2.1219e-01 -2.2707e-01 -7.8317e-01  6.2530e-01
  5.5421e-01 -3.8540e-01  1.0243e+00  5.0840e-01  1.0159e-01 -6.0411e-01
 -7.6254e-01  7.2459e-01  1.7990e-01  4.2912e-01  1.9836e-01 -2.3568e-02
  4.9376e-01  7.7527e-01 -4.1765e-01 -5.1524e-01]"
fluctuation,"[ 0.12093   -0.030084  -0.23763    0.69128   -0.2437    -0.42639
 -0.63093    0.34314   -0.62375    0.20566   -0.6582     0.66329
  0.09895   -0.42945    0.53627    0.73724   -1.5312    -0.16946
  1.15      -0.84357    0.40992    0.12696   -0.64436   -0.057066
  0.56302   -0.23869    1.0791    -0.32318    0.41134    0.36768
 -0.86597   -0.19092    0.77301    0.17688   -0.2489     0.19636
  1.6141     0.29077   -0.12006   -1.8988     0.25191   -0.77467
 -0.20595   -0.034254  -0.31157    0.39528    0.093427  -0.026443
 -0.0059458 -0.63587    0.25562    0.21808   -0.043476  -0.018147
 -0.29522    0.012178   0.83544   -0.42206    0.50862    0.086324
  0.15214   -0.2975    -0.71629    0.99201    0.33179    0.16279
 -0.17458   -0.98854    1.0571     0.14782   -0.061454  -0.56676
  0.59793    1.0333    -0.51545   -0.57606    0.29475   -0.090784
  0.31599    0.87115    0.12487    0.17629   -0.059174  -0.44679
 -0.83416   -0.032941  -0.66086    0.018337   0.59374    0.31032
  0.052323   0.58616   -0.99291   -0.4015    -0.26909    0.37053
 -0.12706   -0.29794   -0.55501    0.44247  ]"
dhs,"[ 3.2155e-01 -7.2456e-01  9.5841e-01 -4.3291e-01 -3.7067e-01 -1.3243e-01
 -5.3213e-01  3.3501e-01  9.3386e-01  3.3112e-01  6.5410e-01 -9.8346e-01
  2.2769e-01  4.4404e-01 -1.9114e-01  2.9992e-02  6.1771e-01  3.3907e-01
 -5.6838e-01  2.0078e-01 -3.0523e-01 -4.7278e-01 -3.0120e-01 -4.8191e-02
 -8.3032e-01  1.7609e-01  2.6934e-01 -4.7328e-01 -1.0712e+00 -7.3385e-01
  1.0557e-02  1.1584e-01 -2.4125e-01  4.7666e-01 -1.1247e-01  5.1644e-01
 -6.3590e-01  5.6678e-01  5.4292e-01  3.9764e-01 -1.2251e-01  9.8580e-02
 -1.1988e-01  8.4588e-01  2.1774e-01  2.0150e-01  8.5896e-02  3.3524e-01
 -1.0719e-01  8.8375e-02  5.6472e-01 -6.5544e-01 -1.5632e-01  1.1997e-01
 -1.4253e-01  3.0449e-02  1.0347e+00 -5.0895e-02 -1.6020e-01  3.8617e-01
 -3.6290e-02  1.3887e-01  1.3341e-01 -8.9038e-02  2.7337e-01  2.6815e-02
 -3.7851e-01  6.3408e-01  1.1145e+00  5.0727e-01  5.3754e-01  1.8105e-01
 -4.2253e-01 -5.6837e-01  5.7437e-02 -3.0976e-03 -4.4280e-01  1.0655e-01
 -3.1924e-01  1.6834e-01 -1.7898e-01 -4.3387e-01 -9.1568e-04  6.8326e-02
 -3.1340e-01  5.6795e-01  7.8445e-01  2.2555e-01 -1.3005e-02  2.4613e-01
  9.0554e-02  4.5626e-01 -5.4773e-01 -2.3612e-01  6.0194e-01 -3.0890e-01
  2.4599e-01  6.7377e-01 -2.5790e-01 -2.9149e-01]"
mehlis,"[-4.6360e-01 -1.1290e-01  1.1606e+00 -6.9289e-01 -1.5669e-01 -1.2925e+00
  6.7237e-01  6.1139e-01  1.0702e+00  8.9992e-02 -3.9615e-01  5.8161e-01
  1.2153e-01  1.9719e-01  2.3258e-01  5.5610e-01 -7.1603e-01 -3.8081e-02
 -8.5055e-01  6.2287e-01 -1.3772e+00 -2.6990e-01 -1.6110e+00  1.8063e-01
  3.4805e-01 -1.1843e+00 -1.0653e+00  2.9511e-02  7.2640e-01  6.9846e-01
  4.6233e-01 -1.3021e+00 -1.4765e+00  8.3610e-01 -4.5406e-01  2.9864e-01
  9.7352e-01  2.4043e-01  4.0975e-01 -3.0317e-01 -7.0343e-01  3.3258e-01
  3.8598e-01  6.5467e-01 -5.0497e-01  5.2403e-01 -2.1318e-02 -1.7099e+00
  8.6333e-02  3.0772e-01  9.5546e-04 -2.5034e-01 -2.8027e-01  3.1657e-01
 -1.6114e+00  6.7251e-01  5.4630e-02  1.6717e-01 -2.8312e-01 -8.6124e-01
  4.4289e-01  4.2593e-01 -3.3527e-01  2.1239e-02  7.2060e-01 -1.1975e-01
 -9.2476e-01  9.2802e-01 -9.9162e-01  1.7445e+00  7.8226e-01  1.5941e-02
 -2.3762e-01 -8.4185e-01 -4.0501e-01  3.2670e-01 -6.5271e-02  8.7943e-02
  7.8034e-02 -2.8439e-01  6.8474e-01  1.4430e+00 -8.2499e-01 -2.1201e-01
  1.8423e-02 -1.0527e-01  7.5625e-01  3.9888e-01  3.0518e-01 -4.2158e-01
 -1.6025e-01  2.1581e-01 -9.5438e-01  3.2081e-01  1.7691e+00  1.7167e-01
 -3.9303e-01 -1.5559e-01  3.2387e-01 -1.9051e-01]"
numbing,"[-0.63114   0.072113  0.59663   0.082913 -0.57088   0.80236   0.14376
  0.39765   0.089217 -0.045742 -0.3475   -0.26369  -0.38367  -0.20186
  0.90079   0.41296  -0.19744  -0.4362    0.40177  -0.34464   0.13314
  0.33457  -0.20222  -0.15023   0.26144   0.2685    0.075658  0.35376
 -0.19716  -1.1176    0.15875  -0.95329  -0.6839   -0.64193  -1.2388
 -0.45403  -0.42721  -0.16176   0.050627 -0.067711  0.29665   0.10876
 -0.2871   -0.13379  -0.43857   0.28636   0.49135  -0.19611   0.27558
 -0.10975   0.15876  -0.21962   0.18071   0.46209  -0.031469 -0.058649
  0.80686   0.17293   0.079573  0.37102   0.50221   0.41355  -0.40545
 -0.65414  -0.15869   0.17828   0.40862  -0.71619  -0.25771   0.024038
 -0.26344  -0.14694   0.078096  0.54048  -0.068311  0.10013  -0.12942
 -0.97387   0.31373  -0.085568  0.086327  0.044018 -0.093516  0.58807
 -1.2168    0.29899   0.29729   0.27442  -0.57021   0.13039   0.028879
  0.81479  -0.32959   0.050194  0.43841  -0.38893   0.43185  -0.54968
  0.17405   0.52526 ]"
tosses,"[-0.032064  0.02979   0.32659  -0.51717   0.34105   0.92804  -0.3062
  0.15352  -0.44611   0.097227  0.095073  0.82895  -0.51409   0.67486
  0.46591   0.59362  -0.28532   0.62174   0.32799   0.38709   0.049284
  0.36681   0.18767  -0.37221   0.85199   0.32772  -0.84141   0.16367
 -0.16152  -0.26325   0.22172   0.29842  -0.22719  -0.11055  -0.50572
 -0.087003 -0.76891  -0.5983   -0.2911   -0.08845   0.06563  -0.29411
 -0.1141   -0.74125  -0.81959  -0.17454  -0.28514  -0.18823   0.021965
  0.33365  -0.15474   0.37721   0.22887   0.46711  -0.39081   0.1382
  0.039334  0.049158  0.13371   0.23276   0.16213   0.055183  0.55928
  0.60434  -0.28707  -0.44113   0.23941  -0.32257  -0.4931    0.27873
 -0.027906 -0.19537   0.36488   0.046079 -0.03683   0.27772  -0.89999
 -0.70146   0.57023  -0.076178  0.21168  -0.13122  -0.20387  -0.15739
 -0.013517 -0.99505   0.27027  -0.37018   0.3845   -0.17202   0.21768
  0.098313 -0.39055  -0.6306    0.45274   0.1076   -0.088022  0.54627
 -0.30768   0.59765 ]"
astle,"[-4.0026e-01  3.7070e-01  5.4063e-01 -5.3898e-01 -1.4539e-01 -2.8779e-02
  2.0995e-01 -3.9196e-01 -1.1623e+00 -2.9131e-01  5.4451e-01 -5.4098e-01
 -1.4845e-01 -9.0665e-03  1.6568e+00 -8.9223e-01 -7.4269e-01  6.0111e-01
 -5.1246e-02 -5.7655e-01  9.3547e-01 -5.6772e-01  1.0446e+00 -5.4393e-01
  1.2208e+00  7.2481e-01  2.5082e-01 -3.6650e-01 -6.8648e-01  6.9968e-01
 -6.5553e-01  1.2095e+00 -4.0676e-01  3.8735e-01 -3.8231e-01 -9.6922e-01
  1.5451e-01 -2.5543e-01 -1.4645e-01  1.7951e-02  1.0943e-01  1.7952e-01
  6.0940e-02 -7.3570e-01  8.6613e-01  3.3276e-01 -8.7204e-01  2.5749e-01
  4.2636e-01  4.0124e-01  8.8696e-01  5.3373e-01 -4.2666e-01 -8.0996e-01
 -6.4615e-01 -3.6433e-01 -6.8171e-01 -1.7008e-01 -5.9995e-01  5.2723e-01
 -7.7178e-01 -8.5009e-01  5.1855e-01  1.0539e+00 -7.2905e-04 -2.2153e-01
  6.4701e-01  4.0303e-01 -1.4922e-01 -8.0815e-01 -8.8017e-01  5.4322e-01
 -3.6346e-01 -8.3910e-02 -5.4525e-01 -4.2642e-01 -1.1939e+00 -6.0774e-01
  2.2338e-01  1.1529e-01 -4.9470e-01  4.8173e-01  4.7441e-01  4.1979e-01
  2.4916e-01 -2.0703e-01 -2.0923e-02 -4.8241e-02 -7.7300e-01  2.5573e-01
 -2.8603e-01  5.2840e-03  9.1125e-01 -1.1673e+00  3.9721e-01  5.4545e-01
  5.6595e-01  5.2557e-02 -1.2023e+00  4.2423e-01]"
besiktas,"[ 0.25108    0.14278    0.48943   -0.33697   -0.41082    0.66701
  0.25102    0.044979  -0.054825   0.45316    0.14151   -0.80238
 -0.5379     0.7486    -0.85006    0.49238   -0.61342   -0.69356
  0.35464    0.1153     0.056257  -0.23099   -0.7043     0.96118
 -0.10178   -0.013947  -0.0028348  0.095555  -0.11268   -0.32047
 -0.94716    0.6769     0.15983    0.23844    0.076496   0.0822
  0.19633    1.2927    -0.26197   -0.72052    0.32546   -0.44637
  0.32955   -0.69866    1.0458     0.16539   -0.038641   0.7963
  0.066478   0.60944    0.41086   -0.04294   -0.046758   0.84965
 -0.74239    0.57185    0.38867   -0.15437   -1.1192    -0.05522
  0.29132    0.10584   -0.079833  -0.21429   -0.38723    0.67162
 -0.17617    1.0009    -1.2885    -0.27202   -0.5411    -0.38866
  0.78213   -0.74069   -0.53797   -0.29532   -0.42897   -0.3222
 -0.54613    0.61013    0.19342   -0.73335   -1.0804    -0.23023
  0.65453    0.07853   -0.79355    1.0445    -0.131      0.34766
 -0.75579    0.35539   -0.89026   -0.15      -0.70144   -0.16119
 -0.077511   0.57552    0.46994    0.039707 ]"
breads,"[-0.85968    0.27826   -0.89646    0.060229  -0.090982  -0.70474
  0.98529   -0.49599    0.0021107 -0.010937  -0.39277   -0.31169
  0.41638    1.5525     0.5842     0.70708   -0.7997    -0.055883
 -0.59559    0.43106   -0.18694    0.58742    0.51036   -0.3141
 -0.51307    0.53124   -0.025171   0.23027   -0.85792   -0.7359
 -0.11028    0.087792  -0.17127   -1.1625     0.32989    1.0671
  0.69064    0.031956   0.09887   -0.54209    0.050525  -0.48803
 -0.43689   -0.073168  -0.19486   -0.61168   -0.082542  -0.67597
  0.18313    0.4775    -0.48265    0.64089    0.32326   -0.22783
 -0.70361    0.39879   -0.162      0.78468   -0.3392    -0.46238
  0.07987    0.46077    0.44194   -0.22388   -0.027631  -1.14
  0.94882   -0.1262     0.28497   -2.0992    -0.44195   -0.2989
  0.24344   -0.056581  -0.01783    0.3657    -0.75532    0.25849
  0.32002    0.026941  -0.074869   0.48903   -0.98351    0.59807
 -0.21725   -0.7597     0.37732   -0.31092   -0.12611   -0.14331
  0.020381   0.86786    0.096681  -0.018843  -1.4646    -0.86494
  0.24759   -0.60799    1.2889     0.65645  ]"
multipurpose,"[ 0.2871    0.60068  -0.51606   0.52063  -0.35021  -0.33272   0.51575
  0.3043    0.67125   0.61906  -0.16585  -0.32598  -0.61174  -0.2261
  0.05948  -0.13108   0.73258   0.97203   0.20237  -0.4045   -0.58607
  0.12671  -0.30672  -0.067719  0.065175 -0.73674   0.088492  0.41128
 -0.94958   0.75777  -0.52654   0.027561 -0.13      0.11016   1.0437
 -0.22224  -0.19781   0.76505   0.3355    0.12221   0.60154  -0.20622
  0.17587  -0.11109   0.55794   0.71948  -0.073547  0.66199  -0.062611
  0.75142  -0.45306  -0.30763   0.11133  -0.053818  0.091931 -0.44828
  0.49689   0.13591   0.40485  -0.33796  -0.60122   0.31401   0.33948
  1.0684   -0.22687   0.11654   0.10167  -0.20282  -0.23178  -0.41281
  0.89199  -1.101     0.57287   0.14827   0.33628   0.66321   0.86079
  0.81022  -0.073978 -0.051335 -0.27106  -0.65406   0.78168  -0.083698
  0.11494   0.79184   0.82518  -0.10274   0.3416   -0.74628   0.003106
 -0.11397  -0.38314  -0.27302   0.45281  -0.09249  -0.19636  -0.36768
  1.312     0.16606 ]"
densities,"[-0.51184   0.83801   0.5191    0.61776  -0.42575  -0.022781 -0.4461
  0.19643  -0.64577   0.32593  -0.07174  -0.40722   0.11362  -0.27511
  0.9051   -0.7608   -0.56491   0.42357  -0.070119 -0.12436   0.19665
 -0.62852   0.13749  -0.23995   0.079212 -0.12935   0.80947   0.16932
 -0.27468   0.12644   0.25008  -0.70549   0.5475    0.40931   0.91452
  0.29079   0.20028   0.41187  -0.050708 -0.42479   0.25838  -0.59934
 -1.3742   -0.4376    0.46616  -0.20669   1.0461   -0.194    -0.38379
  0.13184   0.43894  -0.60486   0.04943   0.78873   0.52515   0.56048
  0.27017  -0.02829  -0.15787   0.048288 -0.14698   0.037732  0.24936
  0.15959   0.43389   0.18263   0.33995  -1.2704    1.1627   -0.26326
  0.10314  -0.65524   0.66779  -0.060164  0.08713  -0.34246  -0.31528
 -0.90634   0.3804    0.36056  -0.038789  0.4863   -0.86248  -0.56732
  0.085516  0.19198   0.42402  -1.084    -0.10114   0.31734  -0.16873
  0.36221  -0.39632  -0.22946  -0.23543  -0.03095  -0.4696   -0.018017
  0.54492  -0.29192 ]"
deacons,"[ 0.63328  -0.37687   0.35954  -0.35457  -0.79157   1.1948    0.026348
  0.17796  -0.54567  -0.92728  -0.029468 -0.35363   1.1305    1.0265
 -0.15876  -0.29332  -0.67545   0.99917  -1.507     0.10456  -0.71403
 -0.31172  -0.31849   0.74211  -0.1809   -0.37121   0.34158   0.33516
 -0.078075 -0.10979   0.15772  -0.53711  -0.046835 -0.61637   0.039675
 -0.36554  -0.8186    0.66313   0.53441   0.25361  -0.87126   0.77319
  0.40261  -0.39566   0.54745   0.39276  -0.040495  0.4851    0.49992
 -0.30633  -1.0453   -0.40599  -0.47363   0.018542  0.055387 -0.018079
  0.97364  -0.48109  -0.066282  0.59483  -0.38011  -0.57388   0.43814
 -0.59856  -0.20794  -0.22102   0.23176  -0.16943   0.8968   -0.84457
  0.091986 -0.21448  -0.17592   0.02088  -0.60501  -0.64862  -0.85437
  0.3019    0.86418  -0.10558   0.1407   -0.63315  -0.55851   0.49239
 -0.069358 -0.5821    1.1775    0.081399  0.96047   0.31407   0.13137
 -0.21083   0.21917   0.35613  -0.20975  -1.0081   -0.89678  -0.277
 -0.21754  -0.54754 ]"
heraldic,"[ 0.46713  -0.44465   0.1208   -0.16188   0.083188  0.59969  -0.53738
 -0.48273  -1.0986    0.76627  -1.7108   -0.26957   0.96324   0.28699
 -0.37399   1.0737    0.46411   0.12737   0.012094 -0.72229  -0.79525
 -0.35876   0.19944  -0.015873  0.54984   0.076171 -0.27074   0.13349
 -0.25743  -0.75433   0.13778  -0.61075  -0.67785  -0.28054   0.97224
 -0.28062  -1.0925   -0.38513   0.33224   0.39865   0.83372   0.28136
 -0.031558 -0.37165   0.18391  -0.18794   0.066298 -0.2179   -1.2234
  0.34357   0.73606   0.48729   0.49832   0.21686   0.55359  -0.072598
 -0.69095  -1.1453   -0.18476  -0.13108   1.0579    0.043299 -0.86253
  0.63716   0.36373  -0.29802  -0.10477  -0.25048   0.26622  -0.36358
 -0.81494  -0.073616  0.93295  -0.32201   0.63176  -0.49207   0.05913
  0.22616  -0.84369  -0.14587  -0.83634  -0.21556   0.91513  -0.18375
 -0.70642  -0.22437   0.36909  -0.63741   1.4531    0.23397  -0.39093
 -0.46066  -0.1054   -0.31699  -0.284    -0.46885  -0.96945  -0.29542
  0.63989  -0.47341 ]"
scrubs,"[-1.4496e-01 -1.7015e-01  4.1333e-01 -7.3646e-01 -3.2902e-01 -2.8628e-01
 -3.7426e-01  1.2690e+00 -6.4859e-01  5.8458e-01  3.3907e-02  2.2248e-01
  1.5854e-01  1.0883e+00  3.8777e-01  1.9641e-01  6.4206e-01  3.4336e-01
  6.6002e-01 -8.0724e-03 -2.2383e-01  2.0127e-01 -9.8099e-01  4.0638e-01
  7.7996e-01  9.9463e-01  4.8659e-01 -4.9152e-02 -4.1327e-01  2.6308e-01
  3.5244e-01 -2.4794e-01 -3.4384e-01  8.9066e-02 -2.9249e-01  1.0718e+00
 -7.7510e-01 -3.7956e-01  4.1415e-02  1.7460e-01  3.0395e-01  5.0995e-01
 -2.9336e-01  9.5614e-01 -2.6260e-01  1.8621e-02 -8.8244e-01  5.8289e-01
  5.7153e-03  2.6203e-01 -9.9625e-01 -1.5091e-01  3.4731e-02  7.8333e-01
 -6.2970e-01 -2.9186e-01  6.0413e-01 -3.0125e-01 -5.6234e-01  3.2650e-01
 -3.5444e-01  5.5408e-01 -4.1090e-01  9.5766e-04  3.2721e-01 -1.4004e-01
  8.7991e-01 -6.3594e-01 -5.7917e-01  3.5672e-01  6.6350e-03 -1.7951e-01
 -3.2162e-01  2.5376e-01 -1.3758e-01  4.4291e-01  6.5074e-01  3.5814e-01
  2.8763e-01 -8.4354e-02 -4.7695e-01 -3.2397e-01 -1.8400e-01  6.9081e-01
 -5.3577e-01 -3.3958e-02  5.9218e-01  7.3765e-01  1.3528e-01  7.3538e-01
  3.4321e-01 -1.0606e+00  2.0711e-01 -1.4845e-01 -1.0207e-01  1.5779e-01
  5.6334e-01 -1.8698e-01 -5.4544e-01  2.0017e-01]"
alliot,"[-1.43     -0.88742  -0.17345   0.67342  -0.70641   0.029945  0.38348
  0.40075   1.3433    0.64337   0.21324  -0.15165  -1.2756    0.29866
  0.41031  -0.083791 -0.52866  -0.5205   -0.96149  -0.44178  -0.019343
  0.49297   0.054935  0.30641   0.097888  0.19594   0.804    -0.96329
 -0.28944  -0.17868  -0.36956  -1.2255   -0.19068  -0.064333  0.97112
  0.30813   0.23811   0.48269  -0.78427   0.071013  0.35117  -0.41831
 -0.075734  0.15614   0.35827   0.39201  -0.38179  -0.73372   0.45276
  0.23823   0.64785   0.18649  -0.1374    0.23388  -0.26594  -0.10801
  0.046262  0.71796  -0.59465   0.64194   0.61666   0.041647  0.42797
 -0.77755  -1.1262    0.38998   0.14849   0.67152  -0.4959   -0.54188
  0.68005  -0.56826  -0.44089  -0.46552   0.28703   0.35491  -0.32877
  0.20402   0.12307   0.34865  -0.47624  -0.41593   1.1341    0.34733
 -0.059102 -1.6778    0.6918    0.87236  -0.31966  -1.3445    0.58931
 -0.12817   0.20151   0.40657   0.44298  -0.07406  -0.97433  -1.0012
 -0.070852  0.15212 ]"
australasia,"[-0.35944   0.2908    1.0748    0.10515   0.28673  -0.6259    0.20199
  1.1382   -0.66361  -0.55496  -0.060706 -0.13644   0.23183   0.44593
 -0.1852   -0.18507   0.75982  -0.32208   0.16784  -0.15139   0.1284
  0.62975   0.77088  -0.047956  0.26476   0.32907  -0.10952   0.12805
  0.56916   0.13063   0.2875    0.48212  -0.48082  -0.39326   0.16281
  0.27038  -0.12706   0.18487  -0.64466  -0.023812 -0.46124   0.55445
 -0.087006 -0.12944   0.28526   0.45869   1.7016    0.46571  -0.083926
 -0.674    -0.89412   0.99801  -0.52047  -0.67345  -0.47619  -0.015549
  0.048237 -0.33224  -0.35998   0.19594  -0.53607   0.24905   0.52913
  0.028069 -0.063409 -0.2859   -0.78782   0.13299   1.6427   -0.44435
 -0.088155  0.033101 -0.31662  -0.32958  -0.27546  -0.57764   0.39285
 -0.04661   0.33389  -0.59039  -0.2527   -0.096716  0.17561   1.1737
  0.29873   0.086107 -1.1301   -0.16172  -0.090683  1.1439   -0.21142
  0.20756   1.066    -0.33766   0.70984   0.67072  -0.27029  -0.11481
  0.17606   0.60915 ]"
concertos,"[-0.57489    1.0321     0.1769     0.99337    1.0829     0.52082
  0.2881     0.14524   -0.84469   -0.21265    0.61444   -0.067377
 -1.0362     1.3124    -1.0394     0.46569   -0.53565    0.33407
  0.072065   0.13827    0.051993  -0.8835    -0.18947    0.060323
  0.68218   -0.75802   -0.40382    0.14009    0.60429    0.20401
 -0.25966   -0.92068    0.45954   -0.30332   -1.1162     0.74546
  0.72694   -0.19773    0.073131  -0.18145    1.0526     0.83627
 -0.027123   0.55177   -0.28113   -0.71454    0.71899   -0.81853
  0.20743    0.83611   -0.79606    0.24657   -0.34781   -0.99719
 -0.24837   -0.0052614  0.17394    0.16979   -0.54924    1.4223
  0.0075376  0.53763    0.025998   0.58914   -0.47714   -0.14099
  1.0657     0.55373    0.50917   -0.73105   -0.38411    0.099379
  1.1367     0.16299   -0.21637   -0.32037   -0.61843    0.23183
  0.43253   -0.10911    0.19585   -0.74874    0.20591    0.45905
 -1.7012     0.44196    0.4967    -0.56642   -1.0904     0.44551
 -0.95381   -0.093743   0.25784    0.20427   -0.20715    0.73312
 -0.61707   -1.0642     0.22199   -0.65522  ]"
1685,"[ 0.36394   -0.83001   -0.25083    0.4099    -0.33824    1.0887
  0.99689   -0.59656    0.30793   -0.77077   -0.060634  -0.017877
 -0.49545   -0.26876    0.63895   -0.27298    0.016418  -0.32604
 -0.26349   -0.21183   -0.25166   -0.68823    0.75942    0.07275
  0.6057    -0.57859   -0.56748   -0.33687    0.27248   -0.18286
 -0.28603   -0.59933    0.13146   -0.66893   -0.90814    0.66844
 -0.023939   0.1363     0.12806   -0.29009   -0.022238  -0.10905
  0.75233   -0.96414   -0.017839  -0.92583    0.3064    -0.77358
  0.58024   -0.099944  -0.36705    0.14226    0.27028   -0.0038407
 -0.96582    0.034723   0.39206   -1.0723    -0.94898   -0.38114
 -0.073365   0.21      -0.29099    0.41364    0.085559  -0.47821
 -0.74843   -0.46271    0.11782   -0.16473    0.32476   -0.0047496
  0.29516   -0.27759   -0.65773   -0.54352    0.57655    0.66013
 -0.47334   -0.075715  -0.16409   -0.80731    0.03121    0.94249
  0.79348    0.16883    0.44338   -1.1399    -0.35456    0.46144
 -0.16381   -0.043803   0.22017    0.71956   -0.19598    0.23635
 -0.23787    0.031923  -0.36347   -1.0497   ]"
sourcing,"[ 6.5545e-02  6.8114e-01  3.5910e-01 -1.3413e-01  1.6537e-01 -7.6472e-01
 -2.7836e-02 -3.0190e-01  5.6841e-01  8.8348e-01  2.3530e-01 -4.2535e-01
  4.7836e-01 -3.7374e-01  5.2233e-03 -3.4446e-01  1.7834e-01  1.8181e-01
  6.9450e-01 -6.7062e-01 -2.0663e-01 -1.8578e-01  3.9116e-01 -2.1914e-01
 -6.9212e-01  5.6135e-01  4.6757e-01  7.1714e-01 -5.2394e-01 -3.6297e-01
 -6.0259e-01  2.1154e-01  5.1080e-01 -6.4822e-01 -2.4685e-02 -9.8196e-02
 -4.4053e-01  1.4626e-01 -7.2808e-01 -5.3736e-01  1.0423e-01 -1.8735e-01
 -2.6050e-01  1.3700e-01  3.9300e-01 -7.2850e-02 -7.2604e-01 -2.3741e-01
 -5.0371e-01 -6.8915e-01  2.3097e-01  6.9847e-01 -8.1337e-01  1.2036e-01
 -4.6420e-01  3.3580e-01  9.1811e-02 -8.2124e-02  2.8375e-01 -6.0482e-01
 -1.4924e-01 -6.7170e-02 -2.1198e-01  4.9055e-01  2.1035e-04 -8.2062e-01
  1.8133e-01 -6.7531e-01  8.8751e-01 -2.6133e-01 -6.1187e-01 -1.6843e-01
 -2.2956e-02 -8.5580e-01  2.9880e-01 -1.5560e-01  2.5297e-02 -2.1588e-01
 -1.5461e-01 -1.6167e-01  3.0601e-01  1.2913e-01 -2.8166e-01  1.4452e-01
 -4.4025e-01 -2.4352e-02 -8.9101e-02 -1.5189e-01 -4.6324e-01 -1.2920e-01
  7.9730e-02  1.1913e-01  2.8840e-01 -6.7598e-01  7.4108e-01  1.7086e-01
  4.9340e-01 -1.7792e-01  8.6244e-01  1.3977e+00]"
burgh,"[-0.58662   -0.72489    0.59444    0.069598  -0.023571   0.52298
 -0.2752     0.24248    0.49096   -0.31054   -0.85306    0.75045
 -0.17502    0.36934    0.0064458 -0.82786    0.36125   -0.018689
  0.15413   -0.234      0.44951   -0.062109   1.0399    -0.39345
  0.12678   -1.0838    -0.48328   -0.14712    0.055323  -0.30798
  0.13813   -0.68217   -0.15628    0.37626    0.74975   -0.015175
 -0.11948    0.084046  -0.35563    0.43246   -0.12444   -0.15712
 -0.14722    0.14944   -0.50071    0.52093   -0.53197    0.18821
  0.087179   0.27497   -0.51425   -0.33293   -0.83198   -0.6046
 -0.5456    -0.69748   -0.45489   -0.63182   -0.78818    0.43348
  0.93229   -1.0229    -0.43699    1.4704     0.69185    0.029396
 -0.36988   -0.24759    0.028068  -0.13616   -0.28904    0.57937
  0.70208   -0.42748   -0.10603   -0.61252    0.33339   -0.49006
 -0.42171   -0.23198    0.12349   -0.032741   1.9315    -0.01674
  0.17609    0.65166   -0.55901   -0.41052    1.0788     0.21755
 -0.38821   -0.51849    0.54036    0.77743    0.29253    0.30898
 -0.31804   -0.16755   -0.79782   -0.83502  ]"
chambliss,"[-0.72877    0.60412    0.80293   -0.60763    0.28538   -0.52507
  0.44835   -0.091612  -0.20362    0.44704   -0.65007    0.11752
 -0.63326    0.41189   -0.43541    0.13929   -0.18736   -0.21929
 -0.54406    0.18681    0.094211   0.51636    0.93062    0.28102
  0.011641   0.10401   -0.079971   0.84725    0.58334   -0.088448
  0.78447    0.31249    0.03167    0.52654    0.018528  -0.54694
 -0.0079788  0.10351    0.74016   -0.087808   0.22641   -0.46812
  0.73642    0.22309   -1.2054     0.42225    0.4012    -0.94249
  0.16967   -0.51714   -0.59562   -0.3478     0.003022   0.065338
  0.088948   0.50416    0.53569   -0.43026   -0.78403    0.63408
 -0.34538   -0.39589   -0.29514    0.7678     0.84726   -0.19144
  1.1831     0.71819   -0.38025    0.3246    -0.033445  -0.26914
 -0.62664    0.23945    0.21038   -0.094404   1.0674    -0.02225
 -0.1936    -0.23041   -0.12341   -0.35626    0.47665   -0.77967
  0.30991    0.8099     0.60755   -0.086917  -0.72146    0.058878
  0.83468   -0.1605     0.051556   0.77244    0.69361   -0.55554
 -0.00519    0.58771   -0.078533  -0.38152  ]"
fahey,"[-0.30776   -0.36436    0.091313  -0.6778    -0.011966   0.17893
 -0.1601    -0.068992   0.022752  -0.05599    0.2466    -0.0069261
  0.10677    0.22021   -0.18453   -0.03674    0.19196    0.026279
 -0.2776     0.44209   -0.48189    0.01758    0.49277   -0.059812
 -0.44216    0.10228   -0.11332    0.035935   0.39966    0.58866
 -0.1547     0.34156   -0.090186   0.70008   -0.2693     0.54779
  0.17593    0.48711   -0.41172    0.18075   -0.30658    0.36564
  0.08581    0.67089   -0.78194    0.60981   -0.2054    -1.0722
  0.24039    0.28333    0.66214   -0.45566   -0.26779   -0.40954
  0.018738  -0.10049   -0.28523    0.81455   -0.33176    0.23989
  0.56275   -0.2211    -0.29699    0.37341   -0.37208   -0.20333
  0.31197   -0.036498   0.069867  -0.90625    0.20369   -0.14932
 -0.11258    0.39434    0.0077916 -0.4553    -0.031306  -0.30181
 -0.50318   -0.25306   -0.13612    0.14359    0.75885    0.028561
  0.54182   -0.32794    0.30486    0.33516   -0.74798    0.1668
  0.19015   -0.26919   -0.51691    0.44121    0.47428   -0.12335
 -0.32344   -0.13384   -0.82299   -0.097439 ]"
kingfisher,"[-0.5564   -0.1516    0.40525  -0.07239   0.027056  0.023766  0.11596
  0.21336  -0.70764  -0.26933  -0.66118  -0.30737   0.74931   0.39674
 -0.50453  -0.17683   0.23422   0.52659   0.44799   0.9267   -0.004191
 -0.17909  -0.01879   0.40621   0.63308   0.36347   0.25863   0.48982
 -1.3677   -0.59049   0.080908  0.013086  0.60837  -0.54215   0.38428
  0.95414   0.26202   0.12785   0.90315  -0.23921  -0.069904  0.3033
  0.21792   0.05512  -0.0651    1.0507    0.61191   0.63394   0.56988
  0.35401  -0.47914   0.30029   0.20138  -0.12728  -0.77076  -0.51029
  0.38731   1.0518    0.61691   0.48997   0.6418   -0.8091    0.053893
  0.61784  -0.31453   0.5452   -0.58436  -0.47738   0.88386  -0.21521
 -0.67809  -0.30265  -0.35716  -0.56104  -0.73586   0.31627   0.011482
  0.046414 -0.65115   0.44434  -0.6233   -0.67151   0.083389  0.94871
  0.81888  -0.75477  -0.1614   -0.38776   0.23677   0.90169  -0.27837
 -0.065483  0.048259 -0.44628  -0.37973   0.56507  -0.12732   0.14221
 -0.27861  -0.11476 ]"
kei,"[-0.4404   -0.57714   0.25748   0.034979  0.17665  -0.56906  -0.30648
  0.1301    0.56741  -0.072185  0.07464   0.53365  -0.299    -0.11185
  0.93585  -0.13338  -0.28261   0.026076  1.0403    0.035486  0.86119
 -0.044977  0.89241   0.026272  0.20855   0.43357   0.47922  -0.61548
  0.054388 -0.5218   -0.70333   0.98555  -0.11061   0.7208   -0.39222
 -0.7044   -0.47765  -0.41373   0.38587  -0.91171   0.013577 -0.046374
  0.35168   0.44392  -0.079503  0.52869   0.30293   0.31013   0.64049
  0.8293   -0.17152  -0.24763  -0.11158  -0.50482   0.4982    0.55577
  0.10823   0.72817   0.44412   0.70611  -0.34274   0.36275  -0.48772
  1.228    -0.12639   0.019909  0.079638  0.56985   0.35036  -0.019865
  0.032851 -0.18921  -0.055772 -0.56083  -0.23404   0.63468   0.054647
  0.18573   0.21764  -1.0402   -0.2378    0.026248  0.23048  -1.0285
  0.35049   0.58628  -1.4569    0.33778   0.15534   0.073025  0.19751
  0.091432  0.35004   0.012307  0.47076  -0.070522 -1.2946   -0.6325
  0.65359  -1.471   ]"
chimpanzee,"[ 0.67691   1.212     0.61633   0.37759  -0.48004   0.62192   0.71869
 -0.33858   0.40547   0.04398  -1.1106    0.47086   0.62237   0.022541
  0.60337   1.1345   -0.14834   0.12256   0.1308   -0.36038   0.085293
 -0.018922  0.46061  -0.2779    0.24545   0.75989  -0.31753  -0.2423
 -0.66062   0.56978   0.16202   0.25804   0.44858   0.65628   0.70438
 -0.12707  -0.57638   0.56362   0.2266   -0.54793  -0.3684    0.18753
 -0.39531  -0.15915  -0.081097  0.72442  -0.52408   0.30607  -0.68141
  0.21715  -0.31636   0.12662   0.25906   0.08998  -0.24862  -0.066123
 -0.016714 -0.55579  -0.45681   0.35227   0.42691   0.51096   0.39649
  0.011941  0.61322   0.82788  -0.16127   0.23718   0.51419   0.4262
 -0.3312    0.08322   0.42949   0.02288  -0.89483  -0.57227  -0.51483
 -0.33497  -0.057775 -0.13129  -0.48194   0.41307   0.60503   0.060936
  0.036238  0.30121   0.65046   0.28644   0.058783 -0.51954   0.57862
 -0.092646  0.10431  -0.098859 -0.16135  -0.14273  -0.55622  -0.62051
 -0.075861 -0.32567 ]"
marlowe,"[-7.1179e-01 -6.5209e-01 -2.3249e-01  2.1491e-02 -7.1642e-01  4.8713e-01
  6.2992e-02 -2.2611e-01 -1.8900e-01 -8.0449e-01 -4.0676e-01 -8.9710e-02
 -7.4259e-01  1.0082e+00 -2.3257e-01  3.8785e-01  1.9489e-01  1.6874e-01
  2.8621e-01  5.4184e-01 -1.8852e-01 -1.2130e+00 -2.4728e-01  7.7437e-02
  8.6886e-01  2.0459e-01 -7.4462e-02 -3.4968e-01 -1.2449e-01 -4.9322e-02
 -3.1799e-01  1.2648e-01  9.9421e-02 -3.1446e-01 -3.0462e-01  6.9274e-01
  1.8896e-01  6.1697e-02  3.0016e-01  2.9622e-01 -6.9838e-02  6.9470e-01
 -4.7289e-01  7.4422e-01 -5.1000e-01  1.3818e-01 -2.9444e-01  2.0088e-01
  6.0440e-01  6.7878e-02 -1.1183e-01 -5.0085e-03  2.8845e-01 -9.8980e-02
 -1.7613e-01 -1.5231e-01 -2.6066e-01 -7.3881e-01 -1.0123e+00 -3.9185e-03
  5.5801e-01  6.8954e-01 -1.5872e-01  4.5337e-01 -5.2947e-01 -4.8615e-01
  2.1685e-01  5.3662e-01 -6.2593e-01  3.3585e-01  7.8891e-04 -6.4456e-01
 -4.2192e-02  2.0966e-01 -8.6124e-02 -7.1628e-01  7.4459e-01  1.1526e-01
 -4.9594e-01 -1.4389e-02 -1.8847e-01  7.5890e-01  1.6029e-02  1.5317e-01
 -6.7361e-01  1.5065e-01 -3.1234e-01 -5.5483e-01 -9.0312e-02 -4.4859e-01
  3.5145e-02 -9.6932e-02  9.4154e-02 -1.1533e-02  1.1895e-01  1.8026e-01
  4.6108e-01 -5.5955e-01 -1.7347e-01  8.1715e-02]"
galapagos,"[-0.43801    0.68008    0.52523    0.18622   -0.02622    0.060774
  0.080661   0.33431   -0.1299    -0.639     -0.26376    0.84103
 -0.72931   -0.72546    0.26381   -0.071598   0.83909    0.40115
  0.15979   -0.2163     0.49095    0.40468    0.40596    0.38365
  0.66177    0.5654    -0.25356   -0.17742   -0.089082  -0.28595
 -0.34913   -0.42607    0.012977   0.6645     0.1437     0.030835
 -0.3437     0.51838   -0.26144   -0.83026    0.40673    0.39257
  0.07398   -0.24687   -0.014      1.2712     0.034365   0.51663
 -0.28915    0.99734    0.10101    0.77718   -0.15865   -0.35222
 -0.4312    -0.17952    0.73076   -0.56582    0.12495    0.86861
 -0.50076    0.83068    0.8279    -1.091      0.2811     0.77285
 -0.35908   -0.27756    0.78859   -0.29728    0.020836   0.29296
  0.078409  -0.35937   -0.73065   -0.30549    0.57755    0.78097
 -0.4553     1.0323    -0.27014   -0.68988    0.48114    0.39284
  0.62515   -0.21574    0.5495     0.25553    0.12736   -0.82516
  0.028746  -0.24939    0.084352  -0.88161   -0.28585    0.32202
 -0.69828   -0.14529   -0.28235    0.0066246]"
.00,"[ 1.342      0.10026    0.25432    1.2203     0.021886  -0.56913
 -0.71777    1.0759    -0.48732    0.81929   -0.56254   -0.35849
 -0.43648   -0.49788    0.48426    0.22342   -1.0188    -0.95232
 -0.097421   0.86904    1.0809    -1.4067    -0.0058683  0.57169
  2.0345     0.5153     1.0347    -0.090786  -0.64168   -0.050917
  0.5679     0.43186   -0.40612    0.33567    0.94713   -0.87983
 -0.051352  -0.24378   -0.16463   -0.81769    0.42607   -0.56963
 -0.4297     0.22925   -0.062959  -0.28214   -0.80647    0.04513
 -0.33009   -1.0765     1.2027    -0.38689    1.7675    -0.023023
 -2.0654     0.53877   -0.11318    0.011343  -0.1215     0.040906
 -0.12807    0.37276   -0.40218    0.8629    -1.9564    -0.59286
 -0.28068   -0.086804  -0.46147    0.1276    -0.43526   -0.37596
 -0.18729   -0.18485    0.65739   -0.29833    0.41781    0.019627
 -0.12715   -0.83515   -0.65565    1.032     -0.071536  -0.26528
  0.25554    0.95357   -0.91315    1.6519    -0.030915   0.41884
 -0.14461    1.0809    -0.28386   -0.12448   -0.66973    0.2711
  0.44889    0.24801   -0.031094  -0.17001  ]"
amok,"[ 0.37322    0.16511    0.17619   -0.40787    0.10893    1.0107
  0.125      0.067493   0.19593   -0.0046314  0.15424    0.89885
  0.36967    0.085399  -0.42731    0.078175  -0.11511    0.79054
 -0.34439   -0.2316     1.067      0.58604    0.31209   -0.19001
 -0.13367    0.50546   -0.43254    0.45608   -0.49472    0.2903
  0.1381     0.25497    0.07964   -0.093724  -0.2867     0.056661
 -0.6817    -0.14662   -0.017509  -0.22428    0.038609   0.61984
 -1.3115     0.18041   -0.44727   -0.33259    0.35433    0.21086
 -0.080472   0.28277   -0.36483    0.067105   0.16248    0.81291
 -0.13637   -0.13072    0.19643    0.85575   -0.24361   -0.082759
 -0.52627    0.020785   0.63731    0.24855    0.16314    0.60036
  0.34643   -1.1997     0.037727   1.0949    -0.096525  -0.050459
 -0.10295   -0.21244   -0.093524  -0.25452   -0.4159    -0.20566
 -0.086456  -0.30251    0.11631    0.2493    -0.52976    0.24459
 -0.11831    0.34641   -0.027682   0.01522   -0.56767   -0.60648
  0.12952   -0.077803  -0.30217   -0.22814    0.31345   -0.4501
  0.81539   -0.12885   -0.086522   0.27819  ]"
7-under,"[-0.3445    -0.51577    0.35436    0.23252   -0.0401     1.3469
  0.92552    0.87663   -1.8846     0.42763    0.033975   1.6334
 -0.44496   -0.8956     1.2154     0.050125  -0.76259   -0.57725
 -1.2969     0.054807   0.19693    0.36667   -0.26323    0.45943
 -0.14675   -0.3875     0.068556  -0.85255    0.39336   -1.0844
 -0.69473    0.33524    0.090259   0.60835    0.86591   -0.090593
 -0.65186   -0.79907   -0.031881   0.5874    -0.25631    0.27735
 -0.24815    0.87858   -0.082672   0.039964  -0.3236     0.058123
 -1.4309    -1.0731    -1.1998    -0.16501   -0.12771    0.1377
 -0.18782   -0.64277   -0.36981    0.6748    -0.28635    0.37362
 -0.5148    -0.96082    0.55718    0.73196   -1.615      0.25414
  0.1861    -0.037167  -0.90911   -0.782     -0.40667   -0.16056
  0.27836    0.057181  -0.26601   -0.058905  -1.3834    -0.69931
 -0.05901   -0.11739   -0.12098    0.6316     0.98227   -0.12956
  0.10389    0.0071316  0.43074   -0.38378   -0.33084    1.0375
 -0.36048   -0.23622   -0.14791    0.13384   -0.20729    0.18817
  0.79138   -0.7731     1.1262    -0.11682  ]"
animist,"[ 0.24625   1.3825   -0.42669  -0.75785   0.088037  0.93475  -0.025247
 -0.20489   0.25943   0.19043  -0.86549   0.40838   2.6382    0.85636
  0.84903   0.0975   -0.40047  -0.71522  -0.50523   1.0033    0.65128
 -0.31218   1.4509    0.62486   0.37515   0.14802  -0.50139  -0.55764
 -0.52171  -1.3791   -0.51251  -0.91304  -0.95874  -0.83507  -0.22454
 -0.57704   0.62435   0.48474  -1.0459    0.70677  -0.52222  -0.10159
 -0.059336  0.89366  -1.5248   -1.3186    1.5874   -0.15382   0.5683
  0.40955  -1.0159    1.1816   -0.1147   -0.68979   0.91075   0.13886
 -0.24505  -0.63443   0.81264  -1.3923    1.8493   -1.6656   -0.20491
 -0.79463   0.34254  -0.24865  -0.30775  -0.12766  -0.26066   0.52981
 -0.82449  -0.54275  -1.8255    0.28855  -0.74155   0.31032  -0.78647
  0.77653  -0.37296   0.13128  -0.68147   0.98107  -0.22935   0.98958
  0.50672   0.91093  -0.7884    0.75751   0.53613   0.67858  -0.51934
 -0.63439  -0.42971   0.79911  -0.74059  -0.25418  -1.7565    0.50178
  0.64679   0.3082  ]"
gallipoli,"[-0.53747   -0.039612  -1.1174     0.053205  -0.59587   -0.31482
  0.24185    0.0035677 -0.34226   -0.15446    0.80519   -0.31469
 -0.65406    0.41828    0.19502   -0.46755    0.24582   -1.3949
 -0.22501   -0.38911    0.95262    0.05602    0.31688   -0.013878
 -0.17553    0.4709    -0.14074    0.3185     0.38779   -0.70736
 -0.10257    0.081979   1.1691     0.39426   -0.12598   -0.038559
 -0.60801    0.85862   -0.16779   -0.7114    -0.17788    0.3228
 -0.32368   -0.63417    0.52084    0.50408    1.0049     0.068884
 -0.20605   -0.3266    -0.040932   0.82068    0.47438    0.76194
 -0.83249   -0.20441    0.54518   -0.59426    0.201     -0.1149
 -0.1774     1.1502     1.348     -0.13355    0.26498    0.084912
 -1.283     -0.08444   -0.80413    0.1647     0.040265  -0.48985
 -0.041101   1.2051    -0.33487    0.32479    0.017853   1.6012
 -0.018067  -0.088157  -0.43359   -0.099491   0.73015    0.80647
  0.7985    -0.094817  -0.59536    0.2813    -0.50803   -0.065226
 -0.63966   -0.10817    0.40247    0.77848   -0.15525   -0.062319
  0.53294    0.9344    -0.64014    0.89947  ]"
hitzfeld,"[ 0.37122    0.060932  -0.33814   -0.12188   -0.67463    0.082175
  0.19391   -0.47822   -0.56486    0.3187     0.42547    0.54514
  0.44765   -0.26597    0.59952    0.41006    0.0020063 -0.0571
 -0.68156    0.3018    -0.21542    0.74982   -1.476      0.17134
 -0.020308  -0.44037   -0.31152   -0.30491    0.10756   -0.29387
 -0.61179   -0.26452   -1.0797    -0.16976   -0.41239    0.83066
 -0.13126    0.39761   -1.1492    -1.0283     1.0153     0.15993
  0.71942    0.060551   0.31327    0.82365    0.86025   -0.13027
 -0.094386   0.49902    1.015     -0.52281   -0.0021873  0.64569
 -0.21294   -0.33084    0.4161     0.8748    -0.59153    0.94212
  1.222     -0.42044    0.081567  -0.17166    0.36909    0.4961
 -0.18764    1.0629    -0.44658   -0.65524    0.10868   -0.61192
  0.071581  -0.21457    0.07996    0.15821    0.11902    0.26544
  0.24017   -0.48661    0.50325   -0.47266   -0.98438    0.10723
  0.069264  -0.57963   -0.64406    0.57629   -0.99382    0.15507
 -0.18695    0.51794   -0.030379   0.67073    0.64612    0.066448
 -0.034482   0.96898   -0.58148    0.80411  ]"
retook,"[-0.14785  -0.85216   0.28187   0.3441    0.17514   0.32025   0.1217
  0.24803   0.81553  -0.1608   -0.191     0.38749  -0.53614  -0.21012
 -0.13065   0.25367   0.37473  -0.7157   -0.012053 -0.45782   1.1361
 -0.52425   0.28916   0.18011  -0.624    -0.75317   0.029993  0.098555
  0.3366   -0.92133   0.54062  -0.24545   0.021268  0.044548 -0.065302
 -0.92349  -0.22191   0.67669   0.25835   0.15052  -0.082929 -0.34623
  0.54872   0.27496   0.44262   0.16196   0.35829   0.10774   0.80598
  0.28556  -0.25487   0.26031  -0.29975   0.64301   0.38412  -0.23604
 -0.057517 -0.065717 -0.48217  -0.15321   0.30589   0.49833   0.014313
  0.83378  -0.22036  -0.11607  -0.093054 -0.043604 -0.36625   0.64304
  0.3155   -0.40575   0.27514   0.060933 -1.273     0.039451 -1.1254
  0.074093 -0.085157  0.68443  -0.2231   -0.53966  -0.9778    1.0274
 -0.064251  0.23623   1.3905    0.25153  -0.23847   0.29905   0.028615
 -0.277    -0.19997   0.90587  -0.91887   0.064969  0.2483    0.80371
 -0.57013   0.43588 ]"
casimir,"[-0.29636   -0.24898   -0.44625    0.91391   -0.84143   -0.031994
  0.60273    0.081082  -0.039549  -0.96171   -0.3683    -0.20089
 -1.004      0.23472    0.63447   -0.66895    0.14208   -0.18824
 -0.22349    0.24788   -0.99065   -0.3821     0.01339    0.84097
  0.54727   -0.70306    0.10542   -0.059193   1.1486    -0.32139
  0.43377   -0.74662    0.37988    0.84173   -0.68362   -0.26808
  0.78439    0.13506   -0.22314   -0.22622    0.27238    0.4228
  0.62991   -0.42889   -1.1937    -0.34471    0.79246    0.67495
  0.37373    0.48778   -0.50536    0.10248   -0.22854   -0.79411
  0.43595    0.032788  -0.19903   -0.065139   0.2743     0.16518
  1.3618     0.13746   -0.21404    0.66139    0.070802  -0.4268
 -0.23616    0.16227   -0.44835    0.65676    0.48588   -1.1638
  0.37726   -0.20322    0.42324   -0.64885    0.3329    -0.09451
  0.33282    0.54169    0.62384   -0.14837    0.39397   -0.11145
 -0.11842    0.0075151 -0.022069  -1.6955    -0.018556  -1.3624
 -0.34836   -0.40603    0.030456   0.54905   -0.18744   -0.30062
  0.49549   -0.53005   -0.73549   -0.60231  ]"
sevastopol,"[-0.4416     0.3954     0.090155  -0.039727  -0.47616   -0.30387
 -0.74911   -0.59419   -0.08265    1.3671    -0.045823  -0.24151
  0.44788    0.14202   -0.45478   -2.0149     0.81623    0.25968
  0.73622   -1.0656    -0.28051   -0.56233   -0.041058   0.56901
 -0.29021    0.025188  -0.74639    0.14243    0.28166    0.25909
 -0.29604   -0.52122    0.39176    0.019266   0.28997    0.42888
  0.48511    0.29658   -0.042253  -0.4602     0.61138   -0.86999
  0.048676  -0.46848    0.39428   -0.69446    0.2473     0.28485
  0.24795    1.6503    -0.0032037  0.88242   -0.23426    0.74152
 -1.1027    -0.48949    0.093056  -1.6478     0.38516   -0.068811
 -0.56895   -0.090909  -0.35941   -0.45954   -0.22072   -0.021153
  0.29986   -0.77932   -1.0334     0.33761    0.27546   -0.31581
  0.10716    0.58364    0.014548  -0.29144    0.042374   0.67421
 -0.97435    0.45313   -0.42068   -0.32644   -0.0033551  0.89444
  0.44985   -0.23182    0.009299   0.5528     0.76846    0.052705
  0.23736   -0.3125     0.12455   -0.39279   -0.1087     0.64919
 -0.30771    1.1516    -1.3013     0.51607  ]"
dans,"[-0.039079 -0.24923   0.22622   0.76078   0.039683  0.35728   0.78424
  0.90012  -0.12259   0.6322    0.20493   0.35211   0.67879   0.023457
 -0.46074  -0.61666   0.54767  -0.21741  -0.12112  -0.069048  0.75988
 -0.38439  -0.64827  -0.27882   0.7753    0.18493  -0.3406   -0.29325
 -0.07588  -1.1452   -0.71342  -0.57884  -0.37246  -0.26268   0.10618
  0.74684   0.44673  -0.34855   0.33811  -0.36381   0.15897   0.73111
 -1.4664    0.28575   0.5275   -0.606    -1.6166   -0.4976   -0.68173
  0.8091   -1.2659    0.34631  -0.31958  -0.14989  -0.56449  -0.72603
  1.6163    0.1936   -0.71289  -0.72899  -0.54553  -0.69409  -0.83749
 -0.49317  -0.26432   0.13122  -0.63605  -0.79031  -0.15392   0.61675
  0.76383   0.47334   0.59187  -0.35116  -0.056244 -0.2513    0.40468
  0.344    -0.41354  -0.34445   0.4655   -0.30319  -0.015696 -0.60454
 -0.057165  0.18127  -0.10761   0.21387   0.38826   0.36556   0.16095
 -0.32601   1.0807    1.0104    0.23128   0.38542  -0.53915  -0.59298
 -0.66009  -0.20503 ]"
soc,"[-0.78219    0.93399    0.11228   -1.3198    -0.92447   -0.53871
 -0.18883   -0.16799    0.54814    0.63011    0.56278   -1.0116
  0.30709    0.17086   -0.076997   0.18971    0.47031   -0.37021
  0.14955   -0.10758   -0.41675    0.51855   -0.1354     0.9532
  0.47392    0.15496   -0.10907    0.18765   -0.35207    0.58087
 -0.29782   -0.031917  -0.4147    -0.14291    0.72766   -0.27609
  0.2263     0.0026351  0.19284   -0.099614   0.31955   -0.71616
 -0.36802   -0.91644   -0.93695    0.22891   -0.3558    -0.27027
  0.21513    0.091088  -0.5948     0.010308  -0.85438   -0.50648
 -0.95179    0.24492    0.095739  -0.27633    0.25062   -0.59019
  0.44799    0.066045   0.15751   -0.12746   -0.97452   -0.37196
 -1.3869     0.34225   -0.12809    0.10567    0.91878    0.12287
  0.053731   0.18781   -0.15869   -0.43517    0.31425   -0.15594
 -1.0342     0.1976    -0.13269   -0.54079    0.46333   -0.54949
  0.33809    0.40872   -0.62449   -0.077311   0.42199    0.013212
 -0.065994   0.76086   -0.30186    0.58477    0.34368   -0.11622
 -0.05202   -0.65887    0.28185   -0.51046  ]"
beet,"[-0.3573     0.85629   -0.24911    0.22175   -0.25549   -0.7932
  0.31861    0.064251  -0.26574    0.035211  -0.73212   -0.15664
 -0.43973    0.51423   -0.16868    0.37222    0.027104  -0.50238
  0.61696   -0.035896  -0.47264    0.085334   0.55019   -0.11112
 -0.11182    1.3685     0.041494  -0.38159    0.060335   0.09129
  0.15422    0.24154    0.76295   -1.0594    -0.35793    0.77987
 -0.48936    0.3933     0.43013   -0.1787     0.25861   -0.64571
 -0.47905   -0.21854    0.56128    0.2603     0.12258    0.11322
 -0.0031466  0.62811   -1.2018    -0.52445    0.17681    0.81963
 -0.7204     1.0935    -0.61712    0.50724   -0.1284     0.086187
  0.3626    -0.0088046 -0.32849   -0.16733    0.4101    -0.32155
 -0.043947  -0.39448    0.1262    -0.030383   0.24325   -0.088748
 -0.12379   -0.15216    0.18748    0.39709    0.087889  -0.13169
 -0.043535   1.1331     0.20973   -0.45237   -0.59653    0.60756
 -0.58019    0.060549  -0.18178    0.21878   -0.22797    0.45157
  0.41254   -0.571     -1.418     -0.21092   -0.4041    -1.117
  0.30691   -0.039913   0.14772   -0.20203  ]"
347,"[ 0.61597    0.54714    0.21449    0.20357   -0.20237    0.50218
  0.43737   -0.18938   -0.39033   -0.38466    0.51046    0.070718
  0.26587   -0.17046    0.43239   -0.073432  -0.06072    0.062297
 -0.24382    0.35573    0.97043    0.33139    0.31937    0.47262
  0.009302  -0.63328    0.81534    0.73187   -0.34036   -0.34688
 -0.20737    0.25262   -0.2009     0.037209  -0.69638    0.51774
 -0.47414   -0.15915    0.073563   0.56452    0.15067   -0.34049
 -0.16384   -0.137      0.16317    0.01353    0.15021   -0.44237
 -0.62634    0.78952   -0.44878   -0.2962     0.12548    0.36592
 -1.027      0.24737    0.56263   -0.55993   -0.48033   -0.23419
 -0.30986   -0.53428    0.3099     0.49373   -0.68655    0.081863
  0.38383   -0.22629    0.39826   -0.15656   -0.22851   -0.32033
 -0.09955    0.21296    0.2103     0.19838   -0.21806    0.64218
 -0.54445   -0.30062    0.075937   0.17094    0.16232    0.21484
  0.048223   0.064225   0.44778   -0.65046   -0.16373    0.39962
  0.078854   0.72792   -0.54373   -0.23713   -0.42232    0.064339
  0.0076757  0.12195    0.10563   -0.42071  ]"
2.14,"[ 1.0439    0.67312   0.83584   0.44972  -0.19546  -0.29734   0.26434
  0.14333   0.33517   0.68154   0.42895  -0.29458  -0.26035  -0.67501
  0.36735  -0.16885  -1.0695   -0.46768   0.29823   0.5935   -0.007742
 -0.55824  -0.039743  0.74203   1.1118   -0.58565  -0.29123   0.62178
 -0.18347  -0.4583    0.036662 -0.46621  -0.22497  -0.039514 -0.21747
  0.75376   0.20226  -0.25918  -0.23299   0.75094   0.17859  -0.98435
 -0.52148   0.041055 -0.64823   0.26033  -0.53607   0.18428  -0.21936
 -1.153    -0.36244  -0.23011   1.2826    0.063501 -0.79666   0.63771
 -0.34472  -0.59974   0.86195   0.23559   0.3901   -0.73945  -0.56441
  0.19265  -0.97167  -0.46813  -0.20222  -0.50406   0.1922    0.34363
 -0.30502   0.19037  -0.1368    0.53014  -0.32933   0.43007  -0.98929
  0.060961 -0.50532   0.59822  -0.52877   0.24484   0.045504  0.95161
  0.85942   0.464     0.48657   0.29358   0.28969  -0.065984 -0.67743
  0.46323   0.66683  -0.94868  -1.0175   -0.54417  -0.47299  -0.58321
 -0.3173   -0.31972 ]"
epsilon,"[ 0.016549  0.69386  -0.98439   0.29584   0.40766   0.30197   0.46856
 -0.37933  -0.069048  0.16432   0.2425    0.11573   0.12973  -0.13851
 -0.28382  -1.0022    0.92998  -0.39036   1.3372    0.70593  -0.10075
 -0.045125 -0.63748   0.41317   0.060128  0.44466  -0.28011  -0.19122
  0.50042  -0.024417  0.68269   0.75484   0.19343   0.40444  -0.63721
 -0.47938   0.68951   0.12683   0.54495  -0.56784  -0.50324   0.10106
  0.33884  -0.18529   0.015762  0.56109   0.42619   0.99338   0.39575
  0.95088  -0.49527  -0.070716  0.45332   0.10946  -0.26925   0.73022
  0.29715  -0.019688  0.45607   1.3973   -0.98964   0.11833  -0.6224
  0.69995  -0.37029  -0.053365 -0.66139   0.88153   0.93537   0.035927
  0.59748  -0.64998   0.48768  -0.30111  -0.1028    0.32144  -0.096661
 -0.79699  -0.52839  -0.50017  -0.90263  -0.33848  -0.39897  -0.62853
  0.3796    0.68371   0.22408  -0.99399   0.13399  -0.074185  0.36907
  1.0845   -0.25597   1.0307    0.87302  -0.45139  -0.090684 -0.31553
  0.53664  -0.20604 ]"
fended,"[-0.60381   -0.0022569 -0.24015    0.29297    0.39656    0.1801
 -0.094721  -0.17452   -0.12819   -0.12919    0.13138    0.57261
 -0.55043   -0.25372    0.14563    0.049775  -0.78506    0.53469
 -0.27265   -0.51679    0.6207    -0.23203    0.1636     0.14724
  0.61305    0.23183   -0.89142    0.60658   -0.53572   -0.32798
 -0.36843    0.22335   -0.13821    0.5021     0.32675   -0.31947
 -0.71835   -0.57313   -0.20475    0.76406   -0.89761   -0.042449
  0.36441   -0.063354   0.24898    0.6026     0.14119    0.20937
  0.48617    0.50444   -0.26429    0.16329    0.31067    0.40942
  0.057172   0.13715   -0.078884  -0.088381  -0.31785    0.53571
  0.35143   -0.64222   -0.15453    0.64857   -0.15822   -0.7394
  0.10281    0.42936   -0.020607   0.035313  -0.23781    0.30837
 -0.29618   -0.16466   -0.86122   -0.1692    -0.66267   -0.22077
 -0.024071   0.38153   -0.0065774 -0.25532   -0.35489    0.0075549
 -0.6792    -1.029      0.34191    0.80042   -0.23712   -0.11761
  0.083119   0.62077   -0.53904   -0.26135   -0.090106   0.1985
 -0.060055   0.63979   -0.35468    0.34629  ]"
comanche,"[ 5.7696e-02 -3.8657e-01  5.0239e-01  1.4041e-01 -5.7129e-01 -2.3226e-01
  8.3515e-01  5.9227e-02 -5.4208e-01  7.9355e-02 -7.3476e-01 -2.9756e-01
  2.6897e-01 -3.0760e-01 -4.4162e-02 -5.3735e-01  5.6853e-01  1.8488e-01
 -2.3045e-01  7.9767e-01  2.9167e-01 -7.5413e-01 -3.6689e-01  8.2720e-01
  1.0507e-01  8.9300e-01 -2.5540e-01  9.7188e-01 -6.2294e-01 -1.6764e-01
  3.3551e-01 -4.4533e-01  4.0877e-01  9.0702e-02 -9.9326e-02  1.2853e-01
 -2.5801e-01 -3.5310e-01  1.5360e+00 -8.3102e-02 -6.7263e-01  5.0123e-01
 -4.6438e-02  3.0826e-01  5.5628e-01  1.1433e-03  5.8508e-01  1.4559e-01
 -1.6783e-01  2.3732e-02 -8.8234e-01  5.7702e-01  4.8062e-01 -8.3888e-02
 -1.6287e-01  4.4392e-01  1.1148e-01 -3.3615e-01  3.9369e-01  1.3166e-01
  4.6672e-01  1.9517e-01  6.4315e-01  3.5621e-01  8.0741e-02  2.9434e-01
  1.8137e-01 -3.1248e-01 -4.5933e-01  7.8291e-01  2.3575e-01 -6.7502e-01
 -3.8969e-01 -2.3379e-01 -4.7306e-01  7.1388e-02 -1.3054e-01  6.8464e-01
 -6.4599e-01  1.9682e-01 -4.6747e-01  8.0058e-02  4.2246e-01  3.7473e-01
 -3.4710e-02  7.4404e-01  3.1149e-01 -7.0213e-02  4.3537e-01  6.4920e-01
 -3.3186e-01 -3.9136e-01 -8.5208e-01  9.8136e-02 -1.1825e+00 -6.9470e-01
 -1.0069e+00  2.1455e-01 -6.5613e-01  2.0880e-02]"
pancreas,"[ 1.0345e-01 -5.5675e-01 -4.1216e-01 -1.4547e-01 -7.0916e-02  4.2024e-01
  7.2418e-01  3.2872e-01  1.3294e+00  5.2123e-01 -2.3384e-01  3.8140e-01
  5.9373e-01  4.9719e-01  4.1527e-01  1.4430e-01 -1.2187e+00  3.1651e-01
  1.4934e+00  6.2422e-02 -1.4325e+00 -9.5676e-02 -2.6599e-01  6.2535e-01
  3.0299e-01  1.0573e+00 -3.2943e-01 -7.2757e-01  8.4360e-01  5.9738e-01
  5.1171e-01  1.1559e-03  4.6924e-01  7.2589e-01 -3.4409e-01  3.3104e-01
  5.3894e-01  5.9835e-01 -2.4663e-01  2.5339e-01  3.4180e-01  2.6654e-01
 -5.2428e-01 -1.1191e+00  4.5374e-01 -7.1183e-02  4.7790e-01 -3.7184e-01
 -7.3617e-01  8.9490e-01 -3.8434e-01 -4.8845e-02  6.3596e-01 -1.0554e-01
 -4.1841e-01  7.8205e-02 -6.2714e-01  2.2382e-03 -6.4216e-01  1.5647e-01
 -2.6481e-02  8.1837e-01  1.3802e+00  3.6913e-01 -3.7006e-02 -3.8006e-02
 -1.9548e-01 -4.4735e-01 -1.2993e-01 -1.1934e+00  3.1178e-01  6.5755e-01
  2.3536e-01  4.1188e-01  2.1079e-01  9.9953e-02 -1.1123e+00 -9.2278e-02
  7.4407e-03  3.7993e-01  5.2042e-01  5.9127e-01 -1.2409e+00  1.0770e+00
 -8.7340e-01  5.6774e-01  1.2903e+00  1.3213e-01 -4.1065e-01 -1.7277e-01
 -2.9888e-02  1.9471e-02 -5.4884e-02  2.5240e-01 -2.4812e-01  3.5505e-01
  5.1212e-01 -1.0276e+00  1.0118e+00 -2.2404e-01]"
wardak,"[-0.63743   -0.55347    0.41014   -0.51432    0.42263   -0.58428
 -1.0843     1.0586     0.35859    1.5256    -0.094656   0.23874
 -0.17351   -0.24892    0.96225    0.0034191 -0.62235   -0.40334
 -0.77127    0.096383   0.41434    0.05515    0.22418    0.734
 -1.0077     0.31823    0.80533    0.49639   -0.18991    0.41674
 -0.10593   -0.8582     0.3804    -0.51355    0.22895    0.49067
 -0.31961    0.57238    0.030142   0.62618   -0.16344    1.0141
  0.72021   -0.2757    -0.02136    0.37912    0.10557   -0.023833
  0.24125    0.15183   -1.0858    -0.19287   -0.40784    0.2904
 -0.68086    0.31913   -0.59277   -0.76964   -0.096888   0.22288
  0.028868   0.3608     0.26338   -0.092291  -0.30161    0.25525
  0.085205   0.090558  -0.61236    0.74102    0.59188   -0.71751
  0.74138   -0.60282   -0.15861    0.28255   -0.20264    0.97675
 -0.2365     0.21713   -0.49603   -0.55532   -0.23464   -0.65105
  0.12252    0.44693    0.14923    0.21792   -0.075254  -0.69592
  1.5568    -0.79691   -0.48085    0.18377   -0.31647    0.43495
 -0.78134   -0.098111  -0.28992    0.60047  ]"
alcan,"[ 7.2720e-01  7.6600e-01  2.8522e-01 -3.5167e-01  4.6340e-01 -9.1846e-01
 -4.5632e-01 -3.3680e-02 -1.3056e+00  2.7796e-01  3.5603e-01  5.5161e-02
 -5.4120e-01 -2.9750e-01 -5.5422e-01 -4.8083e-01 -8.3783e-01 -6.7577e-01
  6.7056e-01 -4.8545e-02  3.3009e-01 -4.0730e-01  2.0378e-01  6.9259e-01
 -2.4410e-01  5.3972e-01  8.0381e-01  1.2533e-02 -3.2555e-01 -4.8678e-01
  1.5379e-01  7.6566e-01 -7.7160e-01 -5.0400e-01  5.4004e-01  7.0669e-01
  1.1281e+00  6.2137e-01 -3.1125e-01 -1.0279e+00  5.9898e-01  7.8146e-01
  8.8822e-02 -4.3290e-01 -4.0361e-01  1.8451e+00 -1.1526e+00 -1.7354e-01
  2.1653e-02  3.8230e-02 -8.1414e-01  6.5356e-01  2.3884e-02 -6.8973e-02
 -1.1017e+00 -3.6829e-01 -5.1062e-01 -2.5091e-01  2.4588e-01 -8.4621e-01
 -9.0725e-02 -7.4265e-01 -3.1649e-02  5.0919e-01 -1.5488e-01 -5.1638e-01
  5.2147e-01  5.5610e-01 -5.0603e-01 -3.9011e-01 -2.1626e-01 -2.0657e-01
 -2.6102e-01  7.3520e-01 -4.1906e-01 -4.1479e-01  1.1898e+00  2.6780e-01
 -4.8434e-01  8.2322e-01 -8.3070e-01 -3.7860e-01 -1.3265e-03  8.5963e-01
  1.1384e-02 -6.1886e-01  7.5722e-01  7.4219e-01 -3.3885e-01  5.6758e-02
  3.2202e-01  1.6150e-02 -9.0734e-01  1.4302e-01  5.7635e-01  8.1999e-01
 -1.6507e-01 -2.3819e-01  4.3278e-01  4.8490e-01]"
cossack,"[-0.058863 -0.048865 -0.027602 -0.30222  -0.83101   0.6749    0.38436
 -0.44369  -0.71878   0.33696  -1.1899   -0.043297  0.17987  -0.1019
 -0.52649  -0.56047   0.4289   -0.46283   0.31511  -0.56237  -0.66905
 -0.61712   0.080176  0.7174   -0.32526  -0.7772    0.32913   0.53246
  0.98016  -0.024802 -0.98031  -0.41681   0.070269 -0.40924   0.50389
 -0.10476  -0.38442  -0.39538   0.87178   0.41578   0.98749  -0.0156
  0.078668  0.029791  0.53379  -0.52166  -0.67419   0.23047  -0.34427
  0.44622  -1.1341    0.81953   0.18656  -0.10316  -0.06178   0.18005
 -0.048632 -0.21549  -0.1071    0.78505   0.59369  -0.047056 -0.066031
  0.22294   0.92875  -0.2947    0.030054 -0.80478   0.25001   0.232
  0.6155   -0.38949   0.012309 -0.39728  -0.18518  -0.070924 -0.1002
  0.35387  -0.38064   0.558     0.24927  -0.091386  0.14181   0.60938
 -0.14415   0.124    -0.46418   0.31434   0.88081  -0.055429  0.41817
 -1.0961   -0.32359   0.27326  -0.44563  -0.20244  -0.8571    0.45327
 -0.98951   0.18217 ]"
2.40,"[ 0.71465   -0.038124   0.48832    0.3557    -0.78363   -0.33065
 -0.092724   0.1593    -0.33366    1.193      0.27282   -0.35805
 -0.30176   -0.68638    0.40039   -0.53052   -0.67783   -0.20617
 -0.075834   0.94021    0.098248  -0.61664    0.23542    0.89735
  1.7855    -0.56306    0.077579   0.31996    0.0089905 -0.79703
  0.2054     0.14861   -0.049119   0.10108    0.097517   0.96683
 -0.22294    0.29209   -0.097235   0.13852    0.060153  -1.0651
 -0.3852    -0.34392   -0.88692    0.35199   -0.19898    0.2434
  0.058537  -1.2896    -0.4938    -0.63904    1.3988     0.5439
 -0.95757    0.90794   -0.49668   -0.52298    0.60199    0.22227
 -0.34555   -0.58145   -0.51156    0.621     -0.81583   -0.87721
 -0.55858   -0.70137    0.3569     0.51765   -0.48514    0.18462
 -0.1342     0.37007   -0.25389    0.35499   -0.092394  -0.32494
 -0.26399    0.34486   -1.0692     0.57845    0.83686    0.0725
  0.67099    0.088635   0.17245    0.52004    0.23835   -0.0028751
 -0.31097    0.45938    0.76205   -1.0526    -0.63625   -0.92405
 -0.15494   -0.56921   -0.28801   -0.24017  ]"
reconvene,"[-0.66822   -0.42002   -0.086765   0.39963   -0.47205   -0.23759
 -0.25193    1.0486    -0.094359  -0.5936    -0.24758    0.53702
  0.13116   -0.18003   -0.42286   -0.39596   -0.21435    0.44004
 -0.51045   -1.0227    -0.3922    -1.2179     0.38523   -0.58153
 -0.044235  -0.55651   -0.10835    0.41882    0.62398    0.34342
 -0.97537   -0.40337   -0.44024   -0.079991  -0.48921    0.23403
  0.59383   -1.0286    -0.036176  -0.5059    -0.56158    0.030505
 -0.18159   -0.33934   -0.13975   -0.46276    0.0041797 -0.15758
  0.078779  -0.25845   -0.037995  -0.58934   -0.073742  -0.19262
 -0.749      0.046249  -0.24954   -0.94381    0.32553    0.7154
 -0.75906    0.69294   -0.32551    0.069799  -0.15286    0.066776
  0.017545   0.9162    -0.87913   -1.0532     0.46225   -1.1934
 -0.086153  -0.54806   -0.80351   -0.15444   -1.0981    -0.92825
  0.25397   -0.40351   -0.53298   -0.86592    0.51007    0.017438
  0.5551    -0.012996   1.1013     0.71394   -0.22778    0.15298
  0.13008    0.37889   -0.78972    0.50184   -0.21166    0.29639
  1.0105    -0.24651    0.63448   -0.61602  ]"
looney,"[-8.5008e-02 -4.6039e-01 -6.7502e-02 -1.0587e+00  1.5414e-01  1.2598e-01
 -8.9970e-01 -5.5506e-01 -8.2403e-01 -1.0635e-01  4.0424e-01  5.9139e-03
 -3.3121e-01  4.6884e-02  4.0343e-01  8.1548e-01  2.1153e-01  8.9565e-01
  6.4748e-01 -3.1779e-01  6.7951e-01  6.2010e-02  8.4953e-01 -2.2183e-01
  1.9934e-01  8.0106e-01  3.8574e-01  5.9932e-01 -6.9914e-01  9.0140e-01
  2.4643e-01 -4.8885e-01  4.6177e-01 -2.0417e-01 -1.8854e-01  4.6292e-01
  1.9326e-01 -2.7940e-02 -1.0186e-01 -7.4748e-01  2.9263e-01  6.3839e-01
 -5.1212e-01  2.2930e-01 -4.1355e-01  7.0870e-01  1.7586e-01 -7.0792e-01
  4.4277e-01  1.0149e+00 -8.3859e-01 -5.6758e-01  8.4507e-01 -5.2684e-01
 -1.8028e-01 -1.2575e-01  1.7677e-03  6.7018e-01 -4.5162e-01  5.3003e-01
  7.5833e-01  7.1645e-01  2.5934e-03 -6.5039e-04  8.2078e-01 -5.0846e-01
 -2.2419e-01  5.6314e-01 -8.1364e-02  9.3500e-02 -1.2992e-01 -3.0078e-01
 -5.2193e-01  1.0419e-01 -3.3054e-01  1.0900e-01 -5.7505e-01  6.4799e-01
  1.3868e-01  3.8511e-01 -1.6115e-01 -1.0223e+00  4.7829e-01 -1.9470e-01
 -6.8399e-01  5.5624e-01 -4.9076e-02 -4.0269e-01 -1.0942e-01  9.0420e-01
 -1.8016e-01  6.8252e-01  1.5337e-01 -3.4224e-01 -3.8510e-01 -7.6016e-01
 -6.7666e-02 -3.6892e-01 -6.5231e-01  3.9723e-01]"
tiene,"[ 3.9679e-01  4.7340e-01  1.3775e+00 -2.5143e-01  1.9806e-01 -3.2603e-01
  8.4930e-01  7.0072e-02  2.0210e+00 -8.2513e-01 -3.6333e-02  1.3094e-02
 -1.3109e-01  6.2345e-01  1.0494e+00 -4.4335e-01  2.5950e-01 -5.9072e-01
  6.6344e-01 -5.4870e-01  4.4009e-01  6.5727e-01 -1.3367e+00 -1.8999e-01
  6.7878e-01  6.5458e-01 -5.1080e-01 -4.8666e-01  2.7923e-01 -1.0555e+00
  6.7731e-01 -3.5320e-01 -2.0123e-01 -2.1675e-01  9.1348e-02  3.4166e-01
  9.8489e-01 -1.0378e-01  4.0296e-01  5.1313e-01  1.3901e-01  1.5789e-01
 -2.0458e-01 -7.1228e-01  4.7603e-01 -1.2567e+00 -9.2582e-01  1.2966e-01
 -1.2415e+00  7.6517e-01 -1.7625e-01  1.3914e+00 -8.3560e-01 -9.7317e-01
  2.1828e-01 -7.0959e-01 -2.4979e-01  9.9823e-01 -1.1021e-01  7.1726e-01
  8.2796e-02 -7.1245e-01 -1.0902e+00 -1.5083e+00 -9.9921e-01 -1.7435e+00
 -2.2271e-01 -3.8730e-01  4.5266e-01  9.9636e-02 -3.6054e-01 -4.3426e-02
 -2.0833e-02 -4.7876e-01  3.5677e-01 -7.1000e-04 -4.8124e-01 -1.1194e+00
 -1.2324e-01 -5.3308e-01  5.8509e-01 -1.6528e-02  3.2906e-01 -6.2135e-01
  1.1069e+00  5.7288e-01  2.4339e-01 -4.2946e-01  1.5426e+00 -2.6404e-01
  5.0604e-01 -2.1434e-01  1.1605e-01 -5.2858e-01  1.0569e-02  3.9276e-01
 -8.3329e-01 -1.0174e-01 -1.8765e-01  9.8387e-01]"
hayek,"[ 0.45263   -0.47904   -0.40358   -0.33132    0.44608   -0.98586
 -0.40559   -0.1019     0.059578   0.20185   -0.73615   -0.082942
 -0.57276    0.31569    1.0806     0.28686    0.1799    -0.38296
  0.22144    0.70763   -0.30335   -0.21341    0.2257     0.44468
 -0.067349  -0.11963    0.33305   -1.0127     0.42357   -0.37573
 -0.3609     0.25307    0.38736   -0.20681    0.11631    0.27793
  0.50141    0.57494    0.31019    0.079861   0.12284   -0.088278
 -0.22875    0.5625     0.084     -0.78062   -0.070936  -0.12467
 -0.19728    0.51659   -0.49301    0.072117   0.18358    0.63092
 -0.86349    0.1583     0.49993    0.58351   -1.0125     0.39351
 -0.17756    0.77419   -0.11174    0.25381    0.0013997 -0.55523
 -0.17337    0.52824   -0.54261   -0.17458    0.20484    0.11468
  0.44329    0.17277   -0.26945   -0.69342    0.23455   -0.39516
  0.095988  -0.1405    -0.29996   -0.55925   -0.50831    0.42372
 -0.26945   -0.75374   -0.78938   -0.44989   -0.78291   -0.91497
  1.2707    -0.9322     0.30364   -0.2486     0.38004   -0.27139
  0.84051   -0.50221   -0.039307   0.60647  ]"
kinda,"[-0.31416    0.05258    0.94527   -0.73314   -0.33302    0.31581
  0.082301   0.21675    0.75215   -0.0064352  0.53722   -0.098333
  0.62762   -0.44953    0.18859    0.34325   -0.57908    0.10982
  0.29046    1.0729     0.82879    1.1336     0.21108   -1.0073
  0.12241    0.052513  -0.20366   -0.29635    0.20469   -0.69947
 -0.15207    0.27265    0.8993    -0.026628  -0.19261    0.33164
 -0.17413   -0.19299    0.68346   -0.99501    0.30355    0.67591
  0.13917   -0.13047   -0.97875   -0.14236    0.084265   0.92209
  0.81314   -0.44496   -0.33575   -0.078645   0.0092746 -0.31442
 -1.0903    -0.16318    0.7034     0.85533   -0.61246    0.25695
  0.48367    0.67481   -0.96365    0.1565     0.10721    0.58145
  0.43069   -0.22887   -0.32339   -0.765      0.72668   -0.25545
  0.46453    0.27556   -0.37679    0.33222    0.25645   -0.0031514
  0.19899   -0.12361   -0.73571    0.04052   -0.42       0.16227
 -0.66986   -0.095733   0.18418   -0.096869  -0.63446   -0.39157
  0.03237    0.24204   -0.60613   -0.26583    0.049652   0.063771
 -0.39868   -0.45407   -0.61916    0.34587  ]"
moonves,"[ 0.081722  -0.98776    0.42044   -0.25282    0.19164   -0.38453
  0.38706    0.22248    0.43611   -0.56986   -0.17662    0.045547
  0.41113   -0.80276    0.69131   -0.33244   -0.25716   -0.20149
 -0.40579    0.63493   -0.90532    0.24056   -0.87272   -0.14501
  0.373     -0.060451   0.87667    0.93077   -0.16952   -0.1849
  1.2953     0.85502   -0.47055   -1.1763    -0.58922    0.83075
  0.078539   0.09783   -0.070997  -0.25825   -0.18531    0.78401
 -0.68302    0.88975   -0.60098    0.64531   -0.57527   -0.59619
  0.14706   -0.96306   -0.76917   -1.0939    -0.20318    0.40283
  0.33321   -0.45103    0.54558    0.62395   -0.5488    -0.084181
  0.35081    0.056125   0.038476  -0.79905   -0.46239   -0.7887
  0.46294    0.51284   -0.8462     0.75499    0.40853    0.007254
 -0.17045   -0.36657    0.019218  -0.80724    0.13359    0.29529
 -0.022131   0.2143     0.57564   -1.082     -0.54668    0.25176
 -0.64384   -0.41883   -0.13144    0.50237    0.35884    0.021347
  0.715     -0.041429  -0.2499     0.30673   -0.083729  -0.070512
 -0.017486  -0.0045475 -0.16122    1.2321   ]"
resonated,"[-3.5935e-02  1.1910e+00  6.6722e-01  1.4953e-01  7.9392e-01  6.0849e-01
 -1.5838e-01 -7.6773e-01  4.5953e-01  5.1405e-02 -8.4387e-01  3.5060e-01
 -1.6039e-02 -7.3547e-01 -4.4948e-01 -5.8702e-01 -7.3811e-01 -1.6326e-01
 -6.2535e-01 -2.2798e-01  2.5638e-01  2.8227e-01 -9.5577e-03 -5.6229e-02
  2.3587e-01 -3.3947e-01  1.3262e-01  3.0933e-01 -2.2974e-01 -2.3353e-01
  4.6730e-01  2.4434e-01  8.3128e-01  6.4026e-01 -2.7668e-01  3.2598e-01
  2.1901e-01  1.2905e-02 -2.1349e-01  3.8934e-02  1.6568e-01 -1.6600e-01
 -1.9581e-01  5.8822e-01 -6.8811e-01 -6.7376e-01  1.1548e+00  1.9258e-01
  3.7454e-01 -1.6847e-01 -6.1098e-01 -2.6819e-01 -4.5369e-04  4.5197e-01
 -4.9455e-02  7.4047e-02  3.9101e-01  1.6638e-01 -2.8908e-01 -1.5301e-01
  2.1754e-01  8.1881e-01  6.1031e-01 -2.8694e-01 -4.6815e-01  3.9498e-01
  2.4683e-01 -6.1561e-02  2.6269e-01 -9.9833e-02  5.2093e-01 -1.5636e-01
  3.7162e-01 -4.9080e-01  5.4360e-01  2.1326e-01  4.3718e-01 -6.0185e-02
 -1.0591e-01 -2.3719e-01 -4.6436e-01 -3.3254e-01  4.4050e-02 -9.1488e-02
 -7.1639e-01 -4.6803e-01 -5.8021e-01 -1.5001e-01 -9.0674e-01 -2.2491e-01
 -5.8000e-02  2.1112e-01 -5.0285e-01  3.3440e-01  8.6037e-01  2.4960e-02
 -1.8954e-01  5.1063e-01 -7.2207e-01  1.0900e+00]"
kristine,"[-0.2829    -0.3148    -0.76414   -0.88291    0.024724  -0.069645
 -0.39613   -0.13077   -0.042805  -0.74092    0.70507   -0.96753
  0.14415   -0.096825   0.22434   -0.19018    0.50196    0.59221
 -0.53022    0.13147    0.0088794  1.087     -0.087893   1.2892
  0.76984    1.331      0.21563   -0.77198   -0.53604   -0.91594
  0.096448   0.18582    0.43932    0.24112   -0.39035   -0.15767
  0.014015   0.95881   -0.22112    0.30867    0.047765   0.39376
 -0.28862    1.1243     0.50249    0.69938    0.0034406  0.062078
  0.65493    0.7684     0.5489     0.40781    0.12697   -0.12098
 -0.044237   0.045411  -0.056294  -0.22197   -0.88552   -0.32758
 -0.22476   -0.15254    0.53005    0.26544   -0.84633    0.54017
  0.036449   0.98698    0.056324   0.14042    0.40851   -0.37425
  0.4861    -0.19155    0.58129    0.50029   -0.2274    -1.0269
  0.10001   -1.0657     0.40877   -0.56856    0.26944    1.0756
 -0.46663   -0.69343    0.099627   0.16606   -0.044255  -0.078712
 -0.16694    0.622     -0.068422  -0.15918    0.36331    0.26045
  0.69148   -0.48623   -0.86915   -0.0074011]"
strut,"[-0.12882    0.09248   -0.055507  -0.94333   -0.71399    0.5917
 -0.90507    0.69498   -0.56562    0.70379    0.063974   0.14739
 -0.03171    0.0073019  0.56971    0.17466   -0.44102    0.30175
  0.73768   -0.6203     0.59353   -0.5006     0.2012    -0.25717
  1.378     -0.032167  -0.29792    0.018351   0.86626    0.22314
  0.37426   -0.14196    0.55958    0.50644    0.75758    0.42574
  0.2513    -0.1496     0.37018   -0.80566   -0.086922   0.33201
 -0.46974   -0.72599   -0.26577    0.58771    0.34819   -0.023011
  0.6234    -0.019352   0.023626   0.75868   -0.53496    0.50432
  0.043605  -0.1666     0.71569    0.37964    0.20045    0.052171
  0.37722    0.44286   -0.18384    1.0862     0.062977   0.11876
 -0.069405  -0.18103   -0.95274    0.049807   0.57303    0.089221
 -0.048941  -0.22341   -0.093426   0.046889  -0.18677   -0.083308
  0.55797   -0.79799   -1.1159     0.043736   0.052319  -0.061143
  0.22608   -0.20716    0.30246    0.33993   -0.47876    0.15576
 -0.444     -0.56902   -0.40526   -0.88694    0.28895   -0.083505
  0.37822   -0.48965    0.97231    0.90441  ]"
shayk,"[-1.5753    0.54693   0.43515  -0.17211  -0.33331  -1.1969   -0.64538
 -0.52698   0.76987  -0.14466  -0.31763   0.23628   0.59479  -0.19137
  0.8554    0.091687 -1.1503    0.90309   0.14102  -0.46781   0.25355
  1.6457   -0.30394   0.58938  -0.13865   0.1734   -1.0529   -0.27693
  0.23525  -0.82101   2.3132   -0.61908  -0.73339   0.56378  -0.33774
 -0.93667   0.29545   0.68665  -0.428    -0.25191   0.51763   0.26622
  0.42524  -0.014038  0.63831  -0.081954 -0.30127   0.3173    1.2734
 -0.48562  -1.3519   -0.41824   0.056623  0.33175  -0.48606   1.5678
  0.30819   1.1015   -0.046753 -1.6976   -0.25586  -0.202    -0.59482
 -1.3984   -0.53706   0.58998  -0.32194  -0.74899  -1.4355   -0.47851
  1.2003    0.15797  -0.84904   0.35661  -0.65907  -0.54098   0.416
 -1.0142    0.25894  -0.40066  -0.02765  -0.85415   1.3655   -1.2762
  0.1205    0.33382   0.12335   0.37986   0.58302   0.83388   0.63872
  0.37028  -0.60461  -0.12646   0.083762 -0.4518    0.91592  -1.6983
  0.29505   0.20807 ]"
desai,"[-0.36695   -0.56877    0.36254    0.35843   -0.15284   -0.6322
 -0.77773    0.063505   0.082581  -0.27181   -0.10471    0.3223
  0.17548   -0.091353  -0.06302   -0.24476    0.01288    0.64613
  0.15291   -0.05564   -0.012165  -0.40102    0.79285    0.55098
  0.65507    0.181      0.13679   -0.19398   -0.13325   -0.21447
 -0.45228    0.089946   0.21276   -0.022466  -0.44985    0.7877
  0.28767    1.1942     0.24616   -0.33301   -0.27502    0.47367
  0.15511   -0.56454    0.29454    0.079515  -0.2784     0.029113
 -0.26117    1.2581    -0.23642   -1.0798     0.58985    0.13761
  0.13224    0.35109   -0.27323    0.87737   -0.60664   -0.20888
  0.45343    0.075933  -0.31171   -0.14894   -0.22638    0.33277
  0.3097     0.34544    0.80371   -0.014683  -0.48923    0.17892
 -0.3813     0.078101  -0.60309    0.27146   -0.89055    0.082764
 -1.1078    -0.14623    0.032763  -0.039968   0.15128   -0.45175
  0.15564    0.35188   -0.49809   -0.0050284 -0.78353   -0.33476
  0.26679   -0.70938   -0.19771   -0.037673   0.6214     0.36062
 -0.035829   0.16932   -0.41209    0.39299  ]"
dang,"[-0.20356  -0.18438  -0.20677  -0.63376  -0.12964  -0.37383   0.03512
  0.38219   0.79618   0.11508  -0.13778   0.76295  -0.3284   -0.10799
  0.094512 -0.26124   0.47439  -0.17466  -0.29355   0.40674   1.3369
  0.85523  -0.31395  -0.27785  -0.89999   0.11978   0.12739   0.013613
 -0.48294  -0.56207  -0.43483   0.15434   0.90996  -0.37784  -0.33109
 -0.051971 -0.014993  0.28485   0.49584  -0.63852  -0.089698  0.15062
  0.0319   -0.41755   0.045843  0.34023   0.59837  -0.19498  -0.11894
  0.128    -0.15263  -0.30266  -0.36113  -0.017928 -1.1728    0.27534
  0.24491   1.2193   -0.043712 -0.34048   0.062225  0.32354  -0.34117
  0.26543  -0.30387   0.018422  0.40911   0.32791  -0.011729  0.37996
  0.32489  -0.072077  0.53146  -0.5429    0.016467  0.61529  -0.52505
 -0.21616   0.16177   0.13173  -0.045604  0.20929  -0.64292  -0.71111
 -0.36071   0.76644  -0.86968  -0.1659    0.24704   0.58155   0.98085
  0.33276   0.39953   0.51768   0.15712  -0.049587 -0.75704  -0.18337
 -1.0714    0.26905 ]"
lifesaving,"[ 0.40546   1.0727   -0.49151  -0.20661  -0.21381  -0.8001   -0.15975
  0.50092   0.019789  0.053163  0.1433    0.060497 -0.99604  -0.27869
  0.12425  -0.05114   0.90745  -0.49852   0.60635  -0.34368   0.090705
 -0.012931  0.55642  -0.12197  -0.49224   1.3006   -0.11081  -0.58005
  0.46898   0.035943  0.13932  -0.1624   -0.2535    0.57329   0.44027
 -0.71109  -1.9995    0.025499 -0.79152  -0.26092   0.33278   1.042
 -0.077308 -1.0884    0.39246   0.81692   0.33414  -0.17839   0.081796
  0.40258   0.35527   1.1892   -0.2144   -0.32505   0.31797  -0.22771
  0.71247  -0.33293   0.24679   0.26586  -0.038628  0.26108   0.20497
  0.20529  -0.71335  -0.048425 -0.72232  -0.13046   0.43214  -1.3264
 -0.55208  -0.5857    0.51408   0.6561    0.54891   0.232     0.31699
  0.24932  -0.52886  -0.43355   0.2077   -0.0199    0.3605    0.27753
 -0.99789   0.55246   0.61385   0.6125   -0.63701  -0.42248   0.086785
 -0.22379   0.1673   -0.12886   0.20322   0.041105  0.073934  0.27829
  0.60788   0.87351 ]"
hanford,"[-0.26966    0.29308    0.60497   -0.21908   -0.7616    -1.4233
  0.42942    0.5748     0.45194    0.49372    0.71494   -0.19432
 -0.7346    -0.23461   -0.40322   -0.70423    1.4239     0.33184
 -0.65225   -0.20229   -0.66282    0.13939    0.47265    0.42885
 -0.45081    0.37051   -1.0442     0.77094    0.35733    0.3116
  0.22592   -0.43371    0.56785    0.73462   -0.31861    0.42258
 -0.044513  -0.22831    0.61737    0.65451   -0.056296   0.36936
 -0.67941    0.50819    0.15326   -0.096124   0.14539    0.11098
 -0.19502    0.95971    0.63276   -0.56646   -0.50666   -0.31028
 -0.11473   -0.2068    -0.13863   -0.87243    0.048394  -0.5359
  0.60064   -0.083901   0.97564    0.17433    0.34241    0.28921
  1.1337     0.11402   -0.013792  -0.22301   -0.065471  -0.051989
 -0.12386    0.35842    0.096793  -0.46399    0.34194   -0.55687
 -0.58171    0.33385   -0.13263    0.45062    0.40196    0.45794
 -0.0098551  0.3641     0.11494    0.19051   -0.24592   -0.097626
  0.024148  -0.61391   -0.25134    0.28453   -0.66296   -0.29308
  0.66732    0.35743   -0.36759    0.86295  ]"
gotovina,"[ 0.59276    0.64138    0.21424    0.58784    0.90826    0.26558
  0.76612   -0.61594    1.0896    -0.22177    0.3692     1.062
  0.24163   -0.8401    -0.032234   0.81744    0.78396    0.08398
  0.2761     0.31436   -0.21519   -0.10102    0.33006   -0.21791
  0.43649   -0.13692    0.055133  -0.96078    0.037851  -0.25593
 -0.46556   -0.53663    0.17307    0.74033   -0.19699    1.2449
  1.2717     0.038764  -0.13445   -0.62518    0.2808     0.41895
  1.5029    -1.5651     1.126      0.16504    0.13037   -0.81871
 -0.19612   -0.14152    0.36332    0.0035338  0.052432   1.0331
  0.11229    2.0372    -0.49503    0.51758    0.74641    0.045851
 -0.30724    0.39988   -0.59228   -0.88305    0.040029  -0.18336
 -0.25616    0.89251   -0.50472    1.7425     0.66302   -0.23346
  0.027426  -0.44263    0.015108  -0.32723   -0.14762    0.86948
  0.31065    1.0504     1.2225     0.087459  -0.95454    0.17666
  0.072289   0.0042197  0.13703    0.52555   -0.66678    0.11814
 -0.29611    0.46133    0.12697    0.96131    0.47944   -0.65148
 -0.10178   -0.067021  -0.28357   -0.053217 ]"
0.81,"[ 1.0424e+00  6.2525e-01  4.7781e-01  4.5428e-01  1.7473e-01 -3.6229e-01
 -9.5305e-04  1.2254e-01  8.5433e-01 -9.0300e-02  2.3304e-01  9.3173e-02
 -1.0735e+00 -9.0482e-01  6.9576e-01 -1.6589e-01 -1.0048e+00 -8.8896e-01
  4.9450e-01  1.0611e+00  6.4410e-01 -7.5790e-02  3.8538e-01  4.7509e-01
  1.2655e+00 -6.9907e-01  2.3923e-01 -2.3976e-01 -2.3004e-01 -3.8695e-01
 -3.6608e-01 -1.1110e+00 -5.9699e-01  4.3505e-01 -2.1681e-01  4.5554e-01
  6.1940e-01  1.6135e-01 -5.6076e-02  1.2287e+00 -8.0037e-01 -7.3647e-01
 -6.0748e-01  4.4908e-01 -9.1300e-01  6.5073e-02 -6.7473e-01  1.0983e+00
  5.8519e-02 -1.1789e+00 -7.8663e-01 -1.2159e-01  4.1208e-01 -2.1145e-01
 -9.6810e-01  9.8012e-01 -4.8873e-01 -2.6311e-01  4.6464e-01  4.1851e-01
 -2.8396e-01 -5.0970e-01 -2.6894e-01  8.7462e-01 -7.5699e-01 -8.3921e-01
  1.2651e-01 -4.8704e-01  1.2941e+00  2.6700e-01 -1.5536e+00  2.6430e-02
 -2.4864e-01  3.3924e-02 -3.3812e-01  2.9123e-01 -4.4877e-01 -3.7013e-01
 -7.4398e-02 -5.9110e-01 -1.3577e+00  4.2655e-01 -2.4914e-01  8.9697e-01
  2.0029e-01  1.5220e-01 -1.6075e-02  1.4424e+00  1.0024e+00  7.7374e-01
 -2.3102e-01  3.9825e-01 -3.3950e-01  1.3454e-01 -4.3471e-01 -3.3847e-01
 -6.6197e-02 -8.4363e-01 -3.3924e-01 -2.0002e-01]"
paring,"[-5.9676e-01 -4.8579e-02 -3.5444e-01  4.3208e-01 -4.9324e-01 -3.0084e-01
 -5.8642e-01  2.6225e-01  4.5355e-01 -2.3877e-01 -2.7006e-01 -4.5140e-02
 -8.3556e-02 -2.0507e-01  1.4807e-01  5.5780e-01 -1.4139e-01 -6.8970e-02
  8.3061e-01 -2.6479e-01  5.3353e-01  1.6066e-01 -8.5064e-01  8.6240e-01
  1.6117e-01 -1.6718e-01 -7.5211e-01 -1.3038e-01 -9.9472e-01 -3.8189e-01
 -1.5729e-01 -3.6241e-01 -1.0007e+00 -7.2774e-01 -7.6353e-01 -6.2561e-01
  2.9032e-02 -7.9891e-01  2.6030e-01 -1.4777e-01  9.7672e-02 -2.1247e-01
 -1.1112e-01  8.5707e-01 -9.3262e-01  5.0247e-01 -3.1444e-04  1.3896e-01
  1.6745e-01 -3.5047e-01 -4.7871e-02 -1.0342e-01 -4.3429e-01  7.5972e-01
 -6.4284e-01 -4.6976e-02  3.4374e-01 -8.1201e-01  3.8717e-01  1.3437e-01
  5.5536e-01  3.0371e-01 -2.6122e-01  9.4694e-01 -6.3613e-01 -2.8132e-01
  2.6213e-01  5.4156e-03  4.2944e-01  4.4973e-01 -4.3499e-01  2.0598e-01
 -5.2060e-01 -1.7996e-02 -8.8343e-01 -3.7710e-01 -1.2035e+00  2.5542e-01
  3.8957e-01  4.9162e-01 -2.8628e-01 -2.7827e-01 -2.4268e-01 -3.3192e-01
 -2.3775e-01 -7.5997e-01  6.2446e-01  4.2622e-01 -5.6772e-01  3.7525e-01
 -3.2441e-01  1.5678e-02 -1.2760e-01  1.3222e-01 -9.0001e-01 -1.1248e+00
  8.2095e-01  1.7928e-01  3.9061e-01  1.0772e-01]"
aretha,"[-0.29638    0.15463    0.45305    0.2009     0.67203    0.32441
 -0.30608    0.011933  -0.1933    -0.45365    0.41651   -0.45144
 -0.32803    0.20924    0.35525   -0.51429    1.1128     0.20924
 -0.18238    0.42161    0.43411   -0.44631   -0.35415   -0.50035
  0.29732    1.4888    -0.47047   -0.31728    0.84053   -0.13858
  1.0032    -0.58633    0.67681    1.2295    -0.3381     0.15295
  0.77336    0.52203   -0.11485   -0.24255   -0.069556   0.44114
  0.096925  -0.0056973 -0.39878    0.30884   -0.18266   -0.49301
  0.28058   -0.80796   -0.093877   0.86784    0.18853   -0.68352
 -0.30241   -0.42503    0.26688    0.022548  -0.71385    0.55301
 -0.011654   0.58458    0.65425    0.32822   -0.20536   -0.13437
  0.92376    0.29376    0.0041704 -0.40202   -0.44577    0.22681
 -0.71959    0.50571    0.059452   0.43206    0.50449   -0.44824
  1.039     -0.98463   -0.022461   0.1992     0.79902    0.53616
 -0.063066   0.28924    0.30048   -0.54128   -0.46364    0.0042029
  0.027392   0.013719  -0.31979   -0.029061  -0.49701   -0.2386
 -0.25899   -0.83677   -0.44468    0.23266  ]"
conferring,"[ 0.15691  -0.71856   0.28568   1.1585    0.11197   0.38829  -0.29056
  0.056029 -0.32075  -0.34487  -0.60903  -0.20854   0.62389  -0.2142
 -0.15536  -0.88281   0.14054  -0.37054   0.10148  -0.63329  -1.0429
 -0.081463 -0.20632  -0.10056   0.58392  -0.03045   0.25482   0.20407
 -0.24943  -0.25414   0.037364 -0.28029  -0.56654   0.26596  -0.2383
  0.51003  -0.37922  -0.48367  -0.72559   0.64098  -0.028835  0.12859
  0.29592   0.071803 -0.19255  -0.46925  -0.016028  0.16909  -0.37976
 -0.048834 -0.22612  -0.5364    0.59076   0.71887  -0.27952   0.41464
  0.87979  -0.4202   -0.13964   0.29795  -0.058117  0.59212   0.28962
  0.017641 -0.31309  -0.047322  0.028376  0.59163   0.24845   0.28965
 -0.835    -0.49001   0.26143  -0.35097  -0.23938   0.59991  -0.39568
 -0.93191  -0.35154  -0.026996  0.077901 -0.8071   -0.054809 -0.12646
 -0.22781   0.15092   0.53129   0.19845   0.25687  -0.81879  -0.32129
 -0.58072  -0.19712   0.30336   0.026172 -0.31895   0.071309 -0.1042
  0.36371   0.35128 ]"
confine,"[-0.42726   -0.36718   -0.21855    0.62717   -0.70812    0.69291
 -0.67714   -0.1132     0.38988    0.31371   -0.27147    0.1415
  0.064264   0.0040017  0.0038187  0.11811   -0.083743   0.28515
 -0.13873   -0.0737     0.15044   -0.60508   -0.0050807 -0.13245
 -0.66782   -0.21423   -0.55046   -0.013932   0.23516    0.079305
 -0.10811   -0.28467   -0.22389    0.39202   -0.40629    0.25366
  0.16006   -0.55668   -0.42759   -0.070344  -0.082275   0.20833
 -0.11753   -0.36611   -0.26039    0.21442    0.17716    0.12311
 -0.095806  -0.24206    0.059964   0.23411   -0.12219    0.15457
 -0.1911     0.5263     0.28451   -0.95197    0.24674   -0.42932
 -0.068788   0.082187   0.33164    0.42136    0.70634    0.60598
  0.82704    0.36562   -0.2864    -0.017187   0.41755   -0.78461
  0.2526    -0.14562   -0.2171    -0.50843   -0.048252   0.072474
  0.39257   -0.12175   -0.23633   -0.052988  -0.24347    0.6681
 -0.16208    0.37609    0.2704     0.93409   -0.068954   0.3172
 -0.28815   -0.012665   0.36299   -1.1588     0.022998  -0.60973
  0.028791   0.10354   -0.22849    0.38103  ]"
teutonic,"[ 1.3512e-02 -8.4036e-01  3.1249e-01  6.8855e-01 -9.8937e-01  6.3049e-01
 -2.9026e-01 -1.1330e+00 -3.1697e-01  6.1206e-01 -6.2827e-01 -3.6898e-01
 -8.6151e-02  2.8421e-01 -4.3992e-01 -2.1785e-01  5.4045e-01  3.0434e-02
 -1.6425e-01  1.2434e-01 -5.7802e-01 -5.4117e-01 -2.0623e-01  2.2791e-01
  7.6271e-01 -9.3344e-01 -4.1841e-01  3.6617e-01 -3.9593e-02 -9.1390e-01
 -1.0188e-01 -5.7527e-01 -2.1745e-01 -1.0375e+00 -7.2106e-02 -3.5304e-01
 -1.0405e-01 -7.3700e-01  8.2078e-01  5.6211e-01 -1.9456e-01  5.6524e-02
  1.3535e-01  2.6969e-02 -4.9502e-01 -6.0859e-01  6.9110e-01  6.2340e-01
  1.3157e+00  5.5953e-01 -3.2923e-01  1.6279e-01  5.0970e-01  1.3626e-01
 -1.2594e-01  2.5194e-01  2.6042e-01  1.1748e-01 -3.9529e-02  2.9385e-01
  4.3756e-01  3.9544e-01 -1.0402e+00  4.9325e-01  3.8092e-01 -5.3085e-01
 -5.0231e-01  5.6048e-01  2.6770e-01 -2.1853e-01 -1.8144e-01 -7.9125e-01
 -2.6875e-01 -1.4138e-01 -3.1042e-01  4.8778e-01  5.9259e-02  3.6302e-01
 -5.4584e-03  4.2082e-01  1.0131e-01  7.0666e-04 -2.8158e-01  1.3155e+00
  1.2211e-01  8.1376e-01 -1.2279e-01 -5.6416e-01  6.9414e-01  3.8643e-01
 -7.0758e-01 -6.0209e-01 -1.7529e-01  7.5951e-01  4.2509e-02 -8.4239e-01
 -1.9973e-01 -4.3404e-02 -2.3120e-01 -2.9799e-01]"
zucchini,"[-1.4376e-01  8.6814e-01 -7.2189e-01 -4.4080e-01 -4.4437e-01 -2.3304e-02
  5.1085e-01 -9.2161e-02  4.6106e-01  6.7256e-01  2.8466e-01  7.4449e-01
  2.9814e-02  9.3802e-01  4.3846e-02  3.2241e-01 -3.0389e-01  3.0444e-01
  2.5952e-01  1.8270e-01 -1.4778e+00  1.6869e-01  3.7366e-01  3.5489e-01
  7.5486e-01  1.0021e+00 -6.3909e-02  3.5347e-01 -5.9882e-01 -1.4357e-01
 -9.7952e-01  3.1792e-01 -1.4890e-01 -1.4879e+00 -4.0346e-01  5.1345e-01
 -1.3135e-01 -1.5628e-01  5.5753e-01 -2.8087e-01  6.8849e-01 -1.4548e+00
 -7.2810e-01 -3.4716e-01  3.3450e-01 -4.8830e-01  3.7498e-02  5.8523e-02
  2.2740e-01  5.4144e-01 -2.4537e-01 -2.7869e-01  2.4374e-04  7.5039e-01
 -1.3027e+00 -1.6506e-01  4.9812e-01  4.2880e-01 -6.3331e-01  1.9406e-01
  4.6642e-02  1.0830e+00  9.5923e-02  1.8159e-01  5.0715e-01 -8.8494e-01
  4.0008e-02  9.7438e-02 -5.4786e-02 -1.3839e-01  3.8358e-01 -1.3150e-01
  2.6314e-01  2.4887e-01 -3.0994e-01  9.8115e-01 -6.5437e-01  2.1546e-01
  1.1689e+00  5.8478e-01  1.1602e+00 -8.6901e-01 -4.1404e-01 -6.0614e-02
  4.6140e-01 -5.6083e-01 -1.8986e-01  5.6868e-01  6.8446e-01  5.8545e-01
 -1.3513e-01  4.8224e-01 -4.9908e-01 -6.2565e-01 -7.1105e-01 -8.2037e-01
  4.2351e-01  5.5313e-02 -4.3394e-01  3.4864e-01]"
southgate,"[ 0.033676 -0.047554  0.42951  -0.58841  -0.3335    0.14711   0.050316
  0.90148  -0.3051    0.45269   0.52205  -0.37766  -0.12397  -0.56007
  0.41626   0.52714   0.030441  0.76683  -0.53709   0.3548    0.15097
 -0.013295  0.20906  -0.35683   0.38565   0.027785  0.29159  -0.24674
 -0.68286   0.60063  -0.26388  -0.011428 -0.76503  -0.19975   0.25472
  0.73275  -0.057996  0.84361   0.083541 -0.69543  -0.06287   0.21797
  0.72551  -0.03926   0.016357  1.0248    0.28174   0.35331   0.88051
  0.57309   0.53833  -0.22696   0.16598  -0.39144  -0.05811  -0.6759
 -0.25369  -0.40543  -1.1387   -0.74622   0.58585  -0.32999  -0.25177
  0.65326  -0.40088  -0.46596   0.53061   0.50837  -0.15392  -0.59649
 -0.14737   0.38353   0.095688 -1.1597   -0.057853 -0.73173   0.59152
  0.80757  -0.14503   0.20084  -0.21055   0.12419  -0.10516   0.25484
  0.30415   0.14293  -0.44118   0.81608   0.14089   0.084773 -0.78442
 -0.16393  -0.31533   0.63892  -0.46076   0.44373   0.96954   0.57773
 -0.1005   -0.1532  ]"
chromium,"[ 0.2184     0.92868    0.63068    0.039403   0.03291   -0.67787
 -0.59566   -0.17137    0.53967    0.30584    0.13717    0.099828
 -0.91949    0.097116   0.11383    0.043495   0.80433   -0.35847
 -0.33571    0.028134  -0.014051  -1.1995    -0.94       1.8311
 -0.0026337  0.085488   0.82745    0.24088   -0.066005  -0.28215
  0.009372  -0.38464    0.17604   -0.40287    1.3214    -0.15574
  0.39431    0.63492    0.39793    0.70018    0.6377    -0.17728
 -0.61742   -0.54828    0.61059    0.11178   -0.79764   -0.004761
 -0.20399   -0.50509   -0.084084  -0.15532   -0.89958   -0.25316
 -0.44021    0.33266   -0.54132   -0.61716    0.070546   0.33485
 -0.25566    0.29081   -0.087709   0.93264    0.5979    -0.27788
  0.89777   -0.54443    0.12077   -0.62073    0.23756   -0.023692
  1.3296     1.7521    -0.2803    -0.50859    0.42411   -0.23352
 -0.37121   -0.61268    0.39256   -0.10511   -0.47904    0.68261
  0.30426    0.53079    0.67167    0.0062986 -0.65282    0.39674
 -0.22526   -0.48429   -1.0677     0.69878    0.50736   -0.59628
 -0.86999   -0.73214    0.315     -0.17863  ]"
deactivated,"[-0.56434   -0.53558   -0.013745  -0.24297   -0.51274    0.33219
  0.70488   -0.042704   0.51423    0.39675    0.79412   -0.0097659
  0.31078    0.082324   0.45382   -0.30013    0.57846    0.58906
  0.0089615 -0.94937    0.29877   -0.85847    0.42374    0.39591
 -0.13757   -0.24539   -0.267      0.73339    0.39641    0.69475
  0.23687   -0.1812    -0.53131    0.58245    0.012297  -0.25045
 -0.53983   -0.57011    0.078111  -0.24005    0.58207    0.16776
  0.6737    -0.085884   0.24616    0.58989    0.55331    0.42089
 -0.24669   -0.34618    0.1907     0.075321  -0.35053    0.13216
 -0.40399    0.27873   -0.51595   -0.55426    0.34751    0.16855
  0.10629    0.84502    0.16915    0.57778    0.16528   -0.43694
 -0.26193    0.050355   0.10211    0.68179    0.38339   -0.40256
  0.38357    0.31025   -0.56059    0.08105    0.28089    0.31658
  0.075987   0.12328   -0.038213  -0.52967   -0.89716    0.69107
  0.37487   -0.067154   0.90793    0.039223  -0.72729    0.31262
 -0.7887     0.27403   -0.11761    0.73615   -0.0029565  0.15498
  0.44466    0.14324   -0.41103   -0.27097  ]"
keiko,"[ 0.5441     0.16457    0.35895    0.1838    -0.29923   -0.22354
  0.7017    -0.80001    0.13602   -0.79275   -0.18578    1.4044
 -0.20364   -0.15499    0.41087    0.32868    0.73879    0.086686
  0.33802    0.31204   -0.68709    0.54763    0.35666    0.63369
  0.24839    0.64702   -0.86079   -0.24156   -0.13558    0.047947
  0.034321   0.70933    0.073399   1.8574     0.53554    0.39364
  0.77681    0.51482   -0.053699  -0.52456   -0.081136  -0.23857
 -0.13775   -0.081281   0.18914    0.14294    0.39497   -0.62345
  0.19581    1.0371     0.28318   -0.11089    0.072735  -0.16355
 -0.16023    0.39822    0.022595  -0.0502    -0.29351   -0.13426
 -0.070642   0.99647   -0.19087    0.20479    0.37792    0.99792
  0.063261   0.22723    0.15942    0.065595   0.62121   -0.62681
 -0.34485   -0.0024068  0.087901   0.58101   -0.55305   -0.035189
 -0.30613   -0.94773    0.29844    0.26217    0.11895    0.19332
  0.40189    0.14374    0.39641    1.2522    -0.099098  -0.37292
  0.98184   -0.46743    0.38752    0.32958    0.35278   -0.87928
  0.40033    0.4365    -0.47556    0.005242 ]"
feith,"[-0.94956  -0.55296   0.76448  -0.66772  -0.26956  -0.32101   0.80096
 -0.8248    0.44753   0.059793  0.2506   -0.69695  -0.14232   0.73069
 -0.22083   0.33296   0.4627    0.34013  -0.83482  -0.51436  -0.25229
  0.03504   0.52411  -0.23572  -0.31238  -0.51905  -0.24495   0.53565
 -1.2643   -0.35373  -0.31755  -0.42846  -0.13823   0.23276  -0.22967
  1.1674    0.83194   0.69908   0.08258   0.097047 -0.61721   0.35743
  0.22532   0.98001  -0.37668   0.21411  -0.77672  -0.81591  -0.47185
 -0.27892   0.77524  -0.72138  -0.48411  -0.12688  -0.60583   0.065592
  0.48601  -0.39156  -0.56037   0.28838   0.027281 -0.45375   0.70505
 -0.42841  -0.69582  -0.39772   0.29593   0.74706  -0.58732   1.0404
 -0.16941  -0.35923   0.6394   -0.45993  -0.50065  -0.88482  -1.3353
  0.48484   0.085007  1.4588   -0.11121   0.34618   0.49261   0.14483
  0.24179  -0.54153   0.45874   0.027449 -0.29312  -1.0231    0.38088
 -0.21722   0.23572  -0.095797  0.93557  -0.1847   -0.24841   0.17414
 -0.21331   0.052373]"
gusty,"[-1.049     -0.37622    0.27138   -0.058402   0.059721  -0.26089
  0.62119    0.42641   -1.9968    -0.0096365 -0.22774    0.28914
  0.37835   -0.69385    0.43959   -0.73401   -0.47585   -0.83844
 -0.39015   -0.023798   0.24487   -0.10804    1.0709     0.41105
 -0.51002    0.53131   -0.56087    0.38801    0.085974   0.10909
 -0.52011   -0.5794    -0.12349    0.15782   -0.60821    0.073587
  0.71248   -1.4911     0.44803    0.19359   -0.58027    0.34029
 -0.19115   -0.24126    0.59065   -0.43542    0.51706   -0.073167
  1.4309     0.18041   -0.12674    0.39518    0.012954  -0.80097
  0.9389    -0.090659   0.37984    0.45647    0.19316   -0.053298
  0.13747    1.0348    -0.67405    0.52106   -0.46361   -0.43397
  0.7801    -0.25024    0.50948   -1.3748     0.1782    -0.59817
  0.20204   -0.335      1.0678     0.31618    0.4697    -0.71872
  1.1067     0.96235    0.021436  -0.27999   -0.98322   -0.0058966
  0.27245   -0.26102   -0.018075   0.67055   -0.21808    0.023693
  0.55087   -0.56902   -0.87095    0.076478  -0.14645    0.37824
  0.068024   0.20211    0.70504    0.43008  ]"
blueberry,"[-0.54079    0.096334   0.075781  -0.053638   0.33688   -0.023761
  0.50796    0.10933    0.20939   -0.49687   -0.75037    0.29782
 -0.086855   0.11312   -0.51988    0.56269    0.7898    -0.51779
  0.54343    0.50926   -0.5879     0.79943    0.35527   -0.21882
  0.19058    1.1275     0.33676   -0.11495   -0.52755   -0.11626
  0.039486   0.13155    1.1436    -0.41846    0.16742    1.1246
  0.067153   0.19059    0.86738   -0.70867   -0.28626   -0.50995
 -0.50263    0.20184   -0.15019    0.29803   -0.16533   -0.53544
  0.52145   -0.16726   -1.1456    -0.55576   -0.19378    0.28448
 -0.49275    0.2595     0.84019    0.63029   -0.42607    0.44468
 -0.015087   0.79964   -0.17796   -0.43713   -0.18136    0.0093018
  0.046924  -0.43346    0.5764    -0.58835   -0.30145   -0.014314
  0.4248    -0.65557   -0.56846    1.2788     0.58647   -0.47448
 -0.22284    0.62636    0.0018845 -0.47526    0.12816    0.29476
  0.24739   -0.037126   0.8406     0.25754    0.64505    0.23741
 -0.38831    0.6847    -1.0534     0.212     -0.88731   -0.75467
 -0.0275    -0.34299    0.40361   -0.37891  ]"
goalscorers,"[-0.55954   0.59245   0.15957  -0.72503  -0.40654   1.1347    0.89567
 -1.9179   -0.36026   0.68336   0.2275   -0.24438  -0.036165  0.049896
 -0.80467   0.78595   0.42364  -0.71806  -0.31659   0.43166  -0.557
  0.50677   0.042144  0.31646  -0.012699 -0.50985   0.60868   0.54008
  0.32676  -0.34956   0.058729 -0.36764  -0.59341  -0.38319   1.1579
  0.58543  -1.3069   -0.34877  -0.71204   0.15643   0.16786   1.0059
 -0.47326  -0.63947   0.91769   0.003925 -0.28573   0.44818   0.092572
  0.2402    0.89193   0.067081 -1.3788    0.22863  -0.21746   0.63986
 -0.64586   0.71426  -0.95999   0.71131  -1.4466    0.39548  -0.56038
 -1.4637    0.1697   -0.10481  -1.1768    0.25626   0.13415  -0.86042
  0.098472  0.28355   0.59167  -0.29108   0.21686   0.47581  -0.72286
 -0.97503  -0.047149 -0.59808   0.37318  -0.80829  -0.32896   0.016217
  0.16871  -0.1731   -1.9605   -0.77455  -0.48912   0.41204  -0.12642
  1.3672   -0.65928   0.68348   0.08563   0.19419  -0.079115  0.17101
  1.1182    0.59951 ]"
ru,"[ 0.42279   0.57855   0.73897   0.44193  -0.69064   0.42818   0.096932
  0.15517  -0.32765   0.25877   0.53786  -0.70714  -0.24169  -0.053355
  0.9092   -0.044836  0.4844   -0.27085  -0.67586   0.4141    0.48113
  0.39411  -0.20354   0.96642  -0.77768  -0.11246  -0.72626   0.24611
 -0.32772   0.023278 -0.30831   0.50656  -0.28235   0.24358   0.37904
 -0.5539    0.43686   0.17009  -0.1516   -0.56961  -0.042305  0.076732
  0.057392 -1.0993    0.65084   0.35314  -0.64504   0.13194   0.1231
 -0.057094  0.51623   0.10447  -0.57575   0.054706 -0.73005   0.16169
  0.28346   0.50315  -1.2653   -0.12738   0.10738   0.05227  -0.71987
  0.66176  -0.40771  -0.043496  0.17355   0.28011   0.96298   0.15393
  1.0516    0.12414   0.37979  -0.78782   0.10352  -0.97413   0.20974
  0.044801 -0.034245 -0.85715  -0.13153  -1.397     0.95777  -0.42087
 -0.40621   0.64011  -0.80095   0.22156   0.54793   0.6134   -0.069495
  0.75784  -0.024171  0.70624   1.4676   -0.027376 -0.44447   0.22169
  0.16976  -0.42992 ]"
mein,"[-0.35542   -0.92387    0.17668   -0.29851   -0.27669    0.06674
  0.80199   -0.15833    1.0691     0.1625    -0.35706   -0.096843
 -0.79867    0.78477    0.37493    0.33099    0.58402    0.20849
 -0.51779    0.15662    1.394      0.28519   -0.34453    0.18632
  0.69602    0.60539   -0.022141  -0.21512    0.13956    0.089372
 -0.71264    0.024044   0.46284    0.2953    -0.24808    1.1632
  0.99564    0.25613   -0.57197   -0.87979   -0.16898    0.50201
 -0.06256    0.86688   -0.035787  -0.070897  -0.19493   -0.7512
  0.065811   0.37132   -0.48313    0.52254    0.96518    0.33793
 -0.81766    1.0544     0.96628    0.80349   -0.24252   -0.4171
  0.77327   -0.016091  -0.67687    0.41471    0.14457    0.28821
  0.50187    0.16628   -0.10664    0.21531   -0.44538    0.097071
  0.21014    0.19768   -1.083      0.37712   -0.28508    0.72867
 -0.066004   0.78595    0.0039617 -0.20379   -0.59439    0.26511
 -0.5418     0.34127   -0.13173   -0.8964     0.80465    0.36176
 -0.32646    0.9455     0.98269    0.41195    0.55974   -0.94121
  0.75356   -0.48218   -0.64664    0.57652  ]"
tampered,"[ 0.088901  -0.080194   0.45206   -0.13783   -0.32966    0.41181
  0.84054    0.14142    1.0716    -0.093717  -0.13592    0.64463
  0.57507    0.11486    0.18676    0.4183     0.63347    0.46154
 -0.025608  -0.24726   -0.28384   -0.12573    1.0018    -0.22046
 -0.22821   -0.77652    0.046387  -0.1986    -0.43634   -0.30071
  1.151     -0.22773   -0.42656    0.72204    0.87339   -0.23102
 -0.087654  -0.29339   -0.33341    0.26251   -0.35774   -0.068451
  0.37198   -0.11498   -0.66307    0.061579  -0.065883  -0.65996
 -0.11877   -0.94905    0.33675    0.67633    0.1849     0.1716
 -0.25948    0.45859    0.22509    0.57039   -0.042496   0.09497
 -0.4584     0.17113    0.15818    0.59891   -0.1133    -0.33456
  0.61705   -0.22437   -0.1142    -0.17905   -0.13136    0.22789
  0.92836   -0.36825    0.024534   0.17225    0.24675   -0.061456
 -0.15969    0.6298    -0.070045   0.29671   -0.14356    0.29233
 -0.064944  -0.43475    1.1578     0.74237   -1.0415     0.33589
 -0.18665   -0.36285   -0.37639   -0.12194    0.74918    0.022283
  0.092923  -0.0021492 -0.12325   -0.11864  ]"
unprovoked,"[-0.3819    -0.65205   -0.26141    0.32888   -0.58162    0.86415
  0.27572    0.77454    0.044191   0.68421   -0.18763    0.044334
  0.22839   -0.47597    0.51198    1.0941    -1.0949     0.12637
 -1.4966    -0.049247   1.4985    -0.18615    0.21372   -0.2984
  0.29971    1.2682     0.14269    0.64855   -0.59042   -0.44299
 -0.12812    0.65084   -0.19738   -0.010949   0.14121   -1.2736
 -0.32095   -0.4814     0.55097   -0.3037    -0.38445    1.4854
 -0.21351    1.0627     0.61891    0.19062    0.072599   0.45896
 -0.4581    -1.0899    -0.27465    0.19713    0.36328    0.158
 -0.18396   -0.08839    0.66359   -0.86654    0.13827   -0.4184
 -0.61129    0.007454   0.51741    0.6759    -0.19718   -0.29865
  0.55928   -0.45529   -0.58318   -0.19108   -0.50007   -0.71924
  0.65801   -0.032807   0.022507  -0.018056   0.39553    1.1535
 -0.90388   -0.056984   1.0066    -0.16958    0.36015    0.76592
 -0.043837  -0.77847   -0.20353    0.11289   -0.23564    0.0038494
 -0.17845    0.27373   -0.3663     0.62227    0.60552   -0.34962
 -0.31538    0.12558   -0.5327    -0.2468   ]"
roscoe,"[-0.14924   -0.4095    -0.14493   -0.64604   -0.14034   -0.54861
  0.021512  -0.09046    0.0060738 -0.093121  -0.2932    -0.017801
 -1.2499    -0.36923    0.52708   -0.098956   0.087339  -0.30584
 -0.49258    0.18157    0.25198    0.63472    0.44787   -0.92992
  0.41943    0.70113    0.111     -0.086458   0.054116   0.55558
 -0.1307     0.58983    0.36225    0.85711    0.2225     0.34074
  0.09366    0.76418   -0.0075311 -0.50141   -0.17243   -0.63293
 -0.34284    0.43451    0.03124   -0.30243   -0.27848   -0.39305
  0.50347    0.52305    0.080414  -0.43054    0.33423   -0.24276
 -0.13565   -0.26348    0.4371    -0.12218   -0.70274   -0.94815
 -0.074981   0.53625    1.2525     0.43556    0.28023   -0.17499
  0.66549    0.23596   -0.26904    0.080162  -0.45329   -0.27599
 -0.43909   -0.0028488  0.063755   0.55185   -0.49597    0.44949
 -0.06137   -0.32404   -0.18036   -0.16843    0.44824    0.012415
  0.66498    0.34968    0.092059  -0.45308    0.17084   -0.29333
 -0.72246    0.015621  -0.49645    0.13185    0.019593  -0.59979
  0.7226    -0.40869   -0.68307   -0.51232  ]"
thronged,"[-0.21977    0.58837   -0.50825    0.17082    0.06724    1.548
 -0.88826    0.5031     0.30479   -0.40276   -0.41858    0.44008
  0.62079   -1.0386    -0.34293   -0.39343    0.83308    0.064693
  0.20877   -0.5697     0.716      0.13287    0.36178   -0.33054
  0.063502  -0.42962    0.38514    0.58452    0.45441   -0.2806
  0.45481   -0.34696    0.15456    0.8283     0.17956   -0.17744
  0.26966    0.28609   -0.18161   -0.0020852  0.19891   -0.34754
  0.20164    0.37069    0.32274   -0.032633   0.12158    0.72401
  0.56756    0.45514    0.27247   -0.39311    0.78104    0.12566
 -0.65276   -0.13226   -0.38201    0.41681   -0.37598   -0.58817
 -0.34973    0.44317    0.77665    0.061774  -0.81516    0.33551
  0.12688   -0.62727    0.030601  -0.62335   -0.18249   -0.65076
 -0.28485   -1.0439    -0.59695    0.23684    0.42572    0.30628
  0.39532   -0.31747    0.89004    0.35224   -0.45866   -0.026109
 -0.19111   -0.26023   -0.60944    0.18111   -0.54127   -0.26409
  0.97109   -0.09911   -0.0075168 -0.65233   -0.72423   -0.32132
  0.3283     0.68073    0.1251     0.56533  ]"
outlooks,"[ 0.10212    0.37413   -0.26977   -0.1535     0.11612   -0.67138
 -0.35999   -0.99012   -0.6973    -0.055849  -0.27072    0.25277
  1.0072    -0.50902    0.33642   -0.056079  -0.22873   -0.071438
  0.89991    0.54581    0.15358   -0.62491    0.0074527  1.7146
 -0.90179   -0.2297    -0.20963    0.65355   -1.2016    -0.055208
  0.76261   -0.41923   -0.74593   -0.44005   -0.17931    0.39119
 -0.6582     0.0068097 -0.54278   -0.38148   -0.23601   -0.35479
 -0.812      0.68623   -0.32208   -0.44891    0.33853    0.058674
  0.23642   -0.85371    0.051466   0.13701   -0.7814     0.11381
  0.20401   -0.19856    0.95634   -0.039179  -0.0098579  0.40188
 -0.5669    -0.106     -0.68274    0.11398   -0.67053   -0.16098
 -0.16938   -0.29203    0.21597   -0.72566   -0.22012    0.29244
 -0.01434   -1.0068    -0.20378    0.36642    0.36635   -0.11633
  0.43431   -0.75344   -0.031573  -0.11822   -0.81299    0.66761
 -0.23787   -0.68285   -0.66997   -0.63109   -0.14818   -0.50523
 -0.4684     0.54892   -0.60466   -0.5428    -0.1814     0.38858
  0.23856    0.070874  -0.25745    0.62976  ]"
glaser,"[ 0.20032   -0.22228   -0.0075436 -0.31294    0.5344    -0.89999
 -0.37942   -0.27288    0.22225   -0.17954   -0.16326   -0.17772
  0.33249    0.98996    0.5046     0.2401     0.21559   -0.60464
 -0.46876   -0.44152   -0.36793   -0.25073    0.24447    0.53234
 -0.63747    0.71672    0.27645   -0.082658  -0.3403     0.39141
  0.23609    0.8024     0.013744   0.70241   -0.57772    0.27491
 -0.048424   0.54819    0.43018   -0.29988    0.19563    0.54804
 -0.33359    0.59692   -0.15826    0.73295   -0.15222   -0.76558
  0.069782  -0.093305   0.097638  -1.0755    -0.19827   -0.29761
 -0.37993   -0.26124   -0.11239    0.012298  -0.87863   -0.021297
 -0.070122   0.20965    0.50706    0.12292   -0.68986    0.25244
 -0.21287    0.79798    0.19391   -0.11717    0.075381   0.1837
  0.018389  -0.19946    0.41987    0.042654  -0.61961    0.52003
 -0.3117    -0.19553    0.13812   -0.1607     0.31014   -0.10494
  0.063753   0.74822   -0.45552    0.12615   -0.83205   -0.80452
  0.2551    -0.21117    0.56989   -0.6731     0.20726   -0.37435
  0.56122   -0.49123   -0.61421    0.59327  ]"
barrera,"[ 0.72643   -0.61674    0.59051   -0.38538    0.19902   -0.26079
 -0.061898   0.58259    0.21062   -0.13964    0.44152    0.02701
 -0.83071   -1.1146     0.0040049  0.55497   -0.37328    0.058504
  0.29867    0.051713   0.48777   -0.039075   0.5316     0.62537
  0.20165   -0.13563    0.11046   -1.0415     0.82911    0.41941
 -0.49863   -0.41214    0.14186    0.29691    0.36362    0.024005
 -0.12722    0.71148    0.17935    0.69942    0.32269   -0.3913
  0.040607  -0.64658   -0.050732  -0.19891   -0.64851   -0.21834
  0.1547     0.46903   -0.44137    0.1574    -0.22941    0.24721
  0.1244     0.28754    0.52837   -0.087198  -0.89318    0.55069
 -0.25911    0.23245    0.37516   -0.63421   -0.42331   -0.062901
  0.41229    0.11159   -0.64762   -0.067057   0.47214   -0.035205
  0.59092    0.5414     0.30137   -0.73291   -0.94109    0.039474
 -0.36642    0.83194    0.22648   -0.91151   -0.53556   -0.58808
  0.13184   -0.45319   -0.35928   -0.033208  -0.72585   -0.76958
 -0.18926   -0.8571    -0.25448    0.63433    0.15805   -0.59943
  0.41412   -0.20865   -0.16621   -0.071184 ]"
wailed,"[ 9.6044e-02 -9.9947e-04 -4.5127e-01 -3.8300e-01 -9.4585e-02  1.5777e+00
 -1.0701e+00 -1.6248e-02  7.5922e-01  2.7134e-01  1.8387e-02  4.1387e-01
 -4.5585e-01  2.3656e-01 -8.6306e-02 -6.6074e-01  2.1245e-01  3.2269e-01
 -7.3318e-01 -2.3662e-02  3.3121e-02  1.1163e+00  2.5529e-01  7.9504e-01
  6.3653e-01  5.4670e-01 -3.6550e-01  7.0122e-01  6.9604e-01  1.9570e-01
  6.9570e-01 -5.7114e-01  3.3625e-01  8.3503e-01 -7.1714e-01  1.9095e-02
  2.0653e-01  6.3354e-01  1.0732e+00  3.9768e-02  3.6191e-01 -3.5547e-01
 -9.2738e-01  4.5442e-01  7.6866e-02 -4.5100e-02  4.1489e-01  9.1520e-01
  1.8373e-01 -5.5604e-02 -3.0425e-01  3.9471e-01 -8.9244e-02  7.9051e-01
 -2.1952e-01  2.2431e-01  3.3514e-02  4.5428e-01 -8.3751e-01  8.6816e-01
  3.3343e-01  4.3656e-01  7.2813e-01 -3.6925e-03 -9.6624e-01  3.2629e-01
  1.0835e-01 -2.2854e-01 -3.7504e-01  3.7062e-01  1.5413e-01 -1.1454e+00
  1.5633e-01 -3.1382e-01  1.1004e+00  1.2706e+00  6.3488e-02 -3.5257e-01
  1.6657e-01 -1.1253e+00  7.4011e-01 -7.0391e-01  4.4574e-01 -1.1942e-01
 -7.3833e-01 -5.7053e-01  1.5522e-01  3.8741e-02 -3.9614e-01  1.8922e-01
  8.0316e-01  3.2604e-01  3.3775e-01  6.8476e-01 -3.6528e-01  3.8276e-01
 -2.0544e-01  2.3293e-01 -6.9753e-01  6.8175e-01]"
taher,"[-0.88326   -1.1091    -0.45016   -0.5701     0.21828   -0.38512
 -0.065657  -0.60291    0.9785     0.54231    0.14297   -0.26907
  0.86757   -0.41854    1.0798     0.39119   -0.83998   -0.29963
 -0.99051    0.39671    0.49541    0.5597     0.16875   -0.1312
 -0.6359     0.084904  -0.56723   -0.24732   -0.32944    0.24127
  0.5566    -0.042576  -0.10835    0.51819   -0.42609    0.048763
 -0.26408    1.0089    -0.57436    0.14785    0.7257    -0.24978
  0.13151    0.83716   -0.43743    0.073464   0.10337    0.27053
 -0.16546    0.031425  -0.083435  -0.29322    0.5244     0.28575
 -0.8787     0.45949   -0.17371    0.55882   -0.54671    0.086193
 -0.6585    -0.86836    0.37419   -0.012385  -0.069015   0.056007
  0.37651   -0.50203   -0.97106    0.65423    0.34105   -0.84343
 -0.09931   -0.52182    0.42308    0.32911    0.1393    -0.6883
  0.18502    0.32246    0.25077   -0.6277     0.92528   -0.63096
  0.41544   -0.083804   0.0053339  0.048351   0.83795    0.020573
  0.20338    0.18472    0.39782   -0.25014   -0.26455    0.10539
  0.035483  -1.1134    -0.2128    -0.42586  ]"
kites,"[-0.39919   -0.19842   -0.02519   -1.3239     0.16646    0.4374
 -0.14679   -0.64915   -0.8528     0.39707   -0.29649   -0.33364
  0.73967    0.3435    -0.0055132 -0.50174   -0.23721    0.36272
  0.3855    -0.64089   -0.059909  -0.064415   0.2455     0.22555
  0.93758    0.40622   -0.26061    0.38314   -0.23931   -0.16851
 -0.93045    0.2289    -0.12431    0.18523    0.024504   0.42808
 -0.098985   1.1336     0.019396  -0.85759   -0.25368    0.56516
 -0.8501     0.047544   0.30964   -0.31448    0.50647    0.32362
  0.035168   0.40462   -0.23199    0.59497    0.61208    0.7057
  0.40568    0.17066    1.0735     0.50015   -0.25126   -0.44202
 -0.33248    0.54454    0.17654    0.43494   -0.95573    0.78722
  0.21507    0.2222    -0.65602   -0.18085   -0.42629   -1.5381
  0.42068    0.53858   -0.58831   -0.0047265  0.43675    0.64868
  0.43411    0.85478    0.32842   -0.45963    0.17965    0.25043
 -0.035875   0.040424   0.76474   -0.79989   -0.31283    1.1289
 -0.62237   -0.43985    0.15131   -0.96968   -0.81232   -0.92925
 -1.0408     0.015155   0.39233   -0.46271  ]"
embittered,"[-0.24071    0.1464     0.46067   -0.17806   -0.69848    0.79761
 -0.23163   -0.29251    0.92432    0.12857   -0.76653   -0.057437
  0.60201   -0.75111    0.11494   -0.25988   -0.075578  -0.67955
  0.37952    0.54455    0.50112   -0.015371   0.27918    0.3981
  0.77432   -0.32378   -0.16621    0.20359    0.47091    0.0048101
  0.21361    0.1486     0.24843   -0.4261    -0.63037    0.24849
  0.31814    0.36249    0.22565    0.16161   -0.43223    0.0073164
  0.20588   -0.15736   -0.017517  -0.19948    0.72029    0.98034
  0.43247    0.32648   -0.34382   -0.4905     0.10999    0.52059
  0.060507   0.046535   0.40771   -0.59638   -0.62411   -0.042777
  0.37556   -0.083401   0.32694    0.18516   -0.022987  -0.55116
  0.7568     0.37133    0.16826   -0.021638   0.44769   -0.18577
 -0.26095    0.1075    -0.32881    0.095307  -0.11009    0.065292
 -0.22737   -0.46598    0.1627     0.57548    0.32378    0.49028
 -0.49853   -0.11924   -0.046013   0.46311   -0.94806   -0.93906
 -0.42318    0.064003  -0.26581    0.22277    0.19855   -0.22675
 -0.018519   0.33268   -0.40245    0.16032  ]"
0.82,"[ 1.3205    0.62093   0.43054   0.080497  0.13763  -0.54051  -0.045219
  0.10859   0.62782  -0.12632   0.071214  0.14118  -1.2282   -0.757
  0.64191  -0.29299  -0.66391  -0.85139   0.58799   0.97376   0.62728
 -0.16116   0.3042    0.48905   1.411    -0.44788  -0.10195   0.064037
 -0.10244  -0.37968  -0.41928  -1.1792   -0.66657   0.26438  -0.21502
  0.50354   0.75743   0.070187  0.044015  1.1745   -0.82868  -0.61277
 -0.81302   0.43864  -0.92632  -0.22686  -0.36343   1.0774   -0.14715
 -1.3261   -0.74685  -0.023075  0.5907   -0.061959 -1.0119    1.0302
 -0.4588   -0.26127   0.33276   0.7229   -0.31914  -0.60268  -0.31179
  0.84593  -0.65639  -0.82836  -0.039956 -0.59011   1.0675    0.33081
 -1.5057   -0.19004  -0.22013  -0.1469   -0.46182   0.31511  -0.44455
 -0.77431  -0.10901  -0.59989  -1.2106    0.25607  -0.081241  0.81719
  0.10979   0.1734    0.027412  1.4115    0.85952   0.58678  -0.17633
  0.58288  -0.09304   0.077591 -0.40524  -0.33512  -0.38975  -0.75472
 -0.27279  -0.2369  ]"
roenick,"[ 0.89327  -0.31247   0.11195  -1.3944    0.2428    0.34104  -0.50795
 -0.71728  -0.23486  -0.43716  -0.42381  -0.20788   0.7372   -0.41853
  0.48677   0.2979   -0.51959   0.53287  -0.67965  -0.20922   0.17928
  0.39365  -1.0321   -0.048028  1.1023    0.21367   0.34886  -0.28075
 -0.40861   0.14363  -0.9846    0.60299   0.48003  -0.047924 -0.033433
 -0.36942   0.003131  1.3822   -0.36012  -0.095404  0.75601   0.253
  0.16307   0.032713 -0.24289  -0.12977  -0.72429  -0.95472   0.89951
  0.26002   0.40162  -0.027702 -0.77193  -0.58027  -0.081443 -0.024916
  0.5399   -0.15214  -0.64916   1.1901   -0.27068   0.13382  -0.066143
  0.062733 -0.72116  -0.010088  0.60135   0.57032  -0.30762  -0.10197
 -0.50195  -0.53929   0.66666  -0.12591   0.19092  -1.0801   -0.21241
 -0.11688  -0.5939    0.15146  -0.40437   0.35078  -1.2163    0.20893
 -0.17778   0.087462  0.85916   0.3326   -0.31084   0.46362  -0.26641
  0.17548  -0.40862  -0.20826  -0.2349   -0.83494   0.65335   0.58006
 -0.44553  -0.08335 ]"
absences,"[ 0.20866   -0.032485  -0.21141   -0.39979   -0.84487    0.2428
 -0.34113    0.68618   -0.44999   -0.003445  -0.40022    0.33414
  0.3625     0.072714   0.17773   -0.27565   -0.37613   -0.13268
  0.33863    0.24101   -0.29704    0.36077   -0.4948     0.94651
  0.37362   -0.67066   -0.50449   -0.039767   0.32452   -0.18035
 -0.42101   -0.63248   -0.0020809 -0.057549  -1.1404     0.83566
  0.15333    0.10001   -0.68643    0.19061   -0.33318    0.59021
  0.47338    0.23469    0.30787    0.07494    0.38042   -0.40105
  0.30299   -0.15246    0.61294   -0.53779   -0.12621    0.029052
  0.81036    0.46805    0.53203   -0.78948   -0.15398    0.24359
 -0.7168     0.31086    0.86457    0.43687    0.12332   -0.38708
  0.61488   -1.0665     0.094069  -0.37756   -0.56728   -0.27638
  0.16335   -0.31379    0.21582    0.0093151 -0.045561  -0.0076474
  0.076204  -0.10044   -0.16554   -0.20722    0.5942    -0.7037
 -1.5823    -0.25199   -0.46691    0.43699   -0.51928   -0.2357
 -0.9315     0.37927    0.24183    0.060883  -0.26751    0.29494
  0.22263   -0.004036  -0.15493   -0.63995  ]"
1.71,"[ 0.89718   0.687     0.38711   0.027687  0.2157   -0.17527   0.10584
 -0.10416   0.26817   0.37082   0.12166  -0.067812 -0.84672  -0.54488
  0.65912  -0.2495   -1.0155   -0.60528   0.24842   0.55013   0.65893
 -0.3435    0.03186   0.85545   1.0473   -0.6312    0.15808   0.62248
 -0.14411  -1.0281   -0.43437  -0.26349  -0.19453  -0.13428   0.039554
  0.57399   0.16595  -0.26009  -0.014752  0.88395  -0.16078  -0.86293
 -0.68839   0.30068  -0.73354   0.1701   -0.47179   0.31924  -0.31942
 -1.0282   -0.34684  -0.26443   1.0947   -0.19264  -0.87879   0.74692
 -0.13114  -0.29038   0.49667   0.21096   0.17019  -0.56869  -0.40718
  0.41415  -1.1552   -0.76524  -0.084434 -0.31413   0.63786  -0.03028
 -0.83756   0.21271  -0.3052    0.22736  -0.45755   0.12061  -0.49085
 -0.057929 -0.37219   0.22913  -0.79941   0.54167  -0.044913  0.96425
  0.50935   0.17665   0.18991   0.64286   0.48329   0.35638  -0.37949
  0.57368   0.12743  -0.61184  -0.43328  -0.045599 -0.47846  -0.32851
 -0.351    -0.37864 ]"
25.9,"[ 9.7585e-01  1.0453e+00  4.4163e-01 -9.3038e-01  1.0354e-01  8.1709e-01
 -3.1007e-01  1.5329e-03 -7.2064e-02  6.9543e-01  7.1268e-01  1.0427e+00
 -2.8702e-01 -4.9770e-01  1.6886e+00 -1.3271e-01 -5.0780e-01 -8.8994e-02
 -4.5865e-01 -1.3128e-01 -3.8818e-01  7.7226e-01  7.5887e-01  7.8077e-01
 -3.5400e-01 -3.4426e-01  5.7255e-01  5.5357e-01 -1.8276e-01 -1.4912e+00
  7.8307e-01 -3.1270e-01  7.2866e-01 -5.7593e-01 -2.4085e-01  7.7081e-01
  1.3059e+00  1.3175e-01 -7.0438e-01  3.1229e-01  6.3320e-02  3.8589e-01
 -3.5546e-01  4.8952e-01  1.4088e-01  2.8877e-01 -4.3340e-01 -5.2970e-01
 -3.3704e-01 -1.0686e+00 -3.8902e-01 -5.3798e-01  6.3757e-02 -6.0979e-04
 -3.0156e-01  5.0694e-01 -6.3982e-01 -7.7615e-01 -8.7113e-02 -1.8692e-01
  2.2651e-01 -6.2581e-01 -8.3769e-01  1.1197e+00 -6.9561e-01  4.0841e-01
 -6.6834e-02 -1.0841e+00  1.3673e-01  6.2235e-01 -3.8427e-01 -4.3157e-01
  9.0787e-02  8.6656e-02 -5.7993e-01  2.9898e-01 -5.6961e-01 -2.1282e-02
 -3.8472e-01 -4.9386e-01 -5.2601e-03  1.4740e-01  4.0585e-01  1.6171e+00
  5.0462e-01  1.6005e-02  2.9702e-01 -3.5938e-01  5.6847e-01 -1.2814e-01
  2.4842e-02 -7.7927e-02 -5.8184e-01 -7.3609e-01 -2.4988e-01 -6.1155e-01
 -2.3740e-01 -5.9206e-01 -2.3705e-03 -3.2087e-01]"
rothenberg,"[-0.35562   -0.015765  -0.49362   -1.5317    -0.21886    0.17769
  0.061882   0.063057  -0.31515   -0.51796    0.52468    0.13976
  0.74327   -0.52408   -0.38329    0.74724    0.18454    0.065724
  0.50163   -0.38406   -0.30952    0.67581    0.8715    -0.23539
 -0.10779   -0.11431   -0.029771  -0.53076   -0.4139     0.25064
  0.15673    0.19141   -1.2168    -0.025755  -0.60641    0.013146
  0.56822    0.93087   -0.075879  -0.036056  -0.68235    0.42131
 -0.7541    -0.058717  -0.43091   -0.60218    0.28375   -0.8287
 -0.71072    0.21617    0.57742   -0.93737   -0.066438  -0.49125
  0.81964   -0.58464    0.40479    0.27361   -0.87517    0.36468
  0.066736  -0.33573   -0.20128    0.11693    0.28418   -0.7133
  0.22893    0.46874   -0.43738   -0.070556   0.31484    0.238
  0.064626  -0.03496   -0.1179    -0.3914    -0.11451   -0.83117
 -0.83135   -0.5728     0.10342    0.11254   -0.21959    0.14972
  1.6924    -0.40804   -0.41448    0.15452    0.095036  -1.3589
 -0.0024182  0.47737    0.55307   -0.39585   -0.012493  -0.19312
  0.61095    0.22446   -0.19568    1.1793   ]"
dorian,"[-0.39669   0.41723   0.092391 -0.63511  -0.58384   0.3397   -0.49968
 -0.23259   0.29499   0.14057  -0.15148   0.34696  -0.46093   0.044031
  0.052664 -0.096715  0.4475   -0.47177   0.75505   0.73489  -0.57674
 -1.0253    0.73112  -0.52052   1.2406    0.44095   0.46637  -0.049859
 -0.62278  -0.092265  0.15364  -0.774    -0.28947   0.16337   0.032902
 -0.024622 -0.16159  -0.14357   0.32588  -0.090186 -0.34191  -0.14557
 -0.37274   0.36838   0.15754  -0.049087 -0.50615  -0.43716   0.3695
  0.48466   0.074938  0.51712   0.10965  -0.25923  -0.078564 -0.65553
  0.20614  -0.23396  -1.1923    0.37204  -0.02646   0.14594  -0.35425
  0.50565   0.32859   0.3794   -0.018435 -0.21688  -0.056866  0.24883
 -0.10087   0.073778 -0.8767   -0.85078   0.072342 -0.51654  -0.28794
  0.1746    0.096285 -0.31841  -0.19878  -0.18691  -0.46641   0.21942
  0.34769   0.16512   0.094932 -0.70209  -0.031884 -0.53989  -0.23303
  0.076982  0.34761   0.58101   0.1859   -0.13872  -0.50398   0.47677
 -1.2023   -0.59325 ]"
befriends,"[-0.14514    0.26058    0.35319    0.20664    0.24678    0.86374
 -0.19876    0.060046   0.66954   -0.58969   -0.12844    0.026869
  0.12875    0.0060681  0.77388    0.31591    0.31356   -0.53578
 -0.030263   0.62134   -0.39211   -0.69444   -0.10875    0.0083889
  0.6689     0.14468   -0.99071   -0.53011    0.06223    0.67697
 -0.67379    1.1245    -0.016002   0.056474  -0.037126  -0.22934
 -0.37752   -0.59952    0.61978   -0.33526   -0.6304     0.069276
 -0.072501   0.026258   0.19713    0.37781   -0.62394    0.92295
  0.72526    0.74976   -0.52342   -0.42644    0.33893    0.35427
  0.061179  -0.24166   -0.35301   -0.31107   -0.87317    0.054727
  0.44393    0.25976    0.14785   -0.24332   -0.16571   -0.19535
  0.42648    0.067628   0.26661    0.48674    0.02981   -0.37956
 -0.6417     0.24837    0.23469    0.38648   -0.20903   -0.77304
  0.28839   -0.30588    0.062001   0.49072   -0.20382   -0.078945
  0.10868   -0.0028417 -0.33807    0.399     -0.1508    -0.27926
  0.25469    0.18312    0.2035    -0.024531   0.051674  -0.14336
 -0.44727    0.11521   -0.66342   -0.38925  ]"
secures,"[ 1.7566e-02  4.9970e-01  8.4995e-01  2.9039e-01  6.5182e-01 -5.1010e-01
 -4.3944e-01  2.8281e-01  3.6557e-01  1.6370e-01  2.3098e-01  4.7384e-01
 -2.7460e-01  1.4310e-02 -2.0444e-01  5.4270e-02  1.6822e-01 -4.3924e-01
  7.7808e-01  3.8830e-01 -5.8208e-02 -4.5973e-01  1.5398e-01  1.7935e-01
 -1.1898e-01 -3.2847e-01 -3.0645e-01 -1.7068e-01 -2.1347e-01 -1.0502e+00
 -3.6004e-01  8.1769e-01  9.4904e-02  2.6993e-01  9.9823e-02  9.0425e-02
 -3.3775e-01  7.3859e-03 -9.0775e-01  6.1761e-01  3.6322e-01  3.1747e-01
  6.5064e-01 -4.6496e-01 -1.4444e-01 -5.9187e-02 -3.3858e-01  3.7819e-02
 -2.0083e-01  2.0802e-02 -5.5703e-01  2.4897e-01 -2.9259e-01  3.2397e-01
  1.2239e-02 -2.3002e-01  4.0508e-01 -3.0636e-01 -1.8546e-01 -3.5670e-01
 -1.8923e-02 -8.9175e-01  9.0097e-02  1.7299e-01  3.5428e-04  2.3200e-02
  7.4568e-02  3.7203e-01 -5.0048e-01 -5.3806e-01  2.0411e-01 -2.4383e-01
  4.7014e-02 -7.2455e-02  5.8848e-01 -1.2485e-01 -5.4038e-01 -6.4523e-01
 -1.5465e-01 -4.6999e-02  9.5245e-03 -5.6800e-02 -2.2066e-01  6.4364e-01
  4.5097e-01  1.1789e-01  5.9368e-01  3.3184e-01  4.9299e-01  2.1841e-02
  2.6038e-01  2.6251e-01  4.3493e-01  1.1569e-02  3.5517e-01 -4.1371e-02
  7.0778e-01  7.7233e-01 -2.0340e-01  7.8087e-01]"
2.26,"[ 1.0611     0.37574    0.90663    0.37563   -0.51896   -0.16864
  0.22846   -0.16321    0.17438    0.72544    0.050757  -0.4507
 -0.60079   -0.854      0.66736   -0.24106   -1.0849    -0.42348
 -0.040341   0.45132    0.010855  -0.20192   -0.045934   1.1913
  1.1816    -0.46421    0.078503   0.6112    -0.045319  -0.47228
  0.18222   -0.017489   0.35388    0.21182   -0.12381    0.61643
  0.012364   0.086176  -0.31097    0.70141    0.45845   -0.66549
 -0.21803   -0.058902  -0.72995    0.31971   -0.58593    0.61028
 -0.19344   -0.8223    -0.30966   -0.6674     1.3361    -0.15157
 -0.72233    0.77464   -0.31236   -0.083553   0.53931    0.54971
  0.077117  -0.61934   -0.21594    1.1021    -0.86323   -0.55273
 -0.54107   -0.4729     0.6343     0.29426   -0.42473    0.26565
 -0.38348    0.091659  -0.34289    0.42403   -0.49812    0.13024
 -0.30115    0.73768   -0.70708    0.35867    0.40599    0.61073
  0.52332    0.0016798  0.25653    0.027168   0.027918   0.21059
 -0.29499    0.50645    0.54239   -0.89285   -0.55629   -0.79418
 -0.76847   -0.60149   -0.041658  -0.42222  ]"
stoppages,"[ 6.9466e-03  1.6287e-01 -1.3601e+00 -6.8086e-02 -3.1518e-01 -4.7338e-01
 -5.0981e-01  7.9572e-01 -7.4289e-01 -3.7456e-01 -8.8010e-01  1.5710e-01
  3.6175e-01 -2.0333e-01  4.4723e-01  1.7478e-01 -3.4980e-01  4.6956e-01
  1.8097e-01  7.9827e-02  6.1706e-01  2.7939e-01 -2.9713e-01  1.7471e-01
  1.0172e+00 -1.0631e+00 -7.6950e-01  7.4465e-01  2.3389e-01  1.3276e-02
 -9.9529e-01 -5.7983e-01  4.8538e-02 -5.5949e-01 -8.3841e-01  2.8784e-01
  4.8576e-01 -7.8033e-01 -7.7887e-01  2.9381e-02  1.6528e-01  3.5164e-01
 -4.3420e-01  4.7824e-01 -8.7800e-02 -4.4330e-01  5.6293e-01 -8.0088e-01
  1.1877e-01 -2.0555e-01 -5.1073e-01  7.7398e-02 -7.3172e-01  6.0271e-01
 -7.4916e-02  5.4379e-01  5.6280e-02  2.1008e-01  7.6381e-02  7.4003e-01
 -1.9504e-01  1.2113e-01  5.0109e-02  1.4605e-01 -1.2069e-01  1.4936e-01
 -1.8191e-01 -1.2198e+00  2.5332e-01 -6.5004e-01 -2.2966e-01 -6.5501e-01
 -2.5101e-01 -4.0255e-01  5.6052e-01  5.9313e-01  6.6937e-01 -1.6837e-01
 -4.7802e-01  8.7844e-01  1.8378e-01 -8.8531e-01 -1.2065e-01  2.2892e-01
 -1.6619e+00  1.4649e-03  1.9759e-01  6.6753e-01 -3.5480e-01  1.1776e-01
  2.4989e-01  7.1352e-02 -8.6385e-01  2.5411e-01  4.4195e-01  5.5224e-01
  4.8722e-01  9.2320e-01  2.9517e-01 -3.2367e-02]"
sprout,"[-0.65713   0.88994  -0.27634  -0.56501   0.5813   -0.2088   -0.089083
  0.2224    0.61075   0.11237  -0.28303   0.69969   0.23736   0.5724
  0.51472   0.2946    0.020538  0.57729   0.64954  -0.24277  -1.1087
  0.10292   0.32915  -0.16226   0.36694   0.1453    0.56718  -0.077467
  0.17657   0.19751  -0.345     0.16094   0.3283   -0.41849  -0.63557
  0.50173   0.081627 -0.37172   0.15342  -0.30247   0.20216   0.32608
 -1.4469   -0.023969  0.4849   -0.18492  -0.11124   0.51407   0.42209
 -0.075299 -0.68008  -0.42986  -0.10018   0.27715   0.089896  0.16713
  0.33248   0.41893  -0.070667  0.25348   0.24994   1.4577    0.067513
  0.50278   0.28192   0.48422  -0.42539   0.093139 -0.26069  -0.67347
 -0.089391 -0.49565  -0.84882  -0.87184  -0.57492  -0.12179  -0.26452
 -0.16512  -0.12685   0.10831  -0.28092  -0.40528  -0.67994   0.17104
  0.67368  -0.81163   0.22064   0.41711  -0.45416   0.41613   0.2677
  0.036018 -0.079387 -0.31837  -0.68102  -0.31219   0.40349  -0.16861
  0.51648   0.57557 ]"
tripling,"[ 0.018368   0.0285     0.58979    0.7434     0.54587    0.0070839
 -0.058394   0.71485    0.62351    0.63996   -0.78426    0.40533
  0.29947   -0.39557    0.37982    0.133     -0.73156    0.30166
  0.55344    0.059476   0.71905   -0.07873   -0.22674    0.085596
  0.54473   -0.25012   -0.31451   -0.51858    0.070758  -0.80012
  0.58911   -0.44286   -0.43464   -0.21436   -0.93626    0.10681
 -0.35815    0.12112   -0.38017    0.40422    0.98519    0.36092
 -0.040763   1.0139     0.28922    0.34415    0.082534  -0.81347
 -0.39382   -0.61585    0.20729    0.12093   -0.51023    0.29504
 -0.99601   -0.30602    0.29043   -0.65335    0.15312   -0.10415
  0.03637   -0.73138    0.59085    0.21971   -0.34706    0.2372
 -0.36396   -0.1227     1.0654     0.19996    0.47076    0.054143
 -0.41315    0.071107  -0.54526   -0.19042   -0.30052   -0.8235
 -0.013924   0.48843    0.36811   -0.36902   -0.1138    -0.32367
 -0.34407    0.15321    0.77332   -0.42237   -0.55437   -0.38593
  0.17307    0.88225   -0.21796   -0.85608   -0.78606   -0.89297
  0.028719  -0.065364  -0.046889  -0.42313  ]"
mrt,"[ 0.3753     0.54998   -0.17531   -0.31759   -0.37354   -0.69364
  0.16655    1.758      0.29766    0.0072067 -0.33655    0.64906
 -0.049683   0.3024     0.98079   -0.81583    0.55124    0.31891
  0.66645   -1.2323    -0.41465   -0.10585   -0.59735   -0.34499
 -0.58582   -0.5095     0.78647    0.64198    0.1502     0.60612
 -1.1031     0.75693    0.73968    0.64223    0.060611  -0.097761
  0.92266   -0.41615    0.36555   -0.60577    0.043692  -0.5232
 -0.27697   -0.36366    0.58796    0.34634    0.53887   -0.31734
  0.60834    1.1009     0.1973    -0.29476   -0.34474    0.032735
 -0.93389    0.19575    0.35619    0.91924    0.58275   -0.50943
 -1.019     -0.89105   -0.12044    0.27871   -0.073774   0.15701
 -0.289     -0.64098    0.2104    -0.019865  -0.52322   -0.47254
 -0.10244   -0.82287    0.35168   -0.98728    1.3121     0.93983
  0.091821  -0.043491   0.21904    0.4829     0.75534    0.64622
 -0.7222    -0.10781   -0.22748    0.75697    0.81989    0.79864
  0.56571    0.46628   -0.70231   -0.17793    0.31346   -0.75427
  0.047261   0.025458   0.15444   -0.40791  ]"
salehi,"[ 0.35648   0.075301  0.84383  -0.70733  -0.13701  -1.2547   -0.3328
  0.77773   0.32471   1.2619   -0.41208  -0.35743   0.88169  -0.42763
  0.10011  -0.09146   0.10787   0.10282  -0.63159  -0.23027  -0.55893
 -0.20369  -0.3453    0.55165  -0.59395   0.77962  -0.0781    1.4086
  0.66149   1.3514    0.42496  -0.6387   -0.72166   0.74402  -0.18825
  0.92877   0.46998  -0.20951   0.095698 -0.64589  -0.20748   0.31689
  0.43942  -0.49287  -0.28204  -0.37173  -0.026355 -0.21437  -0.28451
  0.22406   0.2494   -0.32655   0.75472   0.17689  -0.61578   0.28468
 -0.87019   0.27146  -0.12594   0.21844  -0.21519  -0.97605  -0.21977
  0.06384  -0.26439   0.47392   0.80231  -0.096588 -0.57101   0.60716
  0.5822    0.14532   0.63216   0.20234   0.58236  -0.59315  -0.78173
 -1.2408   -0.7358   -0.017792  0.19489  -0.85229  -0.25372  -0.48132
  0.11038  -0.011197 -0.015274  0.2591   -0.072781 -0.76443   0.15207
  0.12297   0.0431    0.036698  0.39538  -0.52305  -0.40495  -0.12038
  0.65745   0.62469 ]"
pacs,"[ 0.52982   -0.073057  -0.9175    -1.1248    -0.043328   0.39783
  0.26942   -0.20554   -0.18335   -0.64848    0.50845   -0.37747
  0.033316  -0.11607   -0.96421   -0.53047   -0.27971    0.29278
  0.77069    0.106     -0.0063675  0.081804  -0.28073   -0.30636
 -0.62865   -0.024758  -0.49328   -0.33206   -0.56035   -1.1997
  1.3012     0.6145    -0.095092  -0.6879    -0.13124    0.36832
  0.34024    0.81849   -0.86654    0.42989   -0.16033   -0.5502
 -0.94977    0.068096  -0.52798   -1.1639    -0.044539  -0.22478
 -0.53957   -0.12517   -0.53855    0.28906    0.32038    0.3622
 -0.21045    0.40483    0.98952    0.25323    0.13395    0.75506
 -0.85289    0.19381   -0.10585    0.50245   -0.30163   -0.13309
 -0.55516    0.18385    1.1858    -0.22173    0.63761   -0.81395
 -0.44635    0.26797   -1.314     -0.51749   -0.43394   -0.86788
 -0.092621   0.35442   -0.53643   -0.47468   -0.052408  -0.31709
 -0.72795    0.25395    0.35545    0.4448     0.32411   -0.78779
 -0.20804    0.23559    0.28584   -0.47728    0.43878   -0.26041
  0.42727    0.22251    0.70216   -0.25812  ]"
27.8,"[ 8.6560e-01  1.1728e+00  6.6521e-01 -5.8114e-01  3.0589e-01  4.6082e-01
 -2.4308e-02 -1.0471e-03  3.1786e-02  7.5348e-01  6.7741e-01  6.9223e-01
 -3.8072e-01 -3.6054e-01  1.9770e+00 -3.9592e-01 -6.4504e-01 -1.4825e-01
 -4.9471e-01 -4.6290e-02 -6.7297e-01  6.6757e-01  9.5298e-01  7.4343e-01
 -5.9922e-01 -5.0769e-01  6.7100e-01  6.7022e-01 -4.2172e-02 -1.3630e+00
  7.9067e-01 -2.1610e-01  7.0823e-01 -4.1650e-01 -6.1199e-01  7.0148e-01
  1.3262e+00  3.7238e-01 -7.8331e-01  5.1212e-01  2.2404e-01  7.4345e-01
  2.1119e-02  4.8898e-01  1.7389e-02 -6.2794e-02 -4.4803e-01 -6.5988e-01
 -5.3853e-01 -8.2691e-01 -5.1248e-01 -4.5995e-01  2.6684e-01 -4.6809e-02
 -2.5820e-01  5.4215e-01 -6.9901e-01 -6.1699e-01  2.6887e-02 -1.7629e-01
  6.3560e-02 -6.3520e-01 -8.1418e-01  9.4489e-01 -8.1471e-01  3.8066e-01
  2.6085e-02 -9.9520e-01 -1.2042e-01  6.3647e-01 -5.4916e-01 -4.0499e-01
  6.9128e-02  3.9657e-02 -5.5655e-01  5.2838e-01 -7.7025e-01 -8.0871e-02
 -3.3525e-01 -3.8089e-01 -1.3235e-01 -9.3735e-02  3.1236e-01  1.4419e+00
  2.9502e-01  3.5420e-02  2.2906e-01 -3.1914e-01  5.5601e-01 -2.4772e-01
  2.2778e-01  2.5985e-03 -3.3371e-01 -8.0308e-01 -1.1324e-01 -7.1432e-01
 -1.7038e-01 -3.9539e-01  2.4353e-01 -9.5714e-02]"
completions,"[ 6.4463e-02 -9.4830e-01  1.5506e-01 -3.4236e-01  1.0610e-02 -1.8709e-02
 -4.9143e-02 -5.8125e-01 -3.3043e-01 -2.3352e-02  1.3918e+00 -7.1419e-02
 -3.0066e-01  6.7628e-01  1.9142e-01  1.0245e+00 -2.5089e-01  6.2275e-01
 -4.1859e-01  9.7012e-01 -2.3063e-01  4.9229e-01  1.1785e-02 -3.8648e-02
 -4.5927e-02 -1.2898e+00 -8.7566e-01  4.3105e-01 -5.4992e-01 -5.5334e-02
 -7.3500e-01 -2.5085e-01  7.6736e-01 -3.4234e-01 -3.3105e-01  1.7074e-01
 -6.8198e-01 -2.6239e-01 -7.3937e-01  1.1738e+00  5.4748e-01 -7.3100e-01
  1.0314e-01  3.6149e-01 -9.5890e-01 -1.0633e+00  1.7186e-01 -7.6633e-02
  4.6360e-01 -3.2624e-01  1.3961e-01  6.1439e-02  9.7762e-04  9.9575e-01
  3.1748e-01  4.0861e-01  3.7422e-01  1.1971e-01  2.3881e-01  2.5680e-01
 -1.0257e+00 -8.9032e-01  2.5330e-01  8.3461e-02 -1.1370e-01  4.7137e-01
  9.2188e-01 -1.2706e+00  4.2299e-01 -4.3005e-01 -1.0780e+00 -9.4187e-02
 -1.9487e-01  1.7348e-01 -3.1453e-01  4.2039e-01 -2.6682e-01  5.4179e-01
 -2.6224e-01 -7.7864e-01 -1.6095e-01  8.8732e-01 -1.6593e-01 -1.3307e-01
 -6.9635e-01 -3.1108e-01  1.3890e+00 -1.2644e+00  5.4917e-01  3.1324e-02
  6.6242e-01  1.0624e+00 -1.4595e+00 -2.6558e-01 -5.3869e-01  9.7651e-02
 -2.0687e-01  1.6738e-01 -4.7122e-01 -6.4419e-01]"
1621,"[-2.7679e-01 -1.5699e-01 -1.7090e-01  4.0191e-02 -4.9766e-01  4.0177e-01
  3.9592e-01 -4.5791e-01  3.2456e-01 -1.2045e+00 -7.6680e-02 -7.0207e-01
  2.8153e-01  1.1363e-02  7.0714e-01 -1.5097e-01 -2.3879e-01  1.8079e-01
 -2.2887e-01  9.5597e-03 -2.1173e-01 -5.8155e-01  7.9445e-01 -4.4993e-01
  9.5226e-02 -7.3925e-01 -3.0614e-01  2.3747e-01  6.4555e-01 -4.9823e-01
 -3.6301e-02  1.8994e-01 -2.2562e-01 -9.6725e-01 -9.4473e-01  2.4575e-01
 -5.6057e-01  3.3892e-01  4.2994e-01 -3.6744e-01 -1.6678e-01 -3.4780e-01
  8.7271e-01 -5.7350e-01 -2.2890e-01 -9.5473e-01  4.5229e-01 -8.5263e-01
  1.8265e-01  1.0922e-01 -7.6426e-01  8.0056e-02  7.1996e-01 -2.9204e-01
 -1.0961e+00 -6.5384e-02  2.3754e-01 -6.7023e-01 -8.5054e-01 -5.9817e-01
 -5.0566e-01  4.8077e-01 -5.5163e-01  3.3211e-04 -6.5461e-01 -5.5450e-01
 -2.2828e-01 -8.6723e-01  2.9104e-01 -6.5284e-01  4.0984e-01 -1.6104e-01
  4.9048e-01 -4.5034e-01 -1.1071e+00  1.1372e-01  2.6123e-02  9.4111e-02
 -7.4789e-01  3.7735e-01 -5.3437e-01 -4.4841e-01  1.5697e-01  6.4247e-01
  7.0327e-01 -2.8137e-01  4.3807e-01 -1.1570e+00 -1.5101e-03 -2.0797e-01
  3.9512e-02  3.1484e-01  9.4296e-01  6.0574e-01 -2.7998e-01  2.8400e-01
 -1.8541e-02  3.9261e-01 -1.4195e-01 -1.0717e+00]"
nonlinear,"[-3.9444e-01 -1.8516e-01 -6.7317e-01  1.0580e+00 -2.1639e-01  3.4788e-01
 -4.0312e-02  2.6314e-01 -2.4486e-01  5.7686e-01 -4.7151e-01 -1.0322e+00
 -5.3052e-02 -6.4144e-01  6.3956e-01  1.9640e-01 -1.9671e-01  4.3791e-01
  1.7426e+00 -5.8538e-02  4.4472e-03 -7.7179e-01  4.8287e-01  3.2229e-01
  1.0013e+00 -2.4317e-01  7.2235e-01  7.9201e-01 -5.5754e-01  6.8310e-04
 -7.1685e-01  2.2635e-01 -7.2409e-01 -5.6636e-01  9.1181e-03 -6.7851e-01
  3.8675e-01  5.9133e-01  3.8698e-01 -6.5382e-01  1.3882e-01  1.8766e-01
 -8.2626e-01 -7.8878e-01 -9.5514e-01  3.2463e-01  6.1450e-01  2.8249e-01
 -2.8081e-01  5.3894e-01  3.6392e-01  2.0015e-01  5.7815e-01 -2.4586e-02
  1.3490e+00  4.2145e-01  1.0593e+00  1.0389e-01  4.6433e-01 -1.1089e-01
 -5.9696e-01 -6.8277e-02 -4.9175e-01 -2.9895e-01  8.5051e-01 -1.8169e-01
  1.6321e-01 -2.1385e-01 -2.5429e-01  8.1643e-02 -2.0068e-01  4.7442e-01
  7.3929e-01  4.2333e-01  3.7878e-01 -9.5466e-01  4.2730e-02  2.2760e-01
 -6.2119e-01 -1.8190e-01  1.1212e-01  2.1007e-02 -9.9816e-01 -3.3346e-01
 -5.9131e-01  1.0277e+00  3.6805e-01 -2.7170e-01 -8.4647e-01 -7.0392e-01
 -2.4860e-01  3.3305e-01 -7.5136e-01  1.4866e-01  8.3564e-01 -9.6526e-02
  4.8765e-02 -7.4162e-01 -7.4506e-02 -2.1683e-01]"
378,"[ 0.57528    0.61122    0.5773     0.26903   -0.20618    0.39497
  0.45439    0.045963  -0.33177   -0.0096909  0.76169    0.10496
  0.13405   -0.10565    0.62545   -0.14365    0.096049   0.088175
 -0.12633    0.61454    1.0039    -0.063737   0.29525    0.40444
 -0.04465   -0.35156    0.86207    0.80444   -0.34036   -0.45049
 -0.22918    0.032849  -0.34561   -0.023517  -0.48535    0.44448
 -0.48877   -0.029181  -0.085329   0.74966    0.22973   -0.33574
 -0.2214    -0.13319    0.13822   -0.14851    0.24803   -0.47388
 -0.51549    0.59797   -0.65079   -0.32299    0.16489    0.4971
 -1.0314     0.31579    0.43413   -0.59129   -0.28794   -0.26786
 -0.32745   -0.46966    0.18547    0.46886   -0.86688    0.12664
  0.028805  -0.16451    0.10968   -0.14947    0.13801   -0.27178
 -0.059436   0.22296    0.17126    0.40907   -0.17676    0.53666
 -0.34124   -0.27948    0.061266   0.1646     0.31198    0.40465
  0.053125   0.18415    0.23202   -0.6928    -0.24113    0.34409
 -0.0041498  0.73883   -0.45194   -0.40257   -0.32183    0.18611
  0.1651     0.054144  -0.040747  -0.20101  ]"
reston,"[ 0.21503    0.33194    0.16016   -0.98168   -0.078168  -0.14971
  0.081788  -0.53364   -0.10219    0.081673   0.16738   -0.1031
  0.53929   -0.65945   -0.20374    0.60146    0.57882   -0.68254
 -0.13359   -0.82611   -0.049432  -0.11622    0.69601    0.62641
 -0.43491    0.41373    0.22851    0.17957   -0.80955    0.45834
  0.88534    0.29522    0.75377    0.094926   0.0096298  0.14374
 -0.22157    0.59535    0.7693     0.51424   -0.22837    0.39122
 -0.96563   -0.457     -0.25125    0.68453    0.90171   -0.80647
  0.54192    0.57419   -0.2827    -0.40581    0.45873   -0.72861
  0.57974    0.082553  -0.38982   -0.85671   -0.27283   -0.27966
 -0.46162    0.8102     0.28088   -0.19612   -0.87391   -0.16735
 -0.45801    0.31784    0.42747    1.1048     0.069991   0.33989
 -0.63296   -0.79865    0.90253   -0.34214    0.61545   -0.77635
 -0.58043   -0.12326   -0.42377   -0.16912   -0.58996    0.91911
  0.074396   0.47325    0.8458    -0.16482   -0.59837    0.053838
  0.35672   -0.070064   0.37866   -0.31178    0.27891    0.38351
  1.0887    -1.1045     0.18092    0.12884  ]"
whitley,"[-0.081332  -0.36407    0.11621   -0.30669    0.26898   -0.21535
  0.21552   -0.28119   -0.34784   -0.071498   0.084595  -0.030502
  0.15991   -0.026552   0.33008   -0.20118    0.5277    -0.38136
 -0.069257   0.59261   -0.18857   -0.26197    0.52746   -0.026529
  0.2167     0.27427    0.17881   -0.027284   0.050597   0.43489
 -0.050847   0.089406   0.47825    0.50527   -0.27528   -0.13624
 -0.14238    0.46866    0.13893   -0.19525   -0.66272    0.23901
 -0.40414   -0.012554  -0.098036   0.47212    0.15561   -0.085796
  0.50487    0.11734    0.13146   -0.65606   -0.34099   -0.65299
 -0.0036793 -0.076692   0.3012    -0.63416   -0.65072    0.0037117
  0.079782   0.041127  -0.23614    0.96956   -0.39034   -0.36936
  0.65945    0.24251   -0.95122   -0.023414  -0.39823   -0.16101
  0.28181   -0.20039    0.69305   -0.25381    0.39906    0.037894
 -0.51322   -0.097287   0.28037    0.21504    0.38562    0.74131
  0.33222    0.21504    0.098136  -0.72154    0.42336    0.77925
  0.0014825 -0.5552    -0.27071   -0.22758    0.46534    0.42985
 -0.15146    0.38404   -0.19646    0.26962  ]"
ganic,"[-0.20585  -0.73716   0.12049   0.2036    0.60189   0.36228  -0.42051
 -0.15234   0.3094   -0.55035  -0.3901   -0.15938   1.2821   -0.41491
  0.58948  -0.014173 -0.82342  -0.19701  -0.16135  -1.2431    0.2941
 -0.15843   0.21222   0.093725 -1.1724    0.98326   0.57696  -0.90259
 -0.35646  -0.19678   0.32845  -0.057388 -0.78076  -0.56474  -0.18953
  0.068296  1.3867    1.0308   -0.1352   -0.98056  -0.47486   1.3536
  0.92887  -0.3535   -0.26639   0.60446  -0.17735  -0.46556   0.84065
 -0.72436  -0.72735  -0.17171   0.46003   0.34579   0.088652  0.66906
  0.12159   1.0455   -0.24365  -0.33838   0.082512 -0.32542  -0.049363
 -0.57655  -1.3965   -0.33711   1.1711    0.92831  -1.1352    0.27118
 -0.10285  -0.95603   0.1607    0.26593   0.29252  -0.70942   0.54769
  0.026869 -0.31107  -0.71885   0.71155  -0.60988   0.93331  -0.51708
 -0.06259  -0.3909    0.18564   0.29077   0.63884   0.38173   0.21762
  1.0403   -0.16228   0.54344   0.66221  -0.38522   0.45391   0.51417
 -0.079692  0.2736  ]"
cleanliness,"[-0.087982 -0.48518   0.45392  -0.0661   -0.61831   0.20529  -0.43388
  0.16002   0.016781  0.88154  -0.37649  -0.17406   0.31483  -0.38627
 -0.36334  -0.24175   0.55595   0.40203  -0.30482   0.043783 -0.69387
 -0.72826  -0.056573 -0.28127   0.032888  0.33098  -0.62637  -0.24379
 -0.8041   -0.52156  -0.092813 -0.46236   0.47776   0.84647   0.074094
  0.67989   0.05521   0.27279  -0.32288   0.1871    0.52754  -0.55964
 -0.16663  -0.31688  -0.04776   0.3189    0.23953  -0.24803   0.086091
 -0.68531   0.88477  -0.40919  -0.74826   0.91902  -0.18922   0.29476
  0.93373   0.36505  -0.0333   -0.72659  -0.10147  -0.60118  -0.063504
  0.4299    0.012558  0.76619   0.076023 -1.2531    0.91164  -0.21752
 -0.14767  -0.25341   0.70869   0.39368   0.07229   0.45667   0.23764
  0.042411  0.10561  -0.33758  -0.262     0.16659   0.18799   0.84148
 -0.51592   0.45796  -0.32166   0.043155 -0.53197   0.25537   0.42862
  0.031345  0.071741  0.34677   0.015287 -0.19914  -0.084659 -0.70726
  0.092947  0.73035 ]"
treachery,"[ 4.3586e-01 -4.9779e-01  4.5174e-01 -2.2356e-01  9.5616e-02  8.2578e-01
 -4.1082e-01 -5.7692e-01  1.4370e-01  3.2161e-01  1.2509e-01  4.4702e-01
  4.7900e-02  4.3153e-02  2.7455e-01  1.9222e-01 -7.0806e-02  1.9048e-01
 -4.8316e-01  3.1607e-01 -3.3737e-02 -2.2072e-01  8.3041e-02 -1.7878e-01
  2.5910e-01  6.5121e-01  3.9198e-02  2.9414e-01  2.6735e-01 -7.2969e-01
  1.0552e-01  8.8567e-02 -1.1572e-01 -5.5757e-01 -2.6942e-01 -1.0107e-01
  1.5078e-01 -5.0901e-01 -2.0429e-02  5.6946e-04 -1.4898e-01  6.4038e-01
  1.2505e-01 -2.5835e-01 -1.7698e-01 -3.7203e-01  6.3592e-01  1.2817e-01
  2.5078e-01  1.2522e-01 -7.4356e-02  1.2692e-01  2.3237e-01  1.1586e+00
 -3.3931e-01  1.5448e-01  5.6300e-01 -2.5127e-01 -5.4237e-01 -3.8153e-01
 -1.0784e-01  1.2244e-01 -2.8525e-02  9.3242e-02  9.1406e-02 -7.6168e-02
  4.9306e-01 -5.2005e-01  3.2676e-01 -4.0312e-01 -4.8987e-01 -6.3545e-01
  3.3691e-02 -9.3360e-02 -4.5504e-01 -3.9513e-02  6.2822e-02  3.7441e-01
 -6.5136e-01  7.9617e-01  1.7938e-01  5.7682e-01  5.2086e-01  3.7314e-01
 -2.5141e-01 -3.5184e-01 -6.2913e-02 -6.1292e-02 -1.5226e-01 -3.5484e-01
 -5.5273e-01 -2.0507e-01 -5.5757e-02  7.2073e-01  7.0929e-01 -4.9499e-01
  1.9603e-02 -6.6362e-01 -6.2979e-01  1.2421e-01]"
tk,"[-1.1363e+00  1.9030e-01  9.8139e-01  2.9431e-01 -2.7393e-01  3.9687e-02
  2.4949e-01  2.8499e-01 -3.2058e-01 -1.6181e-03  1.2908e+00 -2.7727e-01
 -4.7193e-01  1.9631e-01  1.2360e-01  9.3977e-02  4.2247e-01 -2.9375e-01
  1.3868e-01  4.2113e-01  6.3245e-01 -3.8240e-01 -3.8155e-01  8.7582e-01
  3.4585e-01  2.6509e-01  3.6817e-01  1.3519e-01 -6.9006e-01 -7.7744e-01
  7.0481e-02 -3.9734e-01  1.1120e-01  2.8973e-01 -2.3666e-01  2.8362e-01
 -3.4335e-01 -5.0497e-01 -4.9111e-01  4.4358e-01 -6.3213e-01  2.6548e-02
 -1.3297e-01  1.4066e-01 -2.2331e-02 -1.0186e-01 -5.7580e-01 -2.2448e-01
 -2.0962e-01 -4.4531e-01 -4.4750e-02  5.3688e-01  5.3248e-01  7.7579e-01
 -6.9730e-01  8.2903e-01 -5.7281e-01 -3.0321e-01 -8.0686e-01 -4.9038e-01
  7.7006e-01  6.7773e-01 -6.1120e-01  9.8478e-02  1.2506e-01  6.9963e-02
  2.7829e-01  3.2885e-02  1.2471e+00  6.0390e-01 -1.4603e-01  3.8450e-01
 -4.6204e-01  1.5911e-01 -5.7697e-01 -1.9542e-01  8.1081e-01 -5.4693e-01
 -1.8714e-01  1.2715e-01 -5.3089e-01 -6.4634e-01  1.0012e+00 -5.6341e-01
  1.8009e-01  1.1321e+00  1.6532e-01 -3.1479e-01  4.3208e-02 -2.0959e-01
 -2.9413e-01  5.5281e-01  1.2210e-01 -5.7770e-01 -9.3286e-01 -4.1675e-02
  1.6448e+00 -1.9543e-01  5.4518e-01  1.6364e-01]"
harlow,"[ 0.096032  -0.58015   -0.45144   -0.10727   -0.4693    -0.64963
 -0.27065    0.19682    0.53489   -0.092548  -0.28106   -0.42432
 -0.67724    0.32326    0.82562    0.19556    0.61085   -0.42195
  0.26002    0.13893   -0.2829     0.3945     0.38458   -0.86527
  0.31963   -0.2903     0.47095   -0.69027   -1.1563     0.54087
 -0.04772   -0.28492   -0.25845    0.78169   -0.46665    0.43078
  0.18142    0.4773     0.28644    0.47385    0.31107   -0.0086956
 -0.40374    0.30989   -0.2932     0.50217    0.26447   -0.24501
  0.31348   -0.15112   -0.15554    0.035945   0.27674    0.20296
 -0.77106   -0.24627   -0.36901    0.13897   -1.1042     0.72319
  0.35378    0.49906    0.12265   -0.0092289  0.099962  -0.12643
  0.2766     1.0063     0.26996    0.077133   0.026369  -0.92878
 -0.52988   -0.13931    0.36212   -0.22769   -0.19276    0.21498
 -0.28744   -0.27201   -0.25439    0.1776     0.33738   -0.11125
  0.74197    0.54264    0.14323    0.33518    0.34863    0.44265
 -0.16553   -0.028377   0.27271    0.39445    0.27084   -0.088916
  0.090577   0.12584   -0.79452    0.16896  ]"
manoeuvre,"[-1.0089    -0.68416   -0.2643     0.16337   -0.83039    0.024069
  0.028036   0.02151   -0.011768   0.15509    0.26301    0.70838
 -0.16639   -0.46868    0.27806    0.1721    -0.49622    0.4538
  0.4466    -0.88523    0.52993   -0.51441   -0.24763   -0.45029
 -0.18307   -0.31236   -0.46049    0.30078    0.0064611 -0.41799
 -0.70863   -0.34201   -0.35081   -0.27053    0.29752    0.5739
 -0.14477    0.12792   -0.027662  -0.30207    0.22195    0.16017
  0.010099   0.063146  -0.28662   -0.40707    0.80353    0.14717
 -0.14342    0.32984   -0.35272    0.66725   -0.24826    0.93055
  0.37576   -0.84596    0.44558   -0.4012    -0.20377    0.10353
 -0.009026  -0.60098    0.34349    0.62851    0.012339   0.08873
  0.066267  -0.43542    0.30599   -0.3381     0.11143   -1.2532
  0.090104   0.019717  -0.51579    0.0043861 -0.27753    0.59795
  0.1709     0.26095   -0.24145    0.12955    0.43613    0.29404
 -0.64859   -0.20215    0.5859     0.088882   0.12125   -0.5197
 -0.38198   -0.28062    0.00194   -0.019509   0.71867   -0.10435
  0.36529   -0.11619   -0.24495    0.26042  ]"
endgame,"[-0.15062    0.41662    0.15449    0.64037   -0.66506   -0.20061
  0.48569   -0.69899    0.18038   -0.09115   -0.038407   0.25667
  0.16201    0.036159  -0.26088    0.79022   -0.14995   -0.08087
  0.92255   -0.20793   -0.21607   -0.26349   -0.13458    0.3244
  0.59165   -0.052215   0.51785   -0.0032739 -0.24482   -0.49937
 -0.29119   -0.25354   -0.25509   -0.24585    0.13476    0.087754
 -0.79548    0.81651   -0.26616   -0.46212   -0.2862     0.30538
 -0.66825   -0.23416   -0.76059   -0.54974   -0.13771   -0.016549
 -0.34331    0.26402   -0.23385    0.056032  -0.44213    0.85545
 -0.40858   -0.91989    0.71501   -0.60303   -0.74627    0.47992
 -0.40332    0.16968   -0.32326   -0.26787   -0.05777   -0.6865
 -0.062372   0.47623   -0.85637   -0.48186   -0.0023131 -1.0164
  0.16702   -0.0886    -0.52675   -0.51318   -0.26941    0.32808
  0.19048   -0.17719   -0.073472   0.49662    0.16139    0.24636
 -0.25255    0.46436    0.64421   -0.82834    0.53463   -1.0472
  0.0097459  0.71234   -0.46506    0.75155    0.39348   -0.67707
  0.38831   -0.0024425 -0.42986    0.62863  ]"
instinctively,"[ 0.36104    0.42404    0.43463   -0.093392  -0.59915    0.57346
 -0.39464   -0.28765    0.66258   -0.43287   -0.021938   0.45502
  0.30418   -0.59121   -0.098848   0.032299  -0.4667     0.89099
 -0.44504   -0.57363    0.090693   0.49114    0.069666  -0.76198
 -0.013247  -0.021639  -0.33265   -0.16039    0.55503   -0.72742
 -0.22993    1.0987     0.1401     0.1171     0.6005    -0.072948
 -0.1618    -0.1058     0.29718   -0.12666   -0.20106    0.28232
 -0.22693   -0.28625   -0.80995    0.31609    0.66872    0.36276
 -0.31766   -0.3887    -0.085484   0.2377     0.68004    0.38887
 -0.27698    0.387      0.35933   -0.025982  -0.71864    0.1636
  0.56168    0.53877   -0.012139   0.0051229 -0.10302    0.028002
  0.35358   -0.0029263 -0.55578    0.061993   0.020659  -0.61478
  0.1721    -0.036595  -0.17052   -0.14946   -0.29068   -0.44594
  0.10089   -0.29793   -0.12028    0.51023   -0.79824   -0.064363
 -0.51147   -0.77478    0.34101    0.17999   -0.77341   -0.06884
  0.13709    0.080373  -0.045652  -0.27769   -0.26046    0.24531
 -0.44907   -0.23012   -0.42326    0.47544  ]"
kt,"[ 0.044301  -0.15318    0.34588    0.26493   -0.26586   -0.78035
  0.27002   -0.63542   -0.21627    0.19897    1.3533     1.2539
 -0.75373   -0.16051   -1.0066    -0.69647    0.0077662 -0.61547
  0.38419   -0.54407    0.64904   -0.84329    0.98459    0.32543
 -0.13371    0.5672     0.055809   0.81361   -0.10897    0.22592
 -0.39202    0.35723    0.031412   0.53714    0.44699   -0.16252
  0.33884    0.0039476 -0.17779    0.30882    0.36045   -0.065537
 -0.28758   -1.0256    -0.43875    0.45911   -0.039661  -0.041735
  0.20642   -0.14083    0.044319  -0.13681    0.28749   -0.37899
 -0.27157    0.4673     0.15191   -0.39707   -0.18143   -0.055564
  0.93097   -0.5541    -1.5219     0.44356   -0.39687    1.1512
  0.78363    0.53094    1.0575     0.38067   -0.27823   -0.01817
 -0.28995    0.35357   -0.23566   -0.1892     0.29557    0.017068
  0.45638   -0.40073    0.38079   -1.0011     0.34538    0.47622
 -0.16087    0.27425    0.11003   -0.074335   0.95121    0.83164
  0.25694    0.13593   -0.036771   0.56949   -0.27207   -0.077671
 -0.011565  -0.28898   -0.0069896 -0.14222  ]"
1746,"[ 0.1378    -0.73964   -0.64501    0.45636   -0.4428     0.22866
  0.36373   -0.85087    0.33647   -0.27955    0.72163   -0.21719
 -0.44877    0.14961    0.73427    0.16532    0.069159  -0.55595
 -0.54481   -0.32133   -0.24079   -0.58717    1.0388    -0.051962
 -0.050655  -0.37614   -0.50268   -0.049544  -0.013035  -0.50932
 -0.29438   -0.48959    0.5042    -0.85072   -0.88596    0.026273
 -0.43491   -0.23717    0.1994    -0.13443    0.43154    0.29018
  0.34251   -0.78285   -0.35829   -0.65433    0.095538  -0.45519
  0.28256    0.1914    -0.61017   -0.064405   0.55758    0.3068
 -0.92018   -0.43128    0.1481    -1.4335    -1.1025    -0.21334
 -0.13504    0.58775   -0.35982    0.52277   -0.075022  -0.26978
 -0.92939   -0.50784    0.47058    0.13896    0.0092524  0.19055
  0.38889    0.12562   -0.78063   -0.69148    0.4047     0.60176
 -0.49339   -0.18184   -0.31846   -0.63825    0.36792    0.56092
  0.49383   -0.34209    0.23165   -0.73253   -0.55916    0.25627
 -0.51342   -0.054045   0.30858    0.85079   -0.32361    0.085229
 -0.019696  -0.14122   -0.79139   -0.90348  ]"
footballing,"[ 0.79014    0.018898   0.22948    0.11175   -0.8243    -0.021142
 -0.24653   -0.67372   -0.2599     0.40954   -0.96135   -0.46625
  0.25098   -0.54314   -0.60281    0.41371    0.68455    0.14588
  0.68908    0.36803   -0.67894    0.63525    0.11166   -0.43164
  0.46846   -0.15066   -0.16612    0.37604    0.37433    0.23302
 -0.39272   -0.62284   -0.44229   -1.0252    -0.6954     0.0057297
 -0.88043    0.15783   -0.91716   -0.251      0.068651   0.47043
  0.62763    0.18299    0.32045    0.4851     0.69856   -0.11943
  0.1366     0.016425  -0.78887   -0.22628    0.091547   0.26946
  0.47647   -0.093174  -0.55294   -0.35951    0.11791    0.81758
  0.37097    0.57093   -0.58312   -0.32643   -0.15569    0.066575
 -0.92063    0.24396    0.025911  -0.55029   -0.12795   -0.017687
  0.42258   -0.75077   -0.22261   -0.10566   -0.32577   -0.37778
  0.3805     0.32254    0.46958    0.52555    0.63067    0.056865
 -0.36123   -0.24928   -1.1652    -0.0070682 -0.27639   -0.62945
 -0.76643    0.3303    -0.28493    0.042818  -0.013096  -0.32581
 -0.45126   -0.20125    0.07795    0.92902  ]"
"4,600","[ 0.26409    0.83409   -0.60867    0.48178   -0.4756     0.32752
  0.34979    0.82334   -0.12468    0.17657    0.68127    0.43586
  0.1697    -0.56117    0.061253   0.05028    0.13685   -0.17225
  0.14166    0.20141    1.0713     0.16923    0.10865    0.12368
  0.28572   -0.97716    0.25961    0.1694     0.027013  -0.76112
  0.52726   -0.0044241  0.43827    0.17724   -0.46402    0.24082
 -0.17848   -0.026721  -0.28039    0.32556   -0.11524   -0.48003
 -0.092198   0.18389   -0.0066202  0.21811    0.33422   -0.52829
 -0.32932    0.29911   -0.083971  -0.62248   -0.084228   0.40852
 -0.36721    0.77924    0.27898   -0.61133   -0.020323  -0.65314
  0.61       0.22158    0.41281    0.49859   -0.11009    0.10271
  0.2431     0.0093692  1.0135    -0.16132    0.49112    0.071768
 -0.5874     0.29879    0.35926   -0.021215   0.29378    0.1655
 -0.36859    0.2802     0.74896   -0.63532   -0.010034   0.089894
  0.15852    0.12615    1.1363     0.47478   -0.0051807 -0.14788
 -0.1166     0.63507    0.1638    -0.64183   -0.56334   -0.12745
 -0.54194    0.17651    0.60598    0.084138 ]"
2.38,"[ 0.82704   0.1869    1.0429    0.34963  -0.77682  -0.11175   0.32708
 -0.010806  0.17472   0.61174   0.17656  -0.29423  -0.6803   -0.83188
  0.53664  -0.2516   -0.80363  -0.57444   0.18047   0.72468  -0.092216
 -0.20008   0.28695   0.83509   1.3305   -0.53037  -0.16294   0.4094
  0.031447 -0.58287   0.29832   0.046228  0.14198   0.18606   0.076936
  0.8987    0.11881  -0.26454  -0.053057  0.7554    0.086269 -1.0263
 -0.43816  -0.083923 -0.48336   0.6945   -0.44737   0.32359  -0.2342
 -1.0649   -0.33476  -0.42865   1.2992    0.16925  -0.88425   1.038
 -0.53924  -0.65718   0.32955   0.49852  -0.053457 -0.75534  -0.29372
  0.62233  -0.89224  -0.27494  -0.43608  -0.79075   0.77608   0.30881
 -0.36822   0.14335  -0.2745    0.32885  -0.57486   0.60858  -0.60771
  0.072125 -0.27293   0.82033  -0.82408   0.39611   0.37918   0.66715
  0.40813   0.2344    0.14656  -0.014468 -0.02662   0.048987 -0.022485
  0.33031   0.43985  -1.0492   -0.55144  -0.64237  -0.55686  -0.61821
 -0.20924  -0.35843 ]"
chaminda,"[-1.1645    0.12849  -0.81047   0.66666  -0.56417   1.2191    0.87551
 -0.28532  -1.0433   -0.049069  1.6146    0.54271  -0.12403  -0.28031
  0.94996  -0.53616  -0.084877  0.68467   0.84775   0.26786   0.32424
 -0.093364  1.7321    0.46594  -0.36968   1.2128   -0.83633   0.22914
 -0.73133  -1.3502    0.047853 -0.69085  -0.59885   0.32942   0.67717
 -0.35437  -0.20794   0.31744   0.20054   0.15631  -0.79537   0.90528
  1.5318   -1.1261   -0.25436  -0.68744   0.47267   0.030383  0.012952
  1.2237    0.04121   1.1242   -0.85186  -0.19304  -0.18427  -0.18988
 -1.0789    0.73731   0.11657   0.99661  -1.0798   -0.27393   0.55719
  0.72465  -0.99215  -0.044418 -0.84605  -0.18309   0.19623  -0.15913
  0.33593   1.2266   -1.0978   -0.67559   0.45714  -0.50629  -0.81075
  1.3479    2.0257   -1.2612    0.12035  -0.47436  -0.18607  -0.89819
 -0.441     0.27832  -0.62206   0.92593  -1.0071   -0.80213   0.54351
  0.25515   0.060225 -0.69413   0.93819   0.19347   0.19831  -0.1414
 -0.73859  -0.10025 ]"
krugman,"[-0.24417   1.1498    0.37258  -0.64629   1.0992   -1.1265   -0.016527
 -0.20913  -0.42163  -0.1363   -0.055824  0.43658  -1.0733    0.06232
 -0.24336   0.76071  -0.39192  -0.34732  -1.0879   -0.21741   0.16365
  0.28844   0.10078   0.67936  -0.020019  0.024313 -0.040338 -0.15595
  0.4685   -0.35288  -0.30144   0.30596  -0.017682 -0.65451  -1.3853
  0.12651   0.34751   1.1724   -0.69654  -0.45418  -0.42081   0.21536
  0.068574  0.34494  -0.20647  -0.020405 -0.74402  -1.4867    0.34829
  0.029577  1.0052   -1.0879   -0.47723  -1.2159   -0.036596 -0.40932
  1.2129    0.14228   0.043071 -0.038436 -0.15464   0.12005  -0.75838
 -0.60912   0.058076  0.44954   0.025654  0.12834  -0.057667  0.045707
 -1.3569    0.43418  -0.44198  -0.17701  -0.40975  -1.1726    1.5117
  0.23805  -0.51169  -0.60654  -0.16806  -0.71824  -0.58619  -0.20777
  1.1184   -0.259     0.54885  -0.56755  -1.3924   -0.83585   0.071194
 -0.52925   1.156    -0.15995   0.29789   0.30472  -0.2165   -0.12232
 -0.69676   0.66744 ]"
usman,"[ 0.1807     0.089506  -0.37434   -0.54723    0.4457    -0.80991
 -0.44022   -0.0114    -0.41899    0.29778   -0.32281    0.45428
  0.49084    0.10447    0.85424    0.26971   -0.20414    0.1733
 -0.75433   -0.18086   -0.47185    0.077143  -0.015354   0.38574
 -0.72593    0.3079     0.26888    0.4287     0.45967    0.71076
 -0.58976   -0.68632   -0.01876    0.13379   -0.20591   -0.13116
 -0.19676    0.3966     0.74273   -0.36278    0.10775    0.76238
  0.69566   -0.46817   -0.35343   -0.70223    0.32114    0.093915
  0.054958   0.81238   -0.013954   0.11623   -0.062165   0.73321
 -0.54489    0.91863   -0.91956    0.13574   -0.63755    0.027416
  0.0037608 -0.41194    0.24527   -0.13154    0.15891   -0.24542
  1.482      0.35964    0.17553    0.61984    0.47638   -0.25807
  0.60517   -0.55782    0.069339   0.032821  -0.17025   -0.23759
 -0.75089   -0.41443    0.22197   -0.029726   0.055477  -0.53775
 -0.085769  -0.10502    0.39804    0.082106   0.31      -0.099226
  0.77503    0.36917   -0.9049     0.52077   -0.34372   -0.38974
  0.23367   -0.092326  -0.85224   -0.15029  ]"
500m,"[ 0.83911    0.2419     0.6498     0.96478   -0.20028    0.045239
 -0.83046    0.85683   -0.62529    0.45455    1.1351     1.5926
 -0.53432   -0.71828   -1.0448     0.012694  -0.71251   -0.44227
 -0.12765   -1.0639     1.4031    -0.07674    0.42595    0.8076
 -0.10312    0.79394   -0.25344    0.24753    0.24664   -0.12446
 -0.40025   -0.11536    0.14363   -0.85762    0.79091   -0.074409
 -0.89513    1.0048    -0.47265    0.87508    1.1668    -0.50918
 -0.29782   -0.78501   -0.26795    0.20485    0.82224   -1.1564
  1.0128     0.0072575 -0.19499   -0.17637    0.43922    0.72139
 -0.51475   -0.2216     0.049571   0.74856   -0.38573   -0.058749
 -0.058307   0.25676    0.8747    -0.19768    0.80803   -0.6548
 -0.47659    0.41403    0.27296   -0.55374   -0.40625   -0.27185
 -0.51854    0.73308    0.5163     0.9576     0.1557    -0.35979
  0.065988  -1.0174    -0.16452    0.69214    0.48395   -0.70492
  0.15205    0.63108   -0.42273    0.08492    0.80034    0.52072
 -0.054012   0.93108    0.70651   -0.085022   1.4272    -0.76152
 -0.68761    0.10513    0.69053   -0.25747  ]"
sele,"[ 0.35244   0.69175   0.50149  -0.34535  -0.37057  -0.39164   0.13225
 -0.4641   -0.41659  -0.23333   0.33801  -0.017246  0.32328   0.27515
 -0.32588  -0.57021  -0.065792  0.28795   0.15      0.96191   0.35281
 -0.28194  -0.10331   0.50155   1.0655    0.49715  -0.43346   0.16968
 -0.7792   -0.41124  -0.16873   0.74404   0.48935  -0.1417   -0.1633
 -0.19733  -1.2521   -0.32972   0.44979   0.24399   0.39481   0.18963
 -0.2664    0.012612  0.37151  -0.66922  -0.082566 -0.58239   0.54883
  0.31351   0.46417   0.29266   0.24688  -0.9121   -0.13769   0.55875
  0.11398  -0.14167  -0.61213   1.0575   -0.75588  -0.060018  0.35759
  0.25098  -0.57375  -0.079428  0.6141   -0.19081  -1.1706   -0.26575
 -0.06307   0.4576   -0.26743  -1.1478    0.52987   0.13512  -0.9314
 -0.24593   0.013749  0.068243 -0.41406   0.14092  -1.4206    0.46743
  0.24655   0.87373   1.0976    0.23538  -0.4327    0.060827  0.061832
 -0.92591  -0.53732   0.18016  -0.82164  -0.071826  0.28954   0.19382
  0.16578  -0.083998]"
dechy,"[-0.27375   -0.40013    0.67595    0.39405    0.26653    0.34263
  0.33161    0.76608    0.48899   -0.18222    0.22751    0.13427
 -0.73898    0.37083   -0.35572    0.90551   -0.72607    0.52745
 -1.3123    -0.064584   0.3946    -0.58738    0.65205    0.25887
  1.9765    -0.24031    0.94929   -0.44392    0.69331   -0.32101
 -1.5762    -0.69601    0.45536   -0.37191    0.3206    -0.27491
 -0.60443   -0.51253   -0.21208   -0.21427    0.27674   -0.61145
  0.51067   -0.33777    0.4176    -0.63395   -0.53696   -0.10533
  1.0682     0.011054  -0.059011   1.3479    -0.76294    0.24767
 -0.13999    0.56513    0.53766   -0.56866   -0.72365    0.25073
  0.83513   -1.3751     0.070066   0.624     -0.83179    0.49462
  0.0792     0.065003   0.36758   -0.6215     0.20676    0.57602
  0.055751   0.047825  -0.13204    0.31296   -0.0024634 -0.57277
  0.62641    0.096025   0.16206   -1.0323    -0.88943    0.58757
 -0.78072   -0.926     -0.15708    0.85606   -0.20378   -0.38556
  0.32227    0.45528    0.94879    0.69165   -0.51749   -0.22116
  0.0077115 -1.2147    -0.36381    0.035447 ]"
appreciating,"[ 0.23064    0.68467    0.056632   0.78866   -0.56487    0.41652
 -1.0629    -0.58573    0.46642    0.0020686  0.29837    0.12357
 -0.25171   -0.88838    0.52377   -0.214     -0.079186   0.14709
  0.40742    0.12679    0.11539    0.40859   -0.0059825  0.23599
  0.46265    0.36081   -0.0091854 -0.72307   -0.31933    0.33919
 -0.61976    0.16326    0.091654  -0.18446   -0.052794  -0.58635
  0.31191    0.20268   -0.60483   -1.1452     0.027907   0.14508
  0.13219    0.55411   -0.1743     0.51788    0.45397   -0.54274
 -0.014679  -1.5386     0.36046    0.34418    0.56067    0.33587
 -0.54915    0.31657    0.65309   -0.57026   -0.21925   -0.087062
 -0.094088   0.68287   -0.76855    0.79984   -0.94915    0.40257
  0.27684   -0.19995    0.60319   -0.50431    0.41528   -0.20507
  0.15601   -0.25265    0.033043  -0.1625    -0.57036   -0.062809
 -0.3681     0.20714    0.071499   0.061527   0.0078106 -0.37252
  0.37382   -0.090003  -0.49327   -0.13199   -0.48071   -0.74018
 -0.16353    0.38273   -0.17219   -0.46897   -0.23563   -0.53389
 -0.30165   -0.63579    0.12386    0.8571   ]"
all-stars,"[-0.13989   -0.0071003  0.32972   -0.26444   -0.23544    0.31763
  1.5355     0.036276  -0.54434   -0.49506   -0.27047   -0.82215
 -0.21446   -0.84281    0.29421    0.36582    0.67823    0.14392
 -0.17611    0.037361   0.49457   -0.076568   0.2265    -0.6245
  0.49928    0.7225     0.23753    0.30409    0.61749   -0.13835
 -0.76007   -0.53692   -0.28751    0.72626    0.3382    -0.44395
 -0.47168   -0.018315  -0.57618   -0.14509    0.13391   -0.27353
 -0.47212   -0.36401    0.32316    0.12829   -0.3229     0.15491
  0.249      0.66263   -1.0879     0.34383   -0.24411    0.058008
  0.88683    0.32901    0.17109   -0.50021   -0.85573    0.79061
 -0.57316    0.26808   -0.46448   -0.1129     0.61452   -0.69441
 -1.1084     0.98577    0.60883    0.27875    0.40835   -0.61992
 -0.80521    0.14624   -0.35756   -0.11194   -0.024529   0.58412
 -0.1083    -0.57644   -0.53829    0.30596   -0.078291   0.20555
  0.18367   -0.095509  -0.44121   -0.16839    0.63918    0.046713
 -0.14691    0.48108   -0.34582    0.53562    0.10519   -1.0569
 -1.0298     0.33644    1.1094    -0.035237 ]"
decrepit,"[ 0.16668    0.74596    0.73269   -0.19451   -0.71271    0.064546
 -0.63081    0.56417    0.80179    1.2257     0.016152   0.29461
  0.046241  -0.013158  -0.27538   -0.33557    0.62357   -0.42893
  0.83775    0.12234   -0.045464   0.41069    0.83427   -0.41647
  0.17157   -0.81467   -0.83011   -0.1034    -0.55555    0.90428
  0.3981    -0.26347    0.17193   -0.30805   -0.61468    0.54103
 -0.1482    -0.35456    0.15539    0.07953    0.61135   -0.19837
  0.043891   0.33884    0.25663    0.47122    0.51485    0.97118
  0.24787    0.28836   -0.48922   -0.36472   -0.047663   0.17351
  0.49663   -0.39178    0.12362    0.26052   -0.16209   -0.21777
 -0.88983   -0.23686    0.15839    0.14691   -0.5686     0.28444
  0.26393   -0.39301   -0.55373   -0.36474    0.7104    -0.21476
  0.44908    0.13391    0.39529   -0.18363    0.34768    0.31659
 -0.3508    -0.02583    0.6039     0.18505    0.032437   0.94378
 -0.14018    0.53999    0.077614  -0.057328  -0.72191   -0.26839
  0.40395   -0.088145  -0.049904  -0.25291   -0.53026   -0.48799
  0.0064693 -0.34577   -0.458     -0.025653 ]"
isaacs,"[-0.35542   -0.56291    0.37907   -0.8733    -0.039156  -0.16045
  0.005504  -0.082022  -0.13698   -0.4021    -0.22932   -0.16732
  0.44833    0.95358    0.084507   0.031421  -0.26863    0.11049
  0.21051    0.34096   -0.35366   -0.39447    0.96537   -0.036577
  0.49248    0.68177   -0.25122   -0.32183    0.35433    0.45781
  0.025228   0.30088   -0.49343    0.49438   -0.57119   -0.34304
 -0.060072   0.30547    0.36843    0.14454   -0.25995    0.44961
 -0.73322   -0.1318     0.53193   -0.20215    0.46355   -0.52275
  0.49389    0.7688     0.50858   -0.15157   -0.30849   -0.78081
 -0.19896    0.086238   0.53275   -0.06507   -0.46215   -0.33227
  0.13851    0.19848    0.016904  -0.082151  -0.20315   -0.36346
  0.32147    0.68426    0.099852   0.022976   0.13285    0.53622
  0.074676  -0.13188   -0.25709   -0.0055683 -0.34079   -0.0051705
 -0.094474  -0.76741   -0.22378   -0.070743  -0.064487  -0.79304
  0.21159    0.092605   0.22649   -0.53481   -0.014637  -0.77546
  0.20773   -0.011734   0.74289   -0.39402   -0.05996    0.041962
  0.62411    0.018548  -0.34798    0.27655  ]"
hbos,"[-3.3061e-01 -3.8795e-01  4.4980e-01 -5.5790e-01 -4.6639e-01 -1.2805e-01
 -1.0843e-01 -9.0018e-01 -2.6335e-01  2.6549e-04  3.1021e-01  7.0105e-01
 -7.3356e-01  4.2731e-01 -4.8217e-01 -3.7068e-01 -8.3356e-01 -4.1093e-01
  6.3381e-01  7.3759e-01  5.0707e-01 -7.3403e-01  7.7472e-01 -3.2041e-01
  4.0150e-01 -9.2446e-01  2.4278e-01  2.0677e-01 -8.5326e-01  1.1649e-01
 -1.0876e-01  1.8945e-01 -5.9075e-01 -3.2435e-01  2.0154e-01 -7.0837e-01
  1.1355e-01  6.7926e-01 -5.0611e-01 -1.2305e+00 -4.0850e-02  7.5319e-01
 -1.6554e-01  8.7711e-01 -9.6759e-01  1.6194e+00 -5.4020e-01  8.5639e-01
  5.5798e-02 -6.7017e-01 -2.1478e-01  2.6214e-01  8.5320e-01 -1.4480e-01
 -5.1334e-01 -6.7251e-01 -7.1050e-02 -5.8873e-01 -1.0102e+00  5.6342e-01
  1.2689e+00 -9.6307e-01 -4.3123e-01  6.9056e-02 -1.8757e-02  8.2789e-01
 -2.3746e-01  9.7579e-01  8.2461e-01 -4.9736e-01 -6.4293e-01 -3.0287e-01
 -7.5631e-02 -3.9828e-01 -7.8676e-01 -4.2033e-01 -2.3570e-01  1.6675e-01
 -7.8091e-01  2.7324e-01  9.6446e-01 -6.8279e-01  1.0306e+00  4.7640e-01
  3.0217e-01 -9.8691e-01  7.0829e-01 -2.2329e-01  1.9891e-01  1.9182e-01
 -4.3706e-01  2.5944e-01 -2.1146e-02  8.8506e-02 -4.7946e-01  6.2017e-01
  1.0338e+00  2.3640e-01 -2.6415e-01  9.5153e-02]"
fiedler,"[ 0.058739  -0.025534   0.27023   -1.503     -0.25711   -0.034486
  0.42456   -0.88343    0.031742  -0.15219    0.14153    0.72507
  0.16625    0.29507    0.26619   -0.42815    0.22033    0.47624
  0.23128   -0.2726    -0.72346   -0.18659    0.027101   0.097382
  1.1781    -0.66463   -0.50883    0.10108    0.36641    0.16104
 -1.0164     0.28301    0.48102    0.48942   -0.84335   -0.084325
 -0.010287   0.15809   -0.26707    0.52373   -0.32753    0.23965
 -0.095481   0.92233   -0.50841    0.31969    0.52078   -0.68477
  0.60941    0.40605    0.22694   -0.38416   -0.3548    -0.54747
  0.037872   0.16412    0.52076    0.43352   -0.45799    0.4666
 -0.0062727  0.3946    -0.33571    0.14658    0.21725   -0.14923
  0.48962    0.017716  -0.53049   -0.29818   -0.69912   -0.20156
 -0.46637   -0.069873   0.14286   -0.15398   -0.47232   -0.078524
  0.10446   -0.22015    0.53757   -0.19815   -1.1594     0.27591
  0.32457   -0.11156    0.92878    0.071592   0.063462  -0.12783
  0.5988     0.096722   0.025202   0.13171    0.010386   0.53106
  0.056935   0.075725  -0.17374    0.29539  ]"
lineages,"[ 0.48638    0.87627    0.16778    0.30512    0.066255   0.12084
  0.28305   -0.3669     0.090572  -0.27612   -0.29763    1.1146
  0.82356    0.85907    0.17791   -0.012917  -0.64075   -0.18895
  0.23461    0.16203    0.63898   -0.20171    0.35336    0.2101
  0.30507   -0.60688    0.60902    0.16787    0.27348    0.17194
  0.017722  -0.31386    0.008286  -0.28235    0.67948    0.20578
  0.13754    0.4945    -0.38905    0.40151   -0.5785     0.29608
 -0.67531   -0.1705    -0.39471    0.1464     0.41602    0.7121
 -0.40791    0.11417    0.12693   -0.049377   0.096284  -0.63918
  0.36989    0.63006   -0.41715   -0.39767   -0.14793    1.0567
 -0.15475    0.24155    1.3004     0.52637    0.84113    0.34854
 -0.78396   -0.0083238  0.73322   -0.006316  -0.47312   -0.0029795
  0.11167   -1.178      0.14211   -0.64537   -0.45626   -0.96722
 -0.18274   -0.16528   -1.2197    -0.19036   -0.064742   0.47066
 -0.43954    0.68714   -0.13323   -1.0484    -0.32767    0.48989
 -0.61383   -0.038974  -0.12573    0.015361  -0.34537   -0.49478
 -0.83284   -1.2543     0.12111   -0.11028  ]"
sectional,"[ 1.5008e-01  2.4453e-01  3.9035e-01  2.4847e-01 -4.7666e-01  7.2135e-01
 -4.5475e-01  5.8340e-01  9.1882e-02  3.4818e-01 -5.0611e-01 -6.2489e-01
 -7.7334e-02  1.6061e-01  2.1442e-01  9.5506e-01 -8.6055e-02 -2.2469e-01
  3.8510e-01 -1.3552e+00 -2.1332e-01  5.5069e-01  4.1069e-01  8.8012e-01
 -4.7757e-01 -2.5586e-01  6.3446e-01 -4.5380e-01  1.0494e+00 -1.1709e+00
  7.8661e-02 -8.4488e-01 -6.8306e-02  6.5097e-01  4.5640e-01 -2.6487e-01
 -2.7226e-01  7.1061e-01 -1.6444e-01  5.1049e-01  8.5543e-02 -4.1944e-01
  6.7145e-02 -6.5490e-01 -1.1075e-01  1.7117e-01  3.7274e-01  1.1248e-01
 -3.5957e-01  1.3736e-01 -1.2102e+00 -2.7598e-03 -4.2493e-02 -4.2651e-04
  8.3570e-01 -8.3746e-01  9.6226e-01 -2.1958e-01  1.1553e-01  3.5727e-01
  2.4657e-01 -2.5995e-01  7.0759e-02 -6.1313e-02  2.3077e-01 -4.3302e-01
 -3.1760e-01  7.9978e-01  3.8282e-02 -7.4442e-02 -9.8040e-03 -2.8395e-01
  1.3461e+00 -1.3531e-01 -4.8698e-01  4.4620e-01  8.9787e-01 -2.9865e-01
  7.9481e-02 -3.8666e-01 -3.0200e-01  2.8902e-01  8.3083e-02  1.0899e+00
  3.0058e-01  1.7475e-01 -4.1325e-01 -8.7182e-01  1.6979e-01  1.4624e-01
 -1.2844e+00  1.0241e+00 -3.2838e-01  3.1072e-01  4.1261e-01  3.8005e-01
  1.7351e-02  3.0593e-01  7.6458e-01 -9.2632e-02]"
magically,"[-0.21581    0.19154    0.283      0.13464    0.84085    0.86256
  0.20007    0.4116     0.87312   -0.41171    0.20227    0.69596
  0.59091    0.11164    0.14727   -0.15638    0.35648    1.047
  0.012624  -0.25955   -0.20082   -0.52889    0.030075  -0.05185
  0.42908    0.12506   -0.72616   -0.23919    0.10812   -0.45267
  0.16055   -0.021893  -0.86351   -0.36018   -0.06608    0.12498
 -0.16001   -0.69863   -0.16683   -0.30061    0.23311    0.17118
 -0.47633   -0.075261  -0.047429   0.75669    0.11321    0.68533
  0.55955   -0.38115   -0.50849   -0.14042    0.60663    0.54955
  0.25887   -0.066371  -0.070058   0.57301   -0.43754   -0.10799
  0.078356   0.99849   -0.30402    0.01775    0.074285   0.17866
  0.39612   -0.27308   -0.12312   -0.46459    0.38908   -0.87425
 -0.15826   -0.043216   0.37059   -0.5897    -0.37079   -0.32733
  0.2629     0.20966   -0.65969    0.17112   -0.60702    0.073886
 -0.69831   -0.44685    0.77144   -0.13624   -0.36376   -0.58219
 -0.021478   0.061535  -0.0052474 -0.78649   -0.15433   -0.55013
  0.38885   -0.28479   -0.52854    0.076715 ]"
snows,"[-0.86876    0.38136    0.21322    0.42605   -0.54043   -0.41899
 -0.21381    0.086269  -0.013007  -0.77911   -0.21141    0.24587
  0.82975    0.67351   -0.012097  -0.3122     0.30426    0.10036
 -0.36831   -0.20072   -0.050903   0.69584   -0.026323   0.4185
 -0.092667   0.85099   -0.90986    0.038351   0.095207  -1.2381
  0.32283   -1.4996     0.37935   -0.28419   -0.94699    0.042713
  0.50848   -0.50684    0.37524    0.17024   -0.8786     0.80165
 -0.18693    0.18437   -0.090263  -0.14654    0.43841   -0.51505
  1.4835    -0.49173   -0.14346    0.31124    0.039914  -0.31679
  0.09865   -0.59166    0.4832     0.56688    0.24779   -0.0015884
 -0.17652    0.62867    0.038858   0.91887    0.067585   0.14583
  0.060565  -0.7827     0.9162    -1.4679     0.078215  -0.96651
 -0.22277    1.2857     0.022042   0.2199     0.18315   -0.038992
  0.46477    0.47085   -0.34909    0.016159  -1.0544    -0.32495
  0.28484   -0.14718    0.59059   -0.14136    0.4134     0.21778
  0.14385    0.44196   -0.37346    0.93512   -0.78641   -0.59145
  0.22292    0.695     -0.37666    0.44484  ]"
telltale,"[ 0.44406   0.31291  -0.039149 -0.72193   0.096535 -0.25862   0.18982
  0.031818  0.15306  -0.28846  -0.11895   0.32519   0.53084  -0.30152
  1.0887    0.99719   0.27037   0.05696   1.2031   -0.376    -0.65473
  0.10404  -0.83406  -0.19908   0.40061  -0.17651   0.26526   0.61039
 -0.262    -0.46509   0.45289  -0.53181  -0.64025   0.42556  -0.34775
 -0.2896    0.1287   -0.62876   0.056361  0.070638  0.28822   0.30364
  0.33838  -0.4725   -0.33746   1.0666    0.33884   0.57555  -0.56878
 -0.073428  0.21699   0.029204 -0.21229  -0.19078   0.17514  -0.483
  0.029474 -0.11377  -0.18796   0.046483 -0.80721   1.0904   -0.24947
  0.15442  -0.07244   0.36733   0.38341  -0.42479  -0.33382  -0.28047
 -0.38263   0.028519  0.22459  -0.4075    0.31874   0.4845    0.33837
 -0.82352  -0.055787 -0.1823    0.022405 -0.51667  -0.25849   0.10293
 -0.3578   -0.44562   0.61317   0.38491  -0.22012   0.82809  -0.3492
  0.29633   0.082378 -0.19057  -0.16584  -0.36906  -0.78534  -0.42398
  0.030006  0.1907  ]"
compagnie,"[ 0.85858   -0.74523   -0.71585    0.79204   -0.16321   -0.3777
  1.269      0.53785   -0.30294   -0.88528    0.28605   -0.039414
  0.45854    0.29207    0.12209   -0.53255    0.72173   -0.75613
  0.32637    0.62432    0.49867    0.37947   -0.58873   -0.63702
 -0.14361   -0.5197    -0.53264    0.28343   -0.036559  -0.61824
  0.17051   -0.22823   -1.0115    -0.68307   -0.010726  -0.39255
  0.67491   -0.25846   -0.057034  -0.35616    0.79781   -0.34638
 -0.84733   -0.21897   -0.72187    0.81802   -0.90657    0.34811
 -0.45105    0.4578    -0.76586    1.4283     0.079928  -0.1297
 -1.2914    -0.17102    0.40163    0.35912    0.0093494 -0.23793
  0.4633    -1.2031     0.040282   0.067243  -0.32746    0.073794
 -0.5338    -0.40658    0.75171   -0.015423   0.17926    0.096334
 -0.33284   -0.020883   0.26872   -0.59478   -0.3559     0.12731
 -0.33915    0.18243    0.1693    -0.53742    0.10947    1.9411
 -0.13034   -0.83602    0.24782    0.13417    0.41762   -0.57988
  0.20236   -0.39062    0.11955    0.64527    0.40401    0.29803
 -0.33726   -0.7664    -0.26104    0.27134  ]"
gridiron,"[ 0.25091    0.011507   0.47051   -0.76592   -0.78864    0.62521
  0.11778    0.088646  -0.97517   -0.16958   -0.50917   -0.05108
  0.20574    0.16624   -0.57026    0.75357    0.86972   -0.35251
 -0.053053  -0.31914   -0.13216    0.017823  -0.57969   -1.0994
  0.68032    0.56559   -0.3238    -0.49183   -0.13488   -0.16409
 -0.27593    0.42333   -0.15353   -0.36448    0.11365    0.1154
 -0.84334    0.4894    -0.52847    0.018321  -0.0026156  0.57762
  0.071681  -0.14125    0.36128   -0.10329    0.13078   -0.041527
 -0.036392  -0.158     -0.37669   -0.26686    0.34647   -0.30571
  0.36779    0.018457   0.14803   -0.28364   -0.023365   0.42053
 -0.75024    0.59391   -0.53687   -0.94301    0.10112   -0.5642
 -0.084948  -0.38716    0.27496    0.1198     0.19344   -0.55414
  0.088183   0.21012   -0.84676   -0.58333    0.8321     0.22429
  0.28155   -0.16305   -0.18418    0.20175    0.54479   -0.2881
  0.47497    0.156     -0.26048    0.21157    0.49619   -0.19075
 -0.53113    0.70011   -1.007      0.15648    0.019658  -1.3357
  0.026752   0.43854    1.1919     0.52578  ]"
stillman,"[ 0.29792   -0.3751    -0.92735   -0.77034   -0.29134    0.32837
  0.44734   -0.18504   -0.44656    0.16185    0.033999  -0.40868
 -0.27952   -0.18411   -0.010172  -0.12104   -0.081039   0.013556
 -0.13206    0.16828   -0.0070362 -0.22293    0.36274   -0.10933
  0.42374    0.29626   -0.16041   -0.18789   -0.97673   -0.16913
  0.05833    0.19299    0.20141    0.75714   -0.63151   -0.35815
 -0.28538    0.42491    0.062483  -0.13791    0.083979   0.64002
 -1.1009     0.15439   -0.85283    0.06209    0.075813  -0.53921
  0.41726    0.63591    0.078294  -0.18228    0.28188   -0.37213
 -0.19319   -0.27211    0.36623   -0.14421   -0.71359    0.38144
 -0.20851   -0.10357    0.20069    0.43077   -0.067883   0.19285
  0.12245    0.43789   -0.67353    0.75561   -0.25343   -0.1416
  0.23313   -0.024695   0.2608    -0.55212   -0.49975   -0.54924
 -0.848     -0.23252   -0.19985   -0.0061086 -0.55184   -0.36425
  0.34782    0.2278     0.080592   0.02653    0.23636   -0.55426
 -0.16416   -0.028819  -0.22759    0.0098399 -1.1811    -0.27445
  0.34573    0.079673  -0.38136    0.42263  ]"
gladiators,"[ 4.3374e-01  7.6960e-01  3.7835e-01 -6.0934e-01 -5.8013e-01  2.2815e-01
  4.7530e-01 -9.1402e-02 -3.8446e-01 -3.5331e-01 -4.4195e-02 -8.0921e-01
  2.0444e-01 -2.7122e-01  2.4398e-01 -4.9629e-01  6.3869e-01  9.8189e-01
  1.7336e-01  1.8754e-01 -4.1573e-02 -3.3708e-01  1.1111e-01  2.7218e-02
  6.5816e-01 -2.0231e-01  7.4623e-01 -3.3146e-01  4.2791e-01 -2.1691e-01
  1.0547e-01 -9.4302e-01 -2.6179e-01  7.2195e-01  4.6160e-01 -1.9757e-01
 -7.3248e-01 -1.5876e-01  3.5154e-01  2.8162e-01  2.5196e-01  7.8601e-01
 -1.0382e-03  3.6628e-02  2.8640e-01 -7.1607e-02 -2.8742e-01  1.3769e-01
  3.7408e-01  4.0824e-01 -1.4814e+00  4.1638e-01  4.9933e-01  4.6950e-01
 -3.3490e-01  9.7957e-02  1.1377e-01 -3.6146e-01 -7.9203e-01  5.7048e-01
 -7.2587e-01  4.1313e-01 -5.3461e-01 -2.6555e-02 -7.9631e-02  9.1360e-02
 -5.7260e-01 -2.4610e-01 -7.9217e-01  7.9069e-02 -3.8567e-01 -8.1777e-01
 -1.2049e-01  6.4086e-01 -2.3715e-01 -4.7478e-01  7.0175e-02  5.0821e-01
 -4.4055e-01 -6.6399e-02  1.9315e-01 -4.5843e-01  2.1983e-01  1.2513e+00
 -1.1560e-01 -5.8420e-02 -4.1644e-01  1.0776e-01  1.3895e-01 -6.2353e-02
 -2.8637e-01 -4.7247e-01  6.7814e-02  9.0974e-02 -1.6917e-01 -3.5787e-01
 -2.5667e-01  7.6597e-01  6.8887e-01  6.4773e-01]"
lazaro,"[ 5.3271e-01 -5.6928e-01  1.7401e-01 -1.7485e-01  4.2093e-01  1.1212e-01
 -2.5970e-01 -3.5196e-01 -1.9097e-01 -8.0791e-01  6.3144e-02  3.0238e-01
 -2.4128e-01 -7.1812e-01 -1.6064e-01  1.0091e-02  8.7922e-02  1.5630e-01
  1.4716e-03  6.3721e-01 -4.7329e-01  3.1314e-01  4.5024e-01 -6.7510e-01
  1.2876e-01  6.5594e-01 -5.1628e-01 -8.4132e-01  3.7446e-01  6.0047e-01
  2.3150e-01 -6.4419e-01  4.4601e-01  1.0043e+00 -6.7282e-01  8.1541e-01
 -2.0663e-01  6.6171e-01  6.6170e-01 -2.7305e-01  9.2184e-01 -5.1305e-01
  8.5596e-01 -7.1980e-01 -9.7677e-04  3.1382e-01 -2.5171e-01 -1.5750e-01
  7.8293e-01  1.3086e+00 -3.3628e-01  8.9070e-02  5.6738e-01  6.4377e-03
  4.0144e-02  1.0393e+00 -6.3673e-01  2.5153e-01 -3.7946e-01  4.4467e-01
 -6.7978e-01  1.4072e-01  3.3285e-01 -5.4242e-01 -1.5876e-01 -8.7966e-02
 -1.0488e-01 -1.8693e-03 -3.6020e-01 -2.6919e-03  5.5352e-01 -2.4993e-01
 -8.8823e-02 -9.0913e-01  3.9454e-01  6.7958e-01 -1.1334e-02 -4.9710e-01
 -7.7497e-01  3.4139e-01  1.1355e-01 -3.8379e-01 -3.2953e-01  6.9714e-02
  1.0889e-01  8.3576e-01  2.4025e-01  6.5881e-01 -3.5858e-01 -9.8730e-01
  3.5522e-01 -1.9560e-02 -4.4228e-01 -3.3088e-02 -4.2613e-01  3.6232e-02
  1.6366e-01 -7.1278e-01 -2.1180e-01 -3.7742e-01]"
milos,"[-0.57763   -0.14711    0.78667   -0.083805  -0.0037181 -0.024268
 -0.26029   -0.48991    0.082151   0.47592   -0.29023   -0.89478
 -0.87704   -0.30693   -0.13709    0.38258   -0.026543   0.39609
 -0.06303   -0.029609  -0.11014    0.048449   0.314      0.82048
  0.56652   -0.32689    0.82979    0.33942   -0.15302   -0.54942
 -0.30039   -0.055248   0.26947    0.10052    0.21126    0.078491
  1.1409     0.54615   -0.38555   -0.36534   -0.70612    0.75691
  0.11779    0.16868    0.29544    0.027535  -0.53296    0.25248
 -0.17559    1.2017     0.88549   -0.60752   -0.25938   -0.037481
 -0.16985    0.26987    0.35876    0.78146   -0.43197    0.50605
  0.24404    0.20331   -0.57015    0.41205    0.16645    0.6662
  1.2401     0.75774    0.35505    0.32744    0.32679   -0.74953
  0.12675   -0.13882   -1.0343    -0.46216   -0.78239   -0.077947
  0.53322    1.0311    -0.85431   -0.19996   -0.11524   -0.047363
  0.3638    -0.41642    0.39903    0.98584   -0.34924   -0.50962
  0.35092   -0.27646   -0.11974    0.98446   -0.42084    0.14881
  0.42706    0.39751   -0.024892  -0.52849  ]"
tandy,"[-0.13811   -0.7492    -0.8013    -0.20351   -0.20032   -0.13797
  0.33391    0.15799    0.20142   -0.35511    0.39389    0.29433
 -0.044903  -0.10114   -0.27695   -0.45492    0.30923    0.15739
  0.70606    0.54765    0.42461   -0.74952    0.2582     0.97838
  0.45969    0.35964    1.0867    -0.72384   -0.37578   -0.54374
  0.78021    0.3173    -0.39413    0.34388    0.40035    0.38274
 -0.30476    0.66981    0.73432   -0.49252    0.33403    0.45158
 -0.32084    0.60423   -0.53618    1.0058    -0.14299   -0.05737
 -0.056306  -0.38889   -0.37007   -0.1564     0.53281   -0.047966
  0.41252    0.092484  -0.6041    -0.21399   -0.2887    -0.016667
  0.25781   -0.24212   -0.092047   0.39537   -0.62682   -0.17829
  0.42975    0.22059    0.24744    1.1747     0.4263     0.19026
 -0.81319    0.32242   -0.052953  -0.018787   0.40505   -0.10703
 -0.066321   0.078405  -0.43504   -0.0060931 -0.11659    0.47661
  0.28872    0.69278    0.24898   -0.32574   -0.1661    -0.65617
  1.0553     0.46363   -0.059026   0.14555   -0.68196   -0.45017
  0.33728   -0.11429    0.29158    1.0904   ]"
cadence,"[ 6.6776e-01 -1.7642e-01  3.8939e-01  4.0282e-01  4.2872e-03  8.3210e-01
  9.1328e-01 -8.5622e-01 -2.6542e-01  1.0152e+00 -3.4917e-01  2.1490e-01
 -1.7649e-01 -3.6285e-01 -5.4882e-02 -8.5425e-02  1.4731e-01 -1.3870e-01
  6.6147e-01  8.5426e-02  2.5483e-01 -4.6474e-01  2.1222e-01 -6.8043e-02
  3.7304e-01  3.4873e-01 -5.5158e-01  1.3386e-01  1.5655e-01 -2.9046e-01
 -1.3966e-01  2.2547e-01 -9.4843e-02 -7.0410e-02 -5.3002e-01 -2.4813e-01
 -7.9107e-02 -5.9153e-01  5.1156e-01 -1.0068e+00  4.1815e-01  1.6333e-01
 -2.6957e-01  1.4172e-01 -7.7058e-01 -5.7322e-02  4.8720e-02 -3.9739e-01
  3.0507e-01 -8.5771e-02  2.6880e-01  4.7384e-01  8.6901e-02 -1.5330e-01
  3.4756e-01  4.1368e-01  3.0379e-02  5.7967e-01  2.6908e-01  5.9519e-01
  4.6292e-01 -4.4884e-01 -3.6212e-01  1.3848e-01 -6.0794e-01 -5.4927e-01
 -4.0630e-04 -3.8754e-02  5.3454e-01 -3.2743e-01 -4.2597e-01  2.2426e-01
 -2.7285e-01 -3.7395e-01  4.3716e-01 -5.7603e-03  1.5412e-01 -2.0628e-01
  6.0878e-01 -3.6911e-01 -1.3198e-01 -4.9294e-01 -6.1476e-01  4.3885e-01
 -6.9625e-01  2.2777e-01  6.8649e-01 -4.0744e-01  1.2336e-01 -1.2112e-01
 -3.3104e-03  1.4411e-01 -2.9179e-01  5.7884e-01  5.0550e-01 -5.3676e-01
 -7.6204e-01 -3.5325e-01  6.2474e-01  4.1856e-01]"
rebuff,"[-0.27771   -0.023275   0.2368    -0.025211  -0.024583   0.094974
 -0.11329   -0.58964    0.0055544 -0.15468   -0.85013   -0.12882
 -0.0020745 -0.14488   -0.085363   0.82037   -0.74077   -0.10747
  0.042591  -0.012103  -0.12105   -0.26432   -0.45795    0.25377
  0.045298  -0.14119   -0.20566    0.74892    0.37493   -1.0476
  0.50489    0.22758    0.068133   0.11345   -0.29162    0.32659
  0.036289  -0.66429   -0.057474   0.022695  -0.54697    0.34631
 -0.17073    0.28176    0.25168    0.042827   0.7882    -0.10348
  0.038305   0.022433   0.37146    0.35425    0.56217    0.29663
 -0.18921   -0.050222   0.39415   -0.4729    -0.28804   -0.87393
 -0.21331   -0.53402   -0.088253   0.5781    -0.3331    -0.5896
 -0.31518    0.37315   -0.70118   -0.88584   -0.58774   -0.53593
 -0.32171   -0.41464   -0.36806    0.23124   -0.16913   -0.18805
 -0.29563    0.21605    0.15447   -0.091392   0.22533    0.30772
 -0.5579    -0.62718    0.62195    0.7007     0.34329   -1.0159
  0.14077    0.060104  -0.97582   -0.012329   0.30109   -0.020182
  0.14601    0.16045   -0.064387   0.23692  ]"
3.30,"[ 0.36104    0.0058474  0.44912    0.14463   -0.83131   -0.28518
 -0.10453    0.72321   -0.54195    0.23291    0.14736    0.87279
 -0.25172    0.15483    0.45756   -0.77964   -0.95686   -0.38681
  0.041351   0.37962    0.23969   -0.25718   -0.037436   0.58121
  1.5832    -1.1024    -0.01442    0.35698   -0.26331   -0.1331
  0.16208   -0.010329  -0.14164   -0.15077   -0.16895    0.30211
  0.33864   -0.78832    0.35031   -0.88074    0.4009    -0.73618
 -0.46078    0.25831   -0.78273   -0.21738   -0.0037719 -0.19366
 -0.18532   -1.6559    -0.5201    -0.85522    0.41259    0.548
 -1.0813     0.61755   -0.32693   -0.57323    0.4328     0.3261
 -0.08656   -0.60912   -0.44548    0.31702   -0.51457   -0.48819
 -0.85839   -0.11508    0.64967    0.70416   -0.52727   -0.061839
  0.28288    0.32439   -0.044388  -0.19109   -0.3653    -0.72263
 -0.4571     0.035636  -0.94707    0.29744    0.62924    0.25246
  1.1956     0.63533    0.59181    0.72208    0.21982   -0.43384
 -0.33265    1.2325     0.39354   -0.57934   -0.3521    -0.3252
  0.060694   0.026874   0.054687  -0.18524  ]"
goody,"[-0.18637   0.11934  -0.31343  -0.94595  -1.0092   -0.11194  -0.11746
  0.84343   0.32537   0.97936   0.28714  -0.14821  -0.5463   -0.51671
  0.29559   0.23198   0.29597  -0.39726   0.4045    0.2931    0.47243
  0.011608  0.36314  -0.078616  0.98717   0.6745    0.78125  -0.38365
 -0.051003 -0.22998   0.59389  -0.37787   0.73186   0.4311    0.31472
  0.63909  -0.035691  0.29789  -1.1588   -0.095375 -0.6641    0.79674
  0.66655  -0.56088  -0.69743   0.97506  -0.2084    0.97402   1.1049
 -0.011908 -0.64895  -0.038751  1.0022   -0.021266 -0.13544   0.38888
 -0.54548   0.40699   0.04225  -0.192     0.30673   0.20615  -0.02347
  0.54407   0.082293  0.22916   0.58506   0.17591   0.21785   0.26762
 -0.45565  -0.036858 -1.421     0.86517  -0.45613   1.0115    0.27041
 -0.51572   0.099342  0.78482  -0.1432   -0.71446   0.93246  -0.055357
 -0.19469  -0.029423  0.67853  -0.11852  -0.50031   0.39069   0.045494
  0.42378   0.56282  -0.12153   0.32295  -0.4841    0.33232  -0.70467
  0.095056  0.66859 ]"
petter,"[-0.2457    -0.13847   -0.30885   -0.31514   -0.46919   -0.75805
  1.0251    -0.1204    -0.45766   -0.26856    0.51466    0.64712
 -0.56728    0.10607    0.12202    0.71341   -0.55385    0.16584
 -1.0118     0.38992   -0.44896    0.035814   1.0698     1.2152
  0.1936     0.25322   -0.85867    0.74429   -0.14642   -0.0052587
 -0.87961   -0.76513   -0.78389    0.59816   -0.85465   -0.021006
  0.45879    1.6233     0.046923   0.070117   0.37612    0.41257
  0.98309    0.60837   -0.69536   -0.37574    0.26775    0.34376
 -0.052303   0.32148   -0.51181   -0.23697   -0.42275    0.8485
 -0.69761    0.071098  -0.89929    0.86108   -0.82895   -1.0918
  1.1565    -0.65755    0.33611    0.79495    1.4378    -0.06865
 -0.18323    0.43087   -0.1397    -0.020921  -0.44481    0.0086795
  0.080011   0.1455     0.37777    0.10201   -0.36506   -0.504
  0.27056   -0.46931    0.059902  -0.24999   -0.82404    0.89067
  0.33613    0.16001   -1.1911     0.041178   0.30251   -0.29655
 -0.37913    0.061194  -0.040076  -0.16042    0.31632   -0.52635
 -0.14018    0.45655    0.3316    -0.32244  ]"
jellyfish,"[-0.60327    0.48901    0.63775   -1.2289     0.052325   0.60335
 -0.27541   -0.084387  -0.10652   -0.29976   -0.58185    0.35729
  0.25446    0.40702    0.19432    0.39827   -0.33005    0.38308
  0.80487    0.48798   -0.084774   0.0096157 -0.12233    0.38686
  0.4958     1.391     -0.044533   0.5532     0.12612    0.19174
  0.42146    0.17029   -0.011017   0.60843    0.46193   -0.16143
 -0.058753   0.67931    0.14409   -0.69152   -0.23442   -0.59439
 -0.61114   -0.26965    0.81326    0.67713    0.32939    0.33925
 -0.43939    0.55856    0.18291   -0.086736   0.36306    0.30555
 -0.50595    0.22292   -0.038011   0.24607   -0.025168  -0.039715
 -0.71747    0.88389    0.7413     0.72332    0.19731    0.44106
 -0.23236   -0.49121    0.26187   -0.332      0.15274   -0.21964
  0.5241    -0.14101   -1.144     -0.52924    0.18058   -0.45051
 -0.19571    0.96794    0.061936  -0.65305    0.18232    0.57685
  0.31428   -0.15994    0.93451   -0.44849   -0.91982   -0.018478
  0.1069     0.13632   -0.20764   -0.84745    0.57668   -0.14563
 -1.0053    -0.27465   -0.26219   -0.14608  ]"
hadith,"[-0.038486  0.55419  -0.28516  -0.9323    0.64496   0.59953   0.19617
 -0.50918   0.37281   0.015002 -0.20398   0.13337   1.2797    0.17403
 -0.085206  0.50071  -0.3001   -0.75498  -0.098664  0.61173   0.27323
 -0.57727   0.044012 -0.38506   0.31499  -0.44706   0.296    -0.093505
 -0.44733  -0.020406 -0.91575  -1.9111   -0.76755  -0.051374 -0.48982
  0.51928  -1.1942    0.95104  -0.48477  -0.23491  -0.69771   1.8326
 -0.23745   0.15219  -1.1979   -1.0765    0.46166   0.21414  -0.03352
 -0.28904   0.26157   1.0485    1.227    -0.16218  -0.78164   0.84498
  0.32889  -0.64349  -0.026376 -0.36172   0.18445  -0.25755   0.66244
  0.18195   0.4237   -0.12813   0.21731   0.058192 -0.016104  0.75677
  0.17042   0.94997   1.1255   -0.20113  -0.31104  -0.19226  -0.24373
 -0.31683  -0.47526  -0.08081  -0.061706 -0.15978  -0.16311  -0.31086
 -0.68688   0.055607  0.013497 -1.1848    0.7281    0.89345  -0.51338
  0.57718   0.055012 -0.59467  -0.39721   0.27271  -0.20455  -1.4777
  0.42925   0.010443]"
diversifying,"[-0.026154  -0.066922   0.32475    0.67822    0.50941   -0.18111
 -0.60445   -0.38232    0.76713    0.54631   -0.38491   -0.23705
 -0.2727    -0.31774   -0.080592  -1.1326     0.16114    0.03887
  0.59182   -0.44594   -0.44838    1.0418    -0.055947   0.58831
 -0.59725    0.83099    0.037711  -0.20824   -0.571      0.66465
 -0.60955    0.011064  -0.58092   -0.50544   -0.4337    -0.37345
 -0.34514   -0.17466   -1.0992    -0.46811    0.18657   -0.418
 -0.030247   1.167     -0.3537     0.36014   -0.11912    0.35731
 -0.27114   -0.36315   -0.49223    0.60628   -0.54953    0.87893
 -0.28603    0.29463   -0.032087  -0.6832     0.0053273 -0.033961
 -0.22194   -0.011699   0.18751    0.60184    0.10017    0.0711
  0.24639   -0.28697    0.5277     0.18492    0.87354   -0.11965
  0.41996   -1.0924    -0.18403   -0.73535   -0.27566   -0.44771
 -0.063114   0.12625    0.19927    0.53168   -0.6281     0.1462
  0.14161   -0.4336    -0.31583   -0.21136   -1.0345    -0.30105
 -0.4551     0.42611   -0.2221    -1.2281    -0.53627   -0.42146
  0.30489   -0.15483    0.52229    1.0069   ]"
callous,"[ 0.27987   -0.16746    0.52811   -0.23033   -0.8098     0.87154
 -0.31521    0.028888  -0.42251    0.24957   -0.55736    0.065358
  0.44296   -0.52789    0.35625    0.79367   -0.48509   -0.18334
 -0.16024    0.42913    0.59429    0.62656    0.12297   -0.30977
  0.051151   0.94194    0.17986    0.48302    0.0073714 -0.59587
  0.57554    0.69026   -0.56368   -0.079541  -0.64636    0.67358
 -0.078962  -0.78606    0.48537    0.05814   -0.060112   0.47574
 -0.3142     0.58123    0.049529   0.23045    0.72925    0.4825
 -0.34675   -0.17299    0.034675  -0.30387    0.25193    0.54688
 -0.70732    0.54946    0.85655   -0.31879   -0.34111   -1.1731
  0.073735  -0.28614   -0.50785   -0.012635   0.31747   -0.36472
  0.51992    0.22964   -0.16307   -0.55944   -0.75827   -0.91767
  0.14041    0.27111    0.32534   -0.17117    0.23089    0.3507
  0.21212   -0.091791   0.23743    0.93728    0.005795   0.94287
 -0.95184   -0.69239    0.28622    0.34102   -0.48736   -0.68215
  0.33373   -0.034009  -0.11566    0.48583    0.31923   -0.17239
 -0.20095   -0.80547   -0.21404    0.022373 ]"
travails,"[-0.0048043  0.045363   0.71211   -0.08842   -0.097322   0.20266
 -0.30613   -0.011923  -0.43539   -0.48749    0.096153   0.3167
  0.18902   -0.029456  -0.48858   -0.23837   -0.23967    0.096707
  0.45854    0.10799   -0.091836  -0.10336   -0.16202    0.64018
  0.21924   -0.18663   -0.35962   -0.27751   -0.48803   -0.52809
  0.13344   -0.37618    0.21842   -0.26341   -0.74326    0.40845
  0.20853    0.0045734 -0.064436   0.15252   -0.40638   -0.086828
 -0.083584   0.21863   -0.32      -0.023732   0.60812    0.037611
  0.50283    0.18349    0.082236   0.042402   0.29011    0.36324
  0.73251    0.11629    0.14975   -0.060243  -0.71421    0.16964
 -0.17289    0.39827    0.44478   -0.65113    0.11333   -0.21222
  0.15485   -0.75127   -0.12418   -0.22481   -0.42907    0.092467
 -0.39611   -0.32774   -0.52177   -0.23607   -0.018691   0.11193
 -0.15371    0.10859   -0.11901    0.64627    0.84681    0.46074
 -0.80713   -0.51854   -0.66312    0.093399  -0.65313   -0.78863
  0.08978    0.98645    0.20901   -0.28458    0.43281   -0.15668
 -0.083894  -0.3808     0.049328   0.51618  ]"
six-year,"[ 0.41114    0.14333   -0.47564    0.58089    0.52264    0.51513
  0.88379    1.3379    -0.83423    0.91178   -1.1634    -0.072138
  0.35916    0.084832   0.25152   -0.6762     0.23844   -0.057236
  0.51795   -0.25435   -0.37011    0.058515   0.10142    0.25309
  0.22554   -0.54015   -0.11536    0.11954    0.013807   0.16316
  0.1484     0.23746    0.076665  -0.71025   -0.63413    0.47013
 -0.59711   -0.63189    0.29753    0.11233    0.82711    0.36151
  0.81818    0.25476    0.19513    0.6326     0.70624   -0.87046
 -0.0081456  0.35214   -0.09415   -0.51946    0.16868    0.19182
  0.46418   -0.64883    0.87788   -1.0711     0.016542   0.47748
 -0.17566   -0.73783   -0.52154   -0.43051    0.42995   -0.10673
 -0.33244    0.063582  -0.3996    -0.2883     0.3005     0.91118
  0.087867   0.03274   -1.0311     0.28001   -1.4308    -0.04202
 -0.82135   -1.6006    -0.62555    0.083041   0.15599   -0.082533
 -0.02979    0.62699   -0.050658  -0.07738    0.44046   -0.1195
 -0.40832    0.58792   -0.82218   -0.34803    0.061985  -0.31581
  0.67801    0.29495   -0.52627    0.021648 ]"
paulus,"[ 0.064701  -0.14287   -0.30303   -0.22365   -0.58813    0.23695
  0.045845  -0.2639    -0.080907  -0.81606    0.075533   0.48294
 -1.2642     1.027      0.53114    0.31748    0.24341    0.07845
 -1.1531     0.15701   -0.14806    0.0556    -0.094881   0.78997
  0.37992   -0.29492    0.62196   -0.53323    0.22256   -0.017271
 -0.3068    -0.93833    0.40093    0.29642    0.30103   -0.17484
 -0.068586  -0.056926   0.054281  -0.34117    0.112      0.21109
  0.02707    0.47834    0.37903    0.025778   0.15289   -0.57237
  0.44516    0.55646   -0.3829     0.26099   -0.57223   -0.46481
 -0.41918   -0.23966    0.2398    -0.20609   -0.55287    0.090219
  0.57373    0.19909    0.69078    0.86393   -0.30721   -0.054157
 -0.31012    0.7951    -0.41739    0.36486   -0.3778     0.15416
  0.30624    0.29911   -0.029637   0.44833   -0.90502    0.23974
  0.70662    0.38798    0.36308   -0.70245   -1.0455    -0.0030785
 -0.29881   -0.62624   -0.31206   -0.22764    0.22233   -0.48298
  0.48483   -0.15228    0.9663     0.55888    0.69203    0.22194
  0.61121   -0.37126   -0.36065    0.23579  ]"
pvt.,"[-0.24241    0.07441   -0.439     -0.50445    0.5786    -0.50649
 -0.18111    0.061515  -1.173      0.062339   0.25549    0.5349
  0.17841   -0.04556    0.13636   -0.50311    0.46574   -0.44453
 -0.72893    0.6457     0.40637   -0.48461    0.88058    0.75893
  0.28114    0.97582   -0.071735   0.60512   -0.41987    0.44259
 -0.20156    0.69347   -0.46134   -0.90119    0.38347   -0.68396
 -0.22188   -0.10226    0.20224    0.17261    1.1879     0.44447
  0.0022369 -0.18454   -0.15806   -0.15846   -0.19859    0.64017
 -0.16222    0.12765    0.5217     0.43918   -0.41108    0.52795
  0.43682    0.311     -0.56347   -0.44351   -0.7214    -0.059128
  0.01634    0.27856   -0.04048    0.23779   -0.4298     0.17486
  1.0226     0.30278    0.223      0.74747    0.0023028 -0.09582
 -0.34694   -0.41382   -0.20048    0.062782   1.0406     0.45812
 -0.7168    -0.85976    0.44167   -0.073457   0.60347    1.105
  0.43305   -0.29461   -0.27165   -0.65876    0.040317  -0.33354
  0.40586   -0.56317    0.30801   -0.30989   -0.036793   0.48728
  1.0506    -0.52734   -1.167     -0.1112   ]"
"360,000","[ 0.66396    0.79934   -0.037701   0.1704    -0.019142   0.11777
  0.51752    0.69024    0.49334    0.23088    0.37222   -0.044216
  0.040843  -0.54696    0.3684    -0.32532    0.095468  -0.13261
  0.41378    0.32177    0.81686   -0.14089    0.072556   0.79092
  0.51676   -1.0886     0.39617    0.18667   -0.069259  -0.87517
  0.15355   -0.12145    0.040213   0.11326   -0.49876    0.14354
  0.03631    0.65619   -0.24645    0.12131   -0.078369   0.068592
 -0.0073453 -0.2876     0.4358    -0.22415   -0.068252  -0.81249
 -0.2698     0.10608    0.23295   -0.71324    0.42853    0.094337
 -0.47268    0.61285    0.53654   -0.49751   -0.017814  -0.25495
  0.92353    0.55824    0.34076    0.25148   -0.25023   -0.14756
 -0.062474   0.11967    0.43327   -0.3645     0.18557   -0.13816
 -0.60348    0.21897    0.16818    0.39183    0.072494   0.31457
 -0.087829   0.18326    0.59248    0.12923   -0.21105    0.57772
  0.2076     0.26556    0.24798    0.42632   -0.066761   0.15678
  0.2336     0.73585    0.075203  -1.0657    -0.26823   -0.4067
  0.083887   0.63987    0.43678   -0.10744  ]"
versed,"[-0.77336    0.238      0.15074    0.45476   -0.13592    0.36531
 -0.030254  -0.86921    0.11608    0.4322    -0.14293   -0.069428
  0.44476    0.17497   -0.45179   -0.20327    0.50709   -0.39587
  0.13557   -0.38982   -0.40478    0.59778    0.21148   -0.71005
 -0.31704   -0.5766     0.051851  -0.26567   -0.22594    0.21652
 -0.65237   -0.1725    -0.39383    0.0041066  0.19673    0.068143
 -0.94831    0.49276    0.40599   -0.11007   -0.30931    0.18495
  0.13462    0.04844   -0.39636    0.069547   0.30638   -0.45366
  0.16566   -0.25438   -0.063055   0.22331    0.43551   -0.037128
 -0.52686    0.65108    0.88075   -0.37472   -0.072405  -0.43855
  0.0048561  0.52682   -0.5376    -0.27219   -0.48565   -0.19293
  0.7511     0.28196    0.21773    0.056271   0.22154   -0.58439
  0.22723    0.39524   -0.45821   -0.46914   -0.62822   -0.38306
  0.45159   -0.73323    0.24444   -0.18694   -0.28343    0.43481
 -0.7769     0.25467   -0.82743   -0.01129   -0.75428   -0.58549
  0.11679    0.028481  -0.41912   -0.16213    0.21971    0.49356
 -0.58495   -0.87979   -0.044648   0.38604  ]"
rips,"[-0.26268   0.36723   0.57789  -0.49981   0.55298   0.54764   0.10195
  0.28406   0.61424   0.72745   0.57011   0.32009   0.05193   0.77432
 -0.44634   0.7436   -0.55922   0.80553  -0.050805  0.32193   0.45509
  0.097983  0.30419  -0.12477   0.6675    0.68848  -0.43686   0.22771
 -0.1183   -0.31474   0.36518   0.73149   0.079394  0.10973  -1.1502
 -0.5945   -0.13064  -0.61252  -0.11347   1.063    -0.10721  -0.32622
  0.11258   0.12649  -0.24059   0.27906  -0.35323   0.82556   0.014833
  0.12828  -0.18157   0.25669  -0.10922  -0.064304 -0.34492  -0.31504
 -0.29498   0.42239  -0.10992   0.11172   0.63836   0.36322   0.59588
  0.068377 -0.3117    0.40188   0.049752 -0.50548  -0.022393 -0.3622
  0.082413 -0.36103   0.61258  -0.39054   0.21572  -0.43007   0.61467
 -0.22541   0.16485   0.023437 -0.14113  -0.2624   -0.18225  -0.3433
  0.36652  -0.57156  -0.31187   0.42268  -0.54602   0.10519   0.53362
  0.12867  -0.093462 -0.18434   0.56577   0.041539  0.45952   0.46209
 -0.07759   0.61243 ]"
makoto,"[ 4.6471e-01 -3.6271e-01  4.0758e-01  4.0098e-01 -2.9857e-01 -6.0837e-01
 -5.7301e-01 -2.3055e-01 -3.4020e-01 -2.5932e-01  3.9052e-01  6.2605e-02
  1.0243e-01 -3.8373e-02  5.4081e-01  3.8389e-01 -2.7464e-01  5.7864e-01
 -1.8321e-01 -5.5675e-01  5.3726e-01 -2.8811e-01 -1.9671e-02  5.4072e-01
 -8.6247e-02  2.1532e-01 -6.6768e-01 -3.9819e-01 -5.0838e-02  4.4775e-01
 -1.1330e+00  8.7214e-01 -1.3077e+00  9.3982e-01 -4.8106e-01  1.2555e-01
  4.5687e-01  2.1368e-01  6.8572e-02 -5.1804e-01  1.1492e+00  3.4731e-01
  2.3897e-01  6.5437e-01  8.5179e-01  5.2593e-01  7.5101e-04  1.8730e-01
 -5.9004e-01  7.8553e-01  4.4711e-01 -5.5549e-01  1.3557e-01  2.1796e-01
  4.7040e-02  4.4927e-01 -4.2701e-01  3.4368e-01 -6.2973e-01  2.1396e-01
 -4.2612e-01 -1.4666e-02  2.2023e-01  5.7026e-01  1.8915e-01  1.0378e-01
  8.8360e-01  1.0865e-01  8.0037e-01 -1.9660e-01 -3.9196e-02 -7.5967e-02
  1.9825e-01 -3.3727e-01 -7.2672e-01  1.3648e+00 -8.4899e-01 -4.0782e-01
 -5.4015e-01 -1.9135e-01 -2.3420e-01 -5.3907e-01 -8.0213e-01 -3.1852e-01
  4.1414e-01  2.1618e-01 -6.6159e-01  1.0044e+00  3.1427e-01 -3.5283e-01
  6.8782e-01  2.5214e-01  2.0660e-01 -1.3225e-01  3.2268e-01  2.7598e-01
  5.1713e-01  1.5318e-01 -2.5027e-01 -1.1013e-01]"
reichstag,"[-0.11357    0.13984    0.14142    0.30552   -0.096573   0.27625
 -0.045762  -0.12581    0.35267    0.27404    0.11814   -0.073277
 -0.16877    0.55519   -0.64178    0.41781    0.95654    0.22899
  0.0041548 -1.316     -0.27366    0.17748   -0.23577   -0.97142
 -0.36597   -1.1776    -0.56883    0.18135   -0.18649   -0.3715
  0.42058    0.035632  -0.039882  -0.07446   -0.93133    0.052329
  1.2267    -0.63269   -0.43657    0.101     -0.10639   -0.48128
  0.83433    0.71744    0.28245    0.17678    0.26201   -0.25554
  0.009403   0.10427   -0.29583   -0.23779    0.67695    0.68046
 -1.2157    -0.75987    0.17331    0.78423   -0.41261   -0.1024
 -0.21228    1.0913    -0.65074    1.1697     0.4971     0.51977
 -0.14865    0.33887   -0.28688   -1.093      0.24842   -0.75767
  0.33431    0.68261   -0.59814    0.64137    0.020033  -0.053585
  0.30522   -0.25718   -0.38801   -0.24019    0.20836    0.84507
  0.56552   -0.032068   0.67547    0.071789   0.75885    0.22402
  0.84006   -0.78831    0.76331    1.6207    -0.090381  -0.68715
  1.3268     0.3559     0.37087   -0.4218   ]"
cma,"[-0.44161   -0.60065    0.53112   -0.30875    0.68636   -0.57812
 -0.39208    0.70467    0.33938   -0.018061  -0.21555   -0.64871
  0.83381   -0.095376  -0.76655    0.32541    0.62864   -0.61698
  0.59606    0.6307    -0.54879    0.2011    -0.12247   -0.23772
  0.11572    0.197      0.29138   -0.0024674  0.18775   -1.3298
 -0.058492   0.26392    0.079851   1.3639    -0.12177    0.12652
 -0.10091    0.50631   -0.39578   -0.45596    0.01063    0.18642
 -0.55909    0.31561    0.038067  -0.14035   -0.042205  -0.31121
 -0.19834    0.46261   -0.038921  -0.36722    0.26722   -0.56178
 -0.97583    0.3139     0.93158    0.70943    0.27274    0.97764
  0.22956    0.26944   -0.24144    0.98914   -0.51054    0.17214
 -1.0584     0.22164    0.76964    0.096178  -0.063627   0.41012
 -0.26252    0.34427   -0.14544   -0.68697   -0.36608   -0.23141
 -0.10225   -0.58318   -0.40805   -0.45739   -0.20145    0.84297
 -0.29396    0.025663   0.10507    0.36462    0.64082    0.37163
  1.0089     0.39129   -0.55843   -0.45895    0.28749    0.074484
 -0.15502   -0.22622    0.12451   -0.21332  ]"
trotting,"[ 0.15206   0.38238   0.44616  -0.31924   0.080665  0.055063 -0.17378
 -0.076241 -0.60875  -0.5452   -0.4121    0.16636   0.31543  -0.44897
 -0.7153   -0.054623  0.33747  -0.6263    0.52342  -0.64507  -0.12586
  1.1291    0.17604  -0.44745   0.92009   0.01862  -0.29649  -0.14287
  0.12419  -0.47908  -0.42602  -0.60148   0.089468  0.06828   0.16082
  0.22076  -0.97345  -0.082985 -0.24562   0.88528  -0.11983   0.70524
 -0.46694  -0.31023   0.039466  0.28138  -0.042953 -0.56881   0.42288
 -0.083622 -0.46493  -0.08917   0.67143   0.48117   0.1829    0.32214
 -0.33464   1.303     0.073799  0.10529   0.3171    0.38119   0.30055
 -0.07424  -0.093739  0.65834  -0.49101   0.25027   0.13175   0.089975
 -0.22393  -0.20703  -0.35842  -0.46298  -0.12923  -0.57576   0.06138
  0.014002 -0.39732  -0.68728  -0.35211   0.47783   0.60546   0.7262
  0.26065  -0.2658   -0.036877  0.26957  -0.32108  -0.75321  -0.60969
 -0.053968  0.40499  -0.63784   0.32068  -0.53786   0.025557  0.18303
  0.51062   0.47891 ]"
entitlements,"[-0.4601    0.66593   0.63397  -0.22946  -0.30179  -0.10928  -0.82509
  0.18096   0.325     0.043499 -0.23106   0.5405   -0.77184   0.33292
 -0.044803 -0.39355   0.33253   0.75722  -0.18095   0.073724 -0.3293
 -0.14445   0.17828   0.17699   0.30181  -0.51838  -0.84437  -0.29732
 -1.2172   -0.59276   0.44899   0.34404  -0.16971  -0.62008  -0.32704
  0.66257  -0.46398   0.22344  -0.29958   0.16359   0.28507  -0.12592
 -0.048339  0.62753  -0.2565   -0.19836   0.033737  0.45064  -0.72374
  0.047176  0.0333    0.052082 -0.61701   0.34796  -0.022872  0.55728
  1.0723   -0.55208   0.31285   0.22114   0.37211  -0.14622  -0.41861
 -0.56936   0.52891   0.094637  0.17589  -0.63745   0.9554   -0.67109
  0.43096  -1.1114   -0.026613  0.047114 -0.54046   0.035017 -0.32817
  0.20115  -0.028665 -0.65457  -0.27986  -0.26868   1.0195   -0.05915
 -0.53405   0.27342  -0.31086   0.10597  -1.022    -0.18103  -0.56821
 -0.40021   0.0026    0.017484 -0.30355  -0.25787   1.0106    0.45899
  0.5651   -0.08447 ]"
orthography,"[ 0.18605    0.93533    0.22421    0.49829   -0.43514    0.36588
 -0.39085   -1.1047     0.14153    0.36848   -0.70728   -0.23593
  0.63906    0.66266    0.0044496  0.071669   0.21098   -0.49335
  0.78746   -0.76139   -0.33343    0.027861   0.32478    0.4374
 -0.50701   -1.1127    -0.42073   -0.41787   -0.58996    0.054931
 -0.65982    0.61811   -0.16425   -0.23509    0.41268    0.26452
  0.029759  -0.14894    0.38724   -0.8573    -0.19521    0.27027
 -0.50446    0.37158   -0.52813    0.056203   0.6586    -0.85446
 -0.52784    0.09599    0.18751    0.40708   -0.042422   0.14021
 -0.63213    0.29895   -0.059736  -0.0085697 -0.28608    0.060705
  0.521     -0.59269   -0.19422    0.39746    0.5349    -0.61656
 -0.7157    -0.55779   -0.25076   -0.61726   -0.3513     0.80296
  0.56641   -0.29801    0.65577    0.10589    0.011937   0.80048
 -0.63797   -1.0855    -0.93682   -1.3596     0.13736   -0.22661
 -0.75343    1.0267     0.15517   -0.85758   -0.48727    0.22502
  0.046113   0.54101   -0.89191    0.80425    0.48081   -0.020266
 -0.80659   -0.4418    -0.49778    0.15202  ]"
returner,"[-0.56906  -0.42786   0.48858  -1.2415   -0.21285   0.39391   0.43233
 -0.41229  -0.30719  -0.39147  -0.30188  -0.35511  -0.076583 -0.57917
 -0.0569    0.12269   0.047262 -0.18272  -0.15432   0.31271  -0.55358
  0.62384  -0.042972 -0.29793   0.98918   0.24964  -0.20341   0.093355
 -0.24632  -0.55284  -0.67668   0.45821   0.51582   0.94266   0.34075
 -0.32712  -1.1448    1.464    -0.88019   0.24301   0.19028  -0.14686
  0.34881   0.27496  -0.2146   -0.10636  -0.30289  -0.32093   0.16107
 -1.0558   -0.031526  0.89298  -0.79372  -0.29557   0.50046   0.3465
 -0.51357  -0.059419  0.26562  -0.43038  -0.39357   0.044106 -0.29148
 -0.067661  0.35849  -0.61395   0.53491  -0.71961   0.233     0.62034
 -0.29064  -0.55201   0.79328   0.17485  -0.24015  -1.0529   -0.49242
  0.96427   1.4974   -0.75928   1.2265    0.56957  -0.39398  -0.39916
  0.12557   0.099052  0.8652   -0.21768   0.036642 -0.76992  -0.59329
  0.83661  -0.39528   0.68223  -0.371     0.16565   1.2474    0.75435
 -0.030203 -0.29761 ]"
maison,"[ 4.7470e-01 -5.6657e-01 -5.5431e-01  7.8722e-01  7.1835e-01 -2.5975e-01
  1.0071e+00  6.0914e-01  8.1013e-01  2.5371e-01 -1.6781e-01  4.0720e-01
 -1.2923e-01  4.1515e-01  1.0668e-01  2.9249e-01  1.2332e-03 -1.1510e-01
 -5.6989e-01  8.6898e-01  5.1293e-01 -4.4608e-02 -7.5820e-01 -7.3491e-01
 -6.6061e-02 -2.5522e-01  2.2222e-01 -2.4655e-01 -2.7629e-02 -4.7120e-01
  8.7918e-02 -5.2372e-01  6.6245e-02  9.7531e-01  3.3479e-01  5.8324e-01
  1.8857e-01 -3.7958e-01  5.1144e-01 -8.5622e-01  9.9525e-01 -5.1495e-01
 -9.0323e-01 -6.4597e-02 -7.2542e-02  4.8116e-01 -9.1638e-01 -3.7959e-02
 -3.3481e-01  4.1569e-01 -8.3743e-01  6.6068e-01 -7.1491e-01 -3.9799e-01
 -1.0052e+00 -6.3910e-01  5.7512e-01 -6.3995e-03 -9.3101e-01  4.7313e-02
 -3.5748e-02 -5.7676e-01  4.2194e-01  7.1553e-01 -3.2057e-01 -2.4492e-01
 -1.8038e-01 -3.5983e-02  2.2062e-01  2.2916e-01 -2.1841e-01  6.9873e-01
 -5.7251e-01 -8.2181e-02  1.1188e-01 -5.4866e-01  1.5072e-01  3.4379e-01
 -3.5542e-01 -5.9221e-02 -4.0273e-01 -3.5996e-01  4.2818e-01  5.7413e-02
 -1.7025e-01 -2.5629e-01 -1.7092e-01  5.4912e-02 -5.6568e-01 -6.2418e-01
  4.2560e-01  1.3999e-01  2.7581e-01  1.3863e+00 -1.9426e-01 -6.4476e-01
  1.7155e-01 -7.2371e-01  1.7578e-01 -1.5501e-01]"
pooled,"[ 0.032531   0.40913   -0.39846   -0.21399    0.1629     0.61251
 -0.14918    0.76059    0.1897    -0.128      0.39339    0.82773
  0.4927     0.05662   -0.0095622 -0.49779    0.30651    0.30748
  0.54241   -0.40275   -0.56329    0.31985    0.16998    0.36728
 -0.74649   -0.4157     0.13195    0.44196   -0.16865   -0.5489
  0.55574    0.024972  -0.8502     0.46319    0.44263   -0.21587
  0.25391    0.53889   -0.094772   0.3738     0.2477    -0.37672
 -1.202     -0.1554    -0.12736    0.19135   -0.68592    0.29521
  0.094708  -0.35924   -0.75479    0.47956    0.37715    0.09368
 -0.14396    0.016435   0.18481   -0.45787   -0.19834   -0.039277
  0.35088    0.26237    0.0035243  0.4736     0.23701    0.11323
 -0.40861    0.33299    0.79521   -0.14718    0.04327    0.043566
  0.57141   -0.28461   -0.50826    0.25185   -0.34797   -0.71713
 -0.61082    0.094988   0.744      1.4609    -0.13869    0.094275
 -0.00354    0.27195   -0.12412    0.14533   -1.0083    -0.17994
 -0.80899   -0.2838    -0.20314   -0.52335    0.32668   -0.2968
  0.24369   -0.22193   -0.048469   0.65983  ]"
superliga,"[-0.32137  -1.3082    0.076097 -0.081598 -0.21844   1.072     0.73958
 -0.61598   0.38953   1.4009    0.26717  -1.4102    0.074425  0.12911
 -0.61243   0.67868  -0.20144   0.21328   0.71447   0.11883  -0.24294
 -0.22641   0.38596   1.2056   -0.38766  -0.23791   0.74005  -0.74343
 -0.04556  -1.1534   -0.97742   0.41254   0.15815  -0.30869   0.55866
 -0.37102   0.27129   0.53641  -0.81503  -0.37968   0.70078   0.71728
 -0.46713  -0.2644    0.94899  -0.22975   0.84179  -0.76511  -0.18275
  0.63103  -0.46816  -0.018997 -0.079148  0.16801  -0.26137   0.10745
 -0.71644  -0.17335  -1.0363    0.70246   0.059151  0.63973  -1.1478
 -0.153    -0.77174   0.33331  -0.38814   0.73881  -1.0826   -0.34412
  0.48235  -0.9858    0.29554  -0.21161  -0.46706   0.67475  -0.414
  0.49619  -0.54232   0.15253  -0.25547   0.53108  -0.51083  -0.16685
  0.4977   -1.0194   -0.40851  -0.47257   1.0397    0.045454 -1.1109
  1.2591   -0.37215   0.61013   0.23484  -0.30075  -0.83328   2.3844
  1.5112    0.097108]"
nutritious,"[-6.5205e-01  9.1991e-01 -1.4052e-01 -1.8982e-01 -2.7513e-01 -5.1849e-02
  6.1278e-01 -8.4910e-02  3.9855e-01  1.8029e-01  1.2007e-01  5.2264e-06
 -2.1554e-03  1.6232e-01  6.1636e-01 -2.0545e-01 -3.8622e-01 -3.4807e-01
 -8.9300e-02 -1.6939e-01 -5.9400e-02 -3.6430e-01  3.9360e-01 -8.8020e-01
 -5.1703e-01  7.8228e-01 -5.7428e-01  2.4397e-01 -1.5249e+00  6.5425e-01
 -2.1830e-01  6.4000e-01  4.6170e-01 -9.6075e-01  6.1502e-01  9.6295e-01
 -1.6363e-01  4.5210e-01 -1.0080e+00 -2.6035e-01  3.9380e-01 -2.1819e-01
 -3.0139e-01 -7.3889e-01  3.4441e-01  4.0894e-01 -2.2507e-01 -1.6676e-01
 -3.2515e-01 -9.6412e-03 -2.5556e-02 -1.0572e+00 -3.3488e-01 -3.4128e-01
  1.7933e-01  3.2813e-01  8.4590e-01 -1.2737e-01  6.3196e-01 -1.2818e+00
 -2.2091e-01  2.4665e-01  1.4896e-01 -6.5308e-01  4.7315e-01 -1.1886e+00
  5.9638e-01 -5.1506e-01  6.6175e-01 -1.1945e+00 -1.4838e-01 -8.2730e-01
  2.7820e-01  6.5262e-01 -6.5751e-01  6.0039e-01 -1.0435e+00 -5.4120e-01
  3.0506e-01 -3.1462e-01 -5.5721e-01  2.3856e-01 -8.0514e-01  5.5961e-01
 -2.8773e-01  1.2476e-01  7.1839e-01  4.9119e-01 -1.0877e+00 -2.7155e-01
  3.4465e-01 -4.0453e-02  1.8731e-01 -1.7105e-01 -8.6831e-01 -4.5259e-01
  1.5581e-01 -3.5493e-01  9.5346e-02  9.5141e-01]"
lipinski,"[ 5.5705e-01 -3.1471e-02 -2.7687e-02 -5.5745e-01 -2.6592e-01 -5.2928e-01
 -3.0450e-01  8.0381e-01  1.9336e-01  9.4751e-01 -1.6272e-01  7.9501e-01
 -1.7477e-01 -1.5959e-01 -1.8113e-01  2.4880e-01 -6.5053e-01  4.7628e-01
 -3.8355e-01 -1.1030e-01 -4.2037e-01  1.2915e-01  9.2699e-02  9.5729e-01
  3.2774e-01 -2.2945e-01 -2.6076e-01 -7.8611e-01  7.9729e-01 -4.3899e-01
 -2.8291e-01  2.8687e-01  2.9857e-01 -5.8481e-01  7.6041e-01 -2.7870e-01
 -3.8142e-01  7.5039e-01  6.7402e-02 -1.4608e-01 -4.0671e-01 -4.1843e-01
 -5.9290e-01  3.7990e-01 -8.5713e-01  9.1085e-01  5.0133e-01 -7.4670e-01
  6.0217e-01  2.0723e-01 -5.2445e-01 -5.0819e-01  5.0958e-01 -1.2238e-01
 -1.0506e-02 -3.1251e-01  4.5569e-01  5.3044e-01 -2.4093e-01  5.3592e-01
  1.4796e-02  1.0549e-01  7.1306e-01  2.0590e-01 -6.0205e-01  1.8835e-01
  9.8896e-01  6.3735e-01  1.3188e-02  9.0824e-02  7.8953e-04  3.0509e-02
 -5.1615e-01  1.3330e+00  2.9399e-01 -4.4514e-02 -3.6815e-02 -2.1237e-01
 -6.5799e-01 -9.9710e-01 -5.8704e-01 -5.1683e-01 -1.5606e-01 -3.2248e-01
  6.7493e-01 -4.8932e-01 -1.6108e-01  6.2020e-01 -5.5723e-02 -4.8355e-01
 -7.4329e-01  1.9656e-01  1.9254e-01  5.6397e-01  1.2399e-01 -9.1365e-01
 -4.3382e-01 -5.2219e-01 -1.0865e+00  2.9037e-01]"
equalled,"[ 0.32315   -0.04337    0.60987    0.42903   -0.024642  -0.0069404
  0.20223    0.2605    -0.55421    0.53353    0.64191    0.69594
  0.34093   -0.64486   -0.018637   0.16401    0.079704   0.43513
 -0.40228    0.070632   0.24016    0.13887    0.58721    0.14232
  0.66043   -0.40289   -0.3782    -0.40049    0.020386  -0.83709
 -0.17846    0.087075   0.30741    0.35107    0.045569   0.095831
 -0.51107    0.17812   -1.4219     0.35816    0.25004    0.19973
  0.36552    0.59787    0.58649    0.032347   1.0432    -0.80652
  0.10124   -0.65375    0.033148   0.24853    0.51083    0.30533
  0.083794  -0.0082126 -0.37814    0.72208   -1.0727     0.28597
  0.17098   -0.62446   -0.37501    0.2117    -0.39145    0.034466
  0.13885    0.29402    0.41819   -0.45852    0.073122   0.81518
  0.10989    0.44868    0.16855   -0.34499   -0.30865   -0.81387
 -0.32646    0.45465    0.037542   0.017129  -0.27432    0.079184
 -0.34129   -0.31523   -0.010345   0.01201    0.20471    0.48667
 -0.95075    0.60456   -0.031929   0.0045014 -0.085881  -0.44787
 -0.47172    0.12442   -0.78345   -0.29976  ]"
devotee,"[-3.7587e-02  2.5803e-01  1.5709e-01  2.2195e-01  6.2944e-04  7.2884e-01
  3.1498e-01 -4.5511e-01 -5.6273e-02 -7.3629e-02 -5.4593e-01 -7.9150e-03
  1.9553e-01 -9.1363e-02  7.9895e-02 -6.5884e-01  2.3754e-01  2.8315e-01
 -8.3973e-02  7.9464e-01 -2.9662e-01 -2.6344e-01 -3.6514e-01 -6.2045e-02
  9.7587e-01  7.1542e-01 -2.7921e-01  4.3773e-02  7.1361e-02 -1.3166e-01
 -1.8925e-01 -1.3303e-02  2.2101e-02  1.7795e-01 -1.1337e-02  5.2975e-01
 -5.9364e-01  3.5436e-02  9.3758e-01 -5.0495e-01 -1.2248e-01  1.1826e+00
  8.1063e-01 -6.4365e-01  4.2380e-01 -2.6479e-01 -4.3133e-02 -8.4463e-02
  4.9957e-01  3.0792e-01  3.6153e-01 -8.5137e-02  9.5513e-01 -8.5422e-02
 -1.7690e-01  2.8559e-01 -4.8039e-01 -5.2094e-02 -7.7618e-02 -1.1111e-01
  6.5179e-01 -4.2926e-01 -1.1963e-01  7.4990e-01 -1.8000e-01  1.1677e-01
  6.4328e-01 -3.3479e-01  7.4278e-01 -2.4249e-01  6.9238e-01 -8.4872e-02
  1.2433e-01 -9.7319e-03 -8.5358e-01 -4.5885e-01  1.2647e-01 -6.6656e-01
  6.3674e-02 -1.6320e-01 -7.2140e-01 -3.9072e-02  2.3778e-02 -1.5094e-01
 -4.5502e-01  4.4164e-01 -8.1529e-01  1.4914e-01 -2.8989e-01 -2.7031e-01
  1.9602e-01 -2.7122e-01  2.3281e-01  1.3545e-01 -8.6709e-02 -6.7104e-01
 -2.9503e-01 -4.7637e-01  2.0385e-01  5.1019e-01]"
vagina,"[ 0.46856   -0.1235     0.22077    0.02768   -0.14719    1.04
 -0.11805    0.6759     0.66547    0.25281   -0.83687    0.36445
 -0.17293    0.89979    0.12524   -0.18882   -1.1327     1.1036
  0.43615   -1.0249     0.01453   -0.44074   -0.40642    0.63339
  0.83716    0.61342   -0.33074   -0.73007   -0.0057621  0.35195
  0.042831  -0.033435   0.71502   -0.11078    0.61554    0.071436
  0.19628    0.0024766 -0.24327    0.30879    0.67195    0.16346
 -0.60499    0.3609    -0.082241   0.15393   -0.71564   -0.62876
 -0.3121     0.53339   -0.5147     0.71133    0.53109    0.08172
 -1.1699    -0.17252    0.082557  -0.66646   -0.63406    0.26816
 -0.40039    0.73643    0.083891   0.30108    0.82541    0.1438
  0.8178    -1.0778     0.58873   -0.85574    0.35341    0.43113
  0.48955    0.31781    0.42334   -0.66604    0.079314   0.36191
  0.50622   -0.29104   -0.61754    0.56942   -0.20981    0.22225
 -1.4949    -0.34656    0.47429    0.86932    0.52959    0.12576
  0.59016    0.32646    0.5999     0.41673    1.037     -0.098107
  0.14341   -0.22573   -0.35806    0.43411  ]"
insee,"[ 4.1244e-01 -1.0759e+00  6.3371e-01 -3.1237e-01  6.3343e-02 -3.1600e-01
 -9.4667e-01  5.3415e-01  7.1944e-01  1.2831e+00 -7.4944e-01 -9.5288e-01
  3.9599e-01  7.4826e-01 -3.6883e-01  1.7589e+00  1.0306e+00  2.3041e-01
  6.3205e-01 -4.4210e-01 -2.9085e-01 -3.9313e-01 -9.1332e-01  4.1989e-01
  4.3139e-01 -1.9063e+00  7.5052e-02 -1.0664e+00 -1.6563e-01 -1.1523e+00
  1.5467e-01 -1.3043e+00 -1.4125e+00  1.5450e-01  6.6944e-02  1.1631e-01
  2.2619e-02  4.3239e-01 -1.4716e-02 -5.5561e-01  1.5288e-01 -4.3922e-01
 -1.4901e+00  6.2365e-01  1.3865e-03 -2.7599e-01  1.3053e-01 -5.1619e-01
 -1.0676e+00 -5.6534e-01  1.0020e+00 -2.8732e-01 -8.5428e-02  2.4306e-01
 -4.6366e-01  2.4658e-01 -3.6118e-01  1.0885e+00  8.3528e-02  5.3682e-01
  3.2635e-01 -3.9780e-01 -6.2240e-01 -3.5308e-01 -8.1288e-01  8.8428e-01
 -1.6925e+00  5.8477e-02  1.5027e+00 -2.6647e-01  1.7713e-01  1.2665e+00
  6.5009e-01 -4.7532e-01  3.0241e-01  3.5361e-01  3.3565e-01  5.8073e-01
 -1.1379e+00 -6.3391e-01 -8.1189e-01  1.9160e-01 -1.5133e+00  8.8528e-01
  3.4719e-01 -1.7230e+00  3.6610e-01  1.9905e-01 -7.4311e-01  1.1694e-01
  1.3975e+00  4.5948e-01  2.2387e-01  5.8870e-01 -2.8670e-01 -4.2585e-01
 -4.6231e-01 -1.0966e+00 -2.7269e-01 -4.9726e-01]"
magicians,"[ 0.77073   -0.18999    0.10569   -0.60687   -0.33217    0.60527
 -0.22354   -0.15433   -0.38408   -0.43034   -0.49572   -0.89682
  0.094064  -0.59031   -0.26666    0.19018    0.72469    0.92812
 -0.0099914 -0.2805    -0.046571  -0.22656   -0.39257   -1.4019
  0.61205   -0.41645    0.071461   0.1512     0.61171   -0.73311
 -0.13273   -0.50227   -0.94046    0.015738  -0.049657  -0.1426
 -0.28199    0.39976    0.11245   -0.094994  -0.6181     1.1557
 -0.28173    0.033639  -0.40298   -0.314     -0.099991   0.24536
  0.084789   0.49577   -0.84915    0.38432   -0.018832   0.25486
 -0.13148    0.15743   -0.56194    0.31903   -1.0433     0.075005
 -0.34238    0.54505   -0.11656    0.15166   -0.44898    0.32929
  0.41727    0.44253    0.84269   -0.70037   -0.63236   -0.49591
 -0.31121    0.62222   -0.65829   -0.80618    0.20654   -0.20457
 -0.037285  -0.7603     0.52295   -0.35375    0.012876   0.38706
 -1.0453     0.35196   -0.44099    0.29796    0.19878    0.062996
 -0.42851   -0.061307   0.19654   -0.2581    -0.068983  -0.13908
 -0.35119   -0.46722    0.47302   -0.065765 ]"
delia,"[-0.021031 -0.039257 -0.74848   0.076634 -0.62741   0.49406  -0.046391
  0.59016   0.31392   0.029033  0.77637   0.41489   0.21526   0.87912
 -0.83582  -0.21861   0.28877   0.57825  -0.42521   0.98017  -0.68413
 -0.27735   0.53021  -0.081512  0.7462    0.83807   0.68723  -0.35029
 -0.85335  -0.12436   0.18417   0.49748   0.18533   0.034416 -0.21486
  0.83758   0.086445  0.3697    0.50518  -0.3156    0.28537  -0.42741
 -0.31657   0.70713   0.7014    0.21474  -0.22603  -0.41649  -0.26076
  0.67187   0.011566  0.19489   0.58138   0.045615 -0.064797  0.27614
 -0.13533  -0.31241  -0.40836   0.3983    0.16792   0.24126   0.21468
 -0.25284  -0.9013   -0.54475   0.52021   0.84808   0.097154 -0.39886
  0.36927   0.24831  -0.056811 -0.32529   0.38651   0.059684 -0.17074
 -0.32226   0.11718  -0.13405   0.055808  0.37945   0.23219  -0.34896
  0.22508  -0.63433  -0.11416   0.20716  -0.62353  -1.1625    0.81628
  0.66335  -0.23372   0.23864   0.22652   0.17746   0.12959  -0.94312
 -1.0037   -0.68343 ]"
408,"[ 0.70843    0.48657    0.2929     0.39452   -0.19758    0.49333
  0.39088    0.070547  -0.38236    0.057304   0.60507    0.422
 -0.0092034 -0.16429    0.84259   -0.05914   -0.092809   0.017542
  0.052057   0.25964    0.69083    0.1271     0.34173    0.49571
 -0.067523  -0.51743    1.0682     0.3025    -0.23217   -0.18845
 -0.11222    0.18306   -0.15408    0.27387   -0.49462    0.54552
 -0.40562   -0.03655    0.10605    0.62784    0.3039    -0.57802
 -0.0019623  0.044157  -0.010658   0.023476   0.31357   -0.35155
 -0.25098    0.80407   -0.50888   -0.10158    0.43198    0.4152
 -1.096      0.24379    0.56799   -0.59973   -0.32192   -0.045732
 -0.33044   -0.3589     0.23468    0.47891   -0.57715    0.09227
  0.24736   -0.14782    0.17185   -0.035808   0.010884  -0.33422
 -0.36182    0.047454   0.25094    0.3811    -0.22916    0.7008
 -0.2365    -0.069957   0.10331    0.035934   0.085702   0.44788
 -0.0766     0.43205    0.46469   -0.90957   -0.08002    0.33542
 -0.12405    0.69481   -0.24612   -0.36131   -0.1915     0.0024506
  0.34047    0.15994    0.022183  -0.25867  ]"
clap,"[-4.4816e-02  4.8677e-01  1.4674e-01 -3.4074e-01 -7.5744e-01  8.0256e-01
 -6.1573e-01  1.5174e-01 -3.1191e-01 -2.5303e-01  2.4159e-01  5.2163e-01
  2.4538e-01  4.3768e-01  4.8500e-01 -1.9671e-01 -9.8632e-01  5.2133e-01
 -2.8013e-01 -8.9219e-01  5.2860e-01 -1.1499e-02 -2.6811e-01  2.8990e-01
 -9.1953e-02  2.6984e-01 -1.3911e+00  2.3961e-01  1.6942e+00 -7.0865e-01
  4.3450e-01  5.5571e-01  6.0537e-01  1.0818e+00  2.3996e-01 -7.2040e-01
  2.2150e-01 -2.4236e-01  1.0298e+00 -1.6406e+00  9.0280e-01  3.6891e-03
 -1.1838e+00 -2.5548e-01 -1.2125e+00 -1.1900e-03  1.4014e-01 -1.0435e+00
  2.2098e-01 -8.9070e-02 -1.0367e+00 -2.2850e-01  8.2543e-01 -1.3402e-01
  1.8380e-01  3.3197e-01  5.4118e-01  9.0401e-01 -3.6072e-01 -6.1860e-01
  6.8479e-01  7.2916e-01 -8.7568e-01  5.7778e-01 -5.2789e-01  8.7228e-02
 -5.0400e-02  2.3741e-01  1.1183e-01 -5.3902e-01 -1.6384e-01 -3.0196e-01
  5.7023e-03 -3.9345e-01 -1.8459e-01  2.0999e-01 -7.8870e-01 -3.3834e-01
 -2.7782e-01 -1.1556e+00  3.9951e-01  5.2606e-02  2.0463e-01 -3.8658e-01
  3.3379e-01  2.6067e-01  5.4594e-02  3.0694e-01  5.4344e-01  2.7447e-01
 -2.0530e-01 -1.7504e-01 -5.7366e-01  2.8279e-01  3.7085e-01 -4.9877e-01
 -5.2833e-02  9.4657e-02  8.3317e-01  5.7083e-01]"
"2,900","[ 4.4023e-01  7.3116e-01 -2.1257e-01  3.8683e-01 -5.5874e-01  3.8453e-01
 -1.3578e-02  8.3991e-01 -2.1430e-01  5.0582e-01  8.6344e-01  3.8380e-01
  5.0411e-01 -2.2811e-01  1.1975e-01 -7.6319e-02 -6.6697e-02 -1.0013e-01
  3.1056e-01  1.2892e-02  1.1461e+00  1.1356e-01  4.2979e-01  1.3933e-01
  2.9480e-01 -7.3723e-01  2.8540e-01 -4.9587e-02 -2.0878e-01 -6.8920e-01
 -4.7323e-02 -8.8473e-02 -9.2254e-02 -2.5634e-01 -4.2174e-01  3.0685e-01
 -1.2489e-01 -1.4519e-01  8.8870e-02  4.4666e-01 -1.5414e-01 -4.3863e-01
 -2.5032e-01  3.5435e-01 -2.5111e-01  4.2335e-01  2.2279e-01 -3.9794e-01
 -7.3347e-02  4.3006e-01 -9.5300e-02 -6.9205e-01 -2.1455e-01  2.0901e-01
 -7.1293e-01  7.8825e-01  4.6612e-01 -7.7582e-01  1.9416e-01  4.9754e-03
  8.5259e-01  4.6084e-01  3.8499e-01  5.2745e-02 -3.3208e-01 -4.9078e-02
  1.7184e-01 -8.2581e-02  1.0584e+00 -3.5748e-01  8.9177e-02 -9.5699e-02
 -6.0882e-01  2.1878e-01  1.7153e-01  1.1228e-03  2.3059e-01  2.4846e-01
 -5.2602e-02  4.8024e-01  3.2965e-01 -5.5029e-01 -2.3061e-03 -1.2196e-01
  1.5665e-01  2.0459e-01  7.7066e-01  5.5783e-01  2.4633e-01  1.4500e-01
  4.5575e-01  6.4562e-01 -5.9507e-02 -5.5940e-01 -6.6001e-01 -9.2440e-02
 -2.1133e-01  2.5621e-01  3.1132e-01 -2.2720e-01]"
hick,"[-0.59508    0.62706    0.118      0.011366  -1.1765     0.42066
  0.54446   -0.57456   -1.1911     0.029436  -0.16941    0.0065386
 -0.46682    0.17972    0.76476   -0.038463   0.036523   0.064049
 -0.4646     0.68473    0.43552    0.52782    0.7491    -1.0543
 -0.11267    0.65711   -0.55408    0.085127  -0.72866   -0.041471
 -0.076522  -0.0016524 -0.10248    0.079362   0.13615    0.19977
  0.46659    0.042335  -0.21612    0.73202   -0.77428    0.18412
  0.38537   -0.36912   -0.19967    0.55986    0.18475    0.06171
  0.93135   -0.048494  -0.47187    0.37881    0.60693   -0.35142
 -0.91218   -0.33267   -0.7601     0.1198    -0.89449    0.40861
  0.56814   -0.82277   -0.33955    0.78351    0.93134   -0.036486
  1.1002     0.41399   -0.23734   -0.63574   -1.2248     0.36419
 -0.38689    0.07945    0.46251   -0.31418   -0.4531    -0.39937
  0.41563    0.037083  -0.11691   -0.51877    0.47918   -0.22909
  0.31948    0.11875   -0.14426   -0.34996   -0.37659    0.81269
 -0.51255    0.62906   -0.028886   0.4318     0.51501   -0.047099
  0.42784    0.21043   -1.0454     0.24928  ]"
abstention,"[ 0.053596  0.43839   0.53433  -0.14915  -0.59419   0.46491   0.34417
  0.074808 -0.13753   1.0797   -0.92075   0.068018 -0.98815  -0.1207
  0.29436  -0.036599 -0.21309   0.19548  -0.1438   -0.040216  0.43011
  0.062396 -0.33472  -0.47202   0.46327  -0.24899   0.47377   0.41634
 -0.2357   -0.22614   0.3391   -0.096197  0.40678   0.22002   0.25354
  0.018262  0.78291  -0.47254  -0.22827  -0.2403   -0.56352   0.35487
  0.14475  -0.21501   0.38804  -1.5423   -0.18071  -1.1368   -0.81815
 -0.78716  -0.03527   0.42074  -0.39948   0.66672  -0.2892   -0.13185
  0.18636  -0.32736  -0.13295  -0.018309 -0.29277  -1.2261    0.77612
  0.57038  -0.51787  -0.07822  -0.27809  -0.47205   0.30944  -0.90603
  0.017988 -0.53254   0.29153   0.56409   0.13145   0.37534  -0.29794
 -0.77254  -0.1797   -0.82272  -0.21252  -0.20497  -0.05326  -0.90152
 -0.16985  -1.2676    1.1332    0.30073   0.44302  -0.25045  -0.46665
  0.44136  -1.1907    0.69191  -0.48859  -0.77806   0.15977  -0.16709
 -0.1301   -0.4479  ]"
dribble,"[-2.2401e-02 -6.4951e-01 -5.6621e-02 -3.0747e-01 -3.1686e-01  8.0040e-01
  5.3895e-02 -1.1983e-01  2.5815e-01  3.3382e-01  5.7701e-02  7.3285e-01
 -6.4790e-01 -3.0546e-01  2.4939e-01  5.7905e-01 -1.7455e-01  8.1103e-01
 -1.0566e-01 -1.1082e-01  8.5407e-02 -6.7405e-04 -1.6465e-01  1.8786e-01
  7.4351e-01  7.5638e-01 -1.6230e-01 -3.8338e-02  2.6971e-01 -9.5621e-01
 -3.3962e-01  8.0890e-02  2.4485e-01 -6.5964e-02  5.8225e-01 -6.1007e-01
 -8.6579e-01 -4.5633e-02  4.3472e-01  2.9370e-01  2.4214e-01  1.1103e-01
 -6.3711e-01 -3.8690e-01 -4.6721e-01 -9.4655e-02  4.3524e-01 -5.5260e-01
  9.6878e-02 -3.6823e-01 -3.5259e-01  1.3875e+00 -9.7982e-01  8.7669e-01
  6.4990e-01  2.4105e-02 -2.1576e-01  4.2194e-01  4.1411e-01  1.3618e-01
  2.9204e-01  4.5934e-01 -6.9358e-02  4.4505e-01 -2.7684e-01 -2.5998e-01
  7.6274e-01 -5.8042e-01 -5.8289e-01  6.9400e-02  4.4925e-01 -2.4084e-01
  1.0517e+00 -6.3726e-01 -2.2842e-01 -2.5290e-01 -3.2153e-01  1.3898e-02
  1.0936e+00  6.0535e-02  3.0506e-01  1.0822e+00 -3.4883e-01  1.0146e-01
 -3.0425e-01 -2.7509e-01  6.8036e-01 -9.0353e-02  1.7188e-01 -3.8008e-01
 -3.1386e-01  3.9804e-01 -1.1500e+00 -4.4829e-01  1.7881e-01 -6.9358e-01
  8.9553e-02 -9.3403e-02 -2.0030e-01  1.3252e-01]"
marinade,"[-1.2576     0.37296    0.31073   -0.57174   -0.57378    1.1842
  0.21132    0.6137    -0.055154  -0.072343   0.16766    0.093666
  0.52425   -0.26228   -0.15263   -0.22994    0.38645   -0.22414
  0.61331   -0.51242   -0.021613   0.13376   -0.75915   -0.66557
 -0.092491   1.7178     0.3379    -0.27839   -1.0476    -0.74548
 -0.5122     0.002018  -1.0694    -0.66252   -0.48508    0.87657
  0.34058   -0.037834  -0.20028   -0.82702    0.20993   -0.63305
 -0.27274   -0.84175    0.69497   -0.01269   -1.2598    -0.091257
 -0.35611   -0.62272    0.022537   0.95265   -0.70358    0.79751
 -0.14183    0.097602   0.10207   -0.7956    -0.25459    0.23757
 -0.19201    0.68648    0.73396    0.88388    1.0422    -0.86667
  0.23781   -0.23266   -0.82551   -0.015368  -0.75418    0.39797
  0.91851    0.88639    0.35077    0.036311  -1.3721    -0.99947
  0.58503    0.51474   -0.11422   -0.58767   -0.54843    0.93322
  0.68223    0.40954   -0.58389    1.4677     0.59417    0.26773
 -0.72648    0.15625   -0.40578   -1.1052    -0.24422    0.37061
  1.1883    -0.219     -0.0096514  0.57132  ]"
mains,"[ 0.026214   0.025713   0.037258  -0.56388   -0.78223   -0.30642
  0.068663   0.99872    0.50969    0.0096163 -0.39709    0.38446
 -0.31506    0.94835    0.29721   -1.3081    -0.049797   0.29875
  0.49542   -0.39541   -0.21568   -0.28412    0.43724   -0.51077
  0.91291   -0.44282   -0.093802   0.49316    0.18863    0.55247
  0.65401   -0.27404   -0.21955    0.23639   -0.39611   -0.17309
 -0.12843   -0.032752   0.14515    0.49084    0.26555   -0.062692
 -1.0628    -0.22964    0.75597    0.65355   -0.087576  -0.76402
  0.20247    0.41608    0.1431    -0.098239  -0.32747   -0.31972
  0.32722   -0.17844   -0.27793    0.083976  -0.53228   -0.029126
  0.77255   -1.249     -0.48936    0.3988     0.6803     0.23917
  0.60551   -0.93832    0.019338  -0.44058   -0.45795    0.63202
  1.2044    -0.89511    0.40243   -0.68988    0.81158    0.12922
 -0.16636    0.23032    0.86944   -0.23003   -1.1734     0.090567
  0.016983   0.78984   -0.18854    0.38114   -0.57497    0.19286
 -0.042514   0.22172   -0.33828    0.26433   -0.24204    0.40871
 -0.37733    0.05399    0.18415    0.20274  ]"
housemates,"[ 0.14605   0.34429   1.312    -0.58777  -0.14636   0.44194   0.19913
  0.69214   0.23502   0.28065   0.78603  -0.13821   0.21854   0.10786
 -0.34173  -0.54741  -0.067644  0.58422   0.14356   0.27419  -0.052781
 -1.1443    0.18881  -0.58437   0.30924  -0.34435   0.63177   0.32282
  0.40931   0.060831  0.65211  -0.68322   0.44616   0.071356  0.10266
  0.51014  -0.46437  -0.21798   0.15202   0.18897  -0.40271   0.53147
  0.5115    0.28129   0.24257   0.31862  -1.3811   -0.20815   0.089857
  0.63382  -0.89436  -0.81394   0.3994    0.46371   0.3488    0.35751
  0.12458  -0.79414  -0.90113   0.7034   -0.96174   0.74399  -0.13087
  0.55032   1.5825    0.21637  -0.44073   0.30596   0.13734  -0.094651
 -0.10068  -0.31754  -0.024004 -0.1911   -1.4358    0.74039  -1.4126
 -0.84767  -0.091261 -0.37127  -0.26371  -0.73171   0.22424   0.19022
 -0.48981  -1.0076    0.28044   0.40629   0.037116 -0.90257  -0.7879
 -0.088101  0.406     0.33278  -0.39749  -0.4805    0.048276  0.48893
  0.42088  -0.10098 ]"
slacks,"[ 0.014058   0.2443    -0.38578   -0.13013   -0.27861    0.6194
  0.28952    0.80143   -0.3892     0.48438    0.057208   0.50815
  0.47187    0.31015    0.72822   -0.16299    0.44355   -0.36802
  0.56315   -1.221     -0.092693   0.099071   0.35936   -0.63051
  0.57813    1.1234    -0.75478   -1.0698    -0.4971    -0.96659
  0.12934    0.19654   -0.62502   -0.97589    0.47775    1.4709
 -0.11697    0.53804    0.074475   0.73249    0.34873   -0.70214
  0.058106  -0.042806  -1.556     -0.31281    0.2172     0.75166
  0.87036   -0.46759   -0.45569    0.026557  -0.38387    0.58031
 -0.617      0.0028091  0.12046    0.13416    0.32525    0.10838
 -0.79472   -0.31586   -0.2983     0.29192   -0.035594  -0.42637
  0.92405   -0.076611  -0.041768   0.39168    0.46213    0.36113
  0.060052  -0.84908   -0.058774   0.85587    0.62004    0.21294
  0.62956   -0.28089   -0.14006   -0.61229    0.54261   -0.21531
  0.43739   -0.4251    -0.80852    0.45123    0.078961   0.30406
  0.013334  -0.1139     0.14334   -0.74472    0.18058    0.015932
 -1.2537     0.12241   -0.90594   -0.096953 ]"
medecins,"[ 0.72152   -1.0643    -0.70968   -0.63337    0.85987    0.77837
 -0.15857    0.25425    0.69494   -0.29374    0.29348    0.24625
  1.5641     0.15326   -0.67294    0.55172    0.31919   -1.0058
 -0.20833   -0.40766   -0.059528   1.5174    -1.0274     0.029833
  0.58178    0.849     -0.82363   -0.8785    -0.046737  -1.0682
 -0.034359  -0.59015   -1.3407    -0.55852    0.86071   -0.51381
 -0.075143   1.4545    -0.56109    0.16173    0.28277    1.2302
 -1.0314    -0.52069    0.57462   -0.36634   -1.0713     0.066586
 -0.80186    1.8396     0.57301    1.3087    -0.0085685 -0.77837
 -1.5365    -0.23369   -0.573     -0.35225    0.042604   1.2121
  0.48098   -1.0896     0.63534   -0.43563   -0.023787   0.24242
 -1.2446     0.12623    0.60819   -0.23479   -0.4105     0.50149
 -1.0674    -0.42544    0.77317    0.30761    0.20051    0.43716
 -0.25022   -0.4043     0.28591    0.35755   -0.85622    1.1395
 -1.6913     1.0706    -0.065129   1.1811    -0.65854    0.65058
  0.24179    0.43064    0.82219   -0.093997   0.39208    0.85358
 -0.15387   -0.27483    0.0114     0.34941  ]"
complicates,"[-0.73875   0.16561   0.50801   0.132    -0.358    -0.17466  -0.18773
 -0.46708   1.3189    0.28052  -0.21085   0.30844  -0.1892   -0.7347
 -0.32929   0.39963  -0.43221  -0.14876   0.9117    0.39705  -0.10571
 -0.48003   0.27227   0.21968  -0.17298   0.29519  -0.47738  -0.22164
 -0.45605  -0.53437  -0.41448   0.038099 -0.14631  -0.11592  -0.84931
  0.31207  -0.084373  0.13324  -0.029232  0.20797  -0.41831   0.021941
  0.35109  -0.25558  -0.5878    0.18955   0.54068   0.15315   0.19422
 -0.24026   0.78075   0.39024  -0.50125   0.65153  -0.35366   0.079325
  0.75993  -0.52475  -0.63247  -0.23997  -0.76986   0.20336   0.57566
 -0.068415  0.22603   0.26691  -0.39363   0.41825   0.23055  -0.19032
  0.48994  -0.72491   0.055031 -0.13096   0.77781   0.050355 -0.022033
 -0.17983  -0.18435   0.074346 -0.30631   0.49861   0.33663   0.37065
 -0.4854    0.52654  -0.15998  -0.23226   0.25882  -0.5393   -0.29922
  0.14884  -0.39455  -0.48672   0.42649   0.17766   0.69006   0.20611
 -0.44205   0.88306 ]"
alchemy,"[ 0.48581   -0.28237    0.72103   -0.027868   0.14179    0.11413
  0.10288   -0.57045   -0.010318   0.19924    0.10373   -0.25278
  0.30818    0.58699   -0.58288    0.044656   0.31125    0.16388
  0.40827   -0.32322   -0.26565   -0.70831   -1.0235    -0.0087313
  0.18431    0.18933    0.7266     0.18104   -0.48122   -0.38897
 -0.79395    0.28033   -0.6688    -0.092511  -0.4847    -0.22274
 -0.029399  -0.02286   -0.04317   -0.67316   -0.46687    0.084383
 -0.35981   -0.0011805 -1.0199    -0.59521    0.11748    0.63069
  0.56431   -0.056201  -0.26037    0.57709    0.2233     0.034944
 -0.096051  -0.49153   -0.013438   0.30125   -0.44022    0.48305
  0.2353     0.30898   -0.23886    0.20531   -0.21959   -0.17416
  0.23847   -0.40794    0.4489    -0.73861   -0.86463    0.035218
  0.5762     0.13362   -0.9961    -0.283      0.38833   -0.22781
 -0.17578   -0.10353    0.2497     0.72909    0.0048048  0.5123
 -0.095148   0.8959     0.60461   -0.29716   -0.36804   -0.36665
 -0.0069792  0.15001   -0.048741   0.088376   0.4583    -0.20501
 -0.38942   -0.91743   -0.20552    0.55584  ]"
deir,"[-5.0312e-01 -9.5669e-01 -3.9950e-01  2.9273e-01 -2.0953e-02 -9.6895e-04
  5.5595e-01  1.0354e+00  1.2219e+00  1.7688e-01 -6.6349e-03 -4.6184e-02
  4.4127e-01  1.5638e-01  6.3132e-01  2.7133e-01  4.0193e-01 -7.2197e-01
 -3.6168e-01  2.6213e-01  6.6473e-01  3.9082e-01 -3.9635e-01  6.7037e-01
 -9.7339e-01 -2.6096e-01 -3.4937e-04 -4.0916e-01 -2.3292e-01  6.5295e-01
  3.9239e-01 -1.2640e+00 -2.7309e-02  8.3201e-01 -1.2728e+00 -1.0380e+00
  2.4957e-01  6.2859e-01 -1.9599e-02 -3.9105e-02  1.4196e-01  2.9169e-01
 -6.2520e-02 -1.6084e-02  5.6165e-01 -2.7534e-01  8.0237e-02  6.9814e-01
 -4.3082e-01  4.3323e-01 -1.0566e+00  5.5552e-01  6.3427e-01  3.0383e-01
 -3.0615e-01  3.7075e-01 -4.2859e-01 -7.2939e-01 -4.8938e-01 -2.2408e-01
 -5.1597e-01  1.9286e-01  3.5361e-01 -1.8824e-01  8.8436e-02 -2.0761e-01
  1.1550e+00 -6.8896e-01 -1.1365e+00  4.0525e-01  4.3307e-01 -6.0962e-01
 -1.7958e-01 -2.7860e-01  4.2032e-01  4.7209e-01  7.9546e-01  3.4633e-01
  1.1802e-02  2.4034e-01 -1.5698e-01  2.5580e-01 -7.4688e-01 -1.5860e-01
 -3.4927e-03  7.5471e-01  1.2032e-01 -2.2594e-01  1.0020e+00  2.6704e-01
  6.4166e-01  5.9484e-01  1.5884e-01  4.5766e-01 -4.9734e-01 -6.0151e-01
 -6.4571e-02 -1.4088e-01  3.8963e-01  1.7665e-01]"
vang,"[ 0.40065   -0.18713   -0.42852   -0.10569    0.05291    0.71284
  0.82122   -0.16659    0.33798   -0.45677   -0.33642    0.74379
  0.46681   -0.16482    0.61409    0.2117     0.0082947  0.45167
 -0.81801    0.53767    1.1331     0.16698   -0.6944     0.62199
 -1.1561     0.51555   -0.44044   -0.63775   -0.45567    0.20204
 -0.011361   0.14442    0.29672    0.61142    0.065049  -0.42067
  0.82137    0.69295    0.47677   -1.2737    -0.79084   -0.45402
  0.0027255  0.53888   -0.38455    0.89718   -0.04766   -0.85578
 -0.18822    0.60479   -0.81017   -0.2597     0.48326   -0.059966
 -0.56607    0.99034   -0.27657   -0.70809    0.039692   0.094354
 -0.10051    0.14151    0.50973    0.23875   -0.90654   -0.030402
 -0.055189  -0.60949   -0.93489    1.2266     0.27312    0.48548
  0.56622   -0.10606   -0.16637    0.22595   -0.47018   -0.784
 -0.26211    0.51472    0.29513   -0.081991   0.52256   -0.59041
  0.47157   -0.6413    -0.43804    0.75377    0.034911   0.12507
  0.1987    -0.47808   -0.4119     0.39447    0.09116   -0.70488
  0.32805   -0.91498   -0.29234    0.055364 ]"
rayo,"[-7.6648e-02  2.7521e-02 -1.1513e-01  2.1390e-01  1.0227e-01  4.4534e-01
  9.5445e-01  3.8503e-02  6.0612e-01 -1.5617e-01  1.0488e+00 -8.6433e-01
 -6.8514e-01 -4.9240e-01  2.4380e-01  8.3178e-01  2.6444e-02 -5.2484e-01
  1.0429e+00  7.0734e-01 -7.6803e-01 -4.2347e-03 -1.4349e-02  6.1258e-01
 -5.4382e-02 -2.8734e-01 -6.0487e-01  7.8083e-01 -4.1866e-01 -1.7397e-01
 -3.1902e-01 -7.6470e-01 -9.3335e-01  4.9712e-01 -7.1923e-01  1.0707e+00
 -2.5207e-01  3.4219e-01  9.4924e-02  6.2185e-01  1.1081e+00 -6.6780e-01
 -5.8585e-02 -2.7825e-01 -3.2588e-01 -1.9739e-01 -1.1133e-01  9.5264e-01
 -2.4193e-01  3.7953e-01 -1.0175e+00  2.4055e-01 -1.6010e+00  1.5164e+00
  3.0343e-01 -7.0927e-04 -6.4429e-04 -4.2325e-01 -1.4954e+00 -2.2099e-02
 -1.0467e-01  4.2584e-02 -4.4068e-01 -1.2928e+00 -3.7469e-02 -6.2185e-01
 -4.8774e-01  8.4624e-02 -9.7804e-01  2.3128e-01  3.6165e-01 -2.6234e-01
  5.2155e-01 -6.9825e-01  8.0114e-01 -1.4918e-01  3.0002e-01 -6.3745e-01
 -5.8821e-01  6.3169e-01 -1.6856e-01 -7.0363e-02 -7.2604e-01  2.7551e-01
  3.1080e-01 -6.1216e-01 -6.1624e-02  1.1357e+00  4.1830e-01 -1.3019e+00
 -1.1340e+00  6.1909e-02  3.4038e-01  7.8711e-01 -1.1912e+00 -4.9355e-01
  2.2338e-01 -2.9355e-02  6.8026e-01 -1.1331e+00]"
fuck,"[ 0.098204  -0.31437    0.8189    -1.1469    -0.16131    0.14506
 -0.8431     0.060309   0.61314    0.018681   0.74367   -0.0067513
  0.63213    0.52501    0.03999    0.60981   -0.11947    0.26881
 -0.77633    0.27557    0.9336    -0.20553   -0.45774   -0.4199
 -0.41552    0.76869   -0.32835    0.24543    0.59034   -0.34562
 -0.15989   -0.33605    0.17946    0.86062   -0.27782    0.18529
 -0.61097    0.2871     0.51686   -0.83121    0.27443    0.3185
 -0.13775   -0.34251   -1.0427     0.31568   -0.24437   -0.38877
 -0.27705    0.32165   -0.5656     1.0263     0.11803   -0.19347
 -1.3056    -0.36369    0.47473    0.55457    0.037796  -0.11567
  0.82448    0.66429   -0.91183   -0.55386    0.54356    0.7421
  0.39296   -0.67676    0.14345   -0.25598    0.046569   0.37904
  0.56047    0.26911   -0.35421   -0.017731   0.19516   -0.14983
  0.2377    -0.66353    0.077785  -0.80339   -0.28933    0.3591
 -0.66565    0.062882   0.061987  -0.34917    0.22971    0.5263
 -0.53899   -0.16299   -0.27716    0.28642    0.6735    -1.2176
 -0.041802   0.57236   -0.63528    0.5646   ]"
delve,"[-0.17412    0.40437    0.25113   -0.13502   -0.025373   0.14181
 -0.9492    -0.024589   0.85984   -0.11575    0.55276    0.36123
 -0.29511   -0.034086  -0.25339    0.097759  -0.013914   0.41649
 -0.7105     0.2797     0.18735    0.1488     0.30372   -0.22784
 -0.42766   -0.1923     0.20306   -0.0089437 -0.11108    0.26102
 -0.915     -0.33814   -0.80221   -0.27103   -0.44464    0.65121
 -0.63107    0.37479   -0.58668    0.57366   -0.24917   -0.30842
 -0.5739    -0.025164  -1.2939     0.52314    0.019648   0.42614
  0.70747   -0.16292    0.41342    0.072485  -0.1152     0.1712
 -0.1818     0.16261    0.32058   -0.92296   -0.2157     0.077727
  0.45058    1.1898     0.032401   0.15688    0.6127    -0.16484
  0.53449    0.50382   -0.37221   -0.22966    0.62825    0.24385
  0.031831  -0.21396   -0.5252    -0.60802   -0.43383   -0.20973
  0.40424   -0.38811   -0.36211    0.5209     0.51809    0.15863
 -0.13857   -0.46601    0.061938   0.77116   -0.20352    0.031201
 -0.24166    0.52429   -0.93033   -0.15342    0.71525   -0.36695
  0.33715   -0.48274   -0.61462    0.19143  ]"
accrued,"[ 0.34725    0.17563    0.13876    0.12524    0.15607    0.24566
 -0.075892   0.2288    -0.34996   -0.43903    0.40201    1.0242
 -0.053275  -0.24085    0.08492   -0.96403    0.15849    0.38184
  0.15596    0.30576    0.0040692  0.62364   -0.72822    0.86325
 -0.12626   -0.59841   -0.59919    0.17046   -0.41263   -1.0498
  0.072681  -0.11918   -0.46282   -0.30465   -0.82184    0.33702
  0.22225    0.33479   -0.71846    0.024748   0.24609    0.31407
  0.40158    0.47192    0.19482    0.1193     0.078008  -0.36759
  0.54359   -0.30911   -0.44245   -0.013106  -0.13801    0.37573
  0.5995     0.30945    0.94543   -1.14      -0.0087607  0.33313
  0.43154    0.39577   -0.30964   -0.22679   -0.023114  -0.13333
  0.05867   -0.77056    0.81376    0.0019592 -0.47735   -0.2952
  0.73643    0.54617   -0.10005   -0.12779   -0.49784   -0.74484
 -0.5282     0.49204   -0.050434  -0.11212    0.33518   -0.65918
 -0.15905   -0.16137    0.17306    0.24735   -0.54847   -0.75984
 -1.704     -0.078977   0.24448   -0.86212    0.050955  -0.18125
  0.76934    0.065505  -0.057468  -0.11044  ]"
fisted,"[ 0.085978 -0.23078   0.024919 -0.43225  -0.43005   0.18378  -0.47843
 -0.52549  -0.83702   0.84909   0.039819  0.1575    0.30507   0.43241
  0.21062   0.77585  -0.12982  -1.0819    0.28439  -1.056     0.7824
  0.37495  -0.049037 -0.048015  0.70799   0.43862  -0.62807   0.23386
 -0.43207  -0.85356   0.78234   0.004709  0.26816  -0.3714   -0.18883
  0.56652  -0.41634  -0.15501   0.13256  -0.50866   0.17512   0.39501
  0.59214   0.11895  -0.053917 -0.55567   0.053641 -0.65527   0.75263
  0.33169  -0.97134  -0.97759  -0.57352   1.0986    0.30674  -0.19444
  0.049935 -0.19881   0.38569   0.017607  0.17248  -0.9274    0.16863
  0.76398   0.34906  -0.20601  -0.039254  0.070862 -0.69821  -0.41376
  0.10602   0.55325   0.64818  -0.1222   -1.0362   -0.85167  -0.59949
 -0.32097   0.66707   0.11333   1.0309    0.41208  -0.38828   0.48253
 -0.454     0.70891  -0.4545    0.29602  -0.91108  -0.89878  -0.011278
 -0.017949 -0.12642   0.010382  0.26984  -1.096     0.11823  -0.40267
 -0.68982  -0.33477 ]"
dispersion,"[-0.22583   -0.21971   -0.23848    0.43317   -0.57447   -0.11656
 -0.14585   -0.15759   -0.036387   1.0977    -0.48655   -1.0659
 -0.42052    0.099043   1.0662     0.33164   -0.063984  -0.022402
  1.1275    -0.41904    0.074267  -0.64647    0.27498   -0.34799
  0.48518    0.17747    0.93447    0.096926  -0.15296   -0.48613
 -0.30401   -0.37946   -0.75024    0.0039467  0.2912    -0.70578
  0.93351    0.28201    0.21436   -0.047867  -0.59055   -0.36618
 -0.26676   -0.041194  -0.1665     0.028901   0.45888    0.18459
 -0.30489    0.14479    0.26431    0.44121   -0.49263    1.2168
  0.019992   0.27873    0.36449    0.24763   -0.01471   -0.32147
 -0.1892     0.35816   -0.63192    0.084836   0.59897   -0.075169
 -0.17547   -1.2265     0.71992   -0.22703   -0.57329   -0.54566
  1.0327    -0.044557   0.42367   -0.94715    0.71266   -0.48964
 -0.17993    0.2093     0.12577    0.48961    0.032672  -0.2108
 -0.068171   0.10789    0.91227   -0.87606    0.02684   -0.12473
 -0.75116    0.16311   -0.24354   -0.63505    0.79595    0.083945
  0.28429   -0.21259   -0.53318   -0.014894 ]"
conforms,"[-0.48321    0.50512    0.8143     0.74349    0.10595   -0.17382
  0.19563   -0.23748    0.28637    0.40001    0.059688   0.080855
  1.2022    -0.16795   -0.6405     0.37365   -0.18383    0.015664
 -0.55057   -0.37984   -0.44277   -0.73524    0.26401   -0.0093729
  0.52262   -0.57672   -0.19648   -1.0959    -1.0801    -0.29276
 -0.41326    1.3996     0.4629    -0.31448    0.2335     0.43327
  0.84853   -0.63401   -0.50805   -0.36348   -0.06198   -0.078651
 -0.095623   0.37819   -0.38228   -0.21368    0.05798    0.37125
 -0.56065   -0.38907   -0.14981    0.26551   -0.052688   0.23187
  0.15937    0.27437    0.6463    -0.2026    -0.064141  -0.39737
 -0.24146   -0.49628   -0.084482  -0.36445   -0.41117    0.37501
 -0.90698    0.42792   -0.06304   -0.69744   -0.14952   -0.43294
  0.8933     0.0185     1.0796    -0.24721   -0.097994  -0.89036
 -0.3304    -0.19117   -0.25667    0.063046   0.36814    0.54326
 -0.091048   0.24435   -0.61601   -0.024481   0.062713   0.21795
 -0.157      0.20227   -0.55072   -0.36928    0.56551    0.18911
 -0.395     -1.1784    -0.5804     0.60155  ]"
fives,"[ 0.53906    0.3591     0.27472    0.059371  -0.61806    0.78405
  0.31757    0.44915   -1.1088    -0.60349    0.38318   -0.22877
  0.020827   0.59951    0.6011    -0.077036  -0.54526   -0.65307
 -0.19415    0.13232   -0.30998    0.23041   -0.14839    0.11495
  0.67233   -0.039876   0.089578   0.33608    0.091595  -0.93346
  1.0591    -0.43988    0.23011   -0.005973   0.23852    0.79322
 -1.3458    -0.3923    -0.60822    0.30369   -0.23698    0.27825
 -0.63215   -0.23153   -0.2558     0.096743   0.061576   0.074785
  0.41184   -0.0025993 -1.6395    -0.39564   -0.4464     0.52757
 -0.78774    0.40329    0.19023    0.28527   -0.19264    0.1928
 -0.35889    0.026012  -0.7521     0.28378   -1.0824    -0.030186
  0.34638    0.13503   -0.040719  -0.2333     0.18213   -0.43093
  0.89315   -0.62833    0.0078991  0.73276   -0.41493   -1.1035
  0.43162   -0.39155    1.2975    -0.23855    0.44567   -0.19739
  0.12262    0.4901    -0.7609    -0.59825    0.36603    0.018289
 -0.78737   -0.36065   -0.83136    0.045266  -0.079259   0.28396
 -0.37874    0.046599   0.35952    0.6564   ]"
fluoride,"[-0.36057    1.0066    -0.59167    0.40858   -0.51123   -0.2302
 -0.76614   -0.20714    0.47743    0.26731    0.48175   -0.12383
 -0.29498    0.83977   -0.11684    0.0079106 -0.48637   -0.70465
  0.39047   -0.48415   -1.1429     0.089196  -0.9413     1.5596
 -0.59553    0.76828    0.61841    0.37169   -0.35467    0.22575
  0.63323    0.75087   -0.34801    0.57566    0.46212    0.17037
  0.36921    0.28526   -0.32326    0.063192   0.43143   -0.085631
 -1.0279    -1.3015     0.45431    0.017635  -0.024879   0.1401
 -0.55079   -0.29308    0.37661    0.051162  -0.087527   0.38458
 -0.27464   -0.11063   -0.40147   -0.50117   -0.5884    -0.063755
  0.36226    0.20097    0.25089    1.2447     0.96718    0.60922
  1.1545    -0.67094   -0.43012   -0.79262    0.37515   -0.83412
  1.1955     1.3201    -0.40032    0.52188    0.077111  -0.53813
 -0.37125   -0.55821    0.058216  -0.18138   -0.074573  -0.082325
  0.48926    1.3152     0.39073    0.27439   -0.033006  -0.55645
  0.14028   -0.15445   -0.70891    0.25837   -0.10697   -0.46521
 -0.18475   -0.2386     0.18494    0.11512  ]"
pilgrimages,"[-0.095907   0.1228    -0.60748   -0.28453    0.11726   -0.22893
 -0.82661    0.077574   0.40059    0.33024   -0.58898   -0.4961
  1.0537     0.47257    0.13026   -0.066103  -0.0049977  0.56447
 -0.41369    0.77632    0.65905    0.18322   -0.55693    0.85121
 -0.051404  -0.46022    0.055798   0.93701    0.68837   -0.2973
 -0.68149   -0.97305    0.62227    0.4697     0.14641    1.2917
 -0.52291   -0.16654   -0.97837    0.15158   -0.65322    0.70154
  0.4302    -0.27539   -0.35569   -0.65296    0.48867   -0.30238
  0.38928    0.17467    0.5077     0.02898    0.30819   -0.20442
 -0.58465   -0.048001   0.38381    0.06596    0.27249   -0.17541
 -0.44916    0.62878    1.0815    -0.62249   -0.46815   -0.11475
  0.31832   -0.50375    0.35026   -1.1183    -0.14642   -0.80984
  0.14862   -0.0087249 -0.83155   -0.29786   -0.34676    0.41753
 -0.16202    0.45299    0.32269    0.7748     0.10787    0.50168
 -0.29953    0.11954   -0.22727    0.088673   0.17905   -0.25152
 -0.35049   -0.18176    0.1798    -0.18804   -0.6565    -1.2263
  0.017591   0.02362    0.071845   0.053563 ]"
isthmus,"[-0.11486    0.037112   0.26063    0.57856    0.51562   -0.55114
 -0.62094    0.22954    0.49841   -0.34109   -0.041749  -0.0041199
 -0.53466   -0.58213    1.2964    -0.36549    0.69048   -0.57148
  0.30671   -1.5059     0.24695    0.83417    0.030095  -0.35427
  0.28744   -0.34642   -0.26004   -0.51301    0.34815   -0.50775
 -0.10894    0.30238    0.50272   -0.23886    0.45073   -1.1379
  0.58843    0.57904    0.40602   -0.12633    0.032324  -0.63624
 -0.45973    0.14969   -0.20947    0.38282    0.79702    0.46328
  0.20565    1.1652    -0.6945     1.2102     1.2076     0.11376
 -0.44547   -0.14445    0.080689  -0.97895    0.098048   0.26108
 -0.41857    0.40202    0.53212   -0.90087   -0.72799   -0.088343
 -0.77199    0.12175    0.2592    -0.21804   -0.24809    0.092863
  0.53858    0.29912    0.28888   -0.14433    0.23715    0.9986
 -0.0048418  0.5128    -0.4559     0.53956   -0.76606    0.69885
  0.0055382 -0.14604   -0.12725    0.80817    0.38893    0.34563
 -0.70156    0.33091   -0.83233    0.51908   -0.03751   -0.31228
 -0.24469   -0.22984   -0.45218    0.21996  ]"
rotc,"[ 5.5854e-01  1.1097e-01 -6.4468e-01 -4.9849e-01 -5.9982e-01  3.6555e-01
  3.6087e-01  7.8020e-01 -4.8798e-01  1.2654e+00  5.9946e-01  5.7697e-02
 -5.2548e-01  3.1096e-01 -3.9453e-01 -1.6945e-01  1.0485e-01  1.2890e-01
  3.4595e-01 -2.3241e-01 -6.9056e-01 -1.9742e-01  4.8959e-02 -3.3448e-01
  3.3072e-01 -1.3330e-02 -1.1306e+00 -4.2489e-01  2.5736e-01 -1.7637e-04
 -8.7868e-01  6.3993e-01 -3.5529e-01  4.1374e-01 -1.3084e-01  1.1619e-01
 -8.1900e-01  9.6879e-02 -3.2153e-03  9.2149e-02  8.9917e-02  4.7572e-01
 -3.0701e-01  4.0712e-01  8.3604e-01  1.7999e-01  5.2060e-01  1.1210e+00
 -2.8997e-01 -3.0372e-01 -8.2472e-02 -3.8374e-01 -2.6773e-01  4.6417e-01
 -2.2296e-01  3.4151e-01  1.2616e+00 -1.7971e+00  9.1636e-01  5.3526e-01
  3.7451e-01 -2.2335e-02  9.4403e-01  8.7279e-01  1.9754e-01 -1.2194e-01
 -6.6594e-02 -4.2046e-04  6.6521e-01  1.7151e+00  1.1286e+00 -5.9656e-01
 -2.3633e-01 -6.9093e-01 -1.0988e+00  4.0323e-01  3.2384e-01  1.0405e-01
 -2.7155e-02 -9.7453e-01 -2.7160e-01 -9.3200e-01  5.9328e-01 -5.5643e-01
  1.8629e-02  4.6889e-01  4.5447e-01 -2.6239e-03  3.7150e-01 -2.4500e-01
 -1.5553e-01 -2.4976e-01 -3.5570e-01  1.5341e-01 -4.1663e-01 -1.3918e-01
 -1.1716e-01  2.5343e-01 -6.4868e-01  1.0043e+00]"
werewolf,"[ 1.6125e-01 -2.0002e-01  4.0094e-01 -3.5053e-01 -2.5818e-01  8.3582e-01
  4.9650e-02 -2.2688e-01  1.9481e-01  1.9259e-02 -1.0492e+00  1.3248e-01
 -5.0793e-01  2.5680e-01  3.6955e-01  5.0088e-01  8.9246e-02  6.0565e-02
  8.0575e-01  2.1433e-01  1.7013e-01 -5.9716e-01 -2.5054e-01 -2.6587e-02
  1.0615e+00  6.5252e-01 -3.4726e-02 -3.5677e-03 -6.5188e-02  3.8815e-01
  1.3089e-02 -2.0493e-01 -6.2452e-01  1.4540e-01  1.6797e-02  2.0978e-01
 -1.7788e-01  4.0226e-01  3.8510e-01  2.5350e-01 -6.4098e-01  6.8574e-01
 -7.0305e-01  1.5308e-01  3.8039e-01  1.7327e-01 -1.7107e-01  5.9780e-01
 -9.9790e-02  4.5745e-01 -6.3634e-01  4.6255e-01  1.0144e+00  3.4251e-01
  2.4776e-01 -3.9170e-01 -7.6592e-01  5.1726e-01 -5.9837e-01  3.7603e-01
  7.0707e-01  4.1375e-01 -5.9386e-01 -1.5227e-01  5.9700e-01  4.3785e-01
  4.9064e-02  1.6280e-01 -8.8098e-02  1.5850e-01 -1.5605e-01 -1.1910e+00
 -2.1205e-02  3.4026e-01 -6.1796e-01 -2.2849e-01 -3.6299e-02 -8.3347e-01
 -1.8869e-01 -4.2222e-01 -1.0725e+00  2.8958e-01  4.3988e-02  2.6451e-01
  2.6461e-04  1.7745e-01 -3.0523e-01 -1.7379e-01 -4.5547e-01  9.1013e-02
  1.7120e-03  2.1250e-02  5.6743e-01  2.4245e-01  3.4430e-01 -8.6877e-01
  1.3512e-01 -8.5136e-02  2.7367e-01 -1.7423e-01]"
privateer,"[-0.029918  -0.68303   -0.86317   -0.50727    0.068253   0.16974
  1.1023    -0.62879   -0.13338   -0.057607   0.16856    0.58967
 -0.18366   -0.55958    0.0036224  0.52257    0.065278  -0.52619
  0.088714   0.28743    0.78693   -0.21301   -0.10233   -0.85138
  0.39235   -0.15931   -0.84054   -0.44557    0.24256   -0.3342
 -0.18769   -0.47465   -0.70053   -0.74507    0.42144   -0.13411
 -0.87342    0.20783    0.35455   -0.2157     0.0014135 -0.32885
  0.0052312  0.32918    0.43254   -0.2278    -0.29121   -0.075103
  0.053519   1.1809    -0.95714    0.68083    0.24212    0.27269
  0.40602    0.16731   -0.66621   -0.13      -0.11373    0.23615
 -0.012712   0.26559   -0.44592    0.80345    0.55887   -0.43656
 -0.76263    0.18034    0.41764    0.88793   -0.14787   -0.22395
  0.23493   -0.097965  -0.28496    0.70944    0.66258    0.022835
 -0.50058   -0.1111     0.33223   -0.43163   -0.1541     1.3824
  0.63291   -1.281      0.56092   -0.31183    0.4151    -0.98749
 -1.094      0.19851    0.78266    0.27219    0.22004   -0.62774
 -0.21933    0.24211    0.018372   0.36398  ]"
landers,"[-1.2619     0.40266   -0.036892  -0.29066   -0.79676   -0.23224
  0.3638     0.28023    0.23998    0.26456    0.22855   -0.44307
  0.037227   0.88669   -0.39917    0.070778  -0.20223    0.59564
 -0.0026643  0.83874   -0.25501    0.67129   -0.16649    0.91421
  0.41101    0.51257   -0.15025    0.12234   -0.41549   -0.27243
  0.2896    -0.12872    0.47904    0.10013   -0.38924   -0.41265
  0.038634   0.42249    0.21005   -0.37263   -0.43732    0.52206
 -0.66685    0.47959   -0.73951    0.71067    0.21293   -0.62704
  1.0083     0.061111  -0.10402   -0.28399    0.71972   -0.11516
  0.33608    0.21696    0.22111    0.1447    -0.077757   0.35932
  0.34363    0.56871    0.012757   0.6179     0.1144    -0.04508
 -0.55473    0.63058   -0.252     -0.042489  -0.13758    0.077546
 -0.035976  -0.26541   -0.29209   -0.30551    1.0814     0.081628
 -0.74584   -0.12467   -0.030918   0.44057   -0.0071412 -0.10585
  0.53251    0.27866    1.0775    -0.089287  -0.34152   -0.5611
 -0.055085   0.56878    0.19445    0.0074404 -0.0056811 -0.12762
 -0.88411    0.4555    -0.70363   -0.027283 ]"
zeros,"[-0.58887    0.47712   -0.45592   -0.47541   -0.082976   0.26819
 -0.89566   -0.95276   -0.52448   -0.10227    0.55763    0.58918
 -0.3552     1.5533     0.29593   -0.34294   -0.58449    1.1595
  1.1447     0.23718    0.98908   -0.12639    0.018636   0.32739
  0.89913   -0.24337    0.56385    0.61707    0.22743   -0.2777
  0.81928   -0.22671    0.12949    0.37903   -0.11825   -0.69166
  0.030006  -0.17855   -0.13918   -0.4211     0.34098   -0.038155
  0.11792    0.61989   -0.85766    0.40771    0.30026    0.38706
 -0.62521    0.23646   -0.47341   -0.13626   -0.09707    0.44717
  0.0177     0.52123   -0.27784    0.27291    0.81692    0.67602
 -0.18931    0.0038442 -0.74427    0.99387    0.49574    0.33425
 -0.55069    0.41526   -0.013602   0.047255  -0.4367    -0.072292
  0.23486    0.24604   -0.10194   -0.035787   0.33565   -0.043617
  0.095876  -0.16382   -0.16522   -0.15352   -0.72875   -0.023149
 -0.25212    0.17621    0.22666    0.10832   -0.13831   -0.28787
 -0.49475    0.63269    0.23411   -0.29121   -0.48025   -0.35681
 -0.014399  -0.28014   -0.74899    0.21467  ]"
winona,"[ 0.39491  -0.14775   0.1402   -0.61273   0.26428   0.14194   0.30412
  0.78321  -0.203    -0.11464  -1.0631   -0.2532   -0.13894   0.45585
  0.46261   0.56478   0.95633   0.31119   0.078813  1.3539   -0.53603
  1.0153    0.3835    0.78134   0.17529   0.15486   0.091092 -0.61962
 -0.042435 -0.2429    0.55742   0.27474   0.095451 -0.23487   0.16358
 -0.25411   0.097675  0.12148   0.33529   0.74703  -0.67874   0.028741
 -0.24376   0.26655  -0.16711  -0.24207   0.66539  -0.23541   0.2661
  0.32962  -0.17597   0.11186   0.31604  -0.091917 -0.90832  -0.21506
  0.21962   0.64299  -0.72909  -0.52637  -0.78832   0.81482   0.57697
  0.34372  -0.054244 -0.31051   1.1903    0.41215   0.054979  0.45382
  0.033291 -0.63881  -0.038042  0.25741   0.39486   0.30494   0.73289
 -0.30049   0.13391  -0.030381 -0.63563   0.089285  0.034572  0.31246
  0.29487  -0.094648  0.26324   0.38821   0.96749  -0.1402   -0.77972
 -0.39203  -0.059081 -0.17004   0.33912  -0.29952   1.1322    0.71456
 -0.15833   0.38162 ]"
dorgan,"[-1.119     0.011541  0.93423  -1.2119   -0.35731  -0.64992  -0.11532
  0.69365  -0.61709  -0.38054  -0.053598  0.94764  -1.4045    0.14338
  0.29733  -0.15762   0.054771 -0.80273  -0.1779   -0.84262   0.69845
  0.58097   0.086637  0.58013  -0.38406   0.2217   -0.50266   0.10414
  0.018756 -0.078177  0.19248   0.063943 -0.14502  -0.5558    0.17684
 -0.22315   0.97758  -0.35402   0.40068   0.55487  -0.50521  -0.18363
 -0.2401    0.52009  -0.58507   0.36552   0.69303  -0.80395  -0.45791
  0.45481  -0.47452   0.21358   0.081964 -0.69979  -0.46649   0.53316
  0.30139  -1.2459   -0.2418    0.12391  -0.28118  -0.60512   0.034973
  0.036678  0.8634   -0.1834    1.4579    1.4374    0.022104 -0.040688
  0.2341   -0.4404   -0.080418 -0.3218   -0.21332   0.2627   -0.54247
  0.33977  -0.067757 -0.17049  -1.0116   -0.38059   0.049264 -0.65623
  0.15376   0.077821  0.042827 -0.57034  -0.53097  -0.66297   0.44061
 -0.52397   0.56396   0.62323   0.56062   0.69175  -0.25897  -0.027443
  0.27878   0.26535 ]"
26.9,"[ 0.95675    1.1489     0.65363   -0.7624     0.22939    0.61458
 -0.10371   -0.095527  -0.0069748  0.57608    0.64856    0.84585
 -0.59792   -0.34975    1.9067    -0.1171    -0.4102    -0.062099
 -0.51119   -0.20649   -0.51416    0.7283     0.61826    0.66065
 -0.55415   -0.54044    0.36113    0.72062   -0.19417   -1.4229
  0.72101   -0.34455    0.47976   -0.29816   -0.71793    0.91762
  1.3791     0.42189   -0.59867    0.41446    0.16881    0.30195
 -0.016935   0.83527    0.1525    -0.068862  -0.26562   -0.70041
 -0.3284    -0.96975   -0.25403   -0.62408    0.20635   -0.067248
 -0.3419     0.26778   -0.45919   -0.76487   -0.073791  -0.14702
  0.34905   -0.43395   -0.73778    1.0846    -0.97236    0.31311
 -0.37495   -0.80135   -0.011384   0.44855   -0.24132   -0.55072
 -0.13887    0.26309   -0.56915    0.61441   -0.62791    0.18321
 -0.31303   -0.73074   -0.35778    0.23075    0.14715    1.4366
  0.4766     0.045523   0.33954   -0.2636     0.60068   -0.065864
  0.1316    -0.12607   -0.28605   -0.8708    -0.13864   -0.86666
 -0.28956   -0.50686    0.058354  -0.47987  ]"
decadent,"[ 0.076796  0.19084   0.54386   0.17593  -0.23894   0.8473    0.20765
 -0.23647   0.14508   0.74038  -0.38929  -0.22775  -0.19853  -0.34821
  0.15755   0.41363  -0.10783  -0.73923   0.084392  0.34738   0.56923
  0.45589   0.0344   -0.65933   0.13197   0.37643  -0.11108  -0.5528
 -0.17646  -0.34065   0.20885   0.077038 -0.34038  -0.77983  -0.2852
  0.20085  -0.2306   -0.053613 -0.71706  -0.73969  -0.046456  0.10582
 -0.24804   0.28323   0.29784  -0.16451   0.10403   0.67124   0.52369
  0.32637   0.028615  0.35854   0.26235  -0.49695  -0.70909   0.19829
  0.48325   0.47115  -0.046811 -0.25137  -0.37339   0.41253  -0.60112
 -0.55408   0.35588  -0.38297   0.67042  -0.55129   0.02982  -1.002
 -0.087771 -0.74279  -0.43348   0.31247  -0.15326  -0.36823  -0.22401
 -0.36626   0.32278   0.14004  -0.26756   0.53259   0.033421  0.79049
 -0.1283    0.18132  -0.16047  -0.11642   0.040552 -1.0008    0.053378
 -0.19508  -0.01465   0.15014  -0.35924  -0.75154  -0.53543  -0.64416
 -0.053955  0.46036 ]"
orthogonal,"[-0.18876    0.88368   -0.32138    0.498      0.75362    0.40376
  0.22146    1.1231    -0.21323    0.91113    0.034653  -1.1364
  0.53387    0.58483    0.65806    0.031671  -0.31379    0.97379
  0.60736   -0.30411    0.33376   -0.29593   -0.15489   -0.27055
  1.0803    -0.056743   1.751      1.434     -0.5484    -1.2067
 -0.12132   -0.24643   -0.66239    0.16624    0.85182    0.55095
  0.94581    0.39408    0.61712   -0.15725    0.41392    0.48517
  0.18304    0.17419    0.10211    0.067067  -0.88427    0.20242
 -0.9426     0.32276    0.28392   -0.21328    0.20561    0.27879
  0.93887    0.059688   0.6037     0.11854    0.73613   -0.26339
 -0.30477   -0.62796   -0.097141   0.012573   0.66354    0.090381
 -1.0966     1.0233    -0.074326   0.62038   -0.88324   -0.52793
  0.34601   -1.5154     1.1062    -0.81686   -0.6305    -0.42911
  0.20583   -0.19474   -0.90446    0.057304  -1.523      0.12495
 -0.057243   0.79113   -0.60513   -0.12019   -0.39457   -0.7641
 -1.2978     0.6064    -0.26594   -0.41216    0.28409   -0.89182
 -0.0081986 -0.49971   -0.97196   -0.30799  ]"
erodes,"[-0.62101    0.44009    0.21703    0.34798   -0.016063  -0.54408
 -1.5319    -1.2294     0.5213     0.01904   -0.13223    0.8747
  0.62888   -0.23271    0.61966   -0.66736    0.13007    1.033
  1.3832     0.82409    0.01035    0.091024   0.42703    1.0638
  0.34858    0.5087    -0.68472   -0.66065   -0.066733   0.062797
  0.61458    0.71013   -0.64571    0.15025   -0.12391    0.087296
  0.0098305 -0.53632   -0.25147   -1.0838     0.29902   -0.18275
  0.23285    0.32287    0.19013   -0.40319    0.37189   -0.46835
  0.34259   -0.80023   -0.21172   -0.12247   -0.86247    0.059538
  0.17235    0.55358    0.3368    -0.94096    0.33931   -0.21102
  0.11497   -0.04161    0.52272    0.84524   -0.53181    0.28424
  0.11715   -0.26121    0.87187   -0.069888   0.95817   -0.091137
  0.54756   -0.19472    0.27064    0.16146   -0.11266   -0.34617
 -0.22403    0.20735    0.50521    0.8603    -0.33316   -0.75794
  0.24681   -0.24146   -0.67976    0.3023     0.53751   -0.45602
 -0.47924   -0.64297   -0.57927    0.16379    0.46726   -0.37151
  1.3127    -0.3008    -0.41444    0.81146  ]"
cronyism,"[ 0.30836   -0.043473   0.62874   -0.46116    0.13422    0.6014
 -0.36987   -0.24308    0.11982    0.6335    -0.28846    0.81374
  0.40283    0.24114   -0.10075   -0.0062621 -0.17391   -0.82405
 -0.11441    0.27998   -1.0829     0.52536    0.34215   -0.35024
  0.31088   -0.35198    0.16091    0.35686   -0.28869   -0.49446
  0.45566    0.017336  -0.24564    0.20646   -0.83596    0.72288
 -0.20264   -0.5946    -0.26172    0.31573   -0.76697   -0.031651
 -0.28165   -0.022636  -0.69043   -0.38052    0.68016   -0.25783
  0.20364   -0.78332   -0.5182    -0.2699    -0.56379    0.74314
 -0.17952    0.3072     0.40745   -0.10826   -0.2808    -0.079519
 -1.0783    -0.93805   -0.35444    0.17361   -0.095417  -0.29203
  1.1239    -0.97565    0.63818   -0.099687  -0.18469    0.048653
 -0.4726    -0.051692  -0.44842   -0.49078   -0.66377    0.75088
 -0.51335    0.83592    0.92828    0.40016    0.42688   -0.041714
  0.18675   -0.06544   -0.61314    0.5031    -0.46298   -0.38008
 -0.35417   -0.51153   -0.70026    0.26581    1.4029    -0.74501
 -0.2108    -0.76815    0.20653    0.27926  ]"
mayhew,"[-1.0891    -0.37041    0.44461   -0.32291   -0.33214   -0.15389
  0.33492    0.56838   -0.2207    -0.66178   -1.3601    -0.82512
 -0.2799     1.2252     0.14367    0.21641   -0.48628   -0.50323
 -0.4407     0.35646   -0.070314  -0.47785    0.12715   -0.45107
  0.2147    -0.13697    0.038777   0.083951   0.09521    0.096728
 -0.63291   -0.34297   -0.07681   -0.43548    0.21875    0.71118
  0.49228    0.47773   -0.396     -0.0044888 -0.49787    0.67545
  0.24015   -0.054438  -0.62261    0.69596    0.38312   -0.38268
  0.56077    0.38557    0.97737   -0.13501    0.7064    -0.60744
 -0.62658    0.22508   -0.47169    0.65304   -0.64302   -0.26652
  1.5637    -0.018985  -0.067947  -0.22188    0.16177   -0.23327
 -0.029593   0.65142    0.1334    -0.42339    0.22949   -0.69147
 -0.20207   -0.6303     0.07031   -0.16399    0.02361    0.24749
 -0.67512    0.68523   -0.27838    0.0030788  0.43252   -0.12855
  0.50002   -0.18928    0.29996    0.064098  -0.50423   -0.040815
 -0.37391    0.055549  -0.18494    0.11398   -0.71378    0.60029
  0.25869    0.454     -0.19171    0.22441  ]"
starwood,"[ 0.13151   -0.23266   -0.36883   -0.139      0.52924    0.52825
  0.12793   -0.034571  -0.91857    0.207      0.47764    0.25159
 -0.11988   -0.77063   -0.18462   -0.42764   -0.161      0.33799
 -0.076157   0.393      0.0025482 -0.15115   -0.40914    0.3644
 -0.20858    0.37759    0.18327   -0.032761  -1.4382    -1.4516
  0.67518    0.60107   -1.2227     0.076371   0.026588   1.3877
  1.0345     0.39515   -0.10523   -0.69775    0.92036    0.49687
  0.42277    0.078498   0.82035    0.92769   -0.40805    0.10557
  0.66048   -1.1827    -0.37108    0.068288   0.38817   -0.55942
  0.035762  -0.67652    0.8707    -0.34503   -0.19105   -0.096073
 -0.32899   -0.029346  -0.027605   0.018652  -0.84642    0.087879
  0.11316    0.68073    0.6128    -0.56854   -0.81871   -1.2275
 -0.11081   -0.28407   -0.15709   -1.3517     0.48028   -1.4092
 -0.33704    0.18694   -0.0045861 -0.68939    0.090263   0.27888
  1.0583     0.039972  -0.67354   -0.37988    0.077392  -0.10077
  0.29127   -0.50898   -0.13781   -0.82052   -0.37845    0.22744
  0.74939   -0.082156   0.16902    0.97811  ]"
royalists,"[-4.2765e-01  2.4822e-01 -2.6663e-01  2.5794e-01 -5.7413e-01  8.7812e-01
  9.3607e-02 -9.4180e-01 -1.6680e-01 -5.4973e-01  5.4339e-01  1.7743e-01
 -3.7514e-01 -3.0348e-01 -2.1162e-01 -6.4256e-01 -3.7362e-01 -1.0531e+00
  5.7159e-02 -3.3249e-01  6.8932e-01 -4.6393e-01  6.5956e-01 -6.3337e-01
 -6.4150e-02 -8.8422e-01 -3.3505e-01 -4.6181e-01  3.1579e-01 -8.1845e-01
  1.9520e-01  7.1197e-04 -4.4360e-02 -4.6832e-01  3.3688e-01 -1.3379e-01
  2.2401e-01  3.4331e-01  8.6767e-02 -9.5035e-03 -7.3895e-01  4.0011e-02
  6.0252e-02 -4.2373e-01  3.6497e-01 -4.8241e-01  3.6546e-01  4.6691e-01
  3.0125e-01  3.0856e-01 -9.3892e-01  2.4263e-01  1.9933e-01  1.6539e-01
  1.2736e-01  7.0798e-01  2.0086e-02 -9.7920e-01 -3.4545e-01  4.0015e-02
 -2.6367e-01 -3.8897e-02 -5.2097e-01  2.6244e-01 -2.2457e-02  6.0470e-02
 -3.7750e-01  2.0711e-01 -4.4801e-02 -6.6787e-02  2.8179e-01 -1.1187e-01
 -7.8402e-02 -7.1838e-01 -1.3725e+00 -1.8757e-01 -5.0283e-02  8.6241e-01
  1.8974e-01  1.0097e-01  5.9868e-01 -2.4867e-01  2.4398e-01  3.7461e-01
 -5.1659e-01 -8.7571e-03 -2.1275e-01  1.5698e-01 -2.2200e-01 -2.3300e-01
 -9.6581e-02 -8.1001e-01  1.1138e-02  1.1104e+00 -2.0703e-01 -3.3446e-01
 -7.0685e-02  1.9307e-01  3.0101e-01 -1.8508e-01]"
peroxide,"[-0.60699    0.56884   -0.36303    0.040271  -0.27148   -0.76906
  0.74561    0.040904   0.2433     1.5582     0.1015    -0.71058
 -0.33829    0.97155    0.88614    0.25599   -0.32485   -0.24065
  0.30328   -0.1207    -0.32073   -0.42534    0.24805    0.54876
 -0.42242    0.33252    0.11785    0.10596   -0.084434   0.56112
  0.35412    0.87409   -0.9012    -0.48428    0.7492    -0.33503
  1.4146     0.023426   0.55203    0.34802    0.99172   -0.30723
 -0.18618   -0.94735    0.0061471 -0.13764    0.072408   0.32521
 -0.24599    0.22785   -0.15066    0.066902   0.39827    1.0448
 -0.92018    0.19597   -0.57744    0.56913   -0.39742   -0.77468
  0.61584    0.41277    0.18715    0.85623    0.51847    0.17978
  1.0813    -1.2177     0.097313  -1.1946    -0.25752   -0.51514
 -0.25531    0.31707   -0.48771    0.49013    0.33482   -1.2506
 -0.5483    -0.32737    0.04724    0.35358    0.083334   0.021154
  0.1422     0.13732    1.0446     0.58719   -0.67326   -0.17037
 -0.45439   -0.14385   -0.87461    0.16144    0.16851   -0.27911
  0.18515   -0.10758   -0.46547    0.37581  ]"
7/5,"[ 0.2761    -0.14909    1.3516     0.37321    0.20836    0.9738
 -0.054929   0.37562    0.48932   -0.81446    0.50407   -0.54733
 -0.5165     0.4158     0.23294    0.60263    0.29903    0.20492
  0.50702   -0.26248    0.92984    0.22675    0.63621    1.1347
  1.7555    -0.19101    0.77343    0.21731    0.61348   -0.1673
 -1.8973    -0.66183   -0.048362  -0.75744   -0.30252   -0.43267
 -0.35781    0.50822    1.0614     0.73093   -0.011059  -0.37757
 -0.16919   -0.37558    0.12844   -1.9766     0.14194   -0.007722
 -0.15184    0.30911    0.26591   -0.43495    0.51288    0.54244
  0.60441   -0.14463    0.5833     0.65867   -0.28381   -0.33344
  0.40264   -0.64668    0.37267    0.21493   -0.23258   -0.42206
 -0.73893    0.24819    0.041846  -0.67918    0.23319    0.88557
  0.052616  -0.88443   -0.70811   -0.32745   -0.74378   -0.45368
  0.56914    0.52588    0.71436   -0.41234   -0.1392     0.27398
  0.48944    0.34649    0.42486    1.3206     0.17077    0.92372
  0.38122    0.0098609  0.26188   -0.11762   -0.43842   -0.29091
  0.21446   -0.61954   -0.42903   -0.64888  ]"
jayne,"[-0.026436   0.21501   -0.55842   -0.64375   -0.36827   -0.36047
  0.029621   0.35752    0.18501    0.041424   0.20312   -0.072644
  0.35571    0.54646    0.12915   -0.38071    0.54791    0.32649
 -0.32407    0.75144   -0.57809    0.16057    0.21592    0.42009
  0.52941    0.95413   -0.11299   -0.6004    -0.42655   -0.47796
  0.36817   -0.64208    0.28741   -0.60031    0.30305   -0.36092
  0.066574   0.016892   0.058152  -0.11431   -0.15077    0.29998
 -0.90328    0.56927    0.1085     0.59484   -0.1248    -0.60307
  0.51981    0.021811   0.78017   -0.33956    0.60323    0.41079
  0.30063   -0.1868     0.57592   -0.064147  -1.2409    -0.52095
  0.35986    0.61462   -0.1796     0.13348   -0.43129   -0.38304
  0.60512    0.97838    0.15065    0.054912  -0.44753    0.0076887
 -0.1778     0.15846    0.38753   -0.24528    0.69753   -0.36747
  0.11862   -0.30585   -0.58173    0.26924    0.45098   -0.018937
  0.42451   -0.43954    0.31238   -0.055698   0.5105    -0.30991
  0.16627    0.2369    -0.45067    0.96908    0.34162   -0.32017
 -0.35239    0.46444   -0.1611     0.29837  ]"
culminates,"[ 0.065354   0.30226   -0.0075798  0.15071    0.43757    0.29381
  0.25547    0.90289   -0.06767    0.13811   -0.53552    0.4856
  0.31407   -0.25574   -0.10119    0.24829   -0.070167  -0.091306
  0.16469    0.11335   -0.27086   -1.1347    -0.26048    0.21795
  0.89986   -0.088819  -0.33522    0.60764   -0.226     -0.58389
 -0.83516   -0.36256    0.010744  -0.29626   -0.31986   -0.14418
 -0.26998   -0.22108   -0.69653    0.07194    0.16375    0.38644
 -0.25749    0.18801   -0.60756   -0.40047    0.12793   -0.26913
  0.40702    0.058086  -0.27546   -0.9052     0.087327   0.53085
 -0.33284   -0.60723   -0.25288   -0.183     -0.006362  -0.15497
 -0.66321    0.72759    1.0265    -0.65801   -0.6549     0.27085
 -0.4097    -0.10859    0.13559   -0.3028     0.16431   -0.68308
 -0.33427    0.30619   -0.35294    0.36418   -0.28142   -0.64844
 -0.18877    0.09947   -0.22108    0.2268    -0.1183     0.39266
  0.29847   -0.32144   -0.16224   -0.27216    0.056384  -0.20117
 -0.024272   0.43423   -0.70531    0.84908    0.82932   -0.21623
  0.46618    0.078755   0.27393    0.83873  ]"
meath,"[-0.31514   -0.97478    0.69975   -0.18035   -0.23241    0.85697
  0.39694    0.54406   -0.11823   -0.29255   -0.097583   0.27036
 -0.090353   0.98024   -0.54838   -0.13245    0.84169    0.23903
  0.092124   0.32768   -0.017113  -0.86361    0.11513    0.52708
 -0.52285   -0.73739    0.018972   0.21742   -0.56534    0.35322
 -0.21253   -0.2794     0.20057   -0.9087     0.55599   -0.58976
 -0.27905    0.65185    0.036076   0.012044  -0.09062   -0.035195
 -0.24244   -0.9791    -0.34207    0.51041    1.989     -0.66852
  0.083968  -0.23796   -0.44182   -0.23432    0.13984   -0.27867
  0.19892    0.059139  -0.48215   -0.62339   -1.2576    -1.144
  0.19802   -0.35902   -0.43252    0.82458    0.5148    -0.53295
  0.0097364  0.95134    0.65868    0.58137    0.22684    0.40088
  0.58368   -0.7372     0.058746  -0.3987     0.10937   -0.23583
 -0.25022   -0.4418     0.17297    0.49874    0.23244   -0.082033
  0.29083   -0.39858   -0.66816   -0.19077    0.45753    0.5665
 -0.59263   -0.11653   -0.47933    0.84568   -0.37461   -0.13684
  0.26592    0.97737    0.90542   -0.32558  ]"
infrequently,"[-0.95752    0.30269    0.071884   0.27069   -0.1796     0.40033
 -0.054566   0.38213    0.62736   -0.70864   -0.12242    0.042673
  0.59773    0.061846   0.15207   -0.14819   -0.054439   0.2634
  0.11443   -0.22469    0.30192   -0.0096734  0.29193    0.4212
  0.054591  -0.60544   -0.53783   -0.20894   -0.2664     0.35466
  0.18496    0.47852   -0.21523    0.23685    0.052922   0.96948
 -0.52797   -0.37675   -0.27008   -0.15647    0.23185    0.33698
 -0.23036    0.23946   -0.14093   -0.311      1.0618    -0.40344
  0.20968   -0.84286    0.069883   0.09552    0.84194    0.13078
 -0.27279    0.59905   -0.36868   -0.10858   -0.47948    0.15394
 -0.49368    0.86644   -0.085099   0.19211   -0.10848   -0.36616
  0.68938   -0.52603    0.50474    0.23424   -0.52818   -1.0025
  0.71638    0.073792   0.21      -0.64288   -0.45288   -0.52834
  0.16478   -0.23174   -0.052991  -0.21375   -0.043834   0.16563
 -0.44653   -0.095263   0.26759    0.27901   -0.52814    0.10556
 -0.41435    0.014307  -0.44205   -0.12429    0.0083285  0.33284
 -0.57121    0.30237   -0.35109    0.21055  ]"
pushkin,"[ 0.69781    0.91492    0.19798    0.62768    0.73322    0.60027
 -0.23003    0.088964  -0.25004    0.23212   -0.82306    1.0551
 -0.7176    -0.50969   -1.0292     0.56687    0.59642    0.13333
 -1.0376    -0.57391   -0.22939   -0.05333    0.65927   -0.24602
  0.85313   -0.15649   -0.42699    0.51402    0.39977    0.39512
 -0.6115     0.12357    0.20612   -0.20974   -0.26442    0.2176
  0.069461  -0.36307   -0.1069    -0.033712   1.0105     0.041301
 -0.32735    0.34438    0.096207  -0.44532    0.0085159 -0.4915
  0.38184    1.0281     0.91178   -0.14473    0.60175    0.10562
 -1.116     -0.23706    0.43299   -0.23276   -0.50651   -0.3845
 -0.0082674  0.77803   -0.44952    1.0131    -0.2986     0.063577
  0.49896    0.07509   -0.19064    0.13184   -0.58027   -0.028948
  0.77081    0.41299   -0.34381   -0.77751    0.90679    0.40691
 -0.68427    0.21521    0.0061597  0.17824   -0.16043   -0.39288
 -0.61268    0.37742   -0.89656   -0.37631    0.20672   -0.25293
  1.2414    -0.39592    0.35357   -0.17953   -0.73137   -0.60659
  0.29521   -0.36324   -0.98447    0.40551  ]"
arar,"[-0.097202 -1.0502    0.20471  -0.54409   0.22821  -0.8994   -0.21598
 -0.4389    0.4175   -0.55724  -0.2352    1.1106    0.41134  -0.44174
  0.26491   0.58859   0.07724  -0.39582  -0.51698   0.074345  0.091626
  0.69793   0.85593  -0.24895   0.43221   0.26866  -0.012587 -0.93483
  0.64163  -0.095126  0.22266   0.55661  -0.077921  1.2905    0.08342
 -0.099703 -0.23477   0.5826    0.097104 -0.23931  -0.82867  -0.40759
  0.29849   0.011047 -0.20887   1.0562    0.71     -0.42954   0.64242
 -0.078191  0.72213   0.51164   1.2552    0.12863  -2.3582    0.9097
  0.25029  -0.66836   0.38481   0.17585   0.27479  -0.25799   0.7338
 -0.68997   0.31848   0.09424  -0.045236  0.13286  -1.2015    0.57546
 -0.34779  -0.016298 -0.18134   0.4901    0.56707   0.80387   1.3178
  0.43453   0.079583  0.44069   0.99432   0.47109   1.356     0.027808
  0.25737   0.52851   0.9125    0.52915   0.10334  -0.027415 -0.5332
  0.57679  -0.46933  -0.94172   1.0355   -0.032558  0.13758  -0.12719
 -0.40034  -0.42489 ]"
barrick,"[ 1.1444    1.0504   -0.31471   0.6047    0.28438  -1.5277   -0.32267
 -0.24356  -0.90414  -0.66687   0.09153   0.30517   0.13741  -0.16383
 -0.5797   -0.62686  -0.34527   0.38884   0.095406 -0.40612   0.024051
  0.11539   0.42104   1.103     0.075635  1.2502    0.86916  -0.16694
 -0.59048  -0.81587   0.082324 -0.45838  -0.91997   0.76391   0.29285
 -0.17065   0.3527    0.80592   0.61519  -0.52693   0.6347    0.59854
 -0.58161  -0.52827  -0.66034   0.72163  -0.60534  -0.041577  0.3431
 -0.19142  -0.74551   1.1122    0.16537  -0.079813 -1.0167   -0.54148
 -0.51105  -0.20302   0.31434  -0.14861   0.12771  -0.88823   0.10214
  0.57167  -0.044139 -0.37963   1.0192    1.0371    0.32705   0.093115
 -0.4144   -0.60343  -0.29825   1.5104   -0.06558  -0.49284   0.048127
 -0.28754  -0.48153   0.24068  -0.66812  -0.034701  0.56775   0.36431
  0.32549  -0.089097  0.25866   0.44914   0.32145   0.29517   0.85557
 -0.016551 -0.62695  -0.23093  -0.247    -0.5061    0.071477  0.15163
 -0.84746   0.31896 ]"
fue,"[ 0.20243   -0.23628    0.3542     0.11529   -0.69271   -0.90224
  0.95524    1.0313     1.6581     0.0063051  0.11436    0.72784
 -0.16867    0.096682   0.88464   -0.012019  -0.5242    -0.624
  0.38648    0.93908    0.073275   0.063011  -1.0707     0.6818
  1.1018     0.47268   -0.22278   -0.58048   -0.12937   -0.84133
 -0.32281   -0.26621    0.12121    0.35127   -0.064462  -0.025396
  1.2423    -0.62313   -0.13768   -0.069723   0.71619    0.14502
  0.28534   -0.31126    0.76586   -0.35197    0.42152   -0.80296
 -2.2246    -0.087021  -0.11536    0.48609   -0.20157    0.025156
 -0.35791   -0.059438   0.72398    0.52122   -0.56884    0.24912
 -1.1161    -0.85965    0.052347  -1.2641     0.37368   -0.99221
 -0.037286  -0.34434   -0.92087    1.1824    -0.19987    1.0355
  0.45182   -0.32106    0.43219   -0.55567    0.37127   -0.15719
 -0.20472   -0.16064    0.31045   -0.78436    0.80843    0.053002
  0.16453    0.94515    0.22818   -0.71894    0.48507   -0.030352
  0.70616    0.11363    0.8663     0.050306   0.44255    0.47778
 -0.81247   -0.54441   -0.18423    0.48593  ]"
militarism,"[ 5.4219e-02  1.3680e+00  6.1731e-01  8.2143e-01 -5.4176e-01 -1.6633e-01
 -1.1198e+00 -1.6383e+00  5.3369e-01  2.8778e-01 -7.2574e-01  3.5824e-01
  3.9709e-01  1.9782e-01  1.4710e-01  6.4939e-01  1.7365e-01 -2.4265e-01
 -6.6676e-01 -3.0452e-01  7.7006e-01  2.7614e-01 -4.2584e-01  4.7821e-01
  4.4403e-01  1.7558e-01 -7.1996e-01  1.1901e-01  3.2553e-01 -2.1901e-01
  4.5932e-02  3.4353e-01 -4.5974e-01  8.7609e-01 -2.5755e-01  4.0006e-01
  2.3598e-01 -1.1253e+00 -7.6641e-01 -4.5791e-01 -4.1828e-02  1.1553e-01
 -9.6058e-03  5.3571e-01  3.7768e-01 -4.2614e-01  1.5571e+00  4.8305e-01
  1.2754e-01 -7.9934e-01 -1.4935e-01  6.1392e-02 -1.1985e+00  3.8409e-01
 -1.1221e-01  1.9516e-01  2.0832e-01 -8.2786e-03 -1.0140e-01  1.6525e-01
 -4.7992e-01  1.9488e-01  2.1587e-01 -7.1538e-02 -1.4937e-01  3.0492e-01
  5.4412e-01  8.5850e-02  2.8936e-01 -3.0656e-02  1.5084e-01 -7.1759e-01
 -1.2214e-01  3.2659e-01 -5.5211e-01  3.9123e-01 -4.7878e-01  1.2340e+00
 -1.0043e+00 -2.2746e-01 -2.6873e-01  5.6966e-01  1.3371e-01  7.3898e-01
  3.3737e-01  2.6178e-01 -9.2063e-01 -1.8259e-01  5.3826e-01 -5.2137e-01
 -4.8366e-02 -2.4133e-01  5.5711e-01  8.3368e-01  4.1172e-01 -1.3670e+00
 -8.4547e-05 -4.1457e-01  4.0229e-01  1.2210e-01]"
yugoslavian,"[-0.09926    0.34023    0.6507     0.46363   -0.033724   0.71956
 -0.29725   -0.31728    0.26135    0.58795   -0.13762   -0.052107
  0.055993  -0.27643   -0.68857    0.6751     0.64133   -0.68806
 -0.22852   -0.25351   -0.42627    0.3105    -0.046793   0.66543
  0.11799   -0.64826    0.20034   -0.21061    0.36922   -0.28842
 -0.032509   0.13548   -0.21185   -0.55518   -0.21936   -0.28198
  1.0203     0.49044    0.024199  -0.32978   -0.052956   0.493
  0.24818    0.18468    0.92795    0.20684    0.39102   -0.45509
 -0.15194   -0.25201   -0.6518    -0.18306   -0.76838    0.29457
  0.58412    0.6709    -0.26221    0.88934    0.56565    0.073331
  0.17845    0.78048   -0.27835    0.40648    0.45483   -0.39551
 -0.095844   0.1077    -0.76396    0.28667    0.58972   -0.44022
  0.51136   -0.012174  -0.0038423  0.4082     0.14226    0.58602
 -0.30978   -0.43453    0.30796    0.31338    0.091761   0.056772
  0.36604    0.38468   -0.034239   0.78504    0.44131   -0.98976
 -0.25097    0.56619   -1.0043     0.64392   -0.20576   -0.35554
 -0.65118    0.79098   -0.48026    0.22696  ]"
o'gara,"[-0.32807  -0.08791   0.47984  -0.96641  -0.16436   0.91613   0.46068
 -0.4349    0.064385  0.39549   0.60965   0.47123  -0.86469   1.2177
  0.5484    0.025291 -0.090224 -0.41739  -0.82177  -0.067878  0.10918
 -0.38934   0.49105  -0.069308  1.2465   -0.23597  -0.71014   0.92361
 -0.95442  -0.27978  -0.69884   0.17078  -0.24879  -0.29797   0.38047
 -0.20287   0.99047   0.85841  -0.62397  -0.64791  -0.53587   0.41747
  0.29147  -0.083824 -0.66451   0.61294   0.33827  -0.85784   0.73304
 -0.44598   0.49099  -0.28197  -1.3124    0.10793  -0.23674  -0.12378
 -0.22194   0.38098  -0.57997  -0.57743   0.52745  -0.49954   0.074829
  1.4      -0.12996  -0.71522  -1.006     0.40376   0.12695   0.62343
 -1.1808    0.14717   0.42884  -0.75867   0.37401  -1.274    -0.47973
 -0.8434    0.66724   0.7152    0.30161  -0.16906  -0.60392  -0.25787
 -0.060472 -0.28846   0.20955  -0.1633   -0.50071  -0.19549  -0.8182
  0.25954  -0.090331 -0.77094  -0.30934  -1.2915    1.3273   -0.2442
 -0.22372  -0.41341 ]"
orally,"[-0.023213   0.16345    0.32207    0.56381    0.28838    1.5871
  0.41896    0.31681   -0.72763   -0.92247    0.17822    0.66276
 -0.36143    0.39148   -0.13628   -0.53869   -0.38349    0.011747
 -0.73395   -0.67214    0.16228   -0.65105   -0.6655     0.88514
 -0.31824   -0.12231    0.12608    0.7108    -0.41309    0.71801
  0.66855    0.8711    -0.32288   -0.43385    0.03834    0.49955
 -0.90771   -0.41378   -0.65876   -0.37365   -0.60793    0.98075
 -0.44497   -0.087939   0.0098433  0.47994    0.24704   -0.46141
 -0.16495   -0.13346    0.12384    0.021692   0.76028    0.19891
 -0.325      0.80704   -0.33217   -0.52382    0.61517   -0.58308
  0.87527    0.79014   -0.01806   -0.45574   -0.22052   -0.20531
  0.66786    0.32394    0.1766     0.028228   0.027825  -0.67803
  1.1609     0.20498   -0.093118  -0.4098    -1.0337    -0.5454
 -0.30691   -0.82276   -0.72719    0.34408   -0.71407    0.31927
 -0.79453    0.5606     0.86522    0.40353   -1.1119    -0.23191
 -1.132     -0.71632   -0.55694    0.21001   -0.35283   -0.13797
  0.12603   -0.6205    -0.39293   -0.22694  ]"
bile,"[-0.087175  -0.58917   -0.30389   -1.2534     0.90232   -0.064799
  0.26896   -0.38434    0.89607    0.013116  -0.8793     0.54146
  0.55911    0.48494    0.14079    0.57402   -0.64179   -0.65432
  0.7316    -0.44631   -1.2115     0.17053   -0.35301    0.60277
 -0.56099    0.67481   -0.5091     0.17732    0.64926   -0.39797
  0.26769   -0.21676    0.016306   0.24262   -0.68929   -0.25198
  0.54176    1.4111     0.33407    0.063764   0.50763   -0.54907
 -0.56614   -1.0675     0.13158   -0.12226   -0.19103   -0.036037
 -1.2367     0.39166   -0.3402     0.0097014  0.11554   -0.26365
 -0.96604    0.41503   -0.3367    -0.44615   -0.3382    -0.19724
  0.59333    0.27066    0.56283    0.19563    0.65931    0.25384
  0.89393   -0.97605    0.16678   -0.98676   -0.75411   -0.51144
  0.5546    -0.070977  -0.086514  -0.34746   -1.0008    -0.24101
 -0.48625   -0.2084     0.25112    0.33201   -0.58632    0.43219
 -0.0016313  0.54242    0.33139   -0.18551   -0.46475    0.44574
 -0.40285   -0.51258   -0.70614    0.39097   -0.1349    -0.0618
 -0.49976    0.22321    0.16184    0.36067  ]"
1430,"[-0.1799    -0.54073   -0.098689   0.60105   -1.663      0.18008
 -0.47623    0.30272    0.047226  -1.0038     0.87181    0.0058118
  0.22636   -0.4707     0.039602  -0.51392   -0.19964   -0.18059
  0.20091   -0.34688    0.048592  -0.57593    0.042549   0.26937
  0.88281   -0.41939    0.64394    0.78417    0.013868   0.48106
 -0.30191   -0.38746   -0.17189   -0.45029   -0.3801    -0.050038
 -0.29864   -0.099385   0.25446    0.33896   -0.0045053 -0.6333
 -0.14066    0.25579   -0.86395   -1.0309     0.31374   -0.30917
  0.70459   -0.25521   -0.66634    0.17386    0.51618    0.32419
 -0.97619    0.032762  -0.65329   -0.43967   -0.39952   -0.26575
 -0.50563    0.39119   -0.77132   -0.18384   -0.19687   -0.26985
 -0.42148   -0.38859    0.045472  -0.011657  -0.2114    -0.44824
  0.54921   -0.35869    0.12074   -0.49422    0.5809     0.040638
 -0.76105   -0.36981   -0.35535   -0.97854    0.16112   -0.24557
  0.92173    0.2428     0.18195   -0.19027    0.14756   -0.17646
  0.70802    0.68007    0.22618    0.63998   -0.3253     0.025783
  0.36616    0.09317   -0.051306  -0.49096  ]"
woeful,"[-1.9156e-02  6.2601e-02  6.9103e-01 -5.8645e-01 -5.5629e-01  7.7037e-01
 -6.9019e-02  3.8951e-01 -6.6691e-01  1.2488e-01 -1.8094e-01 -1.7796e-01
 -1.4231e-01 -8.8308e-01 -1.1342e-01  8.5539e-01 -1.0183e-01 -2.2180e-01
  5.6795e-01  3.2817e-01 -1.1466e-01  1.6794e-01  3.0429e-02  5.5993e-01
  2.5559e-01 -3.4787e-01 -3.6941e-01  8.4965e-01 -5.5999e-01 -1.9717e-01
 -2.9105e-01 -2.9418e-01 -1.9643e-01 -1.6295e-01 -7.4690e-01 -2.1429e-01
 -9.5771e-01  1.3618e-01 -1.1693e-02  1.8644e-01  2.6667e-02  1.9517e-01
  3.8906e-04  5.7797e-01  7.1483e-01  5.4418e-01  1.1646e+00 -2.1994e-01
  2.6579e-01 -3.7428e-01  9.2218e-02  3.3465e-01 -3.1065e-01  1.9093e-01
  7.9750e-02 -5.6589e-02  5.1224e-01 -3.1788e-02 -5.7299e-02 -1.8832e-01
 -6.7930e-01 -5.5805e-01 -5.7108e-01 -1.4591e-01 -2.3092e-01  3.2171e-01
  6.8139e-02 -1.2678e-01 -5.6466e-01 -2.6471e-01 -2.2377e-01  2.1329e-01
 -2.5905e-01  1.4440e-01  1.2606e-01  4.3645e-02 -3.3356e-01  1.9403e-01
  9.4398e-02  3.3658e-01  9.3167e-02  9.8831e-01 -3.1411e-01  4.4947e-01
 -6.1375e-01 -4.9163e-01 -7.5212e-02  2.8001e-01 -5.9664e-01  1.8365e-01
 -2.2074e-01  8.3418e-02 -2.0509e-01  1.0040e-01 -3.1273e-01 -6.9237e-01
 -3.8006e-01 -2.4619e-01 -6.0826e-02  3.7943e-01]"
galen,"[ 0.25542    0.34395   -0.28142   -0.34492   -0.49139    0.088513
  0.099048  -1.1075    -0.32685   -0.62229   -0.86334    0.29885
  0.10164    0.29552    0.23488   -0.69411    0.49692   -0.97932
 -1.0963    -0.13336   -0.42201    0.047344   0.21084    0.14151
 -0.32171   -0.1326    -0.17759    0.5369    -0.19724   -0.10583
 -0.36387    0.079236  -0.24862    0.4051    -0.4447     0.40235
 -0.59909    0.47117   -0.6937    -0.038375   0.47874   -0.057768
 -0.22965    0.55762   -1.1531     0.52172    0.24459   -0.52691
 -0.21735    1.3172     0.3573     0.0029154  0.62287   -0.61771
 -0.37373   -0.1767     0.11097   -0.36375   -0.68625    0.81964
  0.74226   -0.17125    0.21757    0.70237    0.040432  -0.44309
  0.48358    0.19233   -0.15736    0.049141  -0.48316    0.093297
 -0.25068    0.051057  -0.06253   -0.51931   -0.04373    0.15542
  0.082216   0.45014    0.0033289  0.042148  -0.46666   -0.57177
 -0.12148    0.31932    0.23209   -0.4113    -0.38633   -0.34027
  1.0253    -0.1493     0.86996    0.19206    0.034101  -0.11495
 -0.29158    0.20162   -0.4488     0.023272 ]"
spectra,"[ 3.5373e-01  4.7880e-02  1.0659e-01 -3.4893e-01 -6.4677e-03 -1.7683e-01
  3.1022e-02  4.2002e-01 -5.3418e-01  6.4339e-01  7.8717e-01 -6.5234e-01
  4.2199e-01  1.9204e-01  9.3790e-01  2.6031e-01  1.7148e-01  7.6177e-01
  1.4869e+00 -3.3569e-01 -1.5573e-01 -1.1844e+00 -5.2640e-02  2.9625e-01
 -1.2452e-03  1.5673e-02  5.1396e-01  7.3735e-01 -1.2707e-01  3.4802e-01
  5.2320e-01 -5.1082e-01 -8.7851e-01  4.8058e-01  5.0400e-01 -1.6233e-02
  9.0554e-01  7.5573e-01 -2.9994e-01 -6.1081e-03  6.6649e-01  1.5634e-01
 -1.0779e+00  1.0555e-01 -1.3295e+00 -2.5347e-03  3.0867e-01  4.1721e-01
  4.3052e-01  2.3898e-01  9.0484e-01  1.8600e-01 -4.8336e-01  2.6682e-01
  7.2495e-01 -7.7400e-02  1.2866e-01  6.6499e-01 -2.0967e-01 -3.7367e-01
  7.5277e-01  6.3932e-01 -3.4128e-01 -2.6354e-01  6.0927e-01  2.1358e-01
  2.4109e-01  4.6124e-01  7.3432e-01 -5.0258e-01 -1.3616e-01 -4.6647e-01
  4.8247e-01  2.5685e-02  1.8350e-01 -8.7135e-01  4.8168e-01 -9.3662e-01
 -8.3380e-01 -3.9258e-01 -4.6770e-01  4.0686e-01  2.8418e-01 -6.8017e-01
  2.7400e-01  6.4987e-01  9.1831e-01 -1.3837e-01  1.2679e-01 -1.1931e-01
 -5.5154e-01 -9.4730e-02 -5.9084e-01  4.8822e-01 -4.3920e-01 -2.1665e-01
 -6.8432e-01  1.1680e-01 -3.8849e-01 -1.3753e-01]"
copley,"[ 0.8756    0.084982 -1.0212    0.21855  -0.24151   0.74168   0.043255
  0.1638   -0.55281  -0.33767   0.57991   0.49838  -0.37583   0.057819
 -0.73157  -0.055733  0.64306  -0.68308   0.38804  -0.784     0.15953
 -0.64753   0.36969  -0.11148   0.30982   0.16472   0.54501   0.22173
 -0.52749  -0.71911   0.15327   0.31796   0.49384   0.58075  -0.70221
  0.50546  -0.23105   0.96672  -0.4134    0.23628   0.53803   0.23047
 -0.6069   -0.19656  -0.13929   0.49671   0.44361  -0.28845   0.22918
  0.83256   0.054305 -0.51398  -0.013865 -0.39823   0.016855 -0.80958
 -0.067662  0.14901  -0.090448 -0.51449  -0.89983   0.21637  -0.18441
 -0.040081 -0.58407  -1.0547    0.62693   0.25565  -0.17569  -0.12218
 -0.62347  -0.26685  -0.09291  -0.40092   0.52911  -0.72029   0.6358
 -0.28148  -0.57584  -0.40173  -0.1567    0.043883 -0.10757   0.78082
  0.73185  -0.78184   0.13648  -0.47533   0.071408 -0.67878  -0.018792
 -0.72404   0.549    -0.63292  -0.58802   0.1017    0.59588  -0.18257
 -0.40207   0.56175 ]"
clutched,"[-0.26082    0.23167   -0.68071   -0.14466    0.33276    1.2769
 -0.29992   -0.20219    0.010928  -0.15888   -0.033334   0.18079
  0.45733    0.43173    0.43303    0.063776   0.20074    0.46667
  0.46439   -1.1011    -0.27689    0.28837    0.1768     0.63868
  1.051     -0.15966   -0.69342   -0.30479    0.049428  -0.16195
  0.88725   -0.058551   0.38709    0.55419    0.25613   -0.24145
  0.13376    0.29654    0.39172   -0.038019   0.21406   -0.12904
  0.39373   -0.42592   -0.80006    0.34511    0.042584   0.72669
 -0.29368    0.13281   -0.11267    0.09422    0.60909    0.27813
  0.36666    0.1909    -0.50561   -0.14837   -0.38061    0.063209
  0.72727    0.68648    0.17284    0.097204  -1.038     -0.26045
  0.40513    0.23807   -0.10049   -0.055877  -0.078677   0.23117
  0.63477   -0.010057  -0.077533   1.1331    -0.6962    -0.28739
  0.17517   -0.37369    0.55508   -0.0014744 -0.18605    0.26202
 -0.56254   -1.1706     0.075991   0.077185  -0.28788    0.17864
  0.081937  -0.075161   0.76576   -0.0038067 -0.47803   -0.070357
 -0.075511   0.24749   -0.29286    0.51613  ]"
1662,"[ 6.1473e-01 -8.2046e-01 -5.5073e-01 -6.8712e-02 -4.0570e-01  9.9531e-01
  5.6584e-01 -7.5871e-01  3.3505e-01 -1.0666e+00 -2.6923e-01 -5.8205e-01
 -1.3850e-01  6.9817e-02  6.7307e-01 -1.9805e-01 -8.9801e-02 -1.5103e-01
 -5.5598e-01 -5.5187e-01 -2.5441e-01 -5.5593e-01  8.0677e-01 -2.4652e-01
  7.0994e-01 -3.3704e-01 -2.3278e-01 -1.4141e-01 -2.1110e-01 -1.3629e-01
 -4.0570e-01 -1.6592e-01  2.9248e-01 -7.5420e-01 -8.6487e-01  3.5781e-01
 -1.0013e-01  2.4904e-01  2.4372e-05 -4.9165e-01  5.2745e-03  4.7126e-03
  7.9882e-01 -8.2003e-01 -5.0115e-02 -5.9007e-01  4.8351e-02 -7.1927e-01
  2.5470e-01 -4.3043e-01 -1.8837e-01  4.0830e-01  5.6048e-01  7.0877e-02
 -1.2367e+00  4.3648e-01  3.7633e-01 -1.0523e+00 -4.1027e-01 -3.1459e-01
 -3.0664e-01  1.6736e-01 -2.5100e-01  4.8452e-01 -1.5544e-01 -5.7670e-01
 -6.1756e-01 -5.1817e-01  4.6357e-01 -8.6017e-01  2.1619e-01  1.8402e-01
  8.2135e-01 -2.2643e-01 -2.1240e-01 -3.8427e-01  1.3904e-01  3.0092e-01
 -6.3119e-01 -1.5207e-01 -6.8321e-01 -6.4980e-01  3.4311e-01  7.8629e-01
  1.9364e-01  1.6271e-01  6.9827e-01 -1.2317e+00 -2.6059e-01  6.3162e-01
  2.8382e-01 -7.6230e-02  3.0330e-01  5.5807e-01  2.5300e-02  4.9764e-01
 -4.1033e-03  1.9506e-01 -7.0639e-01 -9.3816e-01]"
s-bahn,"[ 0.55503    0.25361   -0.21049   -0.085932   1.1594     0.88139
  0.027833   0.66771   -0.20729    0.71036    0.66957    0.44841
 -0.2089     0.96196    0.22109   -0.57947   -0.60492   -0.23381
 -0.77465   -0.89087    0.057143  -0.01461   -0.31652   -0.013805
 -1.1501     0.10236    0.35017    0.98404    0.48613    0.3967
 -0.74119    1.1794     0.2519    -0.10683   -0.0099173  0.04234
  0.8256    -1.1581     0.57282    0.15684    1.3884     0.075249
 -0.12468    0.91855    0.038429   0.68913    0.75979   -1.2773
  1.2073     0.9241     0.54535    0.1692     0.599     -0.12356
 -0.68058   -0.79479    0.98474    0.40935    0.48531   -0.2052
 -0.072985  -1.3965    -0.4878     0.43559    0.3012     0.23153
 -0.58679    0.11378    0.60198    0.8495    -0.97519   -0.88637
  0.717     -0.20441    0.67494   -1.2628     1.2313     0.48064
  0.20568   -1.0718    -0.26431   -0.48118   -0.3312     1.8369
 -0.73356    0.35521   -1.2745     0.76727    0.26657    1.1401
 -1.0823     0.89465   -0.76904    0.38412    0.97519   -0.42218
  0.34262    0.9685     0.011428   1.0422   ]"
confiscating,"[ 0.69203   -0.92535   -0.40429    0.77058    0.48183    0.9508
 -0.023683   0.22043    1.0872     0.40275    0.35017    0.13063
 -0.18642   -0.11946   -0.087026  -0.2678     0.01019    0.10344
  0.32177    0.57907    0.13605    0.41682    0.26195   -0.55273
  0.11848   -0.051353  -0.021614  -0.18395   -0.39653    0.18197
  0.5917    -0.61678   -0.25114    0.21788   -0.40234   -0.95648
 -0.029409  -0.42649   -0.27464    0.55087   -0.22379   -0.54393
  0.39624    0.33301   -0.54301   -0.30783    0.0074358  0.13291
 -0.21488    0.076126   0.25027    0.74335   -0.066623   0.90793
 -0.38117    0.9795     0.15509    0.28789    0.27903   -0.13121
 -0.46921    0.42543    0.30155    0.024567  -0.39132    0.054719
  0.88399    0.17424    0.48852   -0.17233   -0.0020735 -0.31364
  0.086819  -0.38287   -0.56134    0.37012   -0.75126    0.42525
 -0.95703    0.14746    1.1377     0.14291   -0.36736    0.84112
  0.0073047  0.37705    1.0244    -0.037217  -0.090471   0.34739
 -0.10728   -0.11173    0.79805   -0.54264   -0.49428   -0.8417
 -0.15393    0.095631   0.90335    0.43827  ]"
1550,"[ 3.8805e-01 -2.7342e-01 -4.0481e-01  7.1972e-01 -8.8563e-01  3.2704e-01
  5.2167e-01 -3.8578e-01  1.1785e-01 -3.9073e-01  1.1809e+00  7.2500e-04
 -1.8354e-01 -3.9132e-01  4.8230e-01 -8.6037e-01 -3.2103e-01 -6.4711e-01
 -4.9259e-03 -6.3264e-01 -3.0524e-01 -3.5952e-01  4.0090e-01  2.3092e-01
  4.7249e-01 -4.2622e-01  3.4444e-01  5.4971e-02  1.6245e-01  3.2628e-01
 -1.6953e-01 -1.0745e-01  1.3942e-02 -3.4852e-01 -6.4048e-01  2.7437e-01
 -3.1673e-01 -2.3153e-01  1.0071e-01  1.3974e-01 -1.8515e-01 -2.7209e-01
  3.2105e-02 -3.4462e-01 -7.3359e-01 -8.1018e-01  6.5238e-01 -9.4717e-01
  2.7797e-01  3.2117e-01 -6.5359e-01  3.2804e-01  1.6569e-01  9.2492e-02
 -1.1218e+00 -2.8145e-01 -5.8944e-01 -6.7186e-01 -7.0576e-01 -5.9220e-01
 -1.0264e-01  7.1222e-01 -5.4513e-01 -2.1236e-01 -1.9238e-01 -5.1125e-01
 -3.0876e-01 -4.6603e-01  2.9838e-01 -4.9317e-01  2.4481e-01 -2.4174e-01
  6.2221e-01 -2.0093e-02 -1.4845e-01 -7.4022e-01  7.0127e-01  2.5636e-01
 -4.1291e-01 -3.4719e-01 -1.2235e-01 -8.7553e-01  3.1378e-01  8.2109e-02
  7.0679e-01  3.1533e-01  3.7300e-01 -8.7901e-01 -8.5102e-03 -8.9255e-02
  2.8458e-01  3.3453e-01  5.1727e-01  2.0885e-01 -3.0483e-01 -7.0516e-02
 -2.9650e-01 -2.9525e-01 -1.5235e-01 -7.4278e-01]"
2.06,"[ 1.021     0.43849   0.43054   0.3918   -0.46481  -0.31262   0.28608
 -0.10673   0.10769   0.49967   0.20164  -0.3027   -0.9791   -0.58944
  0.18471  -0.41617  -0.86485  -0.081686 -0.15454   0.72152   0.092919
 -0.21058   0.28162   0.99259   1.2219   -0.28546   0.19347   0.43075
 -0.062992 -0.60342  -0.073042 -0.090487  0.15003  -0.09482  -0.099491
  0.81909   0.13339  -0.050677  0.14484   0.9343   -0.04596  -0.90288
 -0.41981  -0.056161 -0.46215   0.38255  -0.45686   0.48057  -0.39091
 -0.8966   -0.3714   -0.51253   1.388     0.082347 -0.85104   0.72138
 -0.13948  -0.26819   0.60218   0.31274   0.011312 -0.79495  -0.38078
  0.5847   -1.1318   -0.76506  -0.10934  -0.51793   0.65011  -0.044892
 -0.49481   0.1678   -0.25992   0.39758  -0.74179   0.26354  -0.33833
  0.15894  -0.042468  0.46556  -0.7034    0.48896   0.27284   0.55724
  0.5873   -0.088282  0.25528   0.36933   0.15791   0.29056  -0.38073
  0.93487   0.14853  -0.58396  -0.33504  -0.43568  -0.48142  -0.6749
 -0.15842  -0.3109  ]"
corazon,"[ 5.6198e-02 -1.7760e-01 -6.3141e-01  4.2368e-01  4.0851e-01  9.1552e-01
 -8.4304e-02 -1.1439e-01  1.1187e+00 -8.9981e-03  7.5732e-01 -2.6965e-01
 -4.5518e-01  6.7594e-01 -4.6113e-01 -1.3002e+00  3.9697e-01  4.3194e-01
 -9.7575e-02  9.6372e-02  4.2838e-01 -5.8576e-01  1.9917e-01  9.8569e-01
  3.7901e-01  5.9175e-01 -6.4424e-01 -7.8676e-01 -6.2479e-02 -3.4685e-01
  1.5191e+00  1.9492e-02 -8.7742e-03  1.7668e+00 -6.8723e-01  8.4681e-01
  2.1638e-01 -2.6424e-01  1.2233e-03  2.2988e-01 -1.1561e+00  5.2975e-01
  2.5494e-01 -3.8147e-02  5.1288e-02  4.1054e-01 -3.8435e-01  5.6994e-01
 -7.0707e-01  6.2467e-01 -7.5171e-01  4.8507e-01  1.6545e-01  4.1552e-01
  1.0949e+00 -8.9738e-02 -6.8003e-01  8.8515e-01  3.2070e-01 -1.4589e-01
 -7.1172e-01 -5.2439e-01 -3.6640e-03 -3.7889e-01 -4.9590e-01  4.5237e-01
  3.1154e-01 -6.6733e-01  9.9919e-02  1.0126e-01  1.1794e+00  1.0632e+00
 -7.1552e-01 -2.6899e-01 -1.0013e+00  1.5852e-01 -1.1645e-01  4.0942e-01
  1.0499e-01 -3.7186e-01 -1.8578e-01 -1.5960e-01  6.2632e-02  2.1549e-01
  3.1539e-01  8.9098e-01  1.7217e-01  1.4672e-01  5.0876e-02 -1.6247e+00
  1.2865e-01  1.4593e-01 -3.4383e-03  1.4157e+00 -2.4921e-01 -9.1512e-01
 -2.3856e-01 -8.3688e-01 -8.8885e-01 -9.0902e-01]"
mantilla,"[ 0.33083  -0.22298   0.088737 -0.065308  0.55377   0.7694    0.84745
 -0.082154 -0.47405   0.027225  0.56834   0.78283  -1.3193    0.19575
 -0.13985   0.46554  -0.11865   0.26769   0.2082   -0.19042  -0.60562
 -0.25364   0.79686   1.1838    0.9812   -0.091767  0.89495  -0.87796
  0.59722  -0.6111   -0.71067  -0.75385   0.71805  -0.022145  0.33045
 -0.15457  -1.3267   -0.33136   0.66911   0.41427  -0.011241 -0.8264
  0.62106  -0.19081  -0.54123  -0.40235   0.67565   0.33188   0.82733
  0.48236  -0.28812   0.54485  -0.17616   0.13557  -0.25379   0.25605
  0.24559   0.49492  -0.49184   1.2236    0.16805  -0.13239   0.25624
 -0.47156  -0.5182    0.12248  -0.32985   0.30125   1.0106   -1.2694
  0.16549   0.19504  -0.14807  -0.039677  0.24543  -0.14537  -0.4038
 -0.5236    0.68914   0.29557   0.69595  -0.90712  -0.88475   0.55936
 -0.19891  -0.3605    0.093375  0.67675  -0.20177  -0.45084   0.046709
 -0.30334  -0.30758   0.017167  0.12273   0.034598 -0.040575 -0.50631
 -1.0419    0.016985]"
generalization,"[-0.22513    0.24793    0.35677    0.86619    0.052675   0.042019
 -0.28439   -0.010896   0.25989    0.075114  -0.28092    0.075712
 -0.58082   -0.27544    1.0676     0.71365   -0.45116    1.1822
  0.77362    0.16362    0.088714   0.11061    0.041398   0.32507
  0.15576   -0.2101     0.9634     0.075191  -0.62441   -0.41282
 -0.2481    -0.036858  -0.29714   -0.18773   -0.22377    0.66465
  0.21096    0.51337    0.27527   -0.18164    0.23077    0.44994
  0.29223   -0.18925   -0.22193    0.35145    0.71243    0.62335
 -0.19585    0.83817    0.51676   -0.043827   0.1046     0.3765
 -0.063348  -0.049974   0.50424   -0.07718    0.53905   -0.57553
 -0.49442   -0.78088    0.099086   0.18914    1.0798    -0.27077
 -0.10899   -0.20554   -0.014904  -0.37064   -0.83649   -0.096847
  0.24091    0.49487   -0.060591  -0.45598    0.37068   -0.15071
 -0.28136    0.0089372 -0.54116   -0.18576   -0.8035    -0.44815
 -0.67199    0.67494    0.16569   -0.6971    -0.29728   -0.67093
 -0.45769   -0.14823   -0.54042   -0.076282   1.1273    -0.3832
 -0.36283   -0.53783   -0.6693     0.48353  ]"
faring,"[-0.58605    0.78235    1.0237    -0.41587   -0.37097   -0.81206
  0.36234   -0.50979    0.28814    0.15356   -0.28443   -0.42273
  0.49991   -0.69505   -0.59252   -0.58056   -0.20173    0.19897
  0.30207   -0.11144   -0.025309   0.48254    0.59527    0.087102
 -0.57549   -0.34951   -0.86076   -0.3888    -0.36932   -0.017935
  0.036429  -0.76997   -0.44356   -0.12342    1.5077     0.73143
 -0.096726  -0.049246  -0.32441    0.29493    0.10757    0.54847
 -0.43448    0.4069    -0.38768   -0.074638   0.89054    0.43873
  0.023134  -0.29882   -0.41746   -0.28102    0.47547    0.42727
 -0.24867   -0.092647   0.81478    0.16471   -0.29143    0.06563
 -0.50942    0.89107   -0.33849    0.43099   -0.71534    0.87556
 -0.16841    0.27052    0.33288    0.15943   -0.43258   -0.14662
 -0.37596    0.49673    0.184     -0.27452   -0.5409     0.19143
 -0.10803    0.0054391 -0.47893    0.78214   -0.23587    1.0926
 -0.3254    -0.8147    -0.07701   -0.29506   -0.70541   -0.68803
  0.68628    0.1177    -0.01156   -0.23067   -0.066126   0.017534
  0.26184   -0.20693   -0.39982    0.36101  ]"
gluten,"[ 0.51335   0.024907  0.32883  -0.61835  -0.25353  -1.0243    0.16614
 -0.49849   0.53264   0.2002   -0.49773  -0.30196   1.3101    0.014546
  0.50428   1.3316   -0.59432  -0.45451  -0.14781  -0.81731  -0.5113
  0.56326   0.35428  -0.21075  -0.12077   0.81376   0.12509   0.22869
 -0.7553    0.35637   0.25397   1.0005    0.3911   -0.047545  0.77858
  0.88797   0.4375    0.4748   -0.91946   0.48322  -0.46884  -0.018379
 -0.40176  -0.94276   0.22552  -0.33927  -0.67227  -0.70125   0.1956
 -0.35612  -0.14156   0.19284  -0.028919 -0.19945  -0.5764    1.0044
 -0.50873  -0.12456   0.86303  -0.97779   0.27116   0.17782   0.30959
 -0.62125   0.048791 -0.17511   0.58653  -0.13405  -0.38631  -1.029
 -0.87399  -0.16662   0.015911  1.0319    0.1554    0.39322  -0.27888
 -0.78906  -1.1198    0.45748  -0.2077    0.3257   -1.1724    0.63223
 -0.082078  0.31547   0.21204   0.53424  -0.48575   0.42659  -0.10285
  0.37761  -0.44539  -0.52333  -0.11458  -1.6767    0.46339  -1.2272
 -0.18428   0.10194 ]"
"4,400","[ 0.52579    0.76246   -0.16358    0.47955   -0.36508    0.35617
  0.26801    0.68365   -0.075882   0.69362    0.98545    0.2254
  0.42556   -0.46981    0.077038  -0.12635   -0.031877  -0.029667
  0.24615    0.21808    1.2969     0.027058   0.29923    0.26496
  0.36533   -0.74355    0.1537    -0.20142   -0.010085  -0.34616
  0.0092673 -0.24133   -0.19245   -0.047363  -0.28457    0.23401
 -0.13638    0.23085   -0.097451   0.24667    0.024389  -0.0049185
 -0.056165   0.0029713 -0.25328    0.35006    0.11765   -0.54391
 -0.14212    0.65389    0.23124   -0.69103   -0.3446     0.22683
 -0.80373    0.73317    0.55415   -0.59511    0.0058769 -0.27381
  0.77872    0.43471    0.36814    0.27251   -0.35606   -0.15949
  0.29656   -0.25753    1.0583    -0.096376   0.26169    0.10428
 -0.6173     0.16237    0.43618   -0.093036   0.4436     0.069073
 -0.33961    0.14165    0.42996   -0.57867    0.12183   -0.017382
 -0.05432    0.20092    0.90818    0.37125   -0.067088   0.21483
 -0.034322   0.72505   -0.21352   -0.55759   -0.61283   -0.22606
  0.041848   0.23666    0.273      0.15868  ]"
--------------------,"[ 0.24393    0.64582   -0.84614   -1.0058     0.62027    1.3998
  0.85439    0.40202   -0.30695   -0.4977     0.25001    0.30218
 -1.3117    -0.04922   -0.44272    1.4495    -0.91224    0.1338
 -1.7882    -0.49313   -0.67003    0.033128  -0.73373    0.12647
  0.39379    0.59916    0.23334    0.8584     2.0627    -0.18595
 -0.032862   0.97178   -1.4501    -0.182      1.022     -0.304
  0.83587   -1.0093    -0.29027   -1.8538     0.085507   1.3283
 -1.2413     0.29154   -0.41257   -1.4542    -0.74       0.35989
 -0.028705   0.58125    0.1226     0.31237   -0.028191  -1.2363
 -1.6772     0.53544    0.5472     0.25101    1.859     -1.2185
 -0.25692    0.54011   -1.2263    -0.47576    0.91634   -0.8532
  0.84181   -0.52265   -0.85682   -0.5032    -1.0939     0.33563
 -0.61959    0.40513    0.091868  -0.94891    0.077232  -0.38954
 -0.78669   -1.9208    -0.98701   -0.79812   -0.61115   -0.96104
  0.78413    0.12302   -0.13207   -1.0977     0.7072     0.090878
  0.78333   -0.20245   -0.75328   -1.5562     0.54614   -0.8909
  0.97062   -0.70081    1.111     -0.0040671]"
tenderness,"[-0.038523  0.39442   0.59107   0.19835  -0.23958   0.64152  -0.49439
 -0.51343   0.11572  -0.27652  -0.63775   0.16943   0.15758  -0.36972
  0.89038   0.4266   -0.71912  -0.15076  -0.069119  0.38097   0.23719
 -0.15122  -0.85792  -0.3552    0.56621   1.435     0.34004  -0.34482
  0.13524  -0.90827  -0.056621 -0.32575  -0.2       0.017313 -0.24742
 -0.15255   0.51055   0.59228  -0.0587   -0.39409   0.7799    0.023844
 -0.24845  -0.46827  -0.46145   0.19314   0.34696  -0.23383   0.37995
 -0.15536  -0.028969  0.23626   0.28217   0.62509  -0.083349 -0.22781
  0.24689  -0.63916  -0.84964  -0.14919   0.40118   0.66193   0.24938
  0.15628  -0.132     0.092867  0.4321   -0.54184   0.25742  -0.45689
  0.030766  0.3518    0.38627   0.21077   0.7309    0.66833  -0.43843
 -0.080454  0.37528   0.057387 -0.81554   0.39706   0.5467    0.71809
 -0.76968  -0.17377   0.56023   0.8312   -0.51426  -0.11213  -0.57205
 -0.070616 -0.41119   0.41332   0.019541  0.11869   0.19358  -0.71737
  0.12858   0.52663 ]"
flanking,"[-0.69914   -0.18743   -0.62103    0.13234   -0.045229   0.58551
 -0.29849    0.071014  -0.22748   -0.034777   0.4368     0.13004
  0.17079    0.24742    0.53811    0.7099    -0.97518    0.34634
 -0.18952   -0.80247   -0.12634   -0.68184   -0.19587   -0.172
  0.37161   -0.45686   -0.36716    0.53667   -0.047362  -0.42003
  0.21464   -0.27803    0.47595   -0.26586    0.8111    -0.23056
  0.17329   -0.24163    0.51961    0.23448    0.69721    0.12108
  0.068325   0.38152    0.70773    0.49331    0.28503   -0.0025778
 -0.024275   0.97049   -0.056992   0.66971   -0.12367    0.19773
  0.49318   -0.3411     0.51344   -0.38087    0.235      0.13181
 -0.96598    0.85157    0.89991    0.97959    0.21495    0.26668
  0.20094    0.39668   -0.15944   -0.26012   -0.34324   -0.45261
  0.040515  -0.73746   -0.45785   -0.54952   -0.10447    1.0628
  0.54492   -0.1299    -0.32356    0.20794   -0.30192    0.25914
  0.016073  -0.48708    0.25737    0.26009    0.84235   -0.26965
  0.45122   -0.46113   -0.48293    0.15522   -0.43059   -0.71052
 -0.35953   -0.37303    0.58724    0.40294  ]"
iteration,"[-0.35243   0.094021  0.12939   0.31454  -0.11953  -0.10931   0.28773
  0.14461   0.13149   0.395     0.2354   -0.33191   0.028935 -0.61854
  0.45019   0.12219  -0.25465   0.99646   0.65291  -0.42165   0.44937
 -0.88716  -0.5356    0.69452   0.21487  -0.27401   0.93327   0.1562
 -0.26674  -0.49284  -0.27307   0.27172   0.40448   0.059415 -0.069969
  0.14556  -0.41125  -0.6522    0.39957  -1.0331   -0.057866  0.4883
  0.06421   0.88324  -0.7653    0.69634   0.62585  -0.37485   0.17346
  0.46819   0.080731 -0.33905   0.37996   0.37684  -0.38943  -0.71767
 -0.54274   0.25615  -0.73419   0.032452 -0.21307  -0.51119   0.60048
  0.44925   0.76712  -0.24515  -0.67617  -0.56211   0.21771  -0.11894
 -0.14578   0.27289   0.18772  -0.076597  0.17165   0.14663  -0.35193
 -0.42359  -0.43947  -0.59609  -0.46626   0.1067   -0.40224  -0.25222
 -0.66636   0.85719   0.26221  -0.59829   0.6583   -0.32277  -0.80363
  0.94374  -0.67004  -0.24797   0.4275   -0.87732   0.37039  -0.19936
  0.23974  -0.019196]"
antidepressant,"[ 1.3021    -1.0286    -0.5197     0.90964   -0.49804    0.46355
  0.61733   -0.44337    0.026923  -0.13776    0.21465   -0.6166
 -0.762      0.056283   1.0681     0.86634   -0.14272    0.039597
  0.032753   0.17016    0.7338    -0.66739   -1.0133     1.0345
 -0.73286    0.0934     0.33761   -0.94627   -1.6328    -0.22447
  0.081447   0.31618   -0.58219    0.48365   -0.2789     0.78275
  0.4967     0.1664     0.022755   0.13866    0.01443    0.50853
  0.24105   -0.5351     0.52664    0.28021    0.91919   -0.56728
 -0.16565    0.34055   -0.13682    1.0067     0.066347   0.22692
  0.55443    0.14382    0.0064103 -0.098782  -0.11576   -0.56847
  0.76008    0.88437    0.90781    0.046916  -0.59028   -0.28313
  0.20133   -0.6553    -0.2859    -0.45486   -0.096144  -0.83666
  0.36242    0.57392   -0.65266   -0.33932   -0.61056   -0.55032
 -0.18824   -1.3249    -0.34868   -0.97456   -0.95478    0.84831
 -0.7991    -0.2232     0.6296    -0.1545    -0.7939    -0.82138
 -0.0047565  0.22263    0.53328   -0.42314    0.19038    0.75478
  0.14517   -0.34148    0.91622    0.214    ]"
deschamps,"[ 0.045428 -0.40381  -0.26581  -0.7146   -0.41189   0.39388   0.47526
  0.057478 -0.47086  -0.14019   0.35637   0.36838  -0.037326 -0.43803
  0.25326  -0.16503  -0.46327   0.023297  0.15199   0.69487   0.012569
  1.0453   -0.6247   -0.031052  0.55585  -0.3719    0.075421 -0.32427
  0.57725  -0.88587  -0.061773 -0.2568   -1.4425   -0.50447   0.46136
  0.33563   0.31946   1.5164   -0.78007  -0.50177   0.18865  -0.15144
  0.73395  -0.012098  0.065504  1.2363    0.25003  -0.45521   0.64653
  0.38121   0.58267   0.41992  -0.21034   0.4294   -0.58314  -0.19924
 -0.19072   0.49976  -0.85297   0.62894   0.45544  -0.38506   0.39206
 -0.60277   0.1647    0.050854 -0.38458   0.38879  -0.22344  -0.63342
 -0.17623  -0.34558  -0.014454 -0.90408   0.34424  -0.59488   0.38584
  0.097161  0.26681   0.084233  0.26218  -0.45266   0.12904   0.20703
  0.91284  -0.26533   0.010735  0.92913  -0.063039 -1.0122   -1.088
 -0.084986 -0.2185    0.32477   0.58481   0.18963  -0.55098  -0.012184
 -0.86178   0.20242 ]"
finalise,"[-5.8369e-01 -2.7765e-01 -5.0386e-02  3.3275e-01 -3.8445e-01 -6.9439e-01
 -4.4785e-01  4.0383e-01 -9.9192e-02  1.4526e-01  3.2979e-01  5.2686e-01
  4.2726e-01 -2.5470e-01 -1.2115e-01 -1.5539e-01  1.6533e-01  2.8511e-02
  5.8301e-02 -8.0474e-01 -6.6785e-01 -7.5319e-01  3.0035e-01 -3.6434e-02
 -2.9691e-01 -6.9428e-01  2.1400e-01  3.4261e-01 -9.2706e-02 -1.7365e-01
 -1.3055e+00 -7.5737e-01 -2.9396e-01 -4.3796e-01 -2.1670e-01  1.2915e-01
 -4.8589e-03 -6.4072e-01 -6.2854e-01 -4.5667e-01  3.2107e-01  3.3485e-01
  6.2679e-01 -1.0859e-01 -6.6804e-01  3.7764e-01 -2.6132e-01 -7.0012e-03
  9.7727e-02 -3.3933e-01  1.2485e-01  1.4378e-01  2.9015e-01  4.5119e-01
 -4.2295e-01 -3.9584e-01  1.5969e-01 -2.7424e-01 -1.5709e-01  1.1418e-01
 -2.2344e-01  1.0103e-01 -8.2753e-01 -8.7150e-02  1.6208e-01 -4.7045e-02
 -3.2745e-01  7.1046e-01 -6.1011e-01 -1.2094e+00  1.7942e-01 -4.0987e-01
 -5.1586e-01 -1.1182e+00 -2.3014e-03  6.9569e-02 -8.0296e-01 -5.1047e-01
 -4.4681e-01 -1.6403e-01 -8.5580e-02  1.2710e-01  7.0260e-01  1.9147e-01
  3.7780e-01  1.0577e-03  8.9441e-01  5.5108e-01 -8.1749e-01  4.0805e-01
  1.0816e-02  6.6358e-01 -8.7040e-01 -1.0042e+00 -4.5613e-02 -8.6230e-02
  2.0882e-01  2.4390e-01  2.9162e-01  5.1138e-01]"
habitual,"[ 0.35638   -0.84731    0.0071536  0.20633   -0.28567    1.3232
  0.03624    0.29867    0.41535    0.34911   -0.90644    0.10358
 -0.11393    0.27046    0.16894    0.16696    0.055034  -0.051293
  0.3578     0.04618    0.52162   -0.21116   -0.34354    0.21811
  0.092247   0.064386   0.053798  -0.45751   -0.02221   -0.56905
  0.39332   -0.095785   0.21611    0.20704    0.14631    0.4251
 -0.3454    -0.6542     0.45108    0.26444   -0.11779    0.21431
  0.56499    0.36181    0.54117   -0.01973    0.28294    0.12045
 -0.16201   -0.054709   0.041224  -0.76618   -0.36543   -0.10504
 -0.0072494  0.45383    0.48556   -0.11998    0.34156   -0.22359
 -0.60045   -0.33202   -0.46625   -0.11222    0.40505    0.14343
  0.76947   -1.0352     0.31807   -0.32301   -0.5708    -0.2468
  0.30907   -0.1776    -0.059191  -0.57371   -0.34419   -0.43485
  0.29701   -0.88012    0.75606   -0.40421   -0.49505    0.43865
 -0.63401    0.070085  -0.43299    0.10574   -0.55022   -0.71612
 -0.60826    0.71657    0.50807    0.21163    0.7087    -0.54258
 -0.65373   -0.84246    0.061729   0.097014 ]"
486,"[ 0.63506   1.1723    0.76891   0.26663  -0.48088   0.39712   0.69419
 -0.30002  -0.093841  0.42241   0.63766   0.64907   0.39108  -0.68355
  0.32421   0.024414 -0.38969   0.2195   -0.23655   0.78801   0.42378
 -0.092885  0.77813   0.63131   0.14029  -0.12871   0.16998   0.48938
 -0.3477    0.50139   0.36163   0.77203   0.20181   0.034723  0.062773
  0.10599  -0.21914  -0.15931   0.76824  -0.061622  0.20701  -0.43202
  0.43876  -0.1666   -0.40663  -0.13034   0.40742  -0.71919  -0.31768
  0.12229  -0.44976  -0.030618 -0.21098  -0.10117  -0.90541   0.39578
 -0.044058 -0.43964  -0.03137  -0.7332    0.10166  -0.55943   0.21504
  0.75695  -0.82382  -0.039856  0.23358  -0.15257   0.3909    0.049471
  0.22232   0.21065   0.32199  -0.01367  -0.34251   0.82617  -0.41598
  0.88972   0.26836  -0.044477  0.47557  -0.36626  -0.17625   0.71894
 -0.80351   0.7927    0.6199   -0.69747  -0.07295   0.55992   0.14493
  1.3586   -0.19441   0.31643  -0.11457  -0.4994    0.49393  -0.30791
  0.13568  -0.12953 ]"
probate,"[ 0.4295   -0.73302   0.40132   0.1535   -0.27866   0.99023  -0.83462
  0.22322  -0.046126 -0.25599  -0.33947  -0.26672  -0.049474 -0.39792
 -0.20417  -0.61216   1.1252    0.40665   0.34641   0.28406  -0.41567
 -0.41716   1.0313   -0.41897  -0.23379  -0.18215   0.55181  -0.89378
 -0.59022  -0.35861   0.59869  -0.51295   0.5859   -0.4982   -0.61667
  0.11154  -0.61802  -1.1251    0.69807  -0.6315    0.43671  -0.046114
 -0.19418  -1.4656   -0.2715   -0.29139  -0.021935 -0.5166    0.35848
 -0.67693   0.60632  -1.0466    0.46604  -0.38909   0.089136  0.69536
  0.04781  -0.71034   0.62299   0.63945  -0.38947   0.16238   0.24893
  0.18245   0.41686  -0.84507  -0.17434   0.49645  -0.26156   0.21902
 -0.64953   0.78179   0.8471    0.12499   0.30194  -0.46698  -0.75095
 -0.24243  -0.2117   -0.022505  0.59901   0.38241   0.80547   0.64193
 -0.099051 -0.16301  -0.4423   -0.59304   0.13539  -0.64837  -0.5846
 -0.27513  -0.34283   0.24679   0.63763  -0.050601  1.1768    0.19876
  0.21032  -0.41485 ]"
hammersmith,"[ 0.79731   -0.14522    0.48831    0.2163     0.48567   -0.041049
 -0.79441    0.59746   -0.17841    0.69452    0.35921   -0.39103
  0.81389    0.64899   -0.097598   0.31915    0.40605   -0.03775
  0.31955   -0.17501    0.36136   -0.50471   -0.13535   -1.2923
  0.25602    0.15992    0.16453    0.44117   -0.096681   0.28447
  0.1763     0.4118     1.0017     0.1469    -0.82228    1.2012
  0.0033421  0.67432   -0.038994  -0.98016    0.64272    0.14964
 -1.0609     0.5194     0.56256    0.14397    0.3243    -0.44226
  0.47781    0.90214   -0.39616   -0.31316    0.6599     0.3253
 -0.76364   -1.1293     0.4404    -0.072372  -1.3209    -0.44734
  0.15898    0.22612   -0.022128   0.090371  -0.7299     0.63284
 -0.79023   -0.28716   -0.45061   -0.15518   -1.1656     0.51472
 -0.099159  -0.55954    0.26322   -0.99264    1.0638     0.71471
  0.19723   -1.0182    -0.086967   0.89985    0.25295    0.48082
 -0.56107    0.20089    0.79833    0.25105   -0.10919    1.0671
 -0.51523   -0.75887    0.033696   0.93149   -0.35994    0.14914
  0.56935    0.88831   -0.023778  -0.5969   ]"
penrith,"[-0.11199   -0.038881   0.99034   -0.40606   -0.30425    0.41934
 -0.39341    0.14289   -0.65346   -0.17188    0.10403    0.55161
 -0.37948    0.2293    -0.051921  -0.37142    0.32986   -0.016281
 -0.12353   -0.21138   -0.073614  -0.081699   0.16281    0.42866
  0.19268   -0.61844   -0.09463    0.17882   -1.0879     0.37044
 -0.67464    0.49821    0.73532   -0.32694   -0.11271   -1.0554
 -0.3083     0.3007    -0.78498   -0.0022893 -0.059459  -0.20707
 -0.39407   -0.67997    0.17843    1.0013     0.54109   -0.22726
  0.97696    0.33298   -0.33941    0.048186  -0.64522   -0.49694
  0.011808  -0.30613   -0.12881   -1.0505    -1.1329    -0.5799
 -1.1606    -0.52959   -0.89338    0.75265    0.078211   0.29288
  0.32841    0.6368    -0.11283    0.20491   -0.53655   -0.53039
  0.076644  -0.027626  -0.099353  -0.57709   -0.052274   0.52046
  0.14889   -0.41815   -0.34273    0.26021    0.44356    0.009798
  0.40159   -0.14383    0.12754    1.0503     0.63521    0.9952
  0.18665   -0.26006   -0.45534    0.53554   -0.077098  -0.17306
 -0.36788    1.0246     0.63022   -0.14329  ]"
pellegrini,"[ 0.52551  -0.26808  -0.29456  -0.14284  -0.44949  -0.10335  -0.61579
  0.41612   0.085594 -0.018125  1.0259    0.62396  -0.4721   -0.41342
 -0.28343   0.37297  -0.38713  -0.63757  -0.21296   0.18014  -0.17779
  0.24744  -0.045997  0.60621  -0.30795  -0.44256   0.55285  -0.49614
  0.47706  -0.55619  -0.4221   -0.26964  -0.89635   0.2133    0.071438
  0.56481  -0.69642   0.74227   0.10075  -0.038957  0.39036   0.035511
  0.86643   0.10818   0.44888   1.2352    0.07149  -0.073602  0.3865
  0.35383   0.60725  -0.1541    0.081969  0.42548  -0.10754  -0.39915
 -0.26277   0.48752  -0.6752    0.56465   0.070385 -0.84     -0.25724
 -0.54409  -0.058579 -0.074929  0.092299 -0.20817  -0.29328  -0.64224
  0.88118  -0.047609 -0.3792   -0.54829   1.0216    0.041899  0.15139
  0.16763   0.26179  -0.36023   0.22269  -1.0112   -0.66249   0.3927
  1.0445   -0.094462 -0.19139   0.16753  -0.88936  -0.95899  -0.44394
  0.38728  -0.2151    0.53613   0.24932  -0.43604  -0.58755  -0.14599
 -0.37097   0.54955 ]"
phalanx,"[-0.68958  -0.2007    0.36675   0.16961  -1.069     1.2387    0.078089
 -0.3225   -0.062801  0.23373   0.14929  -0.31514  -0.12141  -0.22101
 -0.14488  -0.3146    0.44882  -0.28204   0.37263  -1.3469    0.083679
 -0.39942  -0.77358   0.021745  0.66807  -0.073192  0.041963  0.38515
  0.3908    0.19348   0.1851   -0.33311  -0.048168 -0.0269    1.1209
 -0.45125   0.056802 -0.4997    0.84634   0.99391  -0.25299   0.4383
  0.24695   0.85084  -0.64252  -0.74796   0.044166  0.80653   0.29012
  0.92018  -0.11031  -0.19446  -0.38989   0.077223  0.30637   0.11775
 -0.18719  -0.42746   0.24622   0.49621  -0.30083   0.28544   0.11191
  0.90408  -0.058689  0.068098  0.098061 -0.2522    0.359     0.077832
  0.14467  -0.015875  0.011929 -0.094889  0.079734 -0.34754  -0.43192
  0.22718  -0.062787 -0.25502   0.93874   0.36187   0.39918   0.35373
 -0.28743   0.17252   0.17232  -0.045015  0.56614  -0.32942   0.22909
 -0.51982  -0.53956   0.22657   0.47075  -0.92972   0.15153   0.070891
  0.30085   0.29683 ]"
volta,"[-0.54869   -0.57774    1.0904    -0.020234   0.052565  -0.33638
  1.1289     1.3848    -0.20791   -0.15314   -0.44726    0.14929
 -0.46082   -0.24655   -0.88419   -1.0032     0.91582   -0.38247
  0.65942   -0.088681  -0.60056   -0.42935    0.13967    0.52342
 -0.13221   -0.013806   0.37371    0.942      0.20872   -1.0651
  0.27998   -0.54767   -0.10981    0.20949    0.27934   -0.33844
  0.40124    0.48049    0.62516   -0.40483   -0.70159   -0.25164
 -0.41579   -0.49302   -0.25217    0.13995   -0.11053    0.049911
  0.13717    0.77673   -1.0224     0.45917   -0.62574    0.14247
 -0.70987   -0.75293   -0.25181   -0.057321  -0.6323    -0.39936
 -0.3407    -0.0076883 -0.4904     0.23895    0.34451    0.14252
 -0.15738   -0.10513    0.005951  -0.071406   0.37246    1.0533
  0.78796    0.40126   -0.20255   -0.88649    0.16532   -0.035796
  0.16402   -0.42961   -0.020459   0.46896   -0.24874    0.26604
  0.26712    0.24409    0.18491    0.84492    0.459      0.17075
 -0.37022   -0.2606    -0.16638    0.78429    0.21455    0.065707
 -1.2177    -0.37765    0.065222  -0.78805  ]"
catalysts,"[-0.1338    0.78432  -0.70341  -0.36599   0.15914  -1.0102   -0.56224
 -0.83659  -0.18239   0.027068 -0.3594   -1.0374   -0.70383   0.2859
  0.21739   0.52931  -0.35816   0.056951  0.19732  -0.47193   0.22282
 -0.76586  -0.14137   0.050269 -0.27782  -0.69317   0.95255   0.40908
 -0.17122   0.66752  -0.18437  -0.046889 -0.61105  -0.051479  0.63858
 -0.36297   0.83286   0.17486   0.37592  -0.40172   0.3866   -0.08655
 -0.04338  -0.55874   0.17101   0.15278   0.30348   0.057847 -0.26185
 -0.83884  -0.43595  -0.43446  -0.29572   0.37134  -0.087404  0.71571
 -0.18605  -0.18161  -0.37694  -0.23505  -0.63496   0.5437   -0.24388
  0.92115   1.0833   -0.63305   0.60881  -0.82544   0.18279  -1.4365
 -0.60876  -0.2544   -0.17789  -0.35349  -0.087656 -0.60551   0.50462
 -0.54234  -0.39942  -0.42984   0.24525  -0.024413 -0.87646   0.74888
 -0.28492   0.54547   0.8002   -0.14206  -0.73845  -0.37933  -0.88721
 -0.060033 -0.421     0.39092   0.54351  -0.14924   0.56446  -0.076003
  0.15745   1.0915  ]"
sil,"[-3.9245e-01  5.1800e-02  7.0969e-01 -8.4536e-01 -4.0050e-01 -5.4743e-01
 -4.5510e-01 -3.5514e-01  8.0684e-01 -4.5188e-01  6.2899e-01 -9.6081e-02
  2.5861e-01 -1.9861e-01  7.6241e-01  8.3893e-01 -7.9535e-02  8.9069e-01
  2.4454e-01 -4.0036e-01 -3.3224e-01  4.5148e-01 -2.5488e-01  9.5627e-01
  7.7659e-01  5.9904e-01  2.8604e-02 -6.8889e-01 -4.3154e-01 -7.0109e-01
 -2.1703e-01  6.1484e-03  1.1465e-01  1.0652e+00  8.1825e-02 -3.9826e-01
 -3.2885e-01  8.6809e-01  2.3428e-01  6.5816e-01 -6.6555e-01  5.8677e-01
 -6.5496e-01  6.4605e-01  5.1372e-01  4.1142e-01 -3.4944e-01  2.9590e-01
  2.7056e-01  4.1255e-02 -7.5615e-01 -1.0688e-01 -9.0732e-01 -4.0512e-01
 -1.3329e-01  4.0073e-01  2.7465e-01 -4.0413e-01 -7.4342e-01 -4.2599e-01
  8.2280e-01 -1.2642e-03  3.5911e-02 -1.0682e+00 -2.7240e-01  1.6276e-01
 -4.6565e-01  9.7881e-01 -7.4389e-01  6.6162e-01 -5.3254e-01  5.4614e-01
 -3.9627e-01 -1.0251e+00 -5.0539e-01 -1.3173e-01  3.5369e-01 -4.6649e-01
  1.9980e-01 -2.7354e-01  1.0573e+00 -5.9639e-01  4.7645e-01  3.5779e-02
  1.2118e-01  1.5010e+00  3.9873e-01  2.8278e-01  9.5470e-01  9.5556e-01
 -7.8636e-01  1.0117e-01  1.2556e-01  2.8956e-01  1.4304e-01  2.4143e-01
 -7.8093e-01 -1.5372e+00  1.7249e-02 -1.2748e+00]"
2.24,"[ 0.93218   0.28285   0.8409    0.34876  -0.57709  -0.44156   0.031889
  0.10683   0.33034   0.77832   0.20944  -0.38879  -0.739    -0.56719
  0.64018  -0.30608  -1.0853   -0.43153  -0.041608  0.52474  -0.03516
 -0.28655   0.34848   1.0639    1.059    -0.64144   0.1926    0.60879
  0.11511  -0.64635   0.074621 -0.14701   0.3492    0.2124   -0.097965
  0.63465   0.27369  -0.20867  -0.060382  0.76025   0.27661  -0.96827
 -0.21068   0.11777  -0.66591   0.46864  -0.42316   0.44035  -0.15468
 -1.0071   -0.29886  -0.49205   1.2822   -0.01699  -0.83805   0.76242
 -0.055256 -0.40743   0.41568   0.3879    0.28646  -0.43486  -0.33753
  0.75896  -0.84644  -0.54951  -0.52151  -0.36995   0.63255   0.27637
 -0.57137   0.20384  -0.17575   0.26216  -0.28177   0.493    -0.43122
 -0.031954 -0.45696   0.90244  -0.70848   0.5079    0.36613   0.5527
  0.52926  -0.14331  -0.034258  0.30218  -0.16226   0.23354  -0.55181
  0.53556   0.73984  -0.92856  -0.44746  -0.48752  -0.4717   -0.45553
 -0.4531   -0.59024 ]"
rambo,"[-0.19505  -0.02359   0.41824   0.15309  -0.86086  -0.24605   0.29064
 -0.29165   0.26264   0.23475  -0.44102  -0.060946 -0.26987   0.36253
  0.45704   0.50155   0.91595   0.44649   0.7285    1.0043    0.33496
  0.19536  -0.14601   0.3145    0.38515   0.67233  -0.49791   0.38812
  0.48931  -0.18313   0.24903  -0.51287  -0.22064   0.4039    0.57132
  0.26981   0.11451  -0.18766   0.39889  -0.13521  -0.11594   0.7739
 -0.2215   -0.01741  -0.54726   0.092465 -0.19901  -0.21976   0.045468
  0.68342  -0.56701  -0.053547  0.22907   0.26862  -0.558     0.28326
  0.21245   0.49496  -0.28916  -0.029591  0.33315   0.85035   0.17503
  0.034044  0.20802  -0.19277   0.94448   0.21484  -0.48002   0.52092
  0.093637 -0.4146   -0.62791   0.40117  -0.20623  -0.16701  -0.99068
  0.48831   0.38115   0.36099   0.5142   -0.16697   0.060102 -0.19925
  0.15546  -0.13154  -0.073602 -0.95524  -0.24556  -0.23563  -0.36312
 -0.1469   -0.18439   0.38185   0.57627  -0.46792   0.49846   0.29977
 -0.35199   0.17826 ]"
astrophysics,"[ 0.059336   0.56692    0.0087368  0.096141   0.41912   -0.40918
  0.63615    0.033907  -1.1946     1.3016     0.58572   -0.92861
 -0.37663    0.76334    0.018426  -0.58355    0.364      0.75192
  0.81646   -0.70999   -0.59759    0.32885   -0.026137  -0.21771
  0.5292     0.19065    0.22436    0.31623   -0.16091    0.25786
 -1.3041    -0.52614   -1.0823     1.5189    -0.37093   -0.023126
 -0.40383    0.99615   -0.10686   -0.32305   -0.36676    0.25348
 -1.1099    -0.3406    -0.83732    0.20511    1.0603     0.89312
 -0.37429    1.224      1.305     -0.32976    0.47561   -0.038941
  0.018858   0.19284    0.55952    0.034683   0.20621    0.77395
 -0.23852   -0.37966   -0.12294   -0.17211    0.8899     0.49566
  0.28769    0.46631    1.3175     0.52746    0.56334    0.67055
  0.38825   -0.53941   -0.94732   -0.38885    0.55523   -0.67643
 -0.35905    0.48648   -0.23548    0.55966    0.40499   -0.25042
  0.026146   0.60305    0.25582    0.40956   -0.62445   -0.4281
  0.20029   -0.087121   0.44576    0.11604    0.37739    0.15898
 -0.13483    0.032861   0.01883   -0.26511  ]"
mov,"[-0.3421     1.3849     0.30543   -0.033799   0.046917   0.50847
  0.61665   -0.89442    1.0428    -0.50899    0.93546   -0.59745
 -0.93664    0.29123   -1.0769     2.2616    -0.56525   -0.19349
  0.46864   -0.2079    -0.094402   0.17549   -0.23229    1.0957
  0.70288   -0.83211   -0.54224   -0.90706    0.41098    0.21316
 -0.82963   -0.62878   -0.32078    0.43906    0.54814   -0.086067
  0.25523    0.10061    0.44917    0.18705    0.040381  -0.21927
 -0.72133   -0.49728   -0.092218   0.11297   -2.3914     0.24117
  1.0515    -1.1942     0.038782  -0.083012   0.43148   -1.1738
 -0.94273    0.40263    0.3014     1.3052     1.5101    -1.4058
 -2.2792    -0.50754    0.19046   -0.53985   -0.38186    1.3198
 -0.087611   0.575      0.61632   -0.029226   0.36529   -0.46723
 -0.84762    0.23431   -0.056081   0.11871   -0.40902   -1.1859
  0.21832    0.0040615 -0.38372   -0.060772   0.52228   -0.30704
 -0.87126    0.45598   -0.86922   -0.61885   -0.15396   -1.0634
  0.053809   0.24615    0.22723   -0.48439    0.23958   -0.10212
  1.6287    -1.2294     0.19223    0.47263  ]"
ángel,"[ 0.66442   -1.2476    -1.0086     0.18579    0.60936    0.42036
 -0.047694   0.10373    0.48226   -0.63879   -0.043116   0.34163
 -0.13425   -0.80296    0.64146   -0.30588   -0.0085441  0.59759
  1.1054     0.67913   -0.70379   -0.62118    0.4479     0.5921
  0.18803    0.21515    0.37033   -0.68709    0.96046    0.020589
  0.0045659  0.26819   -0.15342    0.66875   -0.13884   -0.092148
 -0.17193    0.86489    0.46263   -0.27525    0.7643     0.33445
  0.5973    -0.48344    0.59955   -0.043135   0.058915   0.025229
 -1.0043     1.1657    -1.257      0.33346    0.064689   0.45131
  0.073221  -0.14562   -0.58689    0.53547   -0.7443     0.44005
 -0.42716    0.27075   -0.048179  -0.75626   -0.46316   -0.35341
 -0.069656  -0.098956   0.60028    0.08601    0.12806    0.34199
 -0.50119   -0.6928    -0.11648    0.58519   -0.72657    0.62764
 -0.031011   0.082159  -0.46253   -0.39355   -0.93665    0.29684
  0.48496    0.39268   -0.62623   -0.10455    0.39562   -0.40597
 -0.39033    0.10188   -0.37371   -0.18274   -0.092403   0.32125
 -0.18262   -0.67599   -0.29098   -0.59153  ]"
animations,"[-2.6971e-01 -1.2833e-01 -2.2887e-01 -5.0323e-01  7.9687e-01  1.2767e-01
 -4.3826e-01 -1.1978e-01 -3.4674e-01  9.1206e-02  3.4528e-01 -2.9037e-01
  1.5168e-01 -1.0922e+00  8.2060e-01  9.8023e-01 -4.8956e-01  3.1368e-01
  5.8401e-01  4.1216e-01  1.0046e-02 -1.8920e-01  8.2963e-01 -9.4367e-02
  3.3220e-01 -2.6176e-01  3.9319e-02  9.5058e-01 -5.0159e-01 -2.2978e-01
 -8.6597e-02  3.3959e-01 -1.2898e+00 -1.4053e-01  5.1216e-01  4.5476e-02
 -1.6351e-01 -2.2097e-01 -3.1682e-01 -7.1249e-01  2.7480e-01  4.1425e-01
 -1.0557e+00  2.3311e-01 -5.2337e-01  2.9201e-01  2.7149e-02 -3.5743e-01
  5.3496e-01  1.4299e-01 -1.6567e-01 -2.7112e-01  1.1098e-01  3.7187e-01
  8.7811e-01  7.4110e-03  9.4803e-02 -2.7744e-02 -5.5576e-01 -1.7425e-02
 -3.6568e-01  1.2764e+00  1.1515e-04  5.5334e-01  3.2687e-01  1.6753e-01
  4.6597e-01 -5.1314e-02 -3.8438e-01 -3.5748e-01  4.1526e-01  4.3576e-01
  3.8228e-01 -1.5181e-01  1.9375e-01  6.2382e-01  2.8814e-01  8.9062e-01
  4.8862e-02  7.2206e-03  1.1705e-01 -4.2136e-01  8.2298e-02 -3.7778e-02
 -1.1648e+00  8.3667e-01  3.5647e-02  1.0639e-01  2.9909e-01  1.4299e-01
 -1.1713e-01  3.7218e-01  8.7817e-02 -1.4579e-01  4.1984e-01 -4.9438e-01
 -2.6902e-01 -5.5006e-01  1.6816e-01 -5.1010e-01]"
scepticism,"[ 0.010315  0.60657   0.55046   0.56664  -0.60336   0.064377 -0.17004
 -0.69727  -0.14935  -0.19456  -0.95378   0.95659   0.2686   -0.93144
  0.54267  -0.098865 -0.7345   -0.2277   -0.034136 -0.19596  -0.39082
  0.33762  -0.44198  -0.23403   0.02662   0.056523  0.92263   0.49585
  0.27438  -0.047047 -0.54532  -0.34753  -0.69948   0.6926   -0.3564
  1.0357    0.17195  -0.14729  -0.40501  -0.42918  -0.78159  -0.12893
  0.048766  0.58734   0.46167  -1.1417    0.891     0.2992   -0.024636
  0.035079  0.22072   0.19419   0.41345   0.71157  -0.2767   -0.14398
  0.4859   -0.58504  -1.0262   -0.48546   1.1624    0.055772 -0.064923
  0.31911  -0.37585  -0.4102   -0.14372  -0.22123   0.3741   -0.35476
  0.01618   0.18521  -0.43405  -0.91447  -0.22595   0.55611   0.23517
 -0.33819  -0.74311   0.19089   0.63533   0.06924   0.60789  -0.16984
 -0.092429 -0.57515   0.094517  0.22941  -0.65457  -0.10023  -0.51618
 -0.073148 -1.4226    0.26355   0.13875   0.60595   0.099486 -0.42543
  0.69996   0.71795 ]"
carlsberg,"[ 0.26626   0.63299  -0.38152  -0.43954   0.47276  -0.28721   0.39215
 -0.53378  -1.0608   -0.19017   0.061424  0.22358   0.39319   0.31379
 -0.67147  -0.21897  -0.34309  -1.0249    0.22343   0.012683  0.31341
 -0.042967 -0.039356  0.94429  -0.15725  -0.10197   1.2375    0.07032
 -0.70532  -0.8107   -0.86391   0.83656   0.35689  -0.21228   0.14184
  0.23912   0.55383   0.14707  -0.50181  -0.35722   0.1628    0.53157
 -0.20224  -0.085261 -0.021347  1.1087   -0.11423  -0.10489   0.26377
 -0.46165  -0.49806   0.14174  -0.46862  -0.23368  -1.5645   -0.19242
 -0.064441  0.62749  -0.029637 -0.79178   0.57877  -0.21512   0.058517
  0.45678   0.064473  0.22889  -0.44513   0.31463  -0.44112  -0.68147
  0.087771 -0.28677   0.59351  -0.82141  -0.80767  -0.5078    0.16205
 -0.9022   -0.93844   0.94557   0.50467  -0.69927  -0.13828   1.0783
  1.0536   -1.0007    0.36032  -0.58524   0.013611  0.50019  -0.048328
 -0.16589   0.37639  -0.16      0.5968    0.2776   -0.071501  0.1144
  0.9269    0.33191 ]"
pungent,"[-2.0493e-01  3.6199e-01  1.9348e-01 -7.3078e-01 -8.1833e-02  6.1001e-01
 -8.8848e-02 -3.4237e-01  4.1839e-01  3.2044e-01 -2.1744e-01 -3.2763e-01
  1.0540e-01  2.2462e-01  5.7751e-01  5.4355e-01 -2.3026e-01 -6.9651e-01
  5.2233e-01  3.8620e-01  1.9994e-01  3.8745e-02 -3.6031e-01 -4.4571e-01
  7.2446e-02  3.5255e-01 -2.2060e-01  8.1947e-01 -3.9894e-01 -2.2335e-01
 -5.7725e-01 -3.4817e-01 -3.4103e-01 -3.2121e-01 -7.8849e-01  3.7160e-01
  2.8285e-01 -3.0767e-01  5.4076e-01 -3.5062e-02  6.1234e-01 -9.0476e-01
 -2.6391e-01 -3.4107e-01  3.9406e-01  5.2885e-01  4.1604e-01  6.5883e-01
 -2.3697e-02 -3.0082e-01  2.4523e-01  5.5648e-02 -4.1627e-01  1.6848e-01
 -4.8304e-01  8.3174e-03  5.3372e-01  5.6551e-02 -4.3596e-01 -7.3247e-01
  3.6814e-01  9.8822e-01  4.0117e-01  4.1900e-04  1.2649e-01 -8.6797e-01
  7.9637e-01 -9.6103e-01 -4.0889e-01 -9.8811e-01  2.8373e-02 -1.1195e-01
  7.3184e-01  1.9647e-01 -2.5208e-01  3.8209e-01 -7.4369e-01 -7.1226e-01
 -1.3379e-01 -9.2214e-02  1.5749e-01 -5.3128e-01 -6.2077e-01  3.4670e-01
  2.6346e-02 -3.9787e-01  3.5506e-01  3.3856e-01 -2.6927e-01  3.6172e-02
  4.9417e-01  6.0656e-02 -9.0315e-01  2.3718e-01 -1.9164e-01  2.1431e-01
 -9.2876e-01 -6.0394e-01 -2.7076e-01  8.2105e-01]"
accusers,"[ 0.43064    0.16003    0.21983   -0.0076264 -0.5558     0.77933
 -0.19608   -0.19523   -0.02757    0.23034    0.21766    0.69536
 -0.16017    0.40104   -0.37807   -0.33517   -0.22859    0.54836
 -0.69928   -0.39253   -0.038508  -0.48926   -0.18531    0.51802
  0.077702   0.15882    0.34504   -0.41206   -0.11447   -0.28899
  1.2817    -0.58578    0.18405   -0.065334  -0.16442    0.18178
 -0.24867   -0.15119    0.50155    0.60062   -0.74767    0.85125
  0.42739   -0.18071   -0.73463   -0.17124    0.35886   -0.10789
 -0.24336    0.37575    0.17508   -0.48128    0.15191    0.56593
 -0.044443   0.95373   -0.2328    -0.60768   -0.45179    0.035829
 -0.24459    0.48888    0.087102   0.15187    0.22877   -0.73005
  0.84002    0.65941   -0.24843   -0.47751   -0.083092   0.3053
 -0.10051   -0.74251    0.28922   -0.71389   -0.15242   -0.020708
 -0.079492  -0.15727    0.10035    0.14385    0.56879   -0.14352
 -1.0093    -1.1886    -0.25319    0.96376    0.36238    0.085735
 -0.27672    0.11244    0.27031    0.028509   0.59463   -0.2684
 -0.41669    0.22254    0.58832    0.49326  ]"
tra,"[ 0.2598    -1.0923     0.28158   -0.51059   -0.12788   -0.66197
 -0.19567    0.36912    0.69399   -0.80859    0.21481   -0.32729
  0.36864    0.74784   -0.13345   -0.52266    0.76141   -1.0992
 -0.61863   -0.17828    0.80688    0.024186  -0.89604   -0.21951
  0.10784   -0.12571   -0.48215   -0.28982   -0.30239   -0.18042
 -0.60429    0.82046    0.85693    0.1798    -0.15353    0.52689
  0.20824   -0.51893   -0.37994   -0.15906    0.5583    -0.22858
 -0.20549   -0.19228    0.1051     0.063843   0.23908   -0.98894
 -0.65469    0.23885    0.49615    0.42847   -0.25141   -0.18728
 -0.55407    0.51053    0.58392   -0.15481    0.082429  -0.15252
  0.3436    -0.34021    0.25383   -0.24923   -0.67768    0.20165
 -0.99308    0.38632   -0.44854   -0.09037    0.689      0.18351
  0.8002    -0.30639    0.30315   -0.48471    0.1629     0.6324
  0.087373   0.12131   -0.083416  -0.65102    0.43929    0.43535
 -0.45021    0.36722   -0.46628   -0.03222   -0.0033313 -0.5286
  0.39894    0.95397   -0.63202    0.51981    0.0084657  0.44372
 -0.30529   -0.92447   -0.15899   -0.48998  ]"
spoiling,"[-0.21111   -0.32584    0.21612   -0.23645   -0.40939    0.47749
 -0.0061178 -0.34677    0.10012    0.33222   -0.47163    0.12477
 -0.40805   -0.76767    0.14854   -0.0019251 -0.06153   -0.082095
  0.50627    0.10546   -0.022854   0.18789    0.31453   -0.11501
  0.014153   0.34956   -0.53644    0.090067   0.048869  -0.42921
 -0.49171   -0.22863    0.36016   -0.25705    0.1498    -0.56558
 -0.40513   -0.12465   -0.59969   -0.3211     0.068276   0.18235
  0.33581   -0.15907    0.062073  -0.039043  -0.032028  -0.6758
 -0.2802    -0.50523    0.17696    0.082374  -0.48774    0.39002
 -0.065422  -0.13945    0.90508   -0.032292  -0.7173    -0.43205
 -0.54218    0.34144   -0.25342    0.27238   -0.12974    0.10187
  0.32184    0.11307   -0.46409   -0.85376   -0.55853   -0.29393
 -0.36038   -0.0056364 -0.41123    0.1404    -0.20614   -0.031189
 -0.34506    0.9541    -0.18676    0.22426   -0.5074     0.92382
 -0.27382    0.083633   0.020795   0.75413   -0.349     -0.40271
 -0.20823    0.17347    0.43759   -0.073231  -0.35582   -0.46836
  0.06417    0.48574    0.15409    0.50335  ]"
vallejo,"[ 0.19417   -0.055644   0.056403   0.29699    0.12246    0.13218
  0.026103   0.1328     0.28921    0.87097   -0.11347   -0.23846
 -0.44692   -0.40865    0.50726    0.10664    1.0206     0.5023
 -0.27455    0.46987    0.13414   -0.073652   0.29678    1.0053
  0.14202    0.46984   -0.93643   -0.65993    0.67931    0.086602
 -0.45004   -0.43079    0.65658    0.70661    0.044005   0.2448
  0.31695    0.25462    0.54059   -0.17874    1.0806    -0.36056
 -0.33113   -0.45348   -0.46077   -0.039887   0.3343     0.25196
  0.83688    1.9671     0.21354   -0.73754   -0.52336   -0.24447
 -0.96294    0.2626     0.30222   -0.18898    0.35087   -0.12135
 -0.12225   -0.40032   -0.32298    0.25169   -0.25267   -0.63171
 -0.071468  -0.32114    0.083758   0.60595    0.33887    0.65005
 -0.24867   -0.29965    0.05667    0.01635    0.11542    0.0092147
 -0.64179    0.27919   -0.22697   -0.47423   -0.31356    0.27031
  0.20417   -0.32864   -0.84738    0.15449   -0.7084    -0.091339
  0.26905   -0.6886    -0.62702   -0.13985   -0.43912    0.35712
 -0.31844   -0.091395  -0.42472   -0.35699  ]"
2.34,"[ 0.9389    0.15627   1.0024    0.67091  -0.53794  -0.37885  -0.092866
 -0.15119   0.16639   0.63705   0.25532  -0.37723  -0.7858   -0.78543
  0.44292  -0.18702  -1.318    -0.5114   -0.058255  0.4554   -0.29397
 -0.51064   0.13498   1.1334    1.3228   -0.73656   0.012794  0.66975
  0.094361 -0.4519    0.025107 -0.28232   0.32301   0.22478  -0.082143
  0.87696  -0.039062  0.010945  0.069366  0.8836    0.17456  -0.96176
 -0.26136  -0.10783  -0.8182    0.52536  -0.39731   0.34266  -0.046371
 -1.0173   -0.39041  -0.6768    1.4414    0.21458  -0.90947   0.82012
 -0.22325  -0.34762   0.39701   0.25472   0.19144  -0.60303  -0.2986
  0.80498  -0.69019  -0.66408  -0.42319  -0.7567    0.55088   0.087894
 -0.47188   0.20209  -0.035468  0.20445  -0.51488   0.43627  -0.64064
  0.17338  -0.41683   0.72853  -0.74186   0.50282   0.49102   0.60191
  0.41845   0.019283  0.25047   0.23317   0.035854 -0.028075 -0.27081
  0.43365   0.66045  -0.84273  -0.54052  -0.62522  -0.48021  -0.54693
 -0.1422   -0.3566  ]"
earthlink,"[ 0.47455  -0.11582   0.16063  -0.45013   0.55753   0.32429  -0.33074
 -0.54255   0.33295  -0.41656   0.67075   0.27582   0.14735  -0.50939
  0.11117  -0.89236   0.84437   0.041883 -0.35688  -0.12006  -1.1014
  0.1797   -0.12702   1.4841    0.15171   0.027941  0.54039   0.42702
 -0.92253  -0.45711   0.5817    1.0993    0.57969  -0.48192   0.16533
  0.50573   0.47195   0.46821   0.71086   0.13064   0.79245   1.1234
 -0.50664  -0.28372  -1.1406    0.86781   0.45768  -0.66473   1.0241
  0.2858    0.10173   0.28526  -0.70084  -0.23968  -0.29464  -0.3983
  0.77408   0.48988   0.53094  -0.20464   0.055561 -0.90936   0.074453
 -0.38476  -0.59303  -0.52586   0.29006   0.019777  0.60392   0.71746
  0.017125 -0.73833  -0.98679  -0.57418   0.21907  -0.33707   0.98794
 -0.77558  -0.1378   -0.59824   0.61498  -0.45278  -0.089033  0.88034
 -0.53218  -0.52533   0.56101   0.528    -0.084335  0.28544   0.35045
  1.0271   -0.21249  -0.30186  -0.35834  -0.25365   0.43332   0.16035
 -0.45884   0.91999 ]"
skimming,"[-3.3435e-01 -1.0138e-01 -5.9511e-01 -4.1533e-01  5.3929e-01  3.7143e-01
  2.8345e-01  2.9926e-01  1.7582e-01  5.3448e-01  3.5966e-01  6.1143e-01
  8.5046e-02 -5.2983e-01  1.3156e-01 -6.1766e-01 -4.9930e-01  6.3359e-02
  1.2284e+00  6.7984e-02  1.0214e-01  6.3352e-01 -2.5880e-01 -4.1115e-01
 -1.8779e-01  1.0690e+00 -6.2060e-01  1.7122e-01 -4.8385e-01 -8.4619e-01
 -2.9949e-02 -5.6719e-01 -6.1039e-01 -1.1828e-01 -4.0911e-02 -2.1810e-01
 -3.3377e-01 -1.4615e-01 -5.2192e-02  4.0403e-01 -8.7447e-02 -8.1408e-01
 -5.0316e-01 -4.3412e-01  3.7119e-01 -6.5150e-02 -2.7143e-01 -6.0587e-01
  3.2582e-01 -1.2722e-02 -1.3563e-01  1.2815e+00  1.1211e-01  9.4678e-01
 -5.7337e-01  5.3929e-02  5.1410e-01 -2.4669e-04  4.7793e-01  6.3914e-01
 -1.2675e-01  3.2660e-01  5.5070e-01  4.7966e-01 -8.8630e-01  4.6070e-01
  7.3694e-01 -5.0446e-02  5.2660e-01 -2.1954e-01  7.2257e-02 -4.9924e-01
  5.2348e-01  1.5056e-01 -3.7011e-01 -4.2656e-01 -1.1851e-02  3.1165e-01
  3.1506e-01  6.7645e-01  7.0115e-01  1.2370e-01 -5.8182e-02  3.8049e-01
 -1.3267e-01 -5.0681e-01  4.7447e-01  1.4170e-01  3.7726e-01  5.6976e-02
 -6.4354e-01 -1.6066e-01 -4.0475e-02 -5.5193e-01  5.3590e-01 -5.7111e-01
 -9.8753e-02  2.5080e-02 -6.0790e-02 -1.8982e-01]"
naimi,"[-0.4901     0.051853  -0.0070275 -0.50121   -0.18121   -1.3626
 -0.41517   -0.6849     0.31582    0.31514   -0.17166   -0.48376
 -0.31366    0.18814   -0.24606   -0.26447   -1.4602    -0.51516
  0.03734   -0.56172   -0.23096    0.42029   -0.40625   -0.26717
 -0.12462    0.52541    0.46335    0.35147    0.0033521  0.48516
 -0.4403    -1.4972    -0.29526    0.33523   -0.16013    1.1587
  0.083518   1.0147    -0.65926   -1.0124     0.55113    0.18398
  0.46981    0.44767    0.34933   -0.60254   -0.58079   -0.59862
  0.74046   -0.51552   -0.39997    0.35869    0.92741    0.46256
 -1.6026    -0.035211  -0.26603    0.034379  -0.20193    0.51966
  0.8909    -0.75367    0.23639   -1.5581    -0.13171    0.59095
  0.81927    0.2059    -0.48557   -1.0196    -0.13572   -0.026537
  0.40294    0.36621    0.12277   -0.58649   -0.25359   -0.8901
  0.40128    0.45764    1.0545    -0.29823    0.012196  -1.3345
  0.13726   -0.8306    -0.010101  -0.32207   -0.27436   -0.50894
  0.48249   -0.54247   -0.22727   -0.42325   -0.50385    0.25478
 -0.057975  -0.56403    0.11851   -0.17896  ]"
degrade,"[-4.8690e-01 -1.0521e-02  5.1281e-03  1.9831e-01 -6.4191e-01 -1.8681e-01
 -6.1974e-01 -7.7842e-02  5.3362e-01  9.8375e-01  3.1702e-01  2.1747e-01
  3.4034e-03 -6.3486e-01 -1.6398e-02  1.9979e-01  4.0600e-01  1.6086e-01
 -1.2441e-01  6.3107e-01 -2.3228e-01 -1.1845e+00  9.3540e-01  3.9540e-01
 -8.4724e-02  3.9194e-01 -1.4748e-01  2.4687e-01  6.6725e-01  1.9872e-01
  1.2551e-01  3.0822e-01 -4.1021e-01 -3.8880e-01 -3.3814e-01 -8.0097e-04
  4.0066e-01 -2.6605e-01 -4.7723e-01  1.7550e-01  1.1475e-01 -1.1149e-01
 -1.1704e+00  3.5907e-01  2.7692e-01  2.2025e-01  5.8655e-01  3.9344e-01
 -5.3730e-01 -1.3270e+00 -1.1807e-01  2.9182e-01 -2.6506e-01  7.7006e-01
  9.0933e-02  6.7074e-01  2.4623e-01 -8.0844e-02  3.8084e-02 -3.0214e-01
 -5.7506e-01  7.4133e-01  2.8076e-01  1.1166e-01  5.4651e-02  6.2773e-01
  7.5199e-01 -5.7050e-01  3.5610e-01 -3.0685e-01  9.9178e-01 -5.3070e-01
  7.6388e-01 -3.2244e-01  6.4081e-01 -4.9194e-01 -4.9791e-01 -2.9023e-01
  8.4314e-01  2.0438e-01 -3.5158e-01 -2.6146e-01 -6.0455e-01  7.8151e-01
 -3.5687e-01  2.2501e-01  6.9673e-01  5.1291e-01 -6.3972e-02  7.3956e-02
 -2.5122e-01 -2.3788e-01  5.4183e-02  5.5099e-02  1.9320e-01 -5.7892e-01
  5.2132e-01 -4.0544e-01 -3.5060e-01  7.8663e-01]"
stranding,"[ 0.019204   0.024958   0.154     -0.58496    0.16655    0.59415
  0.0083686 -0.085832   0.26029   -0.67302   -0.47713    0.62393
 -0.59765   -0.45864    0.75149   -1.0032    -0.32565   -0.53783
  0.403      0.30457    0.18028    0.12211    0.62519   -0.42821
  0.64388    0.16049   -0.55666    1.4156     0.12874   -0.23253
 -0.3104    -1.1534    -0.034775   0.3434    -0.74174   -0.23422
 -0.66896   -0.17318   -0.82774    0.5779    -0.02364   -0.10733
 -0.074873   0.98754    0.55322    0.65684    1.0418    -0.40108
 -0.29388    0.74466    0.096019   0.0063409 -0.80836    0.47252
 -0.54706    0.21862   -0.12249    0.59205    0.83553    1.0451
 -0.5901     0.047908   1.5659    -0.64055   -0.22348    0.32405
 -0.49176   -0.26598    1.1042     0.19025   -1.2305    -0.43888
 -0.20734   -0.057636   0.33713    0.32151    0.54623    0.25921
  0.63741    0.13587    0.31092    0.070664  -0.55766    0.22865
 -0.38709    0.20006    0.84353    0.32892   -0.96407    0.8351
  0.39854   -0.10037    0.72293   -0.57424    0.067454  -0.24576
 -0.071819   0.63855    0.039031   0.23307  ]"
sculptural,"[-0.27251    1.3187    -0.87306    0.58994    0.53195    0.031097
 -0.45313    0.11723    0.11911    1.179     -0.25902   -0.57726
  0.29834   -0.2866    -0.070353   0.81492   -0.1185     0.59505
  0.6885     0.010289  -0.39432   -0.27322    0.078477  -0.17422
  0.31674   -0.24879   -0.13553    0.6327    -0.29149   -0.76475
 -0.13187   -0.91591   -0.61455   -0.18537   -0.29413   -0.30932
 -0.54216   -0.16427   -0.24224   -0.43547    0.57123    0.0053643
  0.098867   0.47213    0.25716    0.11262   -0.10647    0.070934
 -0.053575   0.7742     0.2288     0.27553    0.26654    0.096133
 -0.12048   -0.30514    0.39809   -0.41222    0.17559    0.31525
  0.073403   0.54502   -0.10028    0.74032    0.37229   -0.73458
  0.57772   -0.13835   -0.21019   -0.74441    0.15288    0.093225
  0.019198  -0.085564   0.40663   -0.27965   -0.16564   -0.20673
  0.56603   -0.20961   -0.26355    0.28204    0.48413    0.30291
 -0.19328    0.079721   0.20514   -0.303      0.017425  -0.58092
  0.3992    -0.91271    0.1065    -0.16082    0.31897   -0.40043
 -0.8953    -1.2873     0.21928    0.45703  ]"
pierson,"[ 0.12217   -0.11959   -0.20772   -0.82641   -0.14868   -0.28699
 -0.26428    0.38858   -0.21855   -0.079091   0.0051397 -0.29293
 -0.44542    0.3413     0.57063   -0.13811   -0.26997    0.25503
  0.29506    0.038192  -0.17675    0.24384    0.18476   -0.21965
  0.69992    0.20953   -0.23213    0.18655   -0.14499    0.52178
 -0.22557    0.0069599 -0.09306    0.30854   -0.17781    0.20838
  0.76954    0.73657   -0.48616    0.3967    -0.34831    0.39071
 -0.49362    0.4347    -1.0045     0.81979   -0.007557  -0.46089
  0.057081   0.25081   -0.46718   -0.50201   -0.41566   -0.084032
 -0.043482   0.046227  -0.24093   -0.3808    -0.30371   -0.054368
  0.42994   -0.11223   -0.092346   0.2618    -0.096812  -0.1723
 -0.2612     0.60207    0.10993    0.72524    0.12692    0.41349
 -0.26632   -0.607      0.14926   -0.39667    0.18053   -0.13612
 -0.63255   -0.099148  -0.73761   -0.19846    0.10162   -0.35299
  0.4208    -0.077404   0.31285   -0.029724   0.10985   -0.38633
 -0.26716    0.17692    0.092921  -0.37294    0.11417    0.58268
 -0.39733   -0.14398   -0.69706    0.48919  ]"
complexion,"[ 0.20288    0.14218    0.57673    0.11466   -0.39754    0.20146
  0.5823     0.35488   -0.072828   0.86178   -1.2557     0.37891
  1.0531    -0.64005    0.30992    0.13622   -0.24429    0.053842
  0.677     -0.50541   -0.71932   -0.43414   -0.0093589 -0.36468
  1.0863     1.03       0.83662   -0.44619   -0.40183   -0.37091
  0.65587    0.12131    0.35526   -0.91589   -0.21209    0.2127
 -0.1005     0.22577    0.093016   0.012688  -0.18857   -1.4536
  0.13223   -0.2255    -0.87937    0.1272     0.42251    0.21623
  0.16019   -0.44963   -0.069252  -0.1456    -0.029252   1.0621
  0.0018179 -0.14501    0.393      0.50769   -0.67867   -0.4692
 -0.024982   0.46997   -1.1705    -0.22687    0.58556   -0.7681
 -0.022419  -0.87625   -0.43849   -0.28067    0.42139    0.20829
  0.47098   -0.11197    0.6885    -0.43808   -0.64904   -0.056778
  0.57083   -0.098104  -0.45602    0.32096    0.15896    0.53082
 -0.28033   -0.50572   -0.7786    -0.087228   0.13154    0.18593
  0.6075    -0.37467   -0.23778   -0.23276    0.10046    0.204
 -0.89893    0.35135   -0.41375   -0.11703  ]"
eyebrow,"[ 1.1725e-01  4.8561e-01 -2.3813e-01  1.0673e-01  3.6810e-01  5.6836e-01
 -3.4184e-01 -3.8068e-01  9.0788e-01  7.9252e-01 -6.5756e-01  6.0956e-01
  7.9585e-01 -2.6423e-01  2.7155e-01  4.3702e-01 -1.1686e+00  4.7157e-01
  8.3820e-01 -6.5070e-01 -3.6978e-01  4.2183e-01 -9.4470e-01  1.4981e-02
  1.6016e+00  6.0285e-01 -7.4780e-01 -1.0203e-01 -5.2067e-01 -6.6258e-01
  4.7749e-01 -3.5314e-01  1.0200e+00  3.1349e-01 -2.1992e-01  3.4721e-01
 -8.3741e-01 -9.0471e-02  6.2294e-01  2.2459e-01  2.9542e-01  9.4696e-02
 -2.5147e-01 -6.0307e-01 -6.0061e-01 -4.3735e-01  7.9192e-01 -7.9894e-01
 -3.8240e-01 -5.8264e-01 -2.4609e-01 -1.4370e-01 -1.3146e-01 -7.8757e-04
 -9.7947e-01 -6.9961e-01  6.1322e-01 -6.7017e-01 -5.8404e-01  3.4662e-01
  9.1759e-01  7.9109e-01  4.4586e-01  1.0818e+00 -2.5329e-01 -4.5997e-01
  2.4470e-01  2.3669e-01  3.8018e-01 -6.9545e-01  1.1554e-01  1.3787e-01
  1.3925e-01 -7.3343e-01 -2.1967e-01 -4.3183e-01 -8.2070e-02 -3.4491e-02
  1.2488e-01 -8.9482e-01 -2.1376e-01 -1.5287e-01  1.7020e-01 -5.0930e-01
 -2.8927e-01 -2.7600e-01 -9.0345e-02  1.0876e+00  4.9099e-01  1.3017e-01
 -2.1260e-01 -8.4082e-02  2.9908e-01 -2.0468e-01  2.6453e-02 -1.5865e-01
 -1.7126e-01 -2.4491e-01  2.2827e-01 -2.7681e-01]"
falco,"[ 3.1943e-01 -8.7466e-01  1.4651e-01  1.7064e-01 -3.1771e-01 -2.2941e-02
  5.1014e-01 -5.5595e-01  3.2369e-01 -1.5345e-01  4.1039e-01  3.0178e-01
 -7.7706e-02  7.4755e-01  1.8970e-01 -5.5529e-01  2.5987e-01  3.0998e-01
  6.5428e-01  1.1541e+00 -7.3083e-01 -3.4934e-01 -3.7153e-01  8.5842e-01
  5.3349e-01  8.2471e-02 -1.8140e-01  2.1402e-01 -2.6515e-01  3.5423e-01
 -6.9020e-01 -1.9264e-01  2.8974e-01  7.2095e-01  2.8833e-01  7.2540e-01
  6.2204e-01  4.9826e-01  3.0403e-01  8.2523e-01  5.6718e-01  6.4129e-01
 -3.4816e-01  5.8321e-01 -3.0880e-01  6.7843e-02 -3.7958e-01 -3.8366e-01
 -5.3449e-02  4.1698e-01 -1.2321e-01 -3.0121e-02 -2.4666e-01  3.5323e-01
 -3.5720e-01 -2.0915e-04  3.8497e-01  9.1188e-01 -1.0421e+00  5.7484e-01
  2.7575e-01  4.1736e-01  1.1126e-01  3.8716e-01  6.3075e-01 -3.8528e-01
  3.5935e-01  8.1715e-02 -9.5613e-02  2.7999e-01  1.0207e-01 -4.9843e-01
 -7.4012e-01  1.5552e-01 -3.8719e-02 -9.1059e-01 -9.2355e-01  2.4423e-01
 -1.2921e-01 -1.3394e-01  9.6467e-02 -5.0918e-01 -8.7915e-02 -1.6912e-01
 -2.4769e-01 -2.0517e-01 -2.8915e-01  2.7792e-01  2.1473e-01 -3.8350e-01
  6.5417e-01 -8.0735e-02  3.1756e-01 -2.0755e-01  1.0498e-01  1.1748e-01
 -2.3591e-01  6.1889e-01 -3.0278e-01  4.4636e-01]"
kinsey,"[ 2.0272e-01 -1.3422e-01 -1.1893e-02 -1.9707e-01 -1.2806e+00  2.0477e-01
  5.1140e-01 -1.7426e-01  6.3393e-01 -4.1241e-01  1.7133e-01 -3.7093e-02
 -6.5090e-02  7.4613e-01  1.0747e+00  7.5350e-01  8.0014e-01  8.1160e-01
  7.5398e-01  4.9479e-01  1.4588e-01 -5.0590e-02 -3.1387e-01  1.1287e-01
  2.9085e-02  3.1514e-01 -2.3311e-02 -6.3874e-01 -6.9588e-01  1.1474e-01
 -4.9386e-02 -3.4459e-01 -3.4596e-01  9.4741e-01 -9.0548e-04  2.0872e-01
  3.3597e-01  3.3830e-01 -3.9313e-01  3.1906e-01 -7.6360e-01  7.0693e-01
 -1.0561e+00  6.8068e-01 -9.1390e-01  2.4448e-01 -9.1614e-02  9.5298e-02
 -1.4039e-01  4.4793e-01 -7.8854e-02 -4.3347e-01 -3.5839e-01  1.7942e-01
 -1.9025e-01 -5.9261e-01  6.0022e-02 -1.4938e-01 -1.0149e+00 -6.2670e-01
 -2.6126e-01  3.1181e-01  1.9473e-01 -1.1738e-01 -8.6364e-02  1.4075e-01
  1.7670e-01  5.7574e-01  6.2151e-01  9.3260e-01  3.5018e-02  7.2756e-01
 -3.5505e-01 -4.6279e-01 -5.6795e-02 -7.1355e-01 -7.3809e-01  1.3731e-03
 -3.3120e-01  1.7955e-01 -3.1635e-01  9.7615e-01  5.7759e-01 -4.8833e-02
 -3.6262e-01 -5.8348e-01  3.7785e-01 -4.9230e-01 -2.5125e-02 -5.6803e-01
  5.5786e-01 -4.7629e-01  3.5049e-01 -4.7612e-01  9.8262e-01  3.0519e-01
  2.2905e-01 -5.2139e-01 -2.0331e-01 -1.7388e-01]"
carniola,"[-0.66831  -0.4535    1.918     0.78258   0.13456  -0.24744  -0.43786
  0.35187  -0.5419   -0.099051 -0.91388   0.26423   1.192     0.35702
 -0.014144  0.020132 -0.039098 -1.353     0.27685  -0.97627  -1.0713
 -0.066379 -1.1548    0.95686  -1.1979   -1.0895   -0.084337  0.060886
 -0.22315  -1.6183   -0.21194  -0.79634   1.4417   -0.018333  0.65751
 -0.01058   0.9334    1.1384    1.2553   -0.1793   -0.06376  -0.98218
  0.9697    1.1312   -2.9679    0.16605   1.0293    0.54058   0.83153
  0.33679  -0.9065    0.30252   0.17338  -0.89492  -0.90893  -0.6822
 -0.099536 -1.45     -0.029315 -0.21772  -0.1834    1.2103   -0.27388
  0.41378   1.4781   -0.77826  -0.29254  -1.075     1.1139    0.2986
  1.3692    0.40876   0.8579    1.7551   -0.66023  -0.071773 -0.958
  1.5398    1.1135    0.36908  -0.87571   0.17551  -0.082502  0.015793
 -0.016305  0.47946  -1.6262   -0.28763  -0.052343  0.8561   -0.27262
 -1.1411   -0.6534   -0.14988   0.27698   0.43904   1.5924    0.19152
  0.56918  -0.81294 ]"
happenings,"[-0.39807   -0.043673   0.31696   -0.5087     0.28163    0.32413
 -0.17306    0.27233    0.18437   -0.46185   -0.041631  -0.043716
  0.84673   -0.010654  -0.29578    0.72487   -0.044119   0.034805
 -0.37603    0.27212    0.64396   -0.17411   -0.17321   -0.20892
  0.15265   -0.40447    0.73203    0.57309   -0.33786   -0.53105
 -0.80708   -0.91421    0.2547    -0.13072   -1.063     -0.49024
 -0.41934   -0.14404   -0.41541   -0.49965   -0.49379    0.32342
 -0.8079     0.18066   -0.42624    0.22806    0.63254   -0.18592
  0.33216   -0.37942    0.033132   0.4138    -0.27495   -0.48879
 -0.15824    0.10249    0.54999    0.35318   -0.24486    0.25723
 -0.49394    1.2134     0.19252   -0.51028    0.37512   -0.28464
  0.19592   -0.79195    0.49207   -0.24256   -0.2966    -0.61066
 -0.074115  -0.18583   -0.4104    -0.3414     0.77636   -0.68803
  0.18115    0.17565   -0.54701   -0.27659    0.77293    0.24128
 -0.19854    0.14733   -0.17471   -0.23282   -0.36571   -0.36847
 -0.22874    0.32048    0.39704    0.027074  -0.36474   -0.0036674
 -0.022103  -0.36914    0.95307    0.36858  ]"
unger,"[ 0.22543   -0.3078    -0.34088   -0.62216    0.25552   -0.06138
 -0.3215    -0.23085    0.1316    -0.82824    0.53895    0.014956
 -0.088292  -0.20882    0.10055    0.83797    0.15734    0.039736
 -0.056541  -0.48094    0.11767    0.32301    0.83855    0.91803
 -0.25942   -0.067711   0.17238   -0.79054   -0.15047   -0.019436
 -0.47449    0.31499    0.40311   -0.28093   -0.33369    0.11023
  0.2298     0.56999   -0.15035   -0.13855   -0.32221   -0.10868
 -0.59629    0.22885   -0.30352    0.50016   -0.24851   -0.48127
  0.093598   0.17131    0.43459   -0.44019    0.029332  -0.13962
 -0.27958    0.3716     0.41478   -0.071173  -0.65908    0.26313
  0.39785    0.2419    -0.002406  -0.22312   -0.14712   -0.37137
  0.071523   0.24813   -0.29056    0.43102    0.21872    0.30612
 -0.39291   -0.0923     0.42762   -0.26029   -0.27925   -0.52276
 -0.42864   -0.022279  -0.29625   -0.94315   -0.051665   0.092405
  0.22975    0.077739   0.40277   -0.14164   -0.0066533 -0.80357
  0.37993   -0.19053    0.39549    0.092611   0.038199  -0.030401
 -0.13748   -0.64675   -0.40994    0.71059  ]"
antagonism,"[ 4.6950e-01  5.6244e-01  1.4857e-01  1.8878e-01 -2.5323e-01  4.0471e-01
 -3.0983e-01 -8.9729e-01  2.4433e-01  2.0533e-01 -8.3193e-01 -1.1376e-01
  3.3176e-01 -3.7115e-01  9.1537e-01  1.0408e-01 -5.6120e-01 -2.1014e-01
 -1.7285e-01 -4.1498e-01  1.1279e-01  1.9945e-01 -1.1192e-01 -5.6282e-02
  4.4880e-01 -5.9067e-02  1.1213e-01 -1.0718e-01  3.9278e-01 -7.4446e-01
 -1.9174e-01  4.2113e-01 -3.9398e-02 -7.6978e-04 -9.4519e-02  4.1903e-01
  1.0647e+00 -4.5921e-01 -1.8271e-01  3.8721e-01 -4.3806e-01 -5.8606e-02
 -5.2648e-01 -3.5123e-01  8.7784e-02 -6.3077e-01  8.7668e-01  3.0478e-01
  2.9862e-01  7.1960e-02 -1.1114e-01 -2.9768e-01 -2.6362e-01  5.2768e-01
  4.2212e-01 -4.8286e-03  5.8560e-01 -6.4091e-01 -3.1908e-01 -1.2703e-01
 -3.3023e-01 -8.3872e-03  6.4440e-01  4.1158e-01  1.1512e-01  4.0036e-02
  3.9267e-01 -3.3898e-01 -2.1010e-02  3.7715e-02  3.7686e-01 -4.1108e-01
  6.2045e-01 -4.6908e-01 -2.0226e-01  3.0967e-02  2.6874e-01 -3.9025e-01
 -6.1770e-01  4.6554e-01 -3.5726e-01  4.0159e-01  3.5729e-01  3.9632e-01
  1.6238e-01  1.4156e-01 -1.0855e+00  9.4175e-02 -2.5155e-01 -8.0520e-01
 -9.6712e-01  7.2750e-02 -1.2049e+00  1.3976e-01  6.3594e-01 -4.4118e-01
  2.4513e-03 -3.3906e-01 -3.7881e-02  6.6035e-01]"
pawns,"[ 0.15597    0.030227  -0.10726    0.020194   0.078983   0.9858
 -0.10533   -1.0065     0.24197   -0.18234   -0.17639   -0.36491
 -0.10947    0.63829   -0.35515    0.1929    -0.65595    1.0995
  0.23385   -0.90437    0.45213    0.24785    0.17096    0.33234
  1.2561    -0.18537    0.33877    0.3476    -0.24997    0.034684
  0.9482     0.55808   -0.28488   -0.23711    0.5647     0.057414
 -0.62883    0.72032   -0.060654   0.4346    -0.048298  -0.10926
  0.0031952 -0.15163   -0.58173    0.32152    0.0059072  0.73732
 -0.22653    0.38033   -0.14463   -0.21635   -0.37559    1.0811
 -0.2852    -0.019849   0.48545   -0.88348   -0.0048591 -0.13045
 -0.89747    0.33983   -0.6175     0.64162    0.063716  -0.44289
  0.13731    0.78944    0.18198   -0.3853    -0.4737    -1.5266
  0.58171   -0.0096357 -0.41263   -0.41572   -0.29921    0.37834
  0.60918    0.27758   -0.31481    0.47766   -0.22093    0.12815
 -0.6427     0.12235    0.24575    0.15857    0.63801   -1.0848
 -0.53656    0.40655   -0.39139    0.2957    -0.45743   -1.7047
  0.22405    0.01753   -0.31374   -0.31778  ]"
solzhenitsyn,"[-0.14593   0.99946   0.54582   0.2179    0.56229  -0.31925   0.12802
 -0.52387  -0.4234    0.21191  -0.40444   1.4925   -0.10112  -0.77222
 -0.74045  -0.11896   0.51807  -0.085898 -0.48752  -0.54089  -0.62646
  0.66481   0.2814    1.2342    0.83909  -0.24333  -0.8322    0.64463
  1.2212    0.31441   0.1795    0.53011  -0.019715 -0.40461  -0.17941
  0.56669   0.52654   0.13615  -0.94154   0.088953 -0.67489   0.61106
  0.16717  -0.16065   0.36057  -0.33624  -0.11481  -1.0683    0.53169
  0.89406   0.841     0.12012   0.63137   0.42103  -0.46553   0.22862
  0.39745   0.18901  -0.25907  -0.030053  0.24683   0.22624  -0.47995
  0.031579  0.52053   0.24508   1.0233   -0.035379 -0.18861   0.041839
 -0.26527  -0.02092   0.23325   0.75158  -0.22579   0.14335   0.57249
 -0.057623 -0.084408  0.38028   0.10495   0.31318   0.46626   0.17279
 -0.27082   0.27231   0.10424  -0.3056   -0.20385  -0.13606   0.95538
 -0.49764   0.76785   0.0257   -0.18255  -0.29343   0.22716   0.32669
 -0.96228   0.60932 ]"
oatmeal,"[-0.54811   0.47203  -0.17221  -0.26595  -0.39182   0.30229   1.1205
 -0.44697  -0.1749   -0.5243   -0.16072   0.045489 -0.092569  0.77902
  0.18838   0.74975   0.21913  -0.49935   0.002619  0.14346  -0.9256
  0.67948   0.15862  -0.30714   0.44742   0.90957  -0.38001  -0.18918
 -1.0878   -0.34558   0.13346   0.66769   0.43563  -0.84296   0.27577
  0.69995   0.26816   0.94577  -0.11955  -0.081635  0.25023  -0.4958
 -0.76451  -0.44797  -0.42804  -0.15004  -0.34311  -0.42835   0.63134
 -0.61141   0.050993  0.019255  0.30938   0.50654  -0.34766   0.12652
  0.46106   0.364    -0.055292 -0.66764   0.15207  -0.013287 -0.094601
 -0.18336  -0.1311   -0.55602   0.73388  -0.2453    0.11512  -0.76865
 -0.59836  -0.61744   0.7667    0.32839  -0.64505   0.792     0.17925
 -0.24762   0.13664   0.27943  -0.15373  -0.03062   0.20615   1.3084
  0.09308  -0.77276   0.83777  -0.23644   0.035195  0.24678   0.04549
  0.4802   -0.61076   0.39257  -0.6908   -1.6285    0.5953   -0.23589
 -0.094331  0.72245 ]"
riveted,"[-0.60259    0.78802    0.33652    0.098459   0.17323    0.35952
 -0.63017    0.10399    0.60288   -0.083789  -0.047015  -0.11942
  0.082654  -0.13918   -0.85958   -0.46705   -0.28449    0.033864
  0.20034   -1.2436     0.28047    0.11613   -0.11635   -0.46694
  1.383     -0.64954    0.69458    0.67143    0.33754   -0.27815
  1.138     -0.18864    0.1042     0.087675  -0.35782   -0.17361
  0.011685  -0.012585  -0.28816    0.51025   -0.23767   -0.43961
 -0.37       0.12488   -0.26335    0.16383    0.52664    0.17014
  0.90781   -0.5103    -0.62272   -0.20188    0.13867    0.64419
 -0.34842    0.033629  -0.36175   -0.54099    0.05534   -0.53524
  0.019512   0.96101    0.35573   -0.16785    0.18823    0.26254
 -0.05856    0.76081   -0.47981    0.17714    0.1164     0.21768
  0.56872    0.92331    0.11666    0.65325    0.53302   -0.079959
  0.42603   -0.1994     0.15613    0.23702    0.0075451  1.1373
 -0.069156  -0.35799   -0.68367    0.50934   -1.0704    -0.6408
  0.0369    -0.08073   -0.32293   -0.35655    0.99783   -0.51029
  0.20355   -0.22181    0.27028    0.56571  ]"
noordin,"[-0.19326   0.044279 -0.34872  -0.23114   0.92671  -0.8729   -0.25454
 -0.53661  -0.61814   1.4288    1.7511    1.0234    0.14567   0.16656
 -0.29652   1.2261   -0.28751  -0.77158  -1.1236    0.70566  -0.095842
 -0.33642   0.95297  -0.24479  -0.18531   0.15754   0.68155  -0.62263
 -0.46281  -0.038825  0.425     0.055474 -0.091015  0.46006   0.67704
  0.43076  -0.072839  0.57385   0.15397   0.24024  -0.13362   0.88397
  1.8327    0.30024   0.32475  -0.46728   1.15      0.63024   0.039671
  0.51469  -0.98463   0.068259  0.4466    0.9399   -0.066348  0.45934
 -1.0967    0.54941  -0.46354   0.21704  -0.38558   1.0725    0.13309
 -0.38439   0.61701   0.40963   0.26327   0.76007   0.99087  -0.092272
 -0.3913   -0.013259  0.46918  -0.7151   -1.0461   -0.034348 -0.20375
 -0.64854   1.1882   -0.027178  0.84554  -0.22975  -0.49219   0.20037
 -0.11305  -1.0692   -0.45156   0.96948  -0.49307   0.51144   1.3052
  0.37181   0.024537 -0.19484   0.71865  -0.56483   0.43157  -0.37365
 -0.45565  -0.53714 ]"
snell,"[-0.27266   -0.75778    0.20921   -0.62834   -0.42967   -0.69089
 -0.31464   -0.099564  -0.40814   -0.4207     0.32032    0.19844
 -0.54346    0.19865    0.12043   -0.095893   0.13829    0.40272
 -0.046184  -0.22712   -0.42278   -0.27437    0.81451    0.35577
  0.98431    0.33832   -0.10655   -0.015579  -0.64251   -0.12215
  0.21437    0.049672  -0.46896    0.42849   -0.22728   -0.049441
  0.27588   -0.19008    0.0019724  1.0516    -0.45283    0.56002
 -0.47217    0.3953    -0.44431    0.11413    0.12242   -0.26211
 -0.17042    0.24574   -0.24423   -0.1695    -0.12165   -0.57855
 -0.71858   -0.17243   -0.35528   -0.25832   -0.67759    0.18015
 -0.24579   -0.62868   -0.57732    0.078745   0.14521    0.058859
  0.20178    0.60463   -0.17425    0.51986   -1.0883    -0.3595
 -0.24412    0.18876    0.15828   -0.22755    0.47737   -0.57377
  0.29115   -0.073822  -0.42389    0.44772    0.33395   -0.27336
  0.34784    0.74317    0.31374   -0.68402   -0.33843    0.02008
  0.22269   -1.201      0.4812    -0.24303   -0.258      0.022119
 -0.12267   -0.17235   -0.068965  -0.23596  ]"
brentford,"[ 0.17386   -0.32435   -0.28096    0.12229    0.45435    0.41011
  0.50781    0.21881    0.025278   0.19936    0.46659   -0.97105
 -0.43983   -0.34777    0.76986   -0.21672    0.82839    0.45574
  0.62254    0.13612   -0.0248    -0.45217    0.13614   -0.36425
  0.46111    0.25173    0.33359    0.44416   -0.22861    0.41354
 -0.37212    0.081337  -0.0062985  0.20796   -0.63301    0.79728
 -0.72589    0.2337     0.017502  -0.21525    0.58523   -0.46748
 -0.018887  -0.18831    0.51396    0.4002     1.0456     0.21913
  0.75889    0.65365   -0.057988  -0.44493   -0.2294     0.87502
 -0.12329   -0.021401  -0.34027   -1.4037    -1.4878    -0.025751
 -0.38367   -0.4109    -1.1093     0.24136    0.24163    0.30811
  0.13463    0.82486   -0.43902   -0.23729   -0.44225   -0.2504
  0.56518   -0.9973     0.052267  -0.30993    0.19476   -0.15659
 -0.48323   -0.32808    0.58962    0.59783   -0.04647    0.41425
 -0.10055   -0.26561   -0.84368    0.35419    0.64317    0.47824
 -0.95727    0.40365   -0.37627    0.68778    0.19493   -0.61328
  0.36492    1.5446     0.26779   -0.67848  ]"
koller,"[-0.10084   0.1713   -0.20204   0.22243  -0.21644   0.48916   0.10529
 -0.082158 -0.1796    0.25585   0.36415  -0.4299   -1.0926   -0.15267
  0.41728   0.81532   0.76332   1.0462   -0.33491  -0.46951  -1.1657
  0.2694    0.16742   0.97652   0.45724  -0.10799   0.23153   0.52546
 -0.5324   -0.52527  -0.47114   0.01797  -0.20885  -0.33763  -0.08472
 -0.33822   1.3355    0.72442  -0.52346   0.4116   -0.06897   0.74956
  0.87404   0.51978  -0.26127   0.67792   0.2033    0.51071  -0.26321
  0.26182   0.42417  -0.29855  -0.28483   0.12234  -0.4386    0.024832
 -0.58636   1.4631   -0.089178  0.70208   1.2206    0.69064  -0.71561
  0.70042  -0.34209   0.26626  -0.083956  0.79555  -0.31677  -0.56852
 -0.18804  -0.35877   0.30215  -0.50138   0.42748  -0.7909   -0.29375
 -0.027061  0.29805   0.13735   0.44131  -0.34929  -0.45679  -0.72542
  0.22425  -0.30295   0.052184  0.75874  -0.61805   0.086116 -0.15095
  0.18656  -0.2114    0.54205  -0.79995   0.17166   1.0115   -0.056853
 -0.65682  -0.086677]"
antennae,"[-4.2740e-01 -2.9777e-01 -9.8337e-04 -6.8195e-01 -1.6130e-02  1.3280e-01
 -5.1263e-01  3.6884e-01 -7.9268e-02  3.6481e-01 -3.3221e-02  2.1310e-01
  1.1468e+00  8.9013e-01  1.0112e+00 -1.2727e-01 -8.6626e-01  1.4344e-01
  6.9625e-01 -3.7732e-01 -1.1030e+00  4.1240e-01  1.4924e-01  1.9190e-02
  1.3600e+00  3.0780e-04  3.6891e-01  1.0211e+00  1.1113e-01  6.4798e-01
  5.7651e-01 -9.6167e-02  2.9480e-01  2.9104e-01  3.4718e-01  4.6837e-02
  1.4630e-01  5.6562e-01  5.5292e-01  3.9933e-01  1.1313e+00 -6.3455e-01
 -7.8463e-01  2.3078e-01 -8.1147e-01  5.0330e-02  8.3053e-01  4.0656e-01
 -4.6832e-01  3.3090e-01 -4.1041e-01  8.4605e-02 -4.3473e-01  1.0371e+00
  3.8922e-01 -1.6458e-02  3.8517e-01  2.0321e-01 -1.8419e-01  5.4114e-01
  4.3923e-01  4.8189e-01  6.8579e-01  7.9018e-01  5.5286e-01 -1.1613e-02
 -4.6057e-01 -1.7167e-01  1.4496e-01  1.5022e-01  4.6297e-01 -4.2301e-01
  6.2509e-01 -4.3156e-01 -3.1174e-01 -2.7543e-01 -7.4633e-01  1.6695e-01
  4.9770e-01 -2.2900e-01 -4.0205e-01 -1.9709e-01 -2.7626e-01  3.7688e-01
 -6.6098e-01 -4.8961e-01  6.7991e-01  7.3452e-01  3.8544e-01  2.1221e-01
  2.1488e-01  3.3583e-01  3.7703e-01 -7.2082e-01 -3.3911e-01 -4.8788e-01
 -1.0874e+00 -2.3052e-01 -3.7462e-02  4.5474e-01]"
impart,"[-0.23388    0.45349   -0.34886    0.039718  -0.13241    0.18463
 -0.51263   -0.082455  -0.10526    0.47526   -0.30747   -0.22699
  0.32327    0.031159   0.54159   -0.37942   -0.25823   -0.11667
 -0.31843    0.53145   -0.72004   -0.64259    0.18371   -0.5785
 -0.24131    0.22282    0.0094376  0.037831  -0.078601  -0.33786
 -0.51762    0.18628   -0.90605    0.16012   -0.52726    0.23237
 -0.45762    0.73664   -0.35823    0.096651   0.15455    0.45094
 -0.5691    -0.84282   -0.87515    0.24578    0.32489    0.4596
  0.24349   -0.49002   -0.63575    0.16823   -0.20203    0.45918
  0.58479    0.047657   0.97891   -0.38731    0.36378   -0.84192
  0.25154    1.0017    -0.31133    0.13237   -0.25537   -0.61521
 -0.011851  -0.21425    0.023898  -0.44978    0.055955  -0.092234
  0.6339    -0.44878    0.18829    0.32814   -0.70867   -0.44399
 -0.39146   -0.32522   -0.68379   -0.16591   -0.65693   -0.58627
  0.37449    0.19863    0.79961    0.33019   -0.25576    0.19633
 -0.25961    0.16819   -0.27884   -0.80252    0.18338   -0.68534
 -0.0328    -0.72068   -0.32601    0.80659  ]"
crux,"[-0.16405    0.31124    0.37262    0.21407   -0.56052   -0.24324
 -0.35003   -0.19581    0.94738    0.13657    0.0016064  0.64473
  0.29148    0.37045   -0.44029   -0.35054    0.016923   0.52191
  0.74372   -0.56394   -0.20771   -0.4751    -0.2078     0.33013
  0.1432     0.56904    0.82654    0.20757   -0.23596   -0.85571
 -0.43034   -0.86905    0.72336    0.045398  -0.38175    0.22457
  0.13709    0.14639    0.27049    0.1803     0.25192    0.61158
 -0.026541  -0.39471   -0.49322    0.5011     0.56653    0.78551
 -0.49774    0.90415    0.68507    0.38757    0.14695    0.018735
 -0.95014   -0.15275    0.27739   -0.34586   -0.045297  -0.22724
 -0.38205    0.56327   -0.49134    0.016865   0.15352   -0.38005
  0.16062    0.40511   -0.23396   -0.095694   0.3759    -0.15873
  0.0081462  0.36703    0.24673   -0.033871  -0.027757  -0.42558
 -0.38278   -0.10027   -0.59234    0.28132   -0.21944   -0.21072
 -0.36226    0.10091   -0.77133    0.049155   0.64699   -0.69857
 -0.39725    0.02373   -1.217      0.71738    0.56309   -0.24267
  0.20134   -0.32047    0.24004    0.85754  ]"
tsb,"[ 0.29484   -0.29011    0.11241   -0.32457    0.25803    0.30173
  0.04414   -0.29324    0.32461    0.09631    0.32901    0.74933
 -0.40892    0.51072   -0.24459    0.24959   -0.64957   -0.33821
  0.36921    0.45877    0.33043   -0.86105    0.37653   -0.33415
  0.30291   -1.2628     0.44488    0.14277   -1.2418    -0.31806
  0.12826    0.011618  -0.34157   -0.93823    0.23449   -0.3365
  0.020604   0.46814   -0.15219   -0.89672    0.26238    0.29961
 -0.25213    0.42287   -0.48799    1.6402    -0.31644    1.1257
 -0.30532   -0.87948   -0.21265   -0.0057036  0.59595   -0.16685
 -0.45207   -0.3961     0.093573  -0.54042   -0.59398    0.46511
  1.0148    -0.70655   -0.21445    0.26243   -0.1544     0.52302
 -0.75626    1.3134     1.3664    -0.96625   -0.5331    -0.39191
 -0.53013   -0.92655   -0.91395   -0.30163    0.12811   -0.4865
 -0.37108   -0.20735    0.27683   -0.78559    0.48798    1.2722
  0.34992   -0.72157    0.65764   -0.56617    0.47726    0.56547
 -0.3654    -0.15343   -0.10861    0.45502   -0.57761    0.45956
  0.80989   -0.38677    0.34745    0.14655  ]"
schizophrenic,"[ 0.73081    0.28027    1.0935     0.69279   -0.67216    0.85048
  0.82255   -0.35362    0.20173    0.70251   -0.55568    0.197
  0.10729   -0.66852    0.77987    0.59452   -0.44968    0.11806
  0.24063    0.089599   0.66136   -0.38942   -0.029982   0.0014643
 -0.036766  -0.12729    0.22572   -0.38229   -0.55443    0.34959
  0.74698    0.63903   -0.15031   -0.32631   -0.20562    0.32827
 -0.35109    0.26975    0.37      -0.058722  -0.053597   1.2482
  0.27646   -0.039031   0.052201   0.26729    0.09948    0.41079
 -0.013775   0.29702   -0.26641   -1.0783     1.0029    -0.28118
  0.28548   -0.13598    0.689      0.34175   -0.89754    0.37424
  0.26945    0.50388   -0.31401   -0.23836   -0.073578   0.55614
  0.65031    0.51201   -0.50821   -0.08314   -0.17309    0.31672
 -0.28224    0.19264   -0.24763   -0.16371    0.21746    0.25426
  0.53247   -0.83539    0.65438    0.78197   -0.25503    0.77607
 -0.99088    0.34153    0.14631    0.18768   -1.056     -0.53566
 -0.26932   -0.12316    0.47113    0.35267    0.51142    0.19087
  0.074398  -1.0238    -0.66626   -0.41927  ]"
graces,"[-0.267     0.12352   0.57259  -0.27369   0.29001   1.0576   -0.42187
  0.032237 -0.17317  -0.5017    0.51169   0.38581  -0.16102   0.43522
  0.10045   0.064805  0.92135   0.26027   0.29686   0.06896  -0.78703
  0.36357  -0.71939   0.19093   0.55228  -0.14465   0.069796 -0.20639
 -0.50174  -0.46265   0.61041  -0.38624   0.038245  0.15082  -0.65234
  0.40856  -0.69074  -0.20367  -0.53278  -0.61222   0.055215 -0.057539
  0.15948   0.55972  -0.55678   0.2497   -0.33136   0.28673   0.083464
  0.42596  -0.48239   0.043709 -0.11646   0.71263   0.25214  -0.24808
  0.6683   -0.39797  -0.29784  -0.071661  0.2324    0.35501  -0.50267
  0.1985   -0.13121   0.060602 -0.20225  -0.53104   0.26099  -0.94597
  0.30348  -0.20967   0.45566  -0.12739   0.43685  -0.088326  0.10111
 -0.15871   0.13088  -0.064728 -0.58928  -0.040029  0.11878  -0.10809
  0.055467  0.030418 -0.078594 -0.15028   0.080014 -0.69945   0.26857
 -0.11244   0.22946  -0.033041 -0.48932  -0.25551   0.18688  -0.4521
 -0.37526   0.54411 ]"
amphetamines,"[ 0.61268   -0.3723     0.28516   -0.43865   -0.45778    0.16169
  0.11356    0.33323   -0.30767    0.15346   -0.25379   -0.19451
 -0.90291    0.78845    0.30179    0.39516    1.0217     0.41424
 -0.0043984 -0.1671     0.87596   -0.40552   -0.41739    0.71195
 -0.19768    0.46812    0.65876   -0.34929   -0.15108    0.8846
 -0.23457    0.1248    -0.81598   -0.081557   0.29259    0.16856
  0.3121     0.64381   -0.82       0.017708  -0.53827    0.2325
  0.8214    -0.57446    0.02078    0.361      0.94744   -0.57042
 -0.44565   -0.4735     0.041847   0.75426   -0.35478    0.12414
 -0.0073728  0.62074   -0.76112    0.29588   -0.064352  -0.3745
 -0.16476    0.74482    0.42101    0.075108  -0.77669    0.14534
  0.59919   -1.1937     0.82312   -0.19236    0.18489   -0.39051
  0.40904    0.36628   -0.72043    0.49667   -0.52714    0.049747
 -0.063971   0.080554   0.53604   -0.65907   -0.70391   -0.34319
 -0.40143   -0.032568   0.59058    0.2086    -1.4682    -0.12368
 -0.74898    0.013255  -0.51751   -0.66089    0.55085   -0.098715
 -0.24534   -0.19584    0.0039437  0.17964  ]"
y',"[-0.20706    0.46088    1.0526    -0.77982   -1.0729     0.29911
  0.021026   0.72361    0.56428    0.055207   0.68171   -0.027979
 -0.022385   0.042037   0.50615   -0.10134   -0.23305    0.73798
 -0.12446    1.1057    -0.029266   0.30674   -0.363     -0.66273
 -0.15523    0.19401    0.75861   -0.62846    0.78136   -0.62459
  0.041208   0.1693     0.10179    1.0088     0.21947    0.23717
  0.0926    -0.13288    0.69074   -0.74172   -0.41979    0.62607
 -0.4852    -0.33274   -0.59934    0.29003    0.19916    0.22737
 -0.028564  -0.45891   -0.63458    0.73925   -0.1872    -0.53193
 -1.3082     0.56194    0.59181    0.59404   -0.25577    0.33948
 -0.21705    0.57928   -0.88375   -0.24873    0.21092    1.223
  0.40508    0.27613   -0.47295   -0.44381    0.47802   -0.1255
  0.017573  -0.39042    0.016536   0.50024   -0.14319   -0.45134
  0.035107  -0.087665  -0.14052   -0.70561   -0.20134    0.11597
 -0.21648    0.54403    0.053371  -0.50474   -0.75201    0.11497
 -0.20216   -0.0037873  0.16233   -0.084976  -0.27406   -0.55436
  0.30421   -0.19796   -0.36018    0.7145   ]"
ver,"[ 0.10771   -0.17084    0.51002   -0.084     -0.47569    0.35304
  1.1387    -0.0061331  0.57028   -0.032628  -0.24086    1.0228
  0.28693   -0.51607    0.88116   -0.31421   -0.0037317 -0.12787
 -0.03681   -0.068338   0.72769    0.19549    0.090571   0.55577
  0.82587    0.315     -0.16821   -0.084941   0.27331    0.15015
 -0.19344   -0.84274   -0.63434    0.42868    0.12751    0.18217
  0.90715    0.30796   -0.1802     0.060126  -0.066872   0.28332
 -0.49643   -0.017628   0.56886   -0.037149  -1.026     -0.42098
 -0.060143  -0.31022   -1.2874     0.20011   -0.76672   -0.49178
 -0.38469    0.25601    0.69505    0.10825   -0.27162    0.30929
  0.17542   -0.51073   -0.10561   -0.68312    0.24696   -0.221
 -0.036143  -0.3704    -0.6113     0.43861    0.38618    0.41626
 -0.56585   -0.37716   -0.31375   -0.65551    0.28603   -0.7781
  0.16396   -0.22765    0.23011   -0.89416    0.21886   -0.66388
  0.057454   1.3694     0.19201   -0.07762    0.079453   0.24015
  0.56826   -0.56685    0.44642    0.11974    0.77729   -0.59602
  0.14636   -1.6219     0.12026   -0.35745  ]"
eclipsing,"[-0.004674   0.17731    0.89458    0.26516    0.24837    0.34835
 -0.047194  -0.075631  -0.56914    0.58197    0.33577    0.016393
  0.22989   -0.7273     0.50937   -0.13752    0.30925    0.35743
  0.36558    0.017396  -0.25827   -0.017008   0.053407   0.29359
  0.95214   -0.38912    0.10082    0.026005  -0.12178   -0.3629
  0.70726   -0.5392    -0.21037   -0.10831   -0.072419  -0.41727
 -0.12681   -0.15967   -0.77434   -0.047395   0.35445    0.091213
 -0.09668    0.63691    0.022926   0.22456    0.87028   -0.079456
 -0.014438  -0.51542    0.76847    0.13113    0.79002    0.062567
 -0.13447   -0.38795   -0.063735   0.6707    -0.091848   0.19913
 -0.69382   -0.45654   -0.0051277  0.63781   -0.53767    0.091372
  0.38832   -0.047343   0.66273   -0.31325   -0.34401    0.57184
 -0.60656    0.6345    -0.20241   -0.55128   -0.094004  -0.70286
 -0.43361    0.24184   -0.045679   0.20841   -0.24227   -0.034082
  0.0091802  0.11055    0.12793    0.53777    0.018192   0.11353
 -0.12604    1.2102    -0.59716   -0.064872  -0.18094   -0.31101
 -0.29033   -0.058746  -0.44911   -0.0081008]"
milieu,"[ 0.35658   0.056142  0.31998  -0.035072 -0.17206   0.46992  -0.087813
  0.10744   0.26748   0.68217  -0.58338  -0.0383   -0.11159  -0.45642
  0.095209  0.067636 -0.3426   -0.2467    0.29231  -0.16276   0.15567
 -0.024307 -0.066355 -0.28315  -0.099158 -0.55639   0.002409 -0.67172
 -0.19571  -0.57826  -0.14126  -0.36925  -0.37344  -0.32071   0.25965
  0.13539   0.054818  0.26133  -0.31893  -0.17405   0.18408  -0.011955
 -0.67112  -0.078648 -0.12437  -0.20043   0.060457  0.35228   0.15306
  0.55662  -0.42561   0.16923   0.086999  0.12676  -0.12088  -0.40907
  0.10837  -0.13327  -0.22511   0.22033  -0.11636   0.22912  -0.049071
 -0.30183   0.58274  -0.2946    0.18851  -0.66807   0.21943  -0.017592
  0.26496  -0.35144   0.31065  -0.18927  -0.37944  -0.63841   0.19678
 -0.41869   0.014023  0.016557 -1.0771    0.46137  -0.017973  0.32667
 -0.28091   0.50483  -0.70688  -0.11284  -0.61094  -0.48096   0.23937
 -0.032248  0.55267   0.24552   0.82623  -0.011954 -0.21185  -0.48688
 -0.14986   0.60103 ]"
archived,"[-0.4453     0.18871   -0.004131  -0.52321    0.78524    0.79532
  0.18801    0.29617    0.49248   -0.2756     1.023      0.43779
  0.45106   -0.31647    0.06605    0.073487   1.2136     0.08603
  0.40029   -0.30807   -0.59563    0.059715   0.37775    0.41879
 -0.080715  -1.2372     0.83505    0.32953   -0.11688    0.34959
  0.18682   -0.012809  -0.6471     0.99689   -0.21164    0.039089
 -0.79703   -0.44734   -0.98202   -0.27413    0.29714   -0.17942
 -0.997      0.28258   -0.10327   -0.22061   -0.0081703 -0.43415
  0.40137   -0.13548    1.1434     0.028725   0.64089   -0.49768
  0.19537    0.22209    0.090766  -0.43647    0.17085   -0.53164
 -0.63586    0.74431   -0.039422  -0.36042    0.36185   -0.14774
  0.60425    0.34671    0.32536    0.068565   0.26468    0.31544
  1.1632    -0.050443  -0.17524    0.29245    0.12423   -0.14537
 -0.35045   -0.36095   -0.17493    0.077142   0.16851    0.17656
 -0.37692    0.29213    0.59074    0.29368   -0.47069    0.11436
 -0.64448    0.4506     0.34392    0.23559    0.34396   -0.74943
  0.038331  -0.19681    0.38048    0.34899  ]"
vented,"[-0.60333   -0.17083    0.3133    -0.83784    0.14274    1.1427
 -0.72868    0.26323    0.53685    0.1752    -0.17061    0.043172
 -0.077685  -0.262     -0.5111    -0.77206   -0.47785    0.39681
 -0.084347  -1.6304     0.56513    0.071963  -0.17313    0.38959
  0.16246   -0.16667   -0.010332   0.6485     0.64894    0.094982
  0.49056    0.35448   -0.65171    0.3892    -0.37179    0.29646
  0.32405    0.66441    0.15526   -0.38685   -0.20931   -0.29208
 -0.089197   0.10492   -0.016098  -0.10676    0.28123    0.35867
  0.58311   -0.30464   -0.12941   -0.22773    0.0049527  0.31824
  0.13738    0.089242   0.61353    0.18244   -0.39799   -0.057593
  1.025      0.3337     0.40279    0.59672   -0.21975    0.13731
  0.67889   -0.45138   -0.31224   -0.71068    0.29896    0.13283
  0.25779   -0.42705   -0.94143    0.96617    0.72065   -0.42158
  0.012991   0.30609    0.41658    0.053993  -0.018612   0.098198
  0.38906   -0.31455    0.54045    0.60055   -0.81449   -0.079625
 -0.69306    0.057411  -0.65911    0.059503   0.56848   -0.15792
 -0.36159   -0.031065   0.88003   -0.22074  ]"
welshman,"[ 0.12891   0.82661   0.54142  -0.5165   -0.041869 -0.25269   0.49291
  0.12856  -0.94077   0.1832   -0.47962   0.20853   0.22561  -0.065063
  0.83263   0.031295  0.010963  0.63096  -0.5047   -0.87793   1.1701
  0.19082  -0.19252  -0.35224   0.19392  -0.2058   -0.15613  -0.9412
 -0.19024   0.33623  -0.9872   -0.36869  -0.12404  -0.15615  -0.15657
  0.045241 -0.54962   0.31532  -0.027314  0.35803  -0.99255  -0.12248
  0.91293   0.46933  -0.17122   0.4268    0.027977  0.094429 -0.56556
 -0.12981   0.54898   0.41035   0.20025  -0.039877  0.71403   0.39466
 -0.67979   0.73156  -1.057    -0.37696   0.24212  -1.1826   -0.26519
  0.97331   0.25898  -0.44398   0.58822   0.41896   0.09873   0.12977
  0.14872  -0.070782 -0.53262  -0.73767  -0.42736  -0.24094  -0.47294
 -0.8036   -0.19481   0.011799  0.11624  -0.27058   0.10997   0.52853
  0.2746   -0.82746  -0.23262   0.38925   0.027214  0.29365  -0.10723
 -0.30983  -0.41723   0.49026   0.099187 -0.14553   0.78278  -0.2535
 -0.42283   0.00592 ]"
jharkhand,"[-0.84322    0.18773    0.96244   -0.41333    0.19258   -0.081051
 -0.48854    1.3271    -0.41222    0.60746   -0.54318   -0.35619
  0.41586    1.4025    -0.27267    0.061052   0.57588   -0.4
 -0.171     -0.29739   -0.12716    0.4546     1.0357     0.1821
 -0.46322    0.31937    1.4799     0.70923    0.28941   -0.33752
  0.38015    0.10677   -0.011592  -0.47928    0.056159  -1.3902
 -0.38707   -0.6836    -0.015629   0.44808   -0.24788    0.76205
 -0.01197    0.51359   -0.82192   -0.17891    1.2134     0.14826
  0.08127    0.56456   -1.2466     0.029956   0.44627    0.0075856
 -0.92554    0.74386   -0.1175    -0.40921    0.33864    0.1606
 -0.088952  -0.22909    0.019067   0.68222    0.68307    0.45981
  0.20663    0.28967    0.73582    0.46666   -0.26755   -0.82423
 -0.19063    0.31218    0.47134    0.37098    0.072402   0.29839
  0.12195    0.21064   -0.46075    0.24741   -0.11081   -0.71859
  0.91901    0.31067   -0.21184   -0.032724   0.29552   -0.0016867
  1.0998    -0.47386   -0.978      0.20198   -0.43459    0.12168
  0.62651    0.28723    0.0846     0.058352 ]"
kleinwort,"[-0.097179  -0.8371    -0.080519  -0.54146   -0.096825  -0.66082
  0.29561    0.1719    -0.088866   0.52804   -0.80941   -0.21189
 -0.010055   0.74479   -0.026203   0.0030375 -0.66061   -0.42983
  0.95555    0.73819   -0.46497    0.39644    0.058842   0.0070751
  0.98397    0.077014   0.46439    0.25405   -0.1352     0.77576
 -0.73305   -0.17401    0.12755    0.43986   -0.52768    0.50023
  1.0475     0.62632    0.22837   -0.38926    0.63927   -0.43519
 -0.48916    0.79673   -0.66804   -0.22327    1.341      0.29339
 -1.1787    -0.67286    0.26326    0.30692    0.74152   -0.92353
 -0.88073    0.023762  -0.85958   -0.053571  -0.765      0.6957
  1.148     -0.35018   -0.36526    1.102     -0.73771   -0.28662
  0.17322    1.2156     0.44969    0.21704   -0.44052   -0.83077
 -1.2246    -1.5174    -0.2495    -1.0664    -0.57404   -0.13372
 -0.7532    -0.26841    0.9443     0.13129   -0.052612   0.35111
  0.22296    0.335      0.15238   -1.3605     0.66308   -0.17181
  0.11314   -0.0077848  0.93345   -1.5202     0.14234    1.0296
  0.070604   0.67365   -0.49643    0.92789  ]"
batavia,"[-0.17937   -0.35367    0.51235   -0.22914   -0.52419    0.30268
  0.25583    0.014879  -0.52135    0.41832    0.38606    0.20497
 -0.49077    0.52173    0.035342  -0.27143    0.63508   -0.2403
  0.54871   -0.67947    0.28464    0.2698     0.57064    0.18653
 -0.54989   -0.45801   -0.13617    0.026691   0.49354    1.1084
 -0.66599    0.27984   -0.42235    0.35595   -0.24596   -0.32574
  0.3347    -0.40488    0.4328    -1.2669    -0.53934   -0.3043
 -0.57381   -0.80942    0.11925    0.89672    1.0744    -0.22829
 -0.052768   0.9447    -0.30119    0.34071   -0.14167   -0.73321
 -0.53409    0.12954   -0.29789   -0.91852    0.039543  -0.065645
 -0.27164    0.44238   -0.60133   -0.2342    -0.58045    0.37728
 -0.24775   -0.11584   -0.52194   -0.10795   -0.26441   -0.431
 -0.056265  -0.55631    0.33156   -0.46243    0.20858    0.47649
 -0.40027   -0.26068   -0.026375  -0.154      0.10783    0.46949
  0.59545   -0.0092679  0.41822   -0.88985   -0.45217    0.15558
 -0.011423  -0.58208    0.41923    0.37565   -0.023721   0.057713
  0.51197   -0.18907    0.18128   -0.094579 ]"
amis,"[-0.5853     0.17165   -0.47321    0.18832   -0.26801    0.27569
  0.28103    0.25528   -0.088688  -0.74671   -0.46729   -0.046764
  0.17499   -0.016574  -0.83672   -0.32031    0.63011   -0.03275
  0.46121    1.3388     0.35795   -0.3079    -0.060763   0.096707
  0.96164   -0.21028   -0.56934   -0.84178    0.10577   -0.085499
 -0.3438    -0.20344   -0.61812   -0.87177    0.077374   0.205
  0.43055    1.0489     0.15758   -0.04621   -1.0377     0.81156
 -0.30179    0.46524   -0.14752   -0.31549   -0.87018   -0.33122
 -0.43595    0.14523   -1.008      1.0966     0.074401   0.43119
 -0.72707    0.2959     0.48078   -0.066312  -0.17641   -0.54499
  0.65387   -0.01206    0.067807  -0.25698   -0.46743   -0.76894
  0.016467  -0.30027    0.046025  -0.12981    0.65643    0.084154
 -0.23713   -0.67085    0.28984   -0.80604    0.43666    0.97111
 -1.107      0.85779   -0.42105   -0.084906   0.40882   -0.56791
 -0.16652    0.53784    0.60197   -0.23039   -0.11818    0.34554
 -0.13618    0.41057    0.25854    0.61169   -0.0092099  0.76118
 -0.51768   -0.23767   -0.8913     0.49751  ]"
crucially,"[-0.9974    0.26934   0.75014   0.069831 -0.16704  -0.48997  -0.06566
  0.11309   0.73364  -0.53468   0.10039  -0.13709   0.30663  -0.8081
 -0.27527  -0.46062  -0.45807  -0.07293   0.08601   0.33352   0.27615
  0.02834   0.33365   0.043381  0.16552  -0.49724  -0.50392  -0.058654
 -0.28405  -0.22937  -0.5437    0.035119 -0.48995  -0.29255   0.046883
 -0.054481  0.051486  0.30385  -0.87828  -0.022513  0.26776   0.32411
  0.95421   0.27338  -0.55393  -0.73799   0.84945   0.13072  -0.2273
 -0.068337 -0.39775   0.073475  0.40666   0.16148  -0.74173   0.53851
  0.41761  -0.65414  -0.52842   0.017912 -0.40764   0.16298   0.066914
  0.24914   0.22109   0.13185  -0.41974   0.19128   0.13258  -0.45625
  0.16035  -0.30383   0.69643   0.050718  0.49152  -0.60806  -0.30436
 -0.5761    0.30326   0.13054   0.24799   0.14214  -0.45915   0.05814
 -0.86156  -0.076073  0.23732   0.11514  -0.94187  -0.57817  -0.3668
  0.006606 -0.15209   0.10015   0.05391   0.26611   0.42196  -0.2127
 -0.032652  0.45086 ]"
foreclosed,"[ 0.38923   -0.4633    -0.0079217  0.51823   -0.32425    0.27293
 -0.51568    0.15091    0.85082    0.36471    0.25166    0.25005
 -0.07878   -0.59547    0.32504   -0.28698   -0.46563    1.1887
  0.38156    0.70671    0.29182    0.18833    0.37212    0.25181
 -0.41466   -0.90625   -0.19411   -0.069922  -1.5875     0.36007
  1.4971     0.10023   -0.3529     0.85574   -0.59175    0.14029
 -0.50552   -0.61648   -0.46149   -0.80524    0.58848   -0.43306
  0.061347  -0.36813    0.33855    0.36413   -0.007833   0.44672
  0.39521   -0.34721   -0.44522   -0.46411    0.78465   -0.28754
  0.1736     0.36554    0.12603   -0.44382    0.087808  -0.0036482
 -0.052904   0.59287   -0.071603   0.36309    0.42461    0.4821
  0.34761    0.32331   -0.39182   -0.97867   -0.085795   0.025794
 -0.03713   -0.31223   -0.10063    0.037226  -0.096775   0.19473
 -1.0428    -0.1749     0.35833    0.13038   -0.47623    0.91876
  1.0082    -0.31732    0.12227   -0.33923   -0.62794   -0.81532
 -1.3124    -0.26702    0.87077   -0.32547   -0.75076   -0.073314
  0.75602    0.54811    0.47222   -0.24256  ]"
a350,"[ 0.2651    0.16016  -0.2901   -0.21586  -0.50504  -1.1275    0.95404
  0.50367  -0.28274   1.4943    0.29108   0.49815   0.24667  -0.76474
 -0.29638  -0.18682  -0.42811   0.92919   0.8794    0.55987  -1.2212
 -0.10698  -0.094997 -0.024808  0.80792   0.69117  -1.262     1.0282
 -0.8307    0.35856   0.010689 -0.17224   0.044086 -1.291     0.16812
  1.2412    1.0389   -0.026138 -0.34195   0.99208  -0.30136  -0.15932
  0.43335   0.42398  -0.76272   0.21475   0.68967  -0.024707  0.13563
  1.2341   -0.42152   0.40614   0.25152   0.21981  -0.059916 -0.19196
 -0.79075   1.2042    1.2338   -0.99998   0.095795 -0.17602   0.20437
  0.84105  -0.11859  -0.014402 -1.1949    0.02777  -0.56214  -0.098938
  1.5274   -0.61482  -0.62119  -0.89145   0.78695  -0.3176   -0.24161
  0.95189  -0.37804  -0.40341   0.68246  -0.31921   0.9162   -0.56915
 -0.50141  -0.65568   0.28617  -0.30308   0.040472  0.91861  -0.53428
  1.1405    0.4277   -0.9559    0.016346  0.38016  -0.044086  0.24768
  0.76994  -0.63551 ]"
81-year,"[ 0.085012   0.15141    0.52541   -0.17878   -0.13838    0.71824
  0.020545  -0.11631   -0.18222   -0.077447  -0.39544    0.63065
  0.76911   -0.55397    0.58555   -0.12071    0.67027   -0.72182
  0.21391   -0.061635  -0.51587    0.026035  -0.019448   0.69548
  0.71046   -0.36863   -0.51362   -0.53102    0.0085984  0.52195
  0.25492   -0.21223    0.56009    0.22542   -0.94059    0.15856
 -0.056298   0.0097978  0.12923   -0.19205   -0.094443   0.17032
  0.5115     0.10656    0.10212    0.9757     1.1118     0.14726
 -0.0033542  0.2396     0.014219  -0.60437    0.80269    0.15266
  0.20403    0.2507    -0.73978    0.54396   -0.034475   0.40157
  0.40878   -0.47851    0.67612   -0.032951  -0.81724    0.28588
  0.50633   -0.014559  -1.0059    -0.50741    0.83382   -0.46189
 -0.34768   -0.20269    0.024927   0.10412   -0.18417   -0.20488
 -0.34017   -0.55482    0.39831   -0.38244    0.93108    0.38723
 -0.1848    -0.27746    0.11879    0.2289    -0.37257   -0.79115
  0.67856    0.41698    0.27295   -0.22225   -0.48259   -0.6546
  0.26861   -0.83067   -0.71436    0.010427 ]"
entrant,"[-0.015531   0.079522   1.0159    -0.55709   -0.0029327 -0.13371
  0.95456   -0.041113   0.66681   -0.20059   -0.68347    0.47303
 -0.55663   -0.81694    0.080179   0.081027   0.48714    0.14768
  0.51081    0.036346  -0.15317    0.080128   0.52051    0.4103
  0.42301   -0.21648    0.38853    0.029541   0.37577   -0.45751
 -0.6995     0.18139    0.34365    0.091816   0.89016   -0.11929
 -0.84682   -0.28896   -0.15975   -0.73408    0.19082    0.22256
 -0.20808    0.15733    0.24996   -0.034746   0.35187   -0.22529
 -0.060748   0.16418   -0.35346    0.22765    0.43554    0.033095
  0.12161    0.10234   -0.79395    0.41912    0.2415    -0.33604
 -0.18334   -0.41521    0.54991    1.0269     0.61597   -0.52105
 -0.62911   -0.23067    0.29964   -0.29661   -0.12722   -0.83972
 -0.33592    0.152     -0.6753     0.5208    -0.59115   -0.75446
 -0.22886   -0.8948     0.75549   -0.037922   0.3311     0.13708
 -0.19882   -0.86736   -0.44725   -0.080939   0.3801    -0.41914
 -0.4993     1.0613    -0.13408   -0.21362    0.05827    0.25417
  0.01615    0.42597   -0.092664  -0.28592  ]"
362,"[ 0.53713    0.74959    0.50073    0.18709   -0.10144    0.56151
  0.57972   -0.033745  -0.4811    -0.019109   0.63745    0.13513
  0.1951    -0.18556    0.50523   -0.17564   -0.16055    0.21369
 -0.21575    0.56716    1.0957     0.036579   0.26598    0.2288
 -0.3485    -0.7186     0.62498    0.73667   -0.48468   -0.43653
 -0.12717   -0.020286  -0.30673    0.084633  -0.62298    0.38271
 -0.14684   -0.10019   -0.3544     0.55051    0.069666  -0.59664
  0.20523   -0.17431   -0.091882  -0.091431   0.0089798 -0.49343
 -0.3795     0.77801   -0.37696   -0.21689    0.66973    0.39052
 -1.0421     0.39452    0.41575   -0.61444   -0.34988   -0.26726
 -0.30206   -0.37267    0.10099    0.53734   -0.46565    0.28183
  0.4216    -0.3707     0.19716   -0.067968  -0.21883   -0.12083
 -0.072509  -0.098669  -0.10307    0.39293   -0.28899    0.34101
 -0.24137   -0.21288    0.078002   0.20408    0.42163    0.1761
  0.36965   -0.066973   0.7183    -0.65308    0.044393   0.16752
  0.10272    0.66201   -0.41871   -0.35552   -0.33723    0.25493
  0.3562     0.079709   0.13623   -0.22927  ]"
nineveh,"[-0.58503    0.10618    0.83082   -1.2041     0.89849    0.47766
 -0.78331    0.043326   0.63388    0.82685   -0.27046    0.77915
  0.45044    0.26452   -0.030379  -0.40232   -0.036219  -1.4382
 -0.022284   0.31139    0.96242   -0.62619    0.020833  -0.1713
 -0.71246    0.077817   1.0743     0.5122    -0.42829    0.29448
 -0.18304   -1.4559     0.15887   -0.24023    0.12343    0.0040067
 -0.32609    0.49596   -0.084775  -0.0404     0.035331   0.21001
  0.38151   -0.34754   -1.0898     0.38167    0.42842   -0.27792
  0.51051   -0.5056    -0.92499    0.37026    0.11766    0.021725
 -0.74642    0.40722    0.19602   -0.72616   -0.61079   -0.28929
 -0.2041     0.42404    0.57818    0.070596   0.52371   -0.40196
 -0.60363   -0.38937   -0.67062    0.47792    0.21526   -0.41415
  0.6664    -0.20864    0.017585  -0.67924    0.034324   0.48021
 -0.28046    0.27232    0.29076    0.4797    -0.41887    0.37397
  0.95423    0.69569    0.15993   -0.33869    0.27214    0.49129
  1.1849    -0.3152    -0.59557    0.41682   -1.176      0.59886
 -0.12732   -0.23567    0.35525    0.22177  ]"
odisha,"[-1.0437e+00 -1.2427e-01  7.0274e-01  3.5647e-01  1.1806e-01  1.1773e-01
 -7.0792e-01  9.8024e-01 -2.9360e-02  2.5397e-01 -8.2380e-01 -6.9550e-01
  1.4820e-01  5.8961e-01 -4.6797e-01 -3.8932e-01  5.1807e-01  1.1501e-04
 -1.6311e-01  3.5271e-01 -8.1363e-02  3.5834e-01  6.6389e-01 -2.4442e-01
 -6.1399e-01  2.1557e-01  7.1733e-01  6.0532e-01 -4.4906e-02 -6.1099e-01
 -2.4771e-02  5.6033e-01  1.7721e-01 -5.1267e-01 -3.9591e-01 -8.8309e-01
 -9.9217e-01 -4.9773e-01 -7.0309e-01 -1.1542e-01 -3.1127e-01  7.1646e-01
 -2.3837e-02  4.7598e-01 -1.9743e-01 -9.2779e-03  1.2379e+00 -8.3236e-02
 -1.0599e-01  2.7212e-01 -6.2941e-01  2.4850e-01  1.2275e+00 -4.1076e-01
 -6.8072e-01  4.1883e-01 -5.5538e-01 -3.0778e-01  2.4661e-01 -3.6381e-02
  2.8759e-02  2.2838e-01  5.1047e-01  1.0363e+00 -5.4885e-02  4.3607e-01
 -2.0153e-01 -1.4111e-01  6.2298e-01  2.0202e-01  1.6100e-01 -5.2244e-01
  5.6390e-01  5.8550e-01 -4.6043e-01 -2.0713e-02 -2.8409e-01  4.0236e-01
  9.2097e-02 -5.9510e-02 -5.2327e-01  1.8821e-01 -2.2782e-01 -1.1406e-02
  4.9422e-01  6.9635e-01 -5.8789e-01 -7.0321e-01  3.3635e-01  1.5984e-01
  7.8672e-01 -5.3340e-01 -5.8957e-01 -1.1237e-01 -2.2346e-01  2.6848e-01
  3.6741e-01 -4.6256e-01  3.8830e-01 -2.8824e-01]"
1749,"[ 0.092114 -0.81252  -0.33811   0.72653  -0.59899   0.14      0.70593
 -0.41529   0.32385  -0.38628   0.45174  -0.14192  -0.32447   0.44308
  0.79879  -0.11227  -0.047667 -0.39205  -0.36498  -0.25767   0.014909
 -0.38944   0.68004  -0.081252  0.082961 -0.57599  -0.6254   -0.09887
  0.28265   0.11142  -0.32315  -0.087961  0.30559  -0.69001  -1.1921
  0.051885 -0.27487  -0.33245  -0.081127  0.089903  0.38529   0.1569
  0.11792  -0.38491  -0.39332  -0.58014   0.37401  -0.60453   0.43729
  0.52253  -0.7934    0.068021  0.7688    0.043621 -1.1555   -0.3568
 -0.027911 -1.3447   -0.90088  -0.15691  -0.23294   0.33243  -0.22886
  0.48929   0.21917  -0.45211  -0.76165  -0.38021   0.31958   0.098485
  0.084952  0.24263   0.01712  -0.27225  -0.45881  -0.3936    0.61009
  0.46436  -0.52086  -0.28089  -0.53597  -0.51449   0.31259   0.54272
  0.55355  -0.20066   0.57171  -0.81547  -0.28492   0.088138 -0.099068
 -0.090771  0.53057   0.26645  -0.20769   0.16056  -0.21584  -0.30367
 -0.49202  -0.82092 ]"
hilla,"[-0.7664    -0.085029   0.094092  -0.34053   -0.26513    0.30328
 -0.58585   -0.28878    0.50484    0.82267   -0.040018  -0.63212
  0.84292   -0.15226    0.50498    0.089758   0.094675  -0.18192
 -0.81029   -0.17855    1.5578     0.08841   -0.29337   -0.57922
 -0.81044   -0.042402   0.19108    0.23702   -0.12587   -0.04668
 -0.035989  -1.251     -0.065177   0.24267   -0.061488  -0.17728
  0.26374    0.45158   -0.27228    0.77455    0.34153    0.98028
 -0.18077    0.11447    0.028265   0.85932    0.0092155 -0.72089
  0.021548   0.27829   -0.25088    0.58611   -0.68292   -0.23916
 -1.2036    -0.40717   -0.97973   -0.22333   -0.78163   -0.9393
  1.1371     0.49998    0.41454    0.1219    -1.4399     0.54104
 -0.64485   -0.50874   -0.82472    0.12662   -0.82215   -0.59162
 -0.60313   -0.093163   0.032322  -0.4487     1.0009     0.099518
 -0.44168   -0.18373    0.83241    0.82178   -0.096368  -0.62063
  0.17562    0.17465   -0.41218   -0.086049   0.31654    0.29217
  1.6349     0.3134     0.70916    0.68019   -0.0799     1.3732
  0.40879   -0.13484    0.4295     0.33129  ]"
northerly,"[ 0.10101  -0.069524  0.42737   0.68199   0.32588   0.037637  0.37336
  0.2091   -0.61658  -0.37596  -0.44451   0.37323   0.70882  -0.73357
  0.69497   0.03636  -0.26376  -0.56802   0.39728   0.1251    1.1563
  0.47565   0.25918  -0.14261  -0.6363    0.17256   0.036212  0.23093
  0.31349  -0.057525 -0.66312  -0.21269   0.36629  -0.25503  -0.35299
  0.30405   0.057841 -1.116     0.40586  -0.14497  -0.64442  -0.21438
  0.49433   0.46556   0.84941   0.32995   1.0538   -0.51819   0.86203
  0.80432   0.22464   0.19902   0.61198  -0.33191   0.32553  -0.61361
  0.47057  -0.11787   0.17901  -0.63896   0.17047   0.28717   0.069077
  0.68667   0.20629  -0.15886  -0.45917  -0.41346   0.45033  -0.65482
 -0.7602   -0.87877   0.46072  -0.57374   0.40141  -1.1261   -0.40758
 -0.76616   1.2532   -0.36029  -0.27796   0.030754 -1.2201    0.24562
  0.39473   0.20408   0.25388  -0.16471   0.54529  -0.085697 -0.63386
  0.37041  -0.6797   -0.039572  0.19254   0.46261  -0.5402    0.34197
  0.49801   0.87623 ]"
1752,"[ 0.20838   -0.7893    -0.44852    0.40815   -0.60812    0.057646
  0.76432   -0.41358    0.30406   -0.31367    0.29942   -0.19009
 -0.20116    0.49218    0.80524    0.0075571 -0.074801  -0.14428
 -0.38991   -0.36554   -0.35503   -0.40743    0.78194    0.17105
  0.21632   -0.41604   -0.51229   -0.32639    0.19742   -0.059235
 -0.33051   -0.20411    0.24239   -0.85649   -1.1105     0.2092
 -0.37669   -0.31198   -0.11677   -0.092271   0.38109    0.010254
  0.43154   -0.46257   -0.49327   -1.0466     0.33619   -0.75767
  0.06768    0.18058   -0.86237   -0.075321   0.67374    0.040018
 -0.94827   -0.15576   -0.238     -1.0749    -0.87206   -0.22732
 -0.13346    0.41497   -0.22408    0.42695   -0.039151  -0.31355
 -0.85549   -0.31816    0.2765    -0.18089    0.17411    0.21036
  0.068991  -0.047912  -0.34802   -0.42232    0.61415    0.48775
 -0.60447   -0.13381   -0.36753   -0.50708    0.14895    0.43667
  0.77576   -0.047552   0.43594   -0.86013   -0.38307    0.18428
 -0.21394   -0.010358   0.42107    0.22475   -0.31895   -0.10897
 -0.23241   -0.35843   -0.47942   -0.65603  ]"
linus,"[ 0.305      0.13792   -0.15947   -0.73746    0.32473   -0.79769
 -0.23369   -0.8167     0.031114  -0.88254   -0.30062    0.48845
  0.085774   0.75519    0.13239    0.27068    0.30054    0.21641
  0.48367    0.315     -0.83073   -0.60739    0.18455    0.37612
  1.0108     0.15344   -0.50632   -0.1297    -0.39279    0.18717
 -0.66574    0.069191  -0.084944   0.53698   -0.45992    0.5405
  0.22154    0.96632    0.11789   -0.34053   -0.29323    0.021967
  0.39116    0.29958   -1.0271     0.23212   -0.39743    0.63192
  0.23268    0.7017     0.062974  -0.19502    0.46977    0.54205
 -0.71122   -0.011575  -0.10324    0.24681   -0.75359   -0.42964
  0.10904   -0.15577   -0.6822     0.6309     0.35634    0.54492
  0.074842   0.48814    0.24878    0.74846   -0.72999   -0.049084
 -0.65141   -0.16558   -0.81096    0.49774    0.028447  -0.49086
  0.75289   -0.48438   -0.039814  -0.62493   -0.87539    0.33843
 -0.10439    0.55209    0.2786     0.025773  -0.0066333 -0.085848
  0.95747   -0.45987    0.075846  -0.15671    0.39106   -0.25097
  0.30258   -0.069946  -0.6826    -0.031021 ]"
mort,"[-0.26817   -1.0397    -0.33331   -0.64633   -0.70922    0.27697
  0.3473     0.01557    0.26908   -0.4708     0.37326    1.0496
  0.43698   -0.54736   -0.36779   -0.31009    0.29777   -0.4458
 -0.47541    0.80648    0.61607   -0.17261   -0.17218   -0.42561
  1.5686    -0.10384   -0.55661   -0.66195   -0.0024748 -0.026326
 -0.53539   -0.2711    -0.96241    0.23851    0.054512   0.39885
  0.73156   -0.46698    0.094818  -0.42255    0.34454   -0.034893
 -0.7816     0.31244   -0.31384    0.50459   -1.145     -0.54757
  0.11132    0.41      -0.27389   -0.053975  -0.056584   0.10044
 -0.68794   -0.078271   0.53695   -0.36908   -1.2627     0.25942
 -0.22163   -0.27246   -0.36115   -0.097308   0.85378   -0.13496
  0.70594    0.063829   0.16309    0.20488    0.29466    0.81723
 -0.39017   -0.56427    0.0079857 -0.033433  -0.010856  -0.18938
  0.092716   0.24292    0.45342   -0.14154    0.05989   -0.038155
  0.79916    0.10884    0.12263   -0.7302     0.29576   -0.66591
  0.60178    0.061084   0.634      0.56987    0.55654    0.083666
 -0.091064  -0.54352    0.28079   -0.10998  ]"
bock,"[-0.296     -0.58876   -0.73027   -0.51412   -0.095958  -0.068326
  0.34114   -0.30441   -0.18805   -0.28915   -0.28106   -0.39726
 -0.12188    0.26522    0.11162   -0.24628    0.037008   0.04827
  0.16569   -0.051108   0.35327   -0.61533   -0.57252    0.5853
 -0.139      0.20063   -0.11729   -0.37009    0.085686  -0.12887
 -0.16533   -0.30973   -0.5057     0.013952   0.23135    0.79545
  0.69601    0.93578    0.3817     0.098076   0.33526    0.40788
 -0.2885    -0.19244   -0.10049    0.16923   -0.39316   -0.28679
  0.084115   0.072367  -0.24893   -0.39009    0.35149   -0.49656
  0.055639  -0.11372    0.42354    1.0495    -0.35202   -0.061955
  1.1469    -0.077463   0.1337     0.72797   -0.46784   -0.40564
  0.53651   -0.059583  -0.24473   -0.19602    0.41892   -0.55686
  0.066689   0.13233   -0.27696    0.36077   -0.22825   -0.88882
 -0.58108    0.18229   -0.21461   -0.1293    -0.30262    0.16092
  0.83195   -0.1544    -0.0131    -0.77553   -0.19733   -0.19621
  0.29835   -0.5237     0.47495    0.42192    0.40214    0.30618
 -0.078345   0.0013646  0.42327   -0.0036593]"
spillover,"[ 0.66558    0.50661   -0.13483    0.14536   -0.2948    -0.31079
 -0.40711   -0.39188    0.87161   -0.28487   -1.6       -0.15704
  0.099646  -0.17828    1.3576     0.90078   -0.97591   -0.05548
  0.9254    -0.41454    0.15504    0.029934   0.14087    0.42982
 -0.3981     0.35335    0.098399   0.4162    -0.26668   -0.47341
  0.18633   -1.0042    -0.22594    0.50649   -0.34069   -0.68063
  0.90908    0.44234   -0.25032    0.13248   -0.78924   -0.1083
 -0.098015  -0.24441    0.44446    0.47957   -0.26277    0.12888
 -0.32756   -0.34396   -0.61774    0.8342    -0.51643   -0.26228
  0.24662   -0.22528    0.41292   -1.0769     0.15457   -0.69362
 -0.16138    0.9448    -0.71664    0.34159    0.38676   -0.25023
  0.0080883 -0.561      0.10298    0.262      0.17214   -0.88948
 -0.57994    0.074948   0.55542   -0.70853    0.37104    0.22425
 -0.33385    0.85522   -0.2832    -0.52769   -0.53506    0.068489
  0.084817  -0.063145  -0.61674    0.12391   -0.5474    -0.86697
 -0.83703    0.76929   -0.57104   -0.52734    0.31118    0.017991
  0.60203    0.54502    0.078407   0.45122  ]"
abject,"[-0.012597   0.65423    0.95148   -0.094751  -0.51251    0.91991
 -1.1467    -0.043778   0.033779   0.38348   -0.011054   0.22285
 -0.37623   -0.19219    0.15321    0.12582   -0.18446   -0.083232
  0.19488    0.067162   0.28749    0.73581   -0.0040449  0.2602
  0.38929   -0.29346    0.27759    0.76096    0.0061362 -0.89379
  0.13796   -0.21762   -0.17608    0.64305   -0.19619    0.71668
  0.25198    0.2234    -0.089543  -0.20729   -0.37512    1.2344
 -0.20247    0.48809    0.14049    0.11539    0.79998    0.063176
 -0.72173   -0.38373   -0.89701   -0.40369    0.62111    0.18815
  0.22632   -0.19397    0.43034   -0.84604   -0.36824   -0.63598
  0.24531   -0.61737   -0.52266   -1.2607     0.089852  -0.47124
  0.77013   -0.70172   -0.095274  -0.80106   -0.37557   -0.092447
 -0.53726   -0.067599   0.25549    0.60674   -0.41757    0.14758
  0.018868   0.15443    0.41633    0.69831   -0.1166     0.89834
 -0.46498    0.13677   -0.090904  -0.47823   -1.0285     0.39264
  0.35083    0.19075    0.16013    0.648      0.24514   -0.47186
 -0.17982   -0.25931    0.086051  -0.45778  ]"
fifties,"[ 0.33533   0.40697  -0.15225   0.17608  -0.36141   0.34512   0.6432
  0.21551  -0.62995   1.0733    0.19506  -0.30977  -0.49125   0.30425
  0.53219  -0.52017  -0.2842    0.066287  0.41573   0.10397   0.67968
  0.58942   0.10591  -0.12462   0.91316   0.15526  -0.27561  -0.13545
  0.005284 -0.14772   0.19884   0.32836  -0.78515   0.096456  0.17912
 -0.072101 -0.54294  -0.616    -0.06399   0.25219  -0.29025   0.78083
 -0.37522   0.35921  -0.19266  -0.32239   0.54175  -0.70661   0.53448
 -0.098215 -0.95538   0.51464  -0.037645  0.31037  -0.48943   0.45582
 -0.65852  -0.33194  -0.55642   0.69269  -0.83945   0.92432  -0.10875
  0.44914   0.23993  -0.40036   0.11931  -1.0941   -0.12224  -0.83518
  0.64334   0.40626   0.25194  -0.62043  -0.22414   0.36415  -0.54818
 -0.80407  -0.26985  -1.019     0.17617   0.8529    0.6497   -0.29815
 -0.16452  -0.39613  -0.83621  -0.32708  -0.75278   0.51214   0.44217
  0.31101   0.13868   0.49083  -0.72948  -0.28787  -0.14676  -0.29836
 -0.93223  -0.18762 ]"
20/20,"[-0.473     -0.86951    1.1582     0.16326   -0.98775    0.24616
  1.5835     1.6743    -0.8141    -0.1032     0.28862    0.69418
 -0.52134    0.0088119  0.33897    0.045275   0.29207    0.030006
 -0.29208    0.20208   -0.65315    0.17451   -0.64072    0.26111
  0.60686    0.74727    1.4798     0.071905  -0.76125   -0.29898
  0.6951     0.49902   -0.83563    0.3702     0.16456    0.41671
 -0.32728    0.569      0.037511  -0.0024294  0.027848   0.83402
 -0.35225    1.1584    -0.32874    0.069423   0.28969   -0.42186
 -0.77012   -0.36324   -1.669      0.37824    0.14465    0.016699
  0.21199   -0.94982    0.88514    0.13545   -0.49263   -0.28955
 -0.4158     0.50936   -0.54266   -1.3995    -0.5778    -0.52188
 -0.25338    0.17763    0.26104    0.39407    0.58458    0.13541
  0.85801   -0.20176   -0.39079   -0.13933    0.53928    0.85376
  0.2106    -0.33916   -0.48242    0.2537     0.22807    0.16793
 -0.27442   -0.54903    0.095607   0.57461   -0.36338    0.14747
  0.47699    0.20278    0.68748    0.0060777  0.1883     0.53266
  0.78529   -0.24527    0.2295     1.2417   ]"
hisham,"[-0.01203   -0.91709   -0.32338   -0.42808    0.69449    0.17384
  0.062721  -0.038221  -0.015944  -0.25423    0.1684    -0.0028182
  0.3657    -0.63316    0.48166    0.25629   -0.9744    -0.53207
 -0.46449    0.12626   -0.18992   -0.19504   -0.35927   -1.0497
  0.34641   -0.25847    0.31065   -0.78363    0.08951    0.95575
 -0.36225   -0.53743   -0.42942    0.64538   -0.55086    0.6289
 -0.96995    0.9705     0.020743  -0.13122    1.1767    -0.70551
  0.12292   -0.46988    0.37732   -0.47653   -0.21473    0.84268
 -0.56804    0.62902    0.15969    0.40804    0.18465    0.85326
  0.023111   1.1287    -0.11103    0.54881   -0.59785    0.52596
 -0.52877   -0.5876     0.63461   -0.79488    0.4759    -0.3825
  0.037846   0.35674   -0.80008   -0.032659   0.51512   -1.0148
  0.29269   -0.77313   -0.39345    0.27702   -0.60465   -0.15083
 -0.66531    0.023256   0.51774   -0.17385    0.34085    0.94605
  0.3628     0.24911   -0.51691   -0.8855     0.28362   -0.54628
  1.0995    -0.017164  -0.27177   -0.48916   -0.19643   -0.085228
  0.54273   -0.82832   -0.49626   -0.61355  ]"
auctioneer,"[ 0.95402  -0.065322  0.044479 -0.33362   0.63806  -0.014626  0.11084
 -0.11394   0.11569  -0.11861  -0.35141   0.07226  -0.099963 -1.2442
 -0.23262   0.019651 -0.087518  0.13821  -0.4649    0.12248  -0.37888
  0.20127   0.54022  -0.228     0.59885  -0.068456 -0.32324   0.55387
 -0.69097  -0.60984  -0.5979   -0.2752   -0.081589  0.13068   0.22317
  0.16043  -0.53171  -0.56037   0.4911   -0.8696    0.75177   0.77473
 -0.1894   -0.61341  -0.59051  -0.088986 -0.93771  -0.86374   0.35855
 -0.20039   0.41039   0.33944   0.66401  -0.71546  -0.62202  -0.066884
 -0.84475   0.26199   0.086978  0.45722   0.7517   -0.42819   0.13939
  0.72701  -0.17274  -0.46028   0.62544   0.087151  0.94731  -0.15956
 -0.25215  -0.29284   0.35703  -0.10546  -0.38015  -0.74403  -0.081441
 -0.41737  -0.64504  -0.70817   0.78908  -0.21769   0.14089  -0.20255
  0.35697  -1.0361   -0.30843   0.30767  -0.21593  -0.71334   0.50553
  0.19302   0.60646   0.27245   0.11957  -0.20202   0.13686   0.19635
  0.14512   0.20212 ]"
brosnan,"[ 4.5830e-01 -1.1154e-01  6.7007e-01 -5.8268e-01  5.0064e-01 -1.9091e-02
 -1.3093e-01  5.1465e-02 -3.6432e-02 -4.8838e-01 -9.5256e-01  5.3871e-01
 -2.5426e-01  3.4934e-01  7.5558e-01  3.3812e-01  4.4400e-01  7.6701e-01
  9.3307e-01  8.9252e-01  6.9841e-05 -2.3172e-01 -2.6271e-01  2.5108e-02
  9.0865e-01  1.3137e-01  1.0667e-02 -7.7297e-01 -1.3594e-01  3.4215e-01
 -2.5027e-01  2.3453e-01 -8.5002e-02 -7.9551e-01  6.0531e-01 -2.4675e-01
  6.4637e-01 -3.4518e-01  1.3272e-01  3.8652e-02  6.4005e-01 -1.0921e-01
 -5.7289e-02  4.4981e-01  3.8348e-01 -1.4719e-02 -4.1781e-01 -1.1679e+00
  2.8046e-01 -7.7751e-01  6.5721e-02  7.8787e-02  4.7673e-01 -3.0566e-01
  1.1211e-01  3.7499e-02  2.0671e-01  5.7953e-01 -1.0152e+00  4.7342e-01
  7.5548e-02  9.4581e-01  1.1422e-01  4.2992e-01 -4.8027e-01 -5.3411e-01
 -2.3968e-02  4.6459e-01  3.2802e-02  3.5159e-01  5.1888e-01 -5.6288e-01
 -2.5391e-01 -1.8259e-01  7.8528e-02 -6.7274e-01  2.6880e-01  1.9259e-01
 -2.1819e-01 -4.5465e-01  4.7390e-01  2.5244e-01  1.2634e-01 -2.9072e-01
  3.5819e-01 -3.2365e-01 -3.4299e-01  3.0270e-01 -5.5017e-01 -3.3515e-01
 -1.7906e-01 -1.6980e-01 -1.1354e-01 -8.2968e-02  1.5817e-01 -1.5646e-02
  7.6069e-01 -9.5993e-02 -1.3328e+00  3.7937e-01]"
rjm,"[ 0.13612    1.3324     0.0082569 -0.11798   -1.7274     0.18327
  0.18934    0.35135    0.27002   -0.60977    1.5838     0.45528
  0.6021     0.841      0.040354   1.1773    -0.28682   -1.2748
  0.072342   0.3166     0.69936    0.31258   -0.45258    1.1897
 -0.18157   -0.0092195 -0.46748    0.98371   -0.40022    0.76526
 -0.12949   -0.046708   0.37415   -0.26458   -0.051416  -1.247
 -0.37997    0.68422    0.38986    0.47014    0.56299   -0.30901
 -0.33009   -0.47247    0.66396   -0.61608   -0.52463   -0.57451
  0.13466    0.15905    0.23022    0.299     -0.90084   -0.4912
  0.19102    0.58597    0.33607    0.78967   -0.45009   -1.2987
  0.73441    0.37904   -0.5501     0.090941  -0.56636    0.59692
  0.0067164  0.19073    0.34947   -0.4857     0.85308    0.30568
 -0.76497   -0.70658   -0.0068777 -1.2839     0.70359   -1.1557
 -0.24517   -1.0781    -1.0999    -0.34212    1.1005    -0.31827
  0.021913   0.76643   -0.25349    0.069323   0.42166    0.14147
  0.11828    0.16398   -0.26278   -0.17365   -0.04565   -0.015895
  1.4073    -0.35899    0.014905  -0.48686  ]"
dwindle,"[ 0.15852    0.59401    0.25132   -0.068948   0.28157    0.14354
  0.36486   -0.24287    0.29258   -0.6846    -0.26351    0.18809
  0.27387   -0.62247   -0.40415   -1.0564    -0.76505    0.80738
  0.50914   -0.25566    0.11888   -0.097934   0.27909    1.1399
 -0.27643   -0.1461    -0.26003   -0.011685   0.58826   -0.37011
 -0.27743   -0.84717   -0.23112   -0.47884   -0.367      0.6972
  0.32781   -0.32293   -0.60931   -0.51398    0.055801   0.035509
 -0.88593    0.1063     0.45042    0.11743    0.48554    0.28505
 -0.19963   -0.53423   -0.2213    -0.16234   -0.35287    1.0188
  0.33465    0.32436   -0.2692    -0.78885    0.0072958 -0.29356
 -0.33673    0.309      0.5813     0.37737    0.37269    0.92306
  0.29999   -0.63129    0.79201    0.064154   0.12593   -0.35579
 -0.098396  -0.32242   -0.10359   -0.43926   -0.82754    0.43374
  0.20883   -0.032091   0.10002    0.082935   0.19343   -0.59091
 -0.21367   -0.90889    0.54139   -0.080665  -0.66762    0.25826
 -0.082452   0.61186   -0.18949   -0.2568    -0.529     -1.0541
  1.1455     0.5486    -0.17016    0.60966  ]"
2.08,"[ 0.94753    0.54657    0.90441    0.64973   -0.22375   -0.04429
  0.30662   -0.18277    0.11315    0.59982    0.067501  -0.66778
 -0.81823   -0.51151    0.36131   -0.29314   -0.95729   -0.10085
 -0.04446    0.67577    0.055249   0.080509   0.21851    0.97209
  1.4577    -0.77012    0.038865   0.60396   -0.14589   -0.49815
 -0.090731   0.022928   0.072924  -0.018234  -0.05556    0.5949
  0.14034    0.033715   0.058457   0.78504    0.054134  -0.71985
 -0.12795   -0.16718   -0.51594    0.2093    -0.25223    0.34391
 -0.21679   -0.9567    -0.32902   -0.45257    1.4889     0.030399
 -0.79474    0.82387   -0.21773   -0.14212    0.55225    0.49289
 -0.05698   -0.76091   -0.55575    0.86256   -0.92101   -0.54112
 -0.20127   -0.50267    0.80962    0.1621    -0.34576    0.25284
 -0.34865    0.11571   -0.6253     0.046453  -0.35594    0.0058855
 -0.0086074  0.5267    -0.65119    0.49428    0.30231    0.49675
  0.60685   -0.057453   0.15003    0.68449    0.41306    0.15063
 -0.43508    0.68919    0.23453   -0.57431   -0.46379   -0.66633
 -0.4317    -0.61031   -0.31034   -0.29597  ]"
impassable,"[-1.082     -0.44661   -0.071134   0.2381     0.10566    0.21147
  0.067183   0.33489    1.7571    -0.89052    0.18948    0.36019
  0.41071   -0.71169    0.43919   -0.77132    0.4114     0.10123
  0.81771    0.041001   0.26732    0.62562    1.1963     0.59979
  0.21876   -0.13532   -0.77028   -0.061974   0.11965   -0.9636
  0.3948    -1.6225     0.12001   -0.72057   -0.10559    0.61456
 -0.35718   -0.49284   -0.23701    0.84502   -0.37828    0.57261
 -0.39326    0.47963    0.38128    0.21696    0.82127    0.55967
 -0.11915    0.42269   -0.076525  -0.33072    0.50789   -0.2631
  0.23627   -0.57394    0.35636    0.41633    0.40442    0.766
 -0.42257   -0.15963    0.16016    0.30883   -0.28808   -0.67173
  0.74603   -0.70773    0.11796   -1.1383    -0.77699   -0.85356
  0.74979    0.54002    1.1775    -0.1703     0.3169     1.216
  0.56079    0.050489   0.46042    0.082581  -0.51382    0.086341
 -0.45865    0.81075   -0.32279    0.35051   -0.74567    0.4509
  0.27863   -0.0098873 -0.82793    0.73267   -0.51316   -0.46688
 -0.35962    0.4341    -0.15718    0.043275 ]"
thatched,"[-8.7807e-01  7.4323e-01 -9.3646e-01  3.3419e-01 -5.2685e-01  8.0117e-01
  1.9251e-03  5.2165e-01 -1.8471e-01  6.3300e-01  1.8322e-01  4.3037e-01
  9.7258e-01  4.3553e-01  2.6954e-01 -3.3064e-01 -4.7845e-01 -2.2777e-01
  7.5939e-01  5.5228e-02 -1.7591e-01  1.3734e+00  1.2274e+00  6.6780e-02
  6.5271e-01 -7.4138e-01 -7.1532e-01 -4.4170e-01 -1.3440e+00 -3.7301e-01
  5.0641e-01 -5.0401e-01  7.3736e-01  1.4245e-01  1.1270e-01  4.1107e-01
 -2.9258e-02 -1.9513e-01  8.2611e-01 -3.5103e-01 -3.7704e-01  9.8152e-02
  2.1822e-01  2.5316e-01  8.4812e-01 -4.4521e-01 -3.8324e-01  6.8606e-01
  3.4972e-01 -2.9059e-01 -1.3112e+00 -3.5766e-01  3.8134e-01  1.2706e-01
 -1.9833e-01 -3.7506e-01  1.6533e-01  1.7215e-02 -3.4566e-01  1.7270e-01
 -1.1117e-01  2.1991e-01  4.9513e-01  6.5022e-01 -6.3373e-02 -3.3714e-01
  1.1089e-01 -4.0422e-01 -3.1063e-01 -1.6946e+00  1.3410e-01  8.8696e-01
  5.2972e-01 -7.7488e-01  2.5557e-01 -1.6197e-01  3.7642e-01  2.3522e-01
 -1.1834e-01  6.9684e-01 -2.0497e-01 -1.1327e+00  5.0837e-01 -3.5728e-01
  5.9362e-01  1.8930e-01  2.0517e-01  5.7933e-05 -6.9816e-02  8.3541e-01
  5.5826e-01 -7.7690e-01  6.5778e-01  5.4814e-01  9.6294e-02 -1.0219e+00
 -1.3667e-01 -3.2689e-02  7.5695e-01  4.9735e-04]"
jalil,"[-0.065537 -0.14784  -0.21841  -0.23363  -0.30937  -0.7865    0.046835
  0.57409   0.46718   0.7087    0.30996  -0.62169   0.53703  -0.68948
  1.0143    0.51212   0.011036  0.38414  -0.41967   0.14592  -0.14562
  0.036165  0.50737   0.022973 -0.037829  0.22204   1.2044   -0.33526
 -0.12661   0.94699  -0.62069  -1.1313    0.63546   0.50232  -0.037223
  0.43407  -0.3057    0.84463  -0.719     0.16355   0.46227   0.29003
  0.57112  -0.77796   0.59094   0.10087  -0.62579   0.74474  -0.039617
  0.40306   0.24656  -0.053403  0.92156   0.20294   0.15601   1.0397
 -0.299     0.76665  -0.127     0.50928  -0.56153  -0.30461   0.035253
  0.33681  -0.17199   0.23677   0.59382   0.39821  -0.35175   0.93824
  0.46078  -1.0792   -0.33645  -0.93406   0.28791   0.38862  -0.41645
 -0.29661  -0.85279   0.15147  -0.28601  -0.57467   0.17358  -0.5624
  0.72706  -0.14926  -0.67749   0.63774   0.012837  0.080697  0.88209
 -0.69197  -0.16435   0.32655  -0.14181  -0.015008  0.18404  -0.43168
  0.058736  0.49143 ]"
jak,"[-0.76943    0.054002   0.35518   -0.10373   -0.50253   -0.41148
  0.84423   -0.61618    0.54848    0.66913    0.34283    0.0070716
 -0.46432    0.012993   0.18239    0.081958  -0.66321    0.15714
  0.084273   0.25021    0.3814     0.11843   -0.79369    0.98218
  0.073848   0.66331   -0.020313  -0.4893     0.21817    0.3435
  0.088455   0.043364  -0.78695    0.51406    0.020505   0.036932
  0.62801    1.1875    -0.27201   -0.4737     0.56584    0.10953
 -0.43944   -0.31078   -0.95369    0.36041   -0.41752    0.87461
  1.2069     0.63064   -0.48766   -0.2198    -0.94348    0.13724
 -1.0949     0.78425    0.85589    0.27221   -1.1102    -0.75939
  0.42752    0.36533    0.41719   -0.060593   0.60092    1.1642
  0.092178   0.25442   -0.80035    1.1642    -0.55404   -0.28784
 -0.89712   -0.52938   -0.089551  -0.030396   0.67598   -0.16736
 -0.55943   -1.4557     0.36487   -0.39432    0.90321   -1.0532
 -0.27357    0.63807    0.16849   -0.64875    0.063221   0.86124
 -0.31741   -0.13767    0.026609  -0.15231    0.45127   -0.10811
  0.45377   -0.53465   -0.27045    0.4011   ]"
leong,"[-0.35248   -0.52585   -0.50431   -1.0941     0.062192  -0.28124
 -0.49398    0.61795    0.40614   -0.39395    0.27615    0.51105
 -0.75618   -0.030267   0.41049   -0.52267    0.25062    0.096431
  0.52614   -0.40347    0.8202    -0.0055244  0.088314   0.11052
 -0.24314    0.21919    0.48256   -0.77382   -0.095261   0.42723
 -0.37514    0.91219   -0.40654    0.48813   -0.56012   -0.21509
  0.32816    0.87068   -0.44287   -1.0664    -0.61782   -0.71293
  0.39214    0.32413   -0.10103    0.3636     0.22988    0.35289
 -0.27652    0.14932   -0.85332   -0.12817    0.36337   -0.28633
 -0.49324    0.60846   -0.2101     0.60022   -0.28325   -0.16546
 -0.034613  -0.097715   0.48968   -0.29423   -0.77771    0.3902
  0.2958     0.58068    0.43339   -0.36895   -0.58097    0.43539
 -0.13343   -0.19441   -0.31153   -0.41518   -1.0148    -0.30227
  0.028445  -0.50957    0.92702    0.038303   0.19108    0.23923
 -0.19822   -0.23813   -0.71327    0.094262   0.90021    0.0018538
 -0.021429  -0.13744    0.78125    0.28682    0.58392    0.4405
  0.30347   -1.0909    -0.32795   -0.40726  ]"
kinks,"[-0.45377   -0.055284  -0.072309  -0.77248    0.20162   -0.53121
 -0.082064  -0.12405    0.085941  -0.36746    0.59621   -0.039466
  0.56863   -0.044525   0.26154   -0.208      0.26264    0.12616
  0.43786   -0.17618    0.40876    0.68639    0.26892   -0.37447
  0.078382  -0.32368   -0.20632   -0.5669     0.40761   -0.32232
 -0.30666   -0.45      -0.12476   -0.040241  -0.77976    0.0075655
 -0.24217    0.05499    0.029469  -1.0511    -0.17552    0.82586
 -0.38777   -0.013852  -0.22732    0.12966   -0.64255    0.024744
  0.41491    0.14669   -0.13355   -0.48482   -0.597      0.083978
 -0.31918    0.11427   -0.12295    0.083081  -0.68194    0.72197
  0.30255    0.47956   -0.53087    0.83941    1.0556     0.021265
  0.44152   -0.53737   -0.56545   -0.82985    0.28758    0.95424
 -0.12104   -0.35877    0.25892   -0.0116     0.13593   -0.30853
  0.66092    0.067894   0.15412   -0.21001    1.0188     0.66906
 -1.2469     0.68798    0.65931   -0.22437   -1.2036     0.80958
 -0.4364    -0.020232  -0.7706     0.051216   0.26196   -0.43407
  0.059078   0.31003   -0.19667    0.70163  ]"
beatle,"[ 1.2750e-02  1.0499e+00  6.7403e-01  2.7347e-01 -2.8713e-01  3.4340e-01
  6.4975e-01  3.7314e-01 -4.0387e-01 -5.0984e-02  2.6145e-01 -2.5857e-01
 -4.2402e-01  2.8148e-01  3.7893e-01 -7.3488e-01  4.9551e-01 -7.1326e-01
  2.1699e-01  1.7284e-01  5.7837e-01 -6.7470e-01 -4.3182e-01  8.3901e-02
  4.5929e-01  2.4484e-03 -2.9340e-01 -2.4356e-01  7.1958e-02  7.9707e-01
  5.2911e-01 -2.3900e-01  2.4900e-01  4.5253e-01 -3.5129e-01  8.0605e-01
  1.0170e-01 -4.6334e-02  4.1816e-01 -6.0812e-01 -6.8533e-01  1.1296e+00
  9.1475e-01 -2.4150e-01 -3.4149e-01  1.8621e-01 -5.6540e-01 -4.9016e-01
  6.6339e-01 -7.7203e-01  3.2942e-01 -4.0062e-01 -4.1169e-01 -2.0687e-01
  3.1404e-01 -2.7909e-01 -4.2812e-01  8.2788e-01 -2.9265e-01 -7.7180e-01
  5.8440e-01  3.2794e-01 -8.3432e-02  1.5898e-01  1.7802e-03 -1.0819e+00
  1.6121e+00 -3.3365e-02 -2.7221e-01 -1.1849e+00  2.2203e-01 -3.7056e-01
 -6.6425e-01  6.1292e-04 -7.3946e-01 -7.2205e-01  8.9163e-01 -3.1075e-01
  7.1374e-01  2.5033e-01  5.1675e-01  2.4972e-01  2.1918e+00  4.5689e-01
 -2.4267e-01 -1.6694e-01 -2.6106e-01  4.1487e-02 -2.6422e-01  2.3616e-01
 -7.4657e-01 -3.2070e-01  3.6669e-01  2.2140e-01 -1.6750e-01 -2.6978e-01
  1.7313e-01 -9.0625e-05 -1.1602e+00 -4.9155e-01]"
walkways,"[ 0.04654    0.36985   -0.71269   -0.013162   0.94166    0.27356
 -1.1139     0.2876     0.61221    0.0053539  0.38067    0.32358
  0.33896   -0.47013    1.174      0.17083    0.0037575  0.30786
 -0.5064    -0.88621   -0.23978    0.53523    0.23936   -0.34888
  0.72756   -0.73286   -0.31445    0.094161  -0.59026   -0.099977
  0.04501   -0.20687    0.35737    0.27428    0.18544    0.82113
  0.50203   -0.22465   -0.11135    0.51287    0.57375   -0.40931
 -0.28252    0.10374    0.77425    0.55155    0.13996   -0.37457
  0.5878     0.35466    0.13048   -0.57872   -0.088482   0.64616
  0.024348  -0.11408    0.85052    0.55794    0.056884   0.071487
 -0.87782    0.79181    0.80393    0.60588    0.10596    0.14437
  0.39547   -0.18841    0.25908   -1.1537    -0.397      0.14147
  1.092     -0.88511    0.1332    -0.29757    1.4422     0.54245
  0.95125   -0.41417    0.16735    0.46113   -0.040076   0.7499
  0.25147    0.68499    0.10134    0.51479   -0.22614    0.61411
 -0.12546   -0.73097   -0.48536   -0.03906    0.13784   -0.44115
 -0.023605  -0.49551    0.55178    0.43342  ]"
turing,"[ 2.9031e-01  5.6311e-01 -1.0364e+00  6.9592e-01 -6.7514e-01  1.1278e-01
  3.9033e-01  3.6320e-02 -7.6057e-01  2.6543e-01  3.4525e-01 -5.1664e-02
 -3.1607e-01  3.7156e-01 -2.1478e-01 -3.5842e-02  8.2846e-01  1.7322e+00
  4.2930e-01 -8.8292e-01 -1.1923e-01 -2.7702e-01  5.2143e-01 -7.3807e-01
  8.3261e-01  1.4828e-02  3.6566e-01  2.0315e-01 -3.6856e-01 -4.4632e-01
  1.1297e-01  8.4998e-01 -6.4342e-01  3.0989e-01  3.0430e-01 -6.7399e-02
  8.0575e-04 -5.9392e-01  7.6246e-02  4.2010e-01 -5.4876e-01  1.1082e+00
 -2.0529e-01  3.2176e-01 -6.5411e-01 -6.7959e-01  1.2270e+00 -6.6917e-01
 -1.1054e+00  6.0831e-01  1.3941e-01 -2.0959e-01  8.0435e-01  3.3913e-01
  8.7684e-01 -3.9495e-01  3.6511e-01  3.7673e-01 -4.9544e-01 -3.8309e-01
  9.0768e-01 -3.6960e-01 -4.4597e-01  3.0746e-01 -1.9009e-01 -1.6552e-01
 -4.4356e-01  5.7487e-01  5.4676e-02 -8.7141e-02 -9.9528e-01  6.0055e-01
  5.8216e-01  2.6175e-01  9.4921e-02 -1.2837e-01  5.9237e-01 -5.8755e-01
 -8.5948e-02  2.2358e-01 -3.3833e-01 -9.5546e-01 -5.7932e-01 -4.4647e-01
 -1.1519e+00  5.1999e-01  7.2206e-01 -6.8033e-01  5.4588e-01 -5.8043e-01
  5.4421e-01  1.0111e+00  3.9123e-05  1.5455e+00  1.5906e-01 -1.1538e+00
  1.3532e+00 -1.5134e-01  3.7124e-01 -4.8680e-01]"
leninist,"[-0.16874    0.7431    -0.14443    0.34687    0.018396   0.26344
  0.23632   -0.43329   -0.095426   0.47246    1.1611    -0.96476
  0.40814    0.81626    0.98241    0.6071     0.74467   -0.66646
  0.45771   -1.3314     1.0613     0.92356    1.2283    -0.02918
 -1.0632    -0.32465    0.25701   -0.32874   -0.37031   -0.6681
 -0.26194    1.03      -0.26668   -0.17933   -0.25785   -0.23925
  0.39096    0.22688    0.50852   -0.7872    -1.2698     0.21201
  0.62879   -0.23762   -0.0077572 -0.4496     0.81308    0.45628
  0.20329    1.698     -0.3283    -0.13875    0.16256    0.48415
  0.034513   0.1584     0.88299    1.1461     0.51872   -0.45347
  0.63466   -1.0903    -1.1319     0.01667    0.0040129  0.27796
 -0.094429   0.2012    -0.099457  -0.40777    0.3379    -0.11061
  0.0047806 -0.78415   -0.67847   -0.060882  -0.38751   -1.0951
 -1.0013    -0.59793   -0.97236    0.29263    0.12836   -0.73885
  0.012951   1.277     -1.0012     0.92754   -0.085346   0.47573
 -0.0056472  0.85501   -0.3341     0.83472   -0.0088138 -1.1313
 -0.31013   -1.4219    -0.28454   -0.447    ]"
abdication,"[ 0.36435  -0.75081   0.32539   0.1045   -0.61126   0.86433  -0.52226
 -0.54068  -0.17573  -0.35888   0.6618    0.7633   -0.65196   0.53069
  0.13054  -0.30725  -0.27693   0.31258   0.30392  -0.59363  -0.91994
 -0.6489   -0.20418   0.083776  0.90493   0.55449  -0.056525  0.56511
  1.0376   -0.22862   0.71465  -0.33123   0.71387  -0.39748  -1.3859
  0.68748   0.23395   0.27203  -0.98688  -0.3375    0.25471   0.82813
  0.44469  -0.17894  -0.42035   0.18009   0.32601   0.26598   0.31471
 -0.24713  -0.23462   0.33219   0.255     0.46749   0.028753 -0.82014
  0.65974  -0.93878   0.13959   0.26757   0.66401  -0.29408   0.046366
 -0.36073   0.76299  -0.70837  -0.98562   0.015081 -0.43798  -0.30446
 -0.26428  -0.8621   -0.20138   0.27043  -0.19478   0.15532  -0.54384
  0.24885  -0.79005  -0.011322 -0.27237  -0.10667   1.1425    0.18078
 -0.43591  -0.43148   0.51257  -1.0968   -0.26717  -1.4978    0.26547
 -0.022608 -0.024572  0.75033   0.04434  -0.66897   0.04417  -1.1392
 -1.0032   -0.62517 ]"
loftus,"[-0.81714   -0.61784    0.33922   -0.29668   -1.2898     0.16779
  0.046533   0.097999  -0.73601   -0.9262    -0.40819    0.082557
 -0.38837    0.39146    0.7521    -0.20004    0.96857   -0.22267
  0.083351  -0.33913    0.48106   -0.6883     0.74213    0.35822
  0.72605   -0.1954     0.61114   -0.16928   -0.12442    0.63969
  0.079597   0.034114   0.36651    0.45149   -0.27661   -0.28783
 -0.22109    1.0507    -0.37246   -0.32451    0.14737    0.93583
  0.096282   0.0076515 -0.05123    0.37722    0.082009  -0.017357
  0.51109    0.50919    0.53896   -1.657      0.11547    0.12566
  0.32492   -0.31875   -0.69581    0.25447   -0.92679   -0.93527
 -0.85576    0.060899  -0.45238   -0.038108  -0.86242   -0.057092
  0.020796   0.38263   -0.39039   -0.073048  -0.8153    -0.37148
 -0.12264   -0.65378    0.29199   -0.074893   0.15624   -0.029034
 -0.80843    0.3015     0.078827   0.43319   -0.13001   -0.46126
  0.18221    0.7317    -0.025084  -0.20473   -0.18132    0.99802
 -0.33802   -0.70928    0.33788    0.42217    0.2145    -0.018556
  0.15857    0.26247    0.11551    0.99072  ]"
furthest,"[ 0.49315    0.059062   1.1645     0.41486    0.10395   -0.20728
  0.084743   0.32654    0.48511    0.050551   0.80409    0.67364
  0.35666   -0.3281     0.042129  -0.35988   -0.8496     0.39593
 -0.27734   -0.069912   0.81454    1.3435    -0.16664   -0.043094
 -0.011987   0.18142    0.27303   -0.17056    0.16024   -0.66576
 -0.37634   -0.38926    0.79547    0.21413    0.0045613 -0.042393
 -0.60034   -0.25531   -0.30283   -0.15018   -0.683      0.56051
 -0.14175   -0.17901    0.12516    0.48065    1.0649     0.62542
  0.16416    0.84439    0.26058    0.30529    0.34777    0.37109
 -0.090094   0.23415   -0.15522   -0.055515   0.46233    0.074354
  0.22935    0.58964   -0.064856   0.59053    0.6613     0.12268
 -0.23645    0.17035   -0.16301    0.08978    0.12205   -0.36005
  0.17315   -0.65733    0.18139   -0.73517   -0.42666   -0.9121
  0.66392   -0.020445  -0.47355    0.24209   -0.39156    0.12627
 -0.6365    -0.39351    0.34674   -0.36744    0.20299    0.14335
 -1.2064     0.89168   -0.26459    0.42777    0.095186  -0.44617
 -0.037005   0.15541    0.3844     0.9133   ]"
’d,"[-0.069869   0.59345   -0.50008    0.0071806 -0.31926    0.12931
  0.24234    0.34634    0.62731   -0.11501    0.5592     0.63347
  0.37745    0.1233    -0.026528  -0.63765   -0.54333    0.54587
 -0.17413    0.42485    0.27738    0.17129   -0.44834   -0.42484
 -0.51923   -0.30621    0.026815  -0.32345    0.72107   -1.049
 -0.6287     1.0132     0.50745    0.63347   -0.19808    0.43935
 -0.054972   0.20659    0.84105   -0.39379    0.30766    0.59844
 -0.16401   -0.56628   -0.43553    0.12069   -0.12048   -0.0053933
  0.34163   -0.70302   -0.64588    0.84971    0.48971   -0.082916
 -0.76385    0.59479    0.17033    0.07491   -0.7351     0.16327
 -0.20254    0.69222   -1.384     -0.16143    0.059055   0.43947
  0.39768    0.15892   -0.31124   -0.23155    0.76616    0.22438
  0.50961   -0.33637   -0.78484   -0.59634   -0.056547  -0.20253
  0.11633   -0.19952   -0.24165   -0.36336   -0.58377   -0.048159
 -1.3407    -0.044308   0.031917  -0.93931   -0.38686    0.25171
 -0.21891   -0.1509     0.3501     0.13749    0.52017   -0.55889
 -0.18836   -0.2506    -0.62025    0.34983  ]"
2.16,"[ 1.1535e+00  5.9413e-01  5.8528e-01  1.8770e-01 -3.7120e-01 -2.8764e-01
  3.7546e-01  3.4073e-01 -1.0470e-02  6.3862e-01  3.3073e-01 -3.6173e-01
 -5.7836e-01 -7.2547e-01  7.1727e-01 -1.6374e-01 -9.9361e-01 -5.0114e-01
  3.3532e-01  5.2498e-01  1.6592e-01 -4.9690e-01  2.3482e-01  6.3523e-01
  1.1805e+00 -7.1474e-01  8.5071e-02  8.4307e-01  3.4671e-04 -5.1901e-01
  1.1669e-01 -2.5296e-02  6.4082e-03 -1.6557e-01 -4.7088e-01  6.8990e-01
 -5.5122e-02  2.1021e-02 -2.2732e-01  7.3598e-01  2.6336e-01 -8.7102e-01
 -3.5609e-01 -1.5291e-02 -6.1550e-01  2.1401e-01 -2.9161e-01  5.0005e-01
 -4.2378e-01 -1.1527e+00 -4.0800e-01 -6.3690e-01  1.2482e+00 -7.1432e-03
 -9.8641e-01  7.5638e-01 -2.6854e-01 -4.7734e-01  5.4791e-01  4.8880e-01
  3.8405e-01 -6.4074e-01 -1.0502e-01  2.1049e-01 -9.0780e-01 -5.0216e-01
 -3.4234e-01 -5.9949e-01  5.0794e-01  2.3077e-01 -2.9526e-01  2.6956e-02
 -1.2970e-01  1.3647e-01 -3.2367e-01  4.0141e-01 -7.0620e-01 -2.8008e-02
 -2.4448e-01  6.7573e-01 -6.5751e-01  3.9905e-01  1.3091e-01  8.7851e-01
  4.1798e-01  1.9792e-01  2.4270e-01  1.9164e-01  2.7173e-01  1.2005e-01
 -3.1931e-01  5.7667e-01  1.1593e-01 -1.0865e+00 -6.9382e-01 -6.0487e-01
 -5.7290e-01 -6.8610e-01  7.4649e-03 -1.9970e-01]"
fingernails,"[ 0.014985   0.55574   -0.22521   -0.86946   -0.2408     0.10296
 -0.661      0.47189   -0.48725    0.46645    0.52672    0.78848
  0.56721    1.0609     0.63047    0.34128    0.26586   -0.090076
  0.76823   -0.47818   -0.44127    0.30308    0.42637    0.51174
  0.86534    0.4993    -0.70527   -0.38013    0.0046267 -0.80893
  0.99992   -0.40849    0.75186    0.0287     0.18149   -0.052838
 -0.089429  -0.52048    0.80806    0.60898    0.4336    -0.033669
 -0.28543    0.26058   -1.1637     0.073468   0.20037   -0.15101
 -0.15888   -0.30648    0.021635  -0.31306   -0.49762    0.97423
 -0.27515    0.48812   -0.32574    0.49619   -0.16564   -0.54744
  0.32687    1.1426    -0.45773    0.27597    0.44192   -0.26805
  0.46834   -0.53567    0.11258   -0.67964    0.18054    0.84991
  0.87093   -0.47222   -0.093244   0.052519  -0.49325    0.10102
  0.046386   0.094896   0.3346     0.31057   -0.40541    0.609
 -0.39922   -0.92623    0.065564   0.72802   -0.70155    0.035991
 -0.061343  -0.32058    0.69803    0.30719    0.72207   -0.485
 -1.015     -0.059647  -0.44685   -0.0049338]"
lebedev,"[ 1.0068    -0.60361   -0.26663   -0.33723    1.0854    -0.15192
  0.40884   -0.56818   -0.57328    0.62395    0.29302    1.1241
  0.41494    0.30621   -0.90544   -0.33498   -0.0098409  0.39876
 -0.12836   -0.48235   -0.95611   -0.017272   0.057656   0.976
  0.32499    0.55433    0.89105    0.45693    0.021496   0.50776
 -0.045428   0.67951   -0.34526   -1.0964     0.024025   0.74805
  0.99763   -0.31621    0.16683   -0.15035    0.19919   -0.35337
  0.29206    0.016194  -0.12564   -0.22312   -0.035596  -0.29786
  0.38504    0.39261    0.31367   -0.60185   -0.41266    0.28744
 -0.30399    0.54008    0.62753   -0.76093   -0.22237    0.71157
 -0.13073   -0.28456   -1.0166     0.35367   -0.29643    0.29451
  1.1029     0.40091   -0.68733    0.6101    -0.2394    -0.10359
  0.51289    0.39103   -0.5341    -1.0073     0.24838   -0.99202
 -0.16117    0.29014    1.0311     0.39848    0.22377   -0.24181
 -0.60402   -0.81568   -0.024454   0.85163    0.37162   -0.43562
  0.9426    -0.95865    0.52794    0.16406    0.603      0.05742
  0.44541   -0.68128    0.12054   -0.0022499]"
woodard,"[-2.0390e-01  6.2493e-04 -3.2313e-01 -2.2188e-01 -3.5949e-01 -7.0764e-01
  9.1883e-02  5.3162e-01  4.9405e-01 -2.4493e-01  3.1669e-01 -5.3837e-01
  5.1865e-01  6.2411e-01 -2.2975e-01 -1.9957e-01 -1.3788e-01  7.0264e-01
  6.5676e-01  1.0621e+00 -7.6990e-02 -1.5458e-01  4.3987e-01  4.2392e-01
  1.0055e+00  1.7387e-01 -7.1503e-01  4.7325e-03 -1.5035e-01 -7.0686e-02
  1.6223e-01  2.2425e-01  1.7689e-01 -2.4258e-02 -1.0783e+00  3.7631e-01
  3.4327e-01  9.5078e-01  3.7417e-01  8.0230e-02 -3.3189e-01  4.5867e-01
 -4.0051e-01  7.8072e-01  3.8629e-02 -1.4699e-01  9.6815e-02 -4.9210e-02
 -4.5603e-01  3.9404e-01 -1.6580e-01 -1.0623e-01 -3.7804e-01 -3.4003e-01
  1.7450e-01  1.6878e-01  1.0109e-01  2.7443e-03 -4.2200e-01  1.5245e-01
 -2.9615e-01 -4.4535e-01  1.2767e-01  3.6836e-01 -7.1464e-01 -9.3680e-01
  7.7265e-01  4.9713e-01 -1.1356e+00  5.2116e-01  8.3809e-02 -2.7111e-01
 -7.5734e-02 -2.1849e-01  3.4396e-02  4.0472e-02  3.1077e-02 -2.3459e-02
 -4.1602e-01 -6.1600e-02 -3.0030e-01 -2.2995e-02 -4.9914e-01 -3.1326e-01
 -6.8431e-02  6.4321e-03  2.6925e-01  2.5853e-01  2.0486e-01 -7.5895e-01
  3.8427e-02  2.7317e-01  2.2807e-01 -1.4109e-01 -2.4568e-01  1.2197e-01
 -6.4445e-01  9.6131e-02 -6.3484e-02  2.4703e-01]"
2005-2006,"[ 3.2084e-01  2.9801e-01  4.0045e-02 -4.5198e-01 -5.1850e-01 -2.7861e-01
  1.7979e-01  1.0708e+00 -1.9661e-01  7.2563e-01  7.0950e-03 -3.6034e-01
  4.3665e-01  1.7956e-02 -5.0985e-01  1.7969e-03 -2.1438e-01 -3.0523e-01
  1.6128e-01 -1.2685e-01 -7.8290e-01 -2.6143e-01 -5.3961e-02  8.1795e-01
 -3.3895e-01 -2.3525e-01  1.7528e-01 -3.0295e-01 -6.7318e-01 -2.4508e-01
 -5.0571e-01  3.6195e-02  5.0433e-02 -6.3015e-01 -7.9196e-01  4.1749e-01
 -4.0685e-01  3.6196e-01 -3.8838e-01 -1.5768e-01 -1.3926e-01  1.6682e-01
 -4.1958e-01  1.0645e+00  4.1784e-02  5.0633e-01  7.3431e-01 -9.7618e-01
 -9.9974e-02 -2.8259e-01 -5.6001e-01 -5.2173e-01  2.8176e-01  1.7115e-02
 -5.2359e-01 -3.1464e-01  5.1168e-01  6.0527e-02 -6.6580e-01  1.3498e-01
 -4.2488e-01  1.1726e-01 -5.3224e-01 -1.4193e-01 -2.3985e-01 -2.7160e-01
 -5.8691e-01 -1.0565e+00  4.5805e-01 -1.0110e-03  6.5249e-01  2.0703e-01
 -5.4276e-01  4.5876e-01 -8.5226e-01  4.3572e-01 -5.9728e-01  9.0559e-01
 -5.9375e-01 -8.0870e-01 -1.3971e-01  1.4245e-01 -2.1512e-01  1.9708e-01
  6.5378e-02  7.9906e-02 -3.0211e-01 -3.7473e-01  2.2254e-01 -1.2820e-01
 -2.6394e-01  9.7018e-01 -1.2250e-01  3.2635e-01 -1.9065e-01 -2.0924e-01
  4.9505e-01  4.2431e-01 -7.0568e-04 -5.3797e-01]"
4x100,"[ 1.1534     0.49936   -0.70797   -0.91423   -0.34633    0.27273
 -0.28792    0.4222    -0.79047    1.1785     1.2494     0.063385
 -0.093219  -0.82131   -1.4928     0.37067   -0.88068   -0.3437
 -0.39133   -1.887      0.34784    1.0073     1.0173    -0.16441
  0.76031    0.71985   -0.026325   0.29168    1.1717    -0.77844
 -0.70708    0.54783   -0.1055     0.35876    1.1548    -0.32761
 -0.3882     1.3697    -0.69135    0.5368     0.92626   -0.38127
 -0.10038    0.66981   -0.51006   -0.56644    0.12731   -0.043959
  0.14292    0.12452   -0.80023    1.2161     1.264      0.17935
 -0.22633   -0.25258    0.24468   -0.56327   -0.18808   -0.40396
 -0.61465   -0.38691    0.74012    0.093564   0.034301   0.13247
 -0.57333    0.41367    0.53934   -0.9292     0.386     -0.1314
  0.27093    1.0602     0.96756    0.97954    0.82043   -0.085948
  0.88669   -0.57376    0.25869    0.2375     0.18288   -0.17686
  0.059142   0.0066568  0.90298    0.44066    0.48819    0.18649
 -0.039857   1.0569     0.18911    0.90262    0.088315  -0.78353
 -0.70878    0.46022    0.60347    0.71473  ]"
358,"[ 0.6293     0.50054    0.54012    0.35961   -0.12394    0.60305
  0.62287    0.18643   -0.43881   -0.15965    0.64755    0.27303
 -0.0046572 -0.05928    0.41195   -0.19348   -0.13496    0.035073
  0.072869   0.4569     0.7086     0.14668    0.49785    0.50053
  0.1968    -0.55385    0.89621    0.68095   -0.28839   -0.38187
 -0.16092    0.24135   -0.38155    0.006256  -0.6627     0.45114
 -0.14956    0.0070932 -0.22162    0.47397    0.17129   -0.43072
 -0.064784  -0.22387    0.21165    0.056144   0.21389   -0.38468
 -0.49126    0.55961   -0.23429   -0.095986   0.17249    0.44485
 -1.0288     0.2134     0.42895   -0.28346   -0.20643   -0.39628
 -0.14348   -0.51771    0.33934    0.47133   -0.82581    0.34776
  0.20599   -0.26489    0.18222   -0.19831   -0.3597    -0.29543
 -0.079439   0.28851   -0.015818   0.39422    0.031653   0.63773
 -0.47981   -0.071106   0.026112   0.04868    0.36987    0.28291
 -0.036999  -0.033045   0.55444   -0.80129   -0.40319    0.23501
 -0.094675   0.61367   -0.42646   -0.49782   -0.20381    0.2341
  0.096084   0.03486   -0.34592   -0.4125   ]"
lambeth,"[ 0.85275    0.28902    0.42038   -0.35868    0.43802    0.011978
 -0.0032374  0.99422    0.12397    0.10835   -0.26308   -0.18884
  0.97625    0.41029    0.31205    0.53153   -0.19058    0.062617
 -0.28869   -1.206     -0.46158   -0.014088   0.38133   -1.0175
  0.13335   -0.30566    0.062593  -0.045035   0.18419    0.57732
 -0.18012   -0.93638    0.35824    0.065861  -0.22125    1.1927
 -0.14416    0.59162   -0.70626    0.54191   -0.41762    0.59944
 -0.051385  -0.79251   -0.2386     0.37188    0.34968   -0.27878
 -0.19999    0.46868   -0.37059   -0.43371    0.57346   -0.48653
 -0.82672   -0.74753   -0.17073   -0.55896   -0.91966   -0.91644
 -0.65257   -0.3568    -0.4548    -0.28615   -0.14958    0.18476
 -0.1087     0.25467    0.32997   -0.40317   -1.0631     0.45984
  0.064972  -0.45927   -0.33694   -1.1112     0.65959    0.09757
 -0.14247   -0.79164    0.075016   0.37349    0.79086    0.79123
 -0.45133    0.1811     0.31752   -0.65483    0.81406    0.58948
 -0.10589   -1.1839    -0.068173   0.22258    0.14747   -0.34561
  0.6365     0.70966    0.19432   -0.099959 ]"
a$,"[ 0.16917    0.69124    0.0074357  0.28265    0.47286    0.0060551
 -0.30832    0.76872   -0.27799    0.64763    0.52179    0.79847
 -0.43873   -0.96227    0.16306   -0.98187   -0.19288   -0.067443
  0.22658    0.73339    0.21325   -0.91178    0.041476   0.033052
  0.28734   -0.036793   0.8175     0.37746   -0.10654   -0.92492
 -0.63877    0.27577    0.71812   -0.31016   -0.12207    0.24554
 -0.66557    0.090497  -1.3882     0.64043    0.20552   -0.38013
 -0.31603   -0.13331    0.52944   -0.18344    0.26071   -0.45601
 -0.14791   -0.0082764  0.19323   -0.33498    0.55105    0.37198
 -0.69701   -0.14236   -0.83583   -0.79234   -0.22303   -0.11394
  0.8984    -0.078935  -1.0477     0.1778     0.53063   -0.19809
 -0.52481    0.46898    1.048      0.021185  -0.42202    0.29809
 -0.43865    1.1961     0.051586   0.07683    0.42718    0.5675
 -0.39332    0.53478    0.27208    0.29272    0.38749   -0.29934
  1.2085     0.48864    0.53317   -0.098405  -0.12266    0.088932
 -0.043032   0.13884    0.3553    -1.171      0.55448   -0.12761
  0.87743    0.65767    1.0685    -0.24627  ]"
scour,"[-0.094366   0.28943   -0.24493    0.013208   0.25764    0.31052
 -0.75765    0.41587   -0.082157   0.20229    0.165      0.57793
  0.0034953 -0.84092   -0.22569    0.090159   0.98843   -0.52483
 -0.014487   0.17578   -0.38013    0.39502    0.42062    0.084694
 -0.1146    -0.41458   -0.042515   0.24442    0.035876  -0.47859
  0.19053   -0.49322   -0.29936    0.51095    0.044323   0.034922
 -0.086308  -0.50588    0.92756   -0.3644    -0.48362    0.10596
 -0.93519   -0.026073  -0.35637    1.1211    -0.55754    0.17865
  0.8061    -0.20165    0.5112     0.77258   -0.15569    0.59558
  0.38322    0.32859    0.12238   -0.19731    0.54721   -0.072999
 -0.48827    0.71414    0.14214    0.24729   -0.23685    0.37071
  0.26007   -0.081371   0.011413  -0.23196    0.15374   -0.39012
 -0.12632   -0.38249   -0.29928   -0.3192    -0.16032   -0.22584
 -0.33603    0.18366    0.65183    0.59353   -0.40188    0.044155
  0.25178   -0.12471    0.45271    0.39272   -0.31279    0.40497
 -0.026376   0.47872   -0.014718  -0.80508    0.12727    0.024459
 -0.010579   0.17944   -0.15246    0.42747  ]"
deformation,"[-0.74046    0.57035    0.022385   0.01107   -1.294      0.31953
 -0.43304    0.35525    0.043423   0.0092887 -0.28904   -0.32762
  0.34789    0.090532   1.6634     0.11403   -0.37714    0.27077
  0.69278   -1.5086     0.15554   -0.44986   -0.34733    0.18678
  0.39515    0.1128     0.31495   -0.66791    0.40907   -0.0097135
 -0.63306   -0.25425   -0.46178    0.4205    -0.023568  -0.7004
  0.91496    0.18434   -0.51597   -0.75276   -0.56188    0.39267
 -0.016064  -0.18217   -0.20482    0.30544    0.44781    0.29912
 -0.29301    0.091509   0.56105   -0.31218    0.2444     0.14738
  1.2943     0.27759   -0.031184  -0.35937    0.46487    0.82707
 -0.30427    0.21203    0.12872    0.12024    1.2203     0.1165
 -0.27549   -0.76621    1.0128    -0.27959   -0.91478    0.22141
  0.62732    0.77677    0.64343   -0.24568    0.071995   0.39802
  0.56888    0.73349   -0.46218    0.17634   -0.84159    0.011213
  0.30315    0.489      0.6808     0.15374    0.23311   -0.25078
  0.24545   -0.43332   -0.5361     0.39458    1.6822    -0.66777
  0.10575   -0.36819    0.34411   -0.19368  ]"
repentance,"[ 0.90597   0.39587  -0.33805  -0.47925   0.30058   0.93407  -0.5677
  0.19058  -0.13932  -0.26175  -0.29531   0.53618  -0.19485   0.77163
  0.59073  -0.31477  -0.029814  0.27762  -0.67858   0.34875  -0.53169
 -0.32174  -1.6126   -0.12981   0.1506    0.99387   0.2669    0.21778
  0.086213 -0.49218  -0.21002   0.025236 -0.68337   0.35368  -0.31305
  0.059056  0.31977  -0.51537  -0.036336 -0.19587  -0.50747   0.55426
  0.82849   0.39324  -0.68312  -0.57244   0.44472  -0.36749   0.23692
 -0.5021   -0.14078  -0.23596   0.43501   0.39243  -0.84316   0.26333
  0.51585  -0.439     0.20934  -0.47415   0.060455 -0.2876   -0.16543
 -0.41544  -0.12012   0.45336   0.17343  -0.46581   0.09249  -1.03
 -0.3612   -0.043032  0.75285  -0.52349   0.60049   0.43022  -0.20962
 -0.01166  -0.59847  -0.3458   -0.57474   0.3172    0.41809   0.39264
 -0.25424   0.60213  -0.21584   0.25989  -0.38765  -0.21772  -0.61201
 -0.17584  -0.54318   0.84864   0.10995  -0.77294   0.54677  -0.66179
 -0.3013    0.2287  ]"
uwe,"[ 0.19514    0.46546   -0.49576   -0.38818   -0.32736   -0.62219
  0.040497  -1.2057     0.077455   0.32823   -0.03092    0.24807
 -0.012756   0.23788    0.72526    0.45465   -0.15293   -0.28316
 -0.094588  -0.39459   -0.25303    1.0541     0.11622    0.33843
 -0.37684    0.1324     0.22721    0.29596   -0.56039   -0.018943
 -0.60648    0.59413   -0.088884   0.42402   -0.75244   -0.29521
 -0.20114    0.20954   -0.42856   -0.10091    0.28636    0.72557
 -0.56778    0.60566   -0.40604    0.39148    0.26188    0.017867
 -0.40216    0.99232   -0.037301  -1.1954    -0.89636   -0.12568
 -0.62878   -0.087361  -0.030522   0.97053   -0.51854    0.0064775
  0.89615   -0.042789   0.42284    0.66513   -0.10801   -0.34922
 -0.25694    1.6226    -0.34044    0.20521   -0.41301   -0.90868
 -0.4749    -0.45877   -0.099698   0.59036   -0.57554    0.28996
  0.49343    0.25858    0.36887   -0.88565   -0.29724    0.11371
 -0.18695    0.0047463 -0.56217   -0.13945   -0.4002     0.068937
  0.10082    0.1102     0.035902   0.52345   -0.015529  -0.43464
  0.40095   -0.062196   0.1038    -1.1579   ]"
channing,"[ 0.1562    0.51329  -0.08211  -1.0637   -0.57903  -0.36378  -0.10248
  0.94082   0.32084  -0.51625   0.11097  -0.174    -0.34585   0.1653
  0.063663 -0.053866 -0.040697  0.42036   0.31089   0.88434  -0.15971
 -0.53219   0.46744   0.069595  1.2287    0.94396  -0.19136   0.15535
 -0.20643   0.51236   0.11573  -0.11047   0.55715  -0.017625 -0.16999
 -0.12239  -0.2996    0.14134  -0.61283   0.23646  -0.085508  0.15623
 -0.16031   0.83065  -0.21491   0.19727  -0.40658  -0.27334   0.54039
  0.43043   0.22775   0.021535  0.1088   -0.50493  -0.22115  -0.014732
 -0.23306  -0.60184  -0.80842   0.042833 -0.34591   0.38678  -0.14179
  0.28796  -0.37996  -0.36428   0.91955   0.60975  -0.24677   0.82744
  0.131    -0.1585   -0.94971  -0.25388  -0.15336  -0.32425  -0.46677
  0.6538    0.48843  -1.1573   -0.48861   0.71141   0.023732  0.65138
 -0.29682   0.18608   1.2332   -0.11029   0.62227  -0.82581   0.17346
 -0.61936   0.14427   0.062715  0.44318  -0.08418  -0.40441  -0.39593
 -0.31005   0.48527 ]"
mcelroy,"[ 0.1213    -0.50783   -0.34071   -1.2793    -0.54728    0.30411
  0.10271   -0.166     -0.044598  -0.17524    0.71613    0.22843
 -0.08769    0.42511    0.045856  -0.3075     0.18188   -0.026087
 -0.35252    0.032013  -0.11287    0.28872    0.048192   0.83664
  0.53549    0.2002    -0.19782    0.043535  -0.31832    0.30419
 -0.22474    0.11112    0.48963    0.1166     0.23648    0.22272
 -0.34101    0.51433    0.45192    0.27036   -0.23416    0.025389
 -0.46154    0.41819   -0.52133    0.26513    0.39759   -0.68738
  0.3395     0.40232    0.13439    0.018101   0.181     -0.30172
 -0.097504   0.095442   0.43335   -0.34864   -0.48263    0.41838
 -0.12904   -0.35718    0.35889   -0.17072   -0.032674  -0.25062
  0.29442    0.37515   -0.052549   0.40411    0.14435    0.32944
  0.16987   -0.2053     0.49579   -0.1492    -0.8731    -0.04036
  0.1507     0.32843   -0.29919    0.0060975 -0.60307   -0.097558
  0.28832   -0.050928   0.55745   -0.4099    -0.43556   -0.33636
  0.54894    0.11479   -0.052713   0.18292    0.38251   -0.18438
  0.0042907  0.41953   -0.28468    0.31401  ]"
blinking,"[ 0.25662   -0.62342    0.090054  -0.32231    0.71613    0.74008
 -0.73389   -0.14462    0.6086    -0.76427    0.076405  -0.1746
  0.50534   -0.32237    0.61191   -0.21279   -0.28848    0.82264
  1.4911    -1.0526    -0.61828    0.26252   -0.48602   -0.35534
  1.0552     0.39047    0.065074   0.024184   0.13752   -0.94769
  0.18445   -0.55532   -0.35602    0.44045   -0.5508    -0.060519
 -0.44455   -0.51197    0.90819    0.39139    0.32269    0.22252
 -0.40367    0.20975   -0.70114    0.3297     0.20519    0.57314
 -0.13785   -0.28754    0.48718    0.0050313  0.22171    0.39191
 -0.17654   -0.10389    0.26039    0.88511   -0.20005   -0.19528
  0.12142    1.0942    -0.35536    0.45098   -0.52531    0.33527
  0.28082   -0.74074   -0.19346    0.19312    0.35008   -0.22846
  0.5072    -0.97826    0.084085   0.28826    0.076072  -0.38294
  0.23134   -0.51646    0.76309   -0.94388   -0.47336    0.88101
 -0.61036   -0.24531    0.48915    0.035587   0.25697    0.34455
 -0.12735    0.066662  -0.053143   0.39863   -0.24715   -0.13591
 -0.039419  -0.14338   -0.035962  -0.22088  ]"
voinovich,"[-0.29797    0.61448    0.53492   -0.86201    0.081491  -0.66495
  0.43473    0.12212    0.11369    0.5587    -0.70962   -0.91047
 -1.0472    -0.71536   -0.071797  -0.22221   -0.1007     0.31443
 -0.5585    -0.14739    0.011367   0.54463    0.4737     0.13969
 -0.50461   -0.074062  -0.74953    0.47531    0.16618    0.28802
  0.73008   -0.12547    0.22639    0.53279   -0.40709    0.45503
  0.06776   -0.65058    0.33982    0.18017   -0.23314   -0.19478
  0.49759   -0.11529   -0.88508   -0.0065192  0.018879  -0.71556
  0.1211     0.3704     0.50588   -0.40718    0.48918   -0.63621
  0.036223  -0.22489    1.0291    -0.49155   -1.3068    -0.090662
  0.33247   -0.35351    0.21738    0.17409   -0.060916   0.32204
  0.92777    1.4358    -0.24454    0.14662    0.065925   0.18393
 -0.077137   0.36628    0.40767    0.50806    0.055958   0.1767
 -0.13331    0.22744   -0.48623   -0.95525   -0.1317    -0.4586
 -0.43625    0.15857   -0.14472   -0.35878   -0.085999  -0.9203
 -0.37865   -0.61032   -0.59116    0.85666   -0.80406   -0.39682
  0.65029    0.2652     0.21461   -0.13032  ]"
podgorica,"[-7.5994e-01 -7.6991e-01 -6.7496e-02  5.4414e-01 -3.5860e-01  1.4639e+00
 -6.6604e-01  6.6581e-01  3.0693e-01  4.6565e-01  7.4681e-02 -1.5020e-01
 -4.2341e-01  4.5775e-01 -5.8098e-01 -3.9909e-01  8.4748e-01 -6.9350e-02
  1.2408e+00 -1.4956e-01 -3.4998e-01  1.3331e-01 -1.4398e-01  9.9960e-01
 -4.5562e-01 -1.1856e-01  1.2355e-01  8.7481e-02  2.5837e-01  3.9182e-01
  1.5590e-02 -2.3536e-01  7.3388e-01  6.3941e-02 -3.0485e-02 -2.9292e-01
  1.8418e+00  3.6531e-01 -3.6421e-01 -7.5177e-01 -9.6437e-02 -1.7274e-01
  8.4609e-02 -1.3478e-01  6.6850e-02 -5.7014e-01  1.1463e+00  1.4156e-01
  9.1110e-02  2.9537e-01 -2.9658e-01 -9.8580e-02 -4.6271e-02  1.5468e-02
  1.7186e-03  2.7725e-01 -4.9025e-01  1.6155e-01  3.2820e-01  5.3351e-01
 -5.1391e-01 -9.2184e-02 -4.3093e-01  7.2004e-01 -5.4260e-01 -4.1357e-01
 -1.3172e-01 -3.2295e-01 -5.8367e-01  2.8400e-01  4.3214e-01 -7.7018e-01
  1.1399e-01 -6.6010e-01  1.0116e-01 -5.4176e-01  6.3395e-01  2.3675e-04
 -1.9122e-01 -8.1729e-01  2.9997e-02 -2.2304e-01 -2.4273e-01 -3.6402e-01
  8.2115e-01 -7.5166e-02  6.8093e-01  1.0816e-01 -3.2703e-01 -6.0722e-01
  4.0319e-01  6.9098e-01 -9.9712e-01  4.0578e-01 -4.5758e-01  1.1666e+00
 -3.1549e-01  6.3206e-01  3.8112e-01  1.1127e+00]"
compostela,"[-0.38247   -0.0064261 -0.39541   -0.48854    1.1472     0.55983
  0.27875   -0.24922    0.55185   -0.0927     0.014863  -0.27976
 -0.032057  -0.053128   0.027511   0.056688   0.46524    0.0085277
  0.66891    1.4696    -0.16934   -0.1691    -0.11425    0.77192
 -0.59153    0.51224    0.2403     1.0114     0.11696   -0.81301
 -1.1979    -1.4312    -0.34927    0.39713   -0.15821    0.40067
 -0.81831    0.076104   0.057202   0.58259    0.57655   -1.2716
 -0.066559  -0.40092   -0.45968    0.25193    0.4181     0.38539
  0.62485    0.46352   -0.56463    0.47677   -0.75477    0.82987
 -0.88501   -0.39866   -0.547     -0.44178   -0.19551   -0.71359
 -0.11076   -0.36814    0.24993   -1.0873    -0.37987    0.10405
 -1.0634    -0.091617  -0.48609    0.47077   -0.33431   -0.012643
  0.93546   -0.5902     0.42377   -0.45716    0.62028   -0.77109
 -0.54215    0.57786   -0.2155     0.13223   -1.3809    -0.51758
  0.50902    0.01299   -0.70693    0.5874     0.55121   -0.51686
 -0.56218    0.10932   -0.51834    0.9226    -1.7875    -0.46166
 -0.20258   -0.11258   -0.58198   -0.20037  ]"
madman,"[ 4.1417e-01 -2.5501e-01  9.3938e-01 -4.4236e-01 -9.7739e-02  7.9070e-01
  3.6230e-01  1.4848e-01 -4.1409e-02 -2.6919e-01  2.0885e-01 -6.5426e-02
 -5.7581e-02 -1.6924e-01  6.6096e-01  6.6270e-01  6.7003e-01  4.5185e-01
 -4.9229e-01  3.1648e-01  9.5122e-01 -4.2838e-02  2.2059e-01 -5.4499e-01
  5.6959e-01  7.4198e-01  6.0172e-01  5.4739e-01 -5.2552e-01  1.8655e-01
  5.2159e-02  3.1892e-01 -6.3834e-01  1.0764e-01 -5.3958e-01  9.6766e-03
 -4.1030e-01 -2.1787e-01 -1.0195e-01 -3.8513e-01 -5.5170e-01  1.3185e+00
  3.1272e-01  7.0340e-02 -3.0351e-01  3.0932e-02 -1.2437e-01  1.4389e-01
 -8.5148e-03  2.4084e-01 -3.5347e-01  7.1350e-02  2.9057e-01  9.2014e-02
  1.1611e-01  6.2876e-04 -2.6563e-01  2.8357e-01 -2.1046e-01 -7.6045e-01
  4.8412e-01 -6.7579e-02 -8.3049e-01 -1.9129e-01  2.7708e-01  2.0064e-01
  6.2695e-01  3.2022e-01  8.6972e-01  2.5865e-01  6.1093e-02 -3.7726e-01
 -1.3216e-01 -7.4330e-02 -8.9471e-01 -2.0305e-02  6.5889e-01 -3.7843e-01
  6.8842e-01 -2.2069e-01  2.5398e-01 -1.2452e-01 -8.8135e-01  1.1052e+00
  2.0782e-01  1.9352e-02  2.1222e-01 -2.7229e-01 -2.0084e-02 -1.7168e-01
  2.5176e-01 -1.9884e-01  4.4467e-01  3.3238e-01  4.2627e-01 -2.8987e-01
  4.0480e-01 -3.5679e-01  1.7886e-01  1.6767e-01]"
mdgs,"[ 8.1737e-02  2.7681e-01  8.9410e-01  8.5298e-01  6.9247e-01 -9.7225e-01
 -1.3041e-01  1.0749e+00 -1.7597e-01  2.2616e-01  1.3891e+00 -6.2823e-01
 -1.2624e-01 -2.4001e-01  2.8174e-01 -2.0452e-01 -3.5532e-01  6.1817e-01
 -1.4236e+00 -5.4544e-01 -1.8153e-01 -9.8325e-01  1.2974e-01  1.1773e+00
 -5.3062e-01  5.2201e-01 -3.3584e-01 -3.2746e-01 -1.3857e+00 -1.3302e-01
 -6.3713e-01 -2.6471e-01 -3.8719e-04  6.0698e-01  3.1946e-01 -2.8044e-01
  4.7515e-01  7.4789e-01 -7.7914e-01  1.1554e+00 -1.1126e+00  1.0964e+00
  1.1110e-01  5.8692e-01  7.3092e-01 -9.5256e-01 -1.6931e-01 -2.4160e-02
 -2.0152e+00 -1.4831e-01 -4.9193e-01 -8.3657e-01 -1.0416e+00 -6.5266e-02
  5.3790e-01 -2.6211e-01 -1.9420e-01  9.0919e-01 -3.7890e-01 -8.3697e-01
 -6.6877e-01  2.7836e-01 -1.2738e+00 -5.1495e-01 -3.1935e-01  1.4598e-01
 -7.1229e-01 -3.7160e-01  4.1655e-01 -1.5573e+00  9.6492e-01 -7.7272e-01
 -2.9882e-01 -7.8501e-01  4.4913e-01 -9.5703e-01 -9.1158e-01 -4.7753e-01
 -3.9360e-01 -6.1447e-01 -6.0630e-01  5.0510e-02  5.8967e-01 -2.8737e-01
 -8.9804e-01  8.8092e-01 -4.6909e-01 -2.6787e-01 -7.6354e-01  1.1187e+00
 -6.9559e-01  9.7827e-01 -3.7309e-01  2.8094e-01 -7.6810e-01 -2.5246e-01
 -1.9256e-01 -5.2634e-02 -1.3918e-01 -2.7351e-01]"
beaded,"[-3.5094e-01  4.9122e-01 -1.2942e-01 -4.2159e-01  2.4098e-01  4.6478e-01
  4.0793e-01  1.0574e+00 -2.1956e-01  8.7174e-01 -4.5807e-01  9.3244e-02
  5.6530e-01  9.2560e-01  2.3019e-01  4.9305e-01 -3.4600e-01 -5.4134e-01
  1.0565e+00 -8.2454e-01 -1.6399e-01 -7.5799e-01  8.9934e-03  4.5669e-02
  1.1919e+00  3.8613e-01 -3.3089e-01 -4.9617e-01 -3.3769e-01 -1.7782e+00
  1.5927e-01 -1.0091e+00  2.0306e-01 -3.8019e-01  5.4423e-01 -9.3171e-02
 -1.8794e-02  1.6359e-01  7.1853e-01  2.6232e-01  3.9509e-01 -6.7005e-02
 -5.5318e-01 -1.0349e-01 -6.3065e-01 -3.0563e-01  3.2744e-01  4.8006e-01
  1.8938e-01  2.8633e-01 -7.9850e-02  9.1935e-01  8.3717e-01 -5.9527e-01
 -6.4255e-01 -4.9265e-01  2.3886e-01  6.2587e-01  3.0136e-01  8.3581e-04
 -3.1959e-01  4.6331e-01  2.1013e-02  8.4721e-01 -7.3884e-01 -7.0086e-01
  9.5741e-01  4.4994e-01  2.6374e-01 -3.3528e-01  3.0223e-01 -2.5715e-02
 -8.6824e-02  2.3095e-01  7.7421e-02  1.7467e-01  1.6075e-01  1.6141e-02
  7.3907e-01  1.3855e-01 -1.2494e-01 -2.2141e-01  8.9166e-01  2.0917e-02
  1.3987e-01 -6.4399e-01  8.4158e-02  2.0030e-01 -3.9140e-01  2.6111e-02
  6.2518e-02 -3.2581e-01  6.2699e-02 -1.1388e+00 -2.0807e-01 -1.9056e-01
 -9.5375e-01 -4.3825e-01  6.3578e-02  3.8946e-01]"
7/4,"[ 0.29101   -0.19254    0.99997    0.68297    0.015911   0.76496
  0.0084898  0.26738    0.14975   -0.69198    0.51728   -0.32306
 -0.75652    0.36156    0.29267    0.28314    0.23711   -0.074953
  0.70236   -0.301      0.86237    0.35429    0.65793    1.1161
  1.1827    -0.17083    0.91397    0.26747    0.69151    0.34704
 -1.7917    -0.6677     0.38579   -0.69039   -0.010844  -0.42519
 -0.37687    0.2162     1.11       0.22355    0.12545    0.11226
 -0.19996   -0.49785   -0.069963  -1.8782    -0.10637    0.0036617
 -0.3534    -0.33778    0.23277   -0.61719    0.36856    0.70591
  0.39682    0.0056215  0.58734    0.73346   -0.29334   -0.37597
  0.4946    -0.59859    0.43467    0.80007    0.0099229 -0.56257
 -0.88876    0.32124    0.16407   -0.69524   -0.022832   1.0379
  0.04182   -0.96861   -0.62356   -0.38388   -0.8737    -0.73899
  0.25283    0.54712    0.44117   -0.72477   -0.061774   0.28553
  0.49798    0.12024    0.38454    1.1572    -0.090549   0.94052
  0.1505     0.19181    0.1385     0.033196  -0.29567   -0.48994
 -0.15982   -0.69387   -0.16402   -0.036775 ]"
incline,"[ 0.20668   -0.083484   0.090659   0.26809   -0.2391    -0.37621
 -0.52124    0.3014    -0.07228    0.15558    0.5479     0.8269
 -0.10288   -0.44875    0.76577   -0.030103  -0.033844  -0.59759
 -0.5159    -0.43019    0.80609    0.16603   -0.81749   -0.67173
  0.30112   -0.33528   -0.39452    0.49351   -0.24452   -0.70834
 -0.58649   -0.0022107  0.24557   -0.49108   -0.59751    0.69714
  0.57572    0.057247   0.71419    0.20772   -0.45195    0.48348
 -0.3966    -0.045368  -0.59589    0.57889    0.62068    0.092464
  0.70131    0.15359   -0.79864   -0.14962    0.25987    0.6494
 -0.056827  -0.26183    0.20135   -0.055694   0.18333   -0.65681
  0.20478   -0.30495   -0.29499    0.84437   -0.056572   0.021625
  0.55797   -0.67921   -0.095905   0.054648  -0.79064   -0.18608
  0.79292   -0.32274    0.06547   -0.69562    0.71401    0.20814
  0.77863   -0.96429   -0.71585    0.48559   -0.70677   -0.065086
  0.34046   -0.43976    0.47959   -0.0029891  0.21602   -0.048666
 -0.77271   -0.78361   -0.78085    0.56108   -0.11645   -0.35822
  0.41389   -0.29749    0.50077    0.27158  ]"
qu,"[ 0.61196   -0.23089    0.28074   -0.87251    0.49953   -0.14412
 -0.31701   -0.46606    0.30548   -0.20401   -0.12251    1.0189
  0.083896  -0.30421   -0.41746   -0.18419    0.29571    0.0090691
 -0.77703   -0.26094    0.80383    0.30214   -0.19847    0.31206
  0.15925   -0.17092   -1.0265     0.19971    0.13442   -0.14384
 -0.67038    0.4639     0.077912  -0.32846    0.1407    -0.47691
  0.19516    0.76598   -0.86569   -0.46417   -0.11317   -0.1522
  0.11893    0.1151     0.55269    0.49985   -0.35945   -0.7174
  0.11283   -0.23566    0.42779   -0.22439    0.30782   -0.17885
 -0.37192    0.73662    0.23263   -0.10799   -0.80668    0.26683
 -0.048906  -0.56737   -0.50182    0.16467   -0.23406    0.29263
 -0.09586    0.29864    0.6043     0.017784  -0.021411   1.09
  0.53729   -0.32309    0.052352   0.30589    0.40051    0.086175
  0.46099   -0.36705    0.88805    0.14234   -0.49812   -0.26773
 -0.34102    0.47981   -0.23495   -0.71091    0.52486   -0.29707
  0.86301    0.47871    0.15235    0.24369    0.53659   -0.80309
 -0.20964   -0.67361   -0.32138   -0.15927  ]"
talisman,"[ 0.7601     0.24794    0.39245    0.075025  -0.0047425 -0.15119
  0.048493   0.30691   -0.8121    -0.0041672 -0.17922   -0.49255
 -0.23554   -0.5476    -0.43053   -0.43458   -0.36488   -0.16837
 -0.099332  -0.040826   0.301      0.02712   -0.4602     0.62373
  0.18719    1.3408     0.35183    0.41598   -0.37901   -0.29769
  0.12646    0.11612   -1.3517    -0.0057746  0.03978    0.21885
  0.13911    0.82294    0.16265   -0.71407    0.36579    0.68298
  0.55255   -0.53236   -0.11657    0.92193   -0.71311    0.39225
  0.090382   0.30873   -0.438      1.0672    -0.084177   0.062238
 -0.3313    -0.79102   -0.13857   -0.16749    0.056958  -0.13643
  0.45682   -0.39808   -0.15514    0.41253   -0.1457    -0.27614
  0.47815   -0.17786    0.53275   -0.48191    0.43247   -0.25553
  0.22327    0.49074   -0.5912    -0.60644    0.19295   -0.084177
 -0.68982    0.73055   -0.20467   -0.12384   -0.20241   -0.11542
  0.33528   -0.1124     0.46377    0.51497    0.07956    0.12326
 -0.93968    0.048274   0.51606    0.10819    0.052248  -0.25344
 -0.23227   -0.32363   -0.4189    -0.21419  ]"
"58,000","[ 0.43259    1.1013    -0.039877   0.057825  -0.34699    0.41144
  0.20424    0.12917    0.76421    0.19321    0.72239    0.3098
  0.25097   -0.67449    0.44816   -0.26847    0.51449   -0.37025
  0.5726     0.14438    1.4259    -0.055054   0.18703    0.48349
  0.41537   -1.1297    -0.17194   -0.19646    0.24987   -0.87539
  0.18517    0.17638    0.021273  -0.26008   -0.58614   -0.15648
 -0.12749    0.67781   -0.051761   0.29301    0.092702  -0.40959
 -0.41013   -0.15483    0.3985    -0.026071   0.034175  -0.70189
 -0.39161    0.1302     0.077068  -0.70125   -0.49167    0.36067
 -0.60252    0.80453    0.67378   -0.98959    0.050061   0.0029901
  0.47753    0.64645    0.59777   -0.0093678 -0.36367   -0.018512
 -0.24341    0.042554   0.57026   -0.17133    0.20404    0.51042
 -0.4873     0.4312     0.12674    0.80751    0.33281    0.6044
 -0.40876    0.50125    0.45699    0.033514   0.012743   0.65551
  0.40669    0.16179    0.14143    0.057618  -0.3567    -0.23793
  0.40898    0.33455    0.05779   -0.6904    -0.17088   -0.29511
 -0.24499    0.40459   -0.21786    0.31372  ]"
watan,"[-0.87128   -1.0964    -0.56556   -0.80689    0.18211    0.4616
  0.19252    0.32774    0.64566    0.83312    0.39816    0.19812
  0.1535    -0.15764   -0.74017   -0.37929   -0.013376  -1.7764
  0.75289   -0.26447    0.78122   -0.16089   -1.4361    -0.032337
  0.46869   -0.16895    0.1006     0.51487   -0.35373   -0.0020577
  0.46872   -0.53981   -0.55246    0.068275  -0.85327    0.10102
 -0.070441   0.72272   -0.17448   -0.1995    -0.36759    0.83339
 -0.84472    0.29684   -0.2033    -0.36993    0.32473   -0.57905
 -0.57429    0.21499   -0.76367    0.93526    0.29295    0.093955
 -0.49311    0.6817     0.41594    0.64432    0.31955    0.63785
 -0.19788   -0.81015   -0.2502    -1.0408     0.12979    0.47171
  0.36808   -0.050481  -0.30953    0.22221    0.41926    0.4335
  0.67676   -0.55072   -0.10261    0.39956    0.57863   -0.56057
 -0.80209   -0.20071   -0.020667  -0.44591   -0.56061   -0.31127
  0.22253   -0.24632    0.1274     0.67578   -0.20859    0.044193
  0.029924  -0.0053017  0.97767    0.22959   -1.0713     0.64472
  0.12648   -1.41       0.30621   -0.075017 ]"
jennie,"[ 0.35607    0.80668   -0.15764   -0.053517  -0.41596   -0.39353
 -0.2252     0.39368   -0.0064684 -0.48082   -0.028128   0.34098
  0.23164    0.67476    0.53481   -0.13805    0.22041   -0.36423
 -0.21204   -0.13642   -0.67999    0.26846    0.59817    0.44856
  0.71085    0.83967   -0.43771   -0.55753   -0.1012     0.21703
  0.6509     0.062333   0.88904    0.053119  -0.51179   -0.46958
  0.019365   0.2043    -0.33638    0.068061  -0.083455   0.79009
 -0.29299    0.32207    0.024688  -0.081141  -0.57565   -0.3693
 -0.10856    0.54235   -0.40702    0.31936    0.36455   -0.046745
  0.39248   -0.56616   -0.23888   -0.19741   -1.1717     0.18217
 -0.19827    0.080392  -0.33195    0.28562   -0.033696  -0.29119
  0.47793    0.99691    0.24536   -0.25465   -0.46494    0.098678
 -0.54338   -0.26241    0.26768    0.24532    0.42626   -0.25728
  0.026431  -0.44486   -0.19307   -0.13562    0.025651  -0.065402
  0.52918   -0.23415   -0.031666  -0.13509    0.079085  -0.61557
  0.27851    0.21776    0.32026   -0.067365   0.26919   -0.2018
  0.17628   -0.29067   -0.82677   -0.062345 ]"
bahamian,"[-0.14438  -0.42387   0.78024   0.018228 -0.595     0.6951   -0.46603
 -0.2119   -0.34921   0.38129  -0.38856   0.84517   0.039536 -0.17856
  0.20946  -0.51196   0.69032  -0.23452  -0.013021 -0.12897   0.16693
  0.2565    1.0809   -0.25511  -0.54198   0.29026   0.14068  -0.79411
 -0.70721   0.060154 -0.18492  -0.24454   0.25973   0.54922  -0.041248
 -0.28277  -0.14299   0.47203   0.7389   -0.622    -0.10404  -0.12482
  0.28241   0.70748   0.47103   0.081585  0.35399  -0.29565   0.53492
  0.49602  -0.25162  -0.48061   0.76681  -0.37715   0.12944   0.58429
 -0.24432   0.20251   0.52113   0.45384  -0.49373   0.24919   0.55753
  0.036744 -0.29431   0.18869  -0.66238   0.75719   0.31775  -0.21667
 -0.4524   -0.046686  0.40784   0.21829   0.21416   0.39516  -0.14566
  0.077807  0.01973   0.019749  0.078403 -0.42674   1.0049    0.21189
  0.65577  -0.50017   0.70816   0.91847   0.29837  -1.2246    0.022979
  0.023098 -0.5264   -0.68173   0.21822  -0.067319 -0.49829   0.10167
 -0.10141  -0.10758 ]"
125th,"[ 0.55354   -0.90471    0.23286    0.49084    0.21542    0.033307
  0.023577   0.39661   -0.71027    0.511     -0.23052   -0.30121
  0.5123    -1.1229    -0.43064    0.54237    0.5882    -0.26248
 -0.19199   -0.57309   -0.041663   0.40959    0.90518    0.16375
  0.57574   -0.017571   0.26083    0.4541     0.45316   -0.15686
 -0.36621    0.45616    0.82103    0.64877    0.028752   0.38454
 -0.27848    0.01523    0.55541    0.38118    1.126      0.23134
  0.38855    0.090996   0.17977    0.11796    0.32976   -0.34715
  0.082348   0.055543   0.0051333 -0.22828   -0.11022   -0.33767
 -1.8158    -0.36242    0.089139   0.19109   -0.1755    -0.5601
 -0.53672    0.55545    0.48569    0.80022   -0.47407    0.2141
  0.095856  -0.029294   0.60194   -0.59556    0.49848   -0.60682
 -0.85536   -0.14572    0.11069    0.040564   0.16692    0.41955
 -0.13008   -0.68867   -0.27589    0.31309    0.1428     0.81212
 -0.48262   -0.49715   -0.47876   -0.30671    0.6977     0.15635
 -0.6653     0.39385    0.24864    0.53243   -0.83057   -0.81677
  1.4813     0.64684   -0.15982    0.59728  ]"
aloha,"[ 0.1222    -0.10244    0.51369   -0.91899   -0.13373    0.15279
 -0.045441   0.42755   -0.77168    0.77278    0.24138   -0.23416
  0.58334   -0.17805   -0.3914    -1.0392     1.0057     0.99411
  0.55415    0.010807   0.42373   -0.052214  -0.49378    0.20458
  0.74438    1.3003     0.013745   0.035686  -0.21646   -0.49455
  0.044213   0.77056    0.62262    0.09149   -0.80384    0.19629
  0.026465   0.37522   -0.44272   -1.181     -0.33469    0.17682
  0.12108   -0.43833   -0.11984    0.032773   0.59063    0.81894
  0.22824   -0.39819   -1.1491     0.24565    0.53501   -0.87995
 -0.089184   0.30656    0.82583    0.36532    1.1261     0.27945
 -0.95992    0.13181   -0.25639   -0.056097  -0.79855   -0.426
 -0.17776   -0.23301   -0.32132   -0.084516  -0.42641   -0.19897
  0.34798   -0.25766   -0.46699    0.65238    0.83886   -0.071216
 -0.48858    0.39895   -0.47255   -0.96868    0.42436    0.30816
  0.90864    0.11209    0.077556  -0.17692    0.61978    0.65655
 -0.026079  -0.077006  -0.20308   -0.41833   -0.17315   -0.40485
 -0.069561   0.0096471 -0.10891    0.20134  ]"
'95,"[-0.049867   0.45984    0.85428   -0.49767   -0.23134   -0.071501
  0.21269    0.08911    0.12547   -0.28958    0.30258   -0.050328
  0.55443   -0.057663  -0.49727    0.48505   -0.6771     0.45108
  0.21383   -0.23357   -0.59048   -0.042072   0.28344    1.3876
  0.29582   -0.15439    0.14662   -0.23062   -0.60613   -1.2623
 -0.30649    0.76848   -0.26163    0.098333  -0.087474   0.33258
 -0.11981    0.21033    0.25452    0.017712   0.11212   -0.2328
 -0.049731  -0.17918    0.0028443  0.19846    0.41865   -0.68183
 -0.48976   -0.69593   -0.5892     0.4275    -0.25682   -0.40662
 -0.69272   -0.18474    0.42363    0.21697    0.3756    -0.48164
 -0.3155     0.31176   -0.73911   -0.51723   -0.43646   -0.25615
 -0.27018   -0.65616   -0.16174   -0.29527    0.70768   -0.39895
 -0.35806    0.25933   -1.2545     0.35369    0.50139    0.42062
 -0.06894   -0.36181   -0.15931    0.49326    0.55548    0.39829
 -0.0033937 -0.081133  -0.48969   -0.12728    0.338      0.63436
  0.40006    0.11       0.29032    0.26183    0.71427   -0.071255
  0.10781    0.92514    0.29166    0.1838   ]"
beni,"[-0.33559   -0.81638    0.1241    -0.081158   0.069258  -0.061789
  0.36407    0.81052    0.16872   -0.21142   -0.19955    0.30161
 -0.55167   -0.1836    -0.24009   -0.33263    0.23495   -0.53907
 -0.21333    0.47979    1.249      0.40146    0.84696    0.50265
 -1.3071     0.30248    0.46142   -0.51528    0.16196   -0.67452
 -0.067574  -0.89963    0.18408    0.37554    0.0013148 -0.93783
  0.4522     0.63066    0.3573    -0.72872    0.20623    0.24046
  0.39717    0.19915   -0.33295    0.10632    0.077942   0.45181
  0.068426   1.1215    -0.29496    0.50918    0.1014     0.027899
 -0.99216    0.30618   -0.12702   -0.90168   -0.72       0.12106
  0.69355    0.5427     0.13075   -0.48836   -0.41051    0.76616
  0.4457     0.50183    0.45403    0.37144   -0.019125   0.38318
  0.47948   -0.91427    0.09033    0.47306    0.20732   -0.23481
  0.43343    0.5033    -0.72251   -0.42595   -0.36855   -0.32661
 -0.20511    0.57637    0.55269    0.0017362  0.27124   -0.29887
  0.87789   -0.11564   -1.0256     0.48597   -0.58687    0.34925
  0.45808   -0.11929    0.34123   -0.16521  ]"
dummies,"[-0.34964    0.39638    0.20848   -0.49983   -0.61824    0.31537
  0.53682    0.17027   -0.42394    0.086597   0.71879   -0.31694
 -0.22541    0.079919  -0.19977    0.36499    0.28571    1.2999
  0.080479   0.52937   -0.11377   -0.2366     0.39626   -0.32534
  0.82882   -0.30862   -0.91719    0.15152   -1.0384     0.31651
  0.56895   -0.50971   -0.4501     0.4627     0.58232    0.45142
 -0.10128    0.34248    0.20643   -0.095685  -0.23794    0.88542
 -0.14877   -0.33373   -0.68797    0.21694   -0.15811   -0.44626
 -0.9195     0.058465  -0.18662    0.71107   -0.75437    0.79713
 -0.51763    0.57198    0.15024    1.1697     0.07394   -0.04166
  0.034402   0.56399   -0.073124  -0.006009   0.053527   0.073333
  0.50834   -0.37405    0.36454   -0.65748   -0.024236   0.23703
 -0.19631    0.28345   -0.66502    0.040877  -0.0095206  0.39994
 -0.49712   -0.62722   -0.28791    0.10504    0.46698    0.09225
 -0.29264   -0.16445    0.41344   -0.55974   -0.49011    0.54189
 -0.24824    0.23016    0.73095   -0.34253    0.68382    0.088334
  0.076786  -0.10458    0.22431    0.10974  ]"
inhibited,"[-0.31501   -0.31223   -0.039749   0.063255  -0.67688    0.22776
 -0.30224    0.013571   0.49666    0.0089795 -0.0039719  0.25554
  0.23143   -0.89487    0.67253    0.058816  -0.78278    0.11127
  0.50378    0.054863  -0.40096   -0.20649    0.18045    0.51916
 -0.096105   0.4186     0.0013875 -0.18631   -0.011684   0.26657
  0.12435    0.39876   -0.12275    0.031542   0.23149   -0.16595
  0.080169   0.27088   -0.43533    0.62804   -0.08156   -0.020972
 -0.015626   0.41568    0.3254    -0.32585    0.77859    0.46564
  0.16472   -0.60096   -0.22461    0.10458   -0.16972   -0.0016948
 -0.26085    0.36791    0.035527  -0.59295   -0.22239   -0.43091
 -0.028499   0.23289   -0.1579     0.34097    0.098198   0.026322
  0.47565   -0.32837    0.89345   -0.46043    0.29389   -0.57789
  0.35401   -0.46155    0.0015391 -0.10348    0.13299   -0.41299
 -0.24569   -0.32419   -0.57551   -0.053615  -0.87767    0.81821
 -0.62994    0.41916    0.59454   -0.0025142 -0.73536   -0.77987
 -0.68112   -0.63329   -0.25545   -0.11525    0.63271   -0.18104
 -0.22433   -0.58546   -0.15464    0.0074609]"
beverley,"[ 0.23502   -0.36262   -0.23249    0.18245    0.18889   -0.70869
 -0.54794    0.20604    0.40941    0.18983   -0.19279   -0.52352
  0.15091    0.61752   -0.16255   -0.75287    0.35461   -0.40605
 -0.77821    0.54277    0.17317   -0.30279    0.24604   -0.58832
  0.16177    0.50782    0.75973    0.0046117 -0.29547    0.64129
  0.094005   0.051079   0.59696   -0.54577    0.062058  -0.03832
 -0.19674    0.39187   -0.37726   -0.047457  -0.14002    0.066819
 -0.18165    0.45958   -0.28536    0.40128    0.22588   -0.66077
  0.97334    0.87254    0.11899   -0.38554    0.43915    0.099367
 -0.22184   -0.36361   -0.80884    0.090271  -0.78203   -0.58785
  0.4964     0.16467    0.01952    0.27671   -0.28273   -0.32113
  0.97183    0.61558    0.18864   -0.4709    -0.36631   -0.01296
 -0.27852   -0.67626    0.45654   -0.18084    0.13409    0.79854
  0.24834   -0.20329   -0.68702    1.3438     0.64006    0.058058
  0.68268   -0.63705    0.17711   -0.014837   0.57153    0.60132
 -0.28622    0.11896   -0.47877    0.75647   -0.3643    -0.42366
  0.64062    0.0071079 -0.44824   -0.3699   ]"
22.1,"[ 0.93451    0.79114    0.63788   -0.89239    0.052445   0.55066
 -0.14721   -0.1855    -0.095056   0.6236     0.64768    0.75178
 -0.68338   -0.55766    1.7989    -0.26777   -0.56179    0.11013
 -0.64136   -0.034877  -0.24779    0.8678     0.63637    0.71748
 -0.35321   -0.54204    0.35919    0.48546    0.0047216 -1.4865
  0.70462   -0.079535   0.48651   -0.5176    -0.30829    0.86486
  1.2432     0.0062134 -0.44968    0.28932    0.23607    0.54607
  0.00269    0.63525    0.39494    0.1779    -0.25014   -0.82931
 -0.24018   -0.95854   -0.10545   -0.37977    0.26487   -0.084056
 -0.63971    0.61466   -0.39775   -0.59652   -0.09765   -0.35211
  0.23229   -0.74892   -0.60989    0.80478   -0.73075    0.53697
  0.13446   -0.94924    0.38383    0.60956   -0.5253    -0.016561
 -0.25555    0.087942  -0.65883    0.5607    -0.67567    0.018816
 -0.05949   -0.72711   -0.039462   0.18045    0.2917     1.3324
  0.25116    0.18463    0.32925   -0.33011    0.44863   -0.020365
  0.022155   0.038846  -0.58445   -0.85587   -0.063409  -0.36225
 -0.43241   -0.51288    0.23356   -0.36188  ]"
steppe,"[-0.52834    0.45953    1.7015     0.65416   -0.71802   -0.24275
 -0.25219    0.5258    -0.79063   -0.28874   -0.76093    0.13297
  0.35332   -0.67706    0.096958  -0.012296   0.032556  -0.42376
 -0.1971    -1.4308    -0.60025    0.43227   -0.090804   0.23906
  0.73313   -0.020317   0.34148    0.94382   -0.36339    0.10831
 -0.77925    0.016012   0.019442  -0.56149    0.71222    0.066629
 -0.055041  -0.03391    0.53639    0.8572    -0.70858   -0.040845
 -0.41794    0.36769    0.0054731 -0.34914   -0.15211    0.83516
  0.21003    0.53852   -1.2356     0.34856    0.104      0.28298
  0.19691    0.16211    0.0076954 -0.053791   0.26276    0.58804
  0.55472    0.67489   -0.1289    -0.51478    0.8095     0.11952
  0.058287  -0.6391     0.49449   -0.38923   -0.91038   -0.58225
  0.35268    0.012021  -0.87514   -0.25293    0.018906   1.0601
 -0.061579   0.62894   -0.3111     0.24999   -0.58765    0.35741
  1.2475     0.64115   -0.4058     0.26154    0.21599    0.32958
  0.35866   -0.3075     0.14805    0.13235   -0.24415   -0.028139
 -0.93874    0.041318  -0.32276    0.20407  ]"
prays,"[-0.13209   1.4111   -0.027252  0.16994   0.28843   1.1082   -0.66711
  0.22068  -0.21352  -0.72392  -0.36107  -0.083079  0.66001   0.52765
 -0.42897  -0.54923  -0.064582 -0.17166  -0.29593   0.41281  -0.48133
 -0.39586  -1.1133    0.34321   0.63882   0.55504  -0.75772  -0.057359
  0.33129   0.018871 -0.32581   0.12197   0.049455  0.96723  -0.14933
  0.67505  -0.085157 -0.1702    0.69241   0.26118  -0.63005   0.78098
  0.4892   -0.43692  -0.67971   0.088136 -0.009086 -0.20658  -0.025601
  0.016284  0.082664 -0.51179   0.8644    0.59534  -0.50868   0.16469
 -0.18712  -0.079098 -0.39584   0.36342   0.15961   0.021259  0.24917
 -0.83237  -0.73111   0.43716  -0.10787  -0.29448  -0.23052  -0.35743
  0.30953  -0.56917   0.24747  -0.47971   0.74877   0.20349  -0.40977
 -0.62648   0.25161   0.12579  -0.063917  0.3932   -0.19069   0.55884
  0.12967  -0.41197  -0.068553 -0.37929  -0.18869   0.10587   0.47024
  0.17485   0.60219  -0.12084  -0.13512  -0.090788  0.44362   0.18963
 -0.31762   0.68073 ]"
kluivert,"[ 0.88275    0.0271    -0.46599   -1.4367     0.6684     0.96267
  0.55543   -0.1793    -0.068507  -0.67544   -0.4864     0.045415
 -1.0879    -0.38389    0.9182     0.025888  -0.1389    -0.11979
  0.30964   -0.16379   -0.13363    0.43034   -0.11451    0.24575
  0.419     -0.20003   -0.68353   -0.40593   -0.21489   -0.70084
 -0.76109    0.47538   -0.39688   -0.37128    0.84668   -0.73162
  0.72318    0.55651   -0.92572    0.22765    0.15659    0.036601
  0.080374  -0.083794  -0.020606   1.575     -0.19369   -1.1113
  0.019137  -0.056711   1.1833     0.27065   -0.49498   -0.039348
 -0.0691     0.18236   -0.40569    0.50282   -0.68494    0.021048
  0.43862    0.67907   -0.060151  -0.054613  -0.51261    0.032812
 -0.83185    0.24207   -0.83546   -0.28355    0.31173   -0.66996
  1.0425    -0.85384    0.29517   -0.43897    0.56841   -0.73464
 -0.058369   0.30313    0.44999    0.0037622 -0.14958    0.51745
  0.073711  -0.5488     0.33064    0.94151   -0.095533  -0.18323
 -0.874      0.093487  -0.51561    0.54129    0.12109    0.013126
  0.19928   -0.0094636 -0.72959   -0.78758  ]"
aps,"[ 0.0078436 -0.58313    0.33557   -0.56237   -0.71338    0.031027
 -0.64834    0.87221    0.21397    0.69055    0.84721   -0.27219
  0.21062    0.050762  -0.13475    0.1409     0.54077   -0.60925
  0.58959   -0.48593   -0.64306   -0.11121   -0.34666    0.73171
  0.28419   -0.23534    0.11842    0.50608   -0.35711   -0.014467
  0.38395    0.37864   -1.4791     0.38824    0.15052   -0.28102
 -0.36976    0.41883   -0.069867   0.20347    0.041743   1.1051
 -1.2224     0.088087  -0.40995   -0.39824    0.45015   -0.24472
 -0.65236    0.6595    -0.12247    0.23896    0.065998   0.4158
 -0.30944    0.44661   -0.13734    0.54355    0.060415   0.42085
 -0.22571   -0.30334   -0.38356   -0.32185   -0.081455   0.17143
 -0.32735    0.074825   0.6592     0.37571    0.19266   -0.33438
  1.1217     0.20839    0.4905     0.13162    0.69854    0.13193
 -0.82878   -0.67434   -0.2817    -0.28224    0.18211   -0.10214
  0.15156    0.21864   -0.2644     0.84901    0.11841   -0.36469
  0.94723   -0.25567   -0.13918   -0.32405   -0.69347    0.073612
  0.59947   -0.21845    0.42522   -0.031012 ]"
grazed,"[-0.76963   -0.48124    0.022556  -0.11471   -0.1027     0.6039
  0.55972    0.064287  -0.25076   -0.090093  -0.9355     1.2147
  1.5095    -0.43349    0.88357    0.013564  -0.24168    0.023713
 -0.15739   -0.53972    0.74417    0.5003    -0.027787   0.22804
  0.68241    0.29521   -0.68154   -0.75159    0.022721   0.38527
  0.31623    0.19788    0.77994    1.0344     0.22155    0.064925
 -0.62959    0.17092   -0.72529    0.25807    0.28056   -0.48026
  0.33993    0.63025   -0.22011    0.42776    0.35279    0.0069592
 -0.93339   -0.52816   -0.77232    0.178      0.099921  -0.066591
  0.09751    0.80367   -0.67443    0.35733   -0.40625   -0.0074751
  0.69425    1.2625     0.5307     1.2156     0.15445   -0.16769
  0.057541  -0.58472    0.16582   -0.26663   -0.28809    0.13821
  1.16      -0.30959    0.26172   -0.6497     0.052642   0.4013
 -0.28747    0.23989    0.26852    0.9056    -0.80405   -0.42375
  0.36483   -0.78175    0.060827   0.87442    0.2451     0.031785
  0.22991   -0.25587    0.036745   0.26277   -0.46223   -0.21478
 -0.018305   0.50934   -0.098174  -0.40466  ]"
pali,"[-8.8635e-01  6.2958e-01  5.4897e-01 -3.3319e-01  1.3094e-01  2.9479e-01
 -8.7230e-01 -3.9327e-01 -6.5834e-02  1.2205e-01 -2.9351e-01  7.6238e-01
 -2.5346e-01  5.5903e-01 -2.5880e-01 -3.4877e-01  7.5296e-01 -7.2761e-01
  2.1635e-01  4.9950e-01  7.9611e-01  1.2164e-01  5.4301e-01  9.2785e-01
 -9.4396e-01  7.0081e-01  9.5987e-02  1.9169e-01 -1.0244e+00  3.7582e-01
 -8.5338e-01 -7.9903e-01 -1.1220e+00  1.0159e-01 -2.9400e-02 -1.0659e-01
 -2.7045e-01  5.5072e-01  5.5116e-01 -1.5432e-01 -1.1381e+00  5.3493e-02
 -7.8087e-01  4.5809e-01 -4.1053e-01 -9.8498e-02  4.8918e-01  3.5120e-02
 -7.6820e-03  3.5241e-01  2.4717e-01  7.5149e-01 -9.9179e-04 -1.0746e+00
 -6.6990e-01 -3.9408e-01 -5.5390e-01 -7.3678e-01 -3.3940e-01 -4.0528e-01
 -3.8465e-01 -4.2993e-02 -3.7204e-01  6.2667e-01 -7.3778e-01  2.4276e-01
  4.1305e-01  9.4027e-04 -2.5512e-01  2.5151e-01 -6.4011e-01  1.0847e+00
  1.1140e+00 -5.9741e-01 -7.7870e-01 -2.2829e-01 -2.0773e-01 -5.5217e-02
  9.4872e-02 -1.0573e+00 -7.7047e-01 -3.7039e-01 -1.5885e-01 -2.3784e-01
 -2.3087e-01  1.4240e+00 -5.7301e-01 -1.2931e+00  1.1499e+00  2.8705e-01
  2.0689e-01 -2.5688e-01 -3.5353e-01  1.9378e-01  1.8821e-01 -1.0925e-01
 -4.1499e-01 -3.4683e-01 -3.9305e-01  5.7692e-01]"
oversupply,"[ 3.3468e-01  6.8462e-02  3.6873e-01  4.6182e-01 -4.3436e-01 -9.7166e-01
 -8.2414e-01 -4.0689e-01  4.7645e-01 -1.3950e-01 -1.6282e-01  5.3439e-02
  3.8528e-01 -4.2854e-01  1.2261e-01  1.0307e-01 -1.0876e+00  6.6386e-01
  7.1998e-01 -8.8419e-01 -2.4377e-01 -5.3359e-01  4.2773e-01  1.7461e-02
  6.1335e-01 -4.3072e-01  4.6059e-01  2.3628e-02 -6.5385e-01  1.8709e-01
 -5.7533e-01 -7.2731e-01  3.3712e-01 -1.5849e-01 -8.4285e-01  2.1798e-01
  5.9915e-01  2.5243e-01  7.3076e-01 -5.2231e-01  8.8584e-02  3.2906e-01
 -2.6138e-01 -4.8686e-01  7.4730e-01 -9.0745e-04  3.2053e-01  4.3397e-02
 -4.7518e-01 -5.5179e-01 -1.6701e-01 -6.0727e-01 -6.5799e-01 -1.0649e-01
  8.3923e-04 -4.0295e-01 -2.0600e-01 -3.2085e-01  4.9115e-02  2.4209e-02
  4.3256e-01 -3.4277e-01  6.1496e-02  4.0670e-01 -1.3613e-01 -5.1931e-01
  1.0292e+00 -1.1545e+00  1.6495e-01 -9.6203e-01  4.5944e-01  1.5971e-01
  8.3719e-02  3.7201e-01  1.0940e-01  1.0097e-02  7.7909e-04  5.8958e-01
  4.9934e-02  5.7881e-01  9.9612e-01 -1.9526e-02 -8.9037e-01  7.0485e-01
 -2.9550e-01 -4.7087e-01 -6.2625e-01  1.6239e-04 -6.4937e-01 -5.0520e-01
 -1.4172e-01  9.4364e-01 -5.7660e-01 -7.1931e-01  1.6462e-01 -7.6354e-02
  1.0485e+00 -2.7142e-01  3.1331e-01 -2.9291e-01]"
ethylene,"[ 0.23997    0.31524    0.20019    0.11784   -0.059344  -1.1539
  0.40371    0.67794    0.71187    0.99407    0.11422   -0.16307
 -0.70386    0.36649   -0.19407   -0.12794    0.031802   0.35351
  1.1591    -0.8738     0.25734   -0.6684    -0.17886    1.1445
  0.15127    0.10622    0.2496     0.52167    0.15369    0.13428
 -1.6159     0.71618    0.46125   -0.057636   0.062995   0.23747
  1.5529     0.78919    0.15336   -0.78847    0.78684    0.41805
 -0.38927   -0.023126   1.3785    -0.044294  -0.44518   -0.32311
 -0.6614    -0.51743   -0.32883   -0.33263    0.2342    -0.19275
 -0.90465    0.80459    0.013412  -0.33025   -0.55734   -0.30235
  0.046251   0.62805    0.71186   -0.38495   -0.17362   -0.16825
  1.1956    -0.69548    0.4583    -0.96408    0.17845    0.075456
  0.42718    0.46684   -0.46315    0.18399    0.31183   -0.64276
  0.22148    0.34698    0.92171   -0.0069139 -0.73881    0.68739
 -0.52419    0.76555    1.2036    -0.24042   -0.14122   -0.1343
 -0.040626  -0.29821   -1.5106    -0.4609     0.36287   -0.40515
  0.30993   -0.41414    0.89639   -0.34085  ]"
chino,"[ 0.41265   -0.73625    0.17787   -0.055697  -0.13301   -0.5521
 -0.27118    1.7462    -0.20414    0.95924   -0.06188    0.40529
  0.099661  -0.44587    0.70941    0.088116   0.60064   -0.17404
  0.011761   0.0097585 -0.26056    0.3679    -0.30493    0.6563
 -0.28313    1.2914    -0.39093   -0.30936   -0.11255    0.23568
  0.56512    0.01627   -0.17888    0.34201   -0.43805    0.067263
  0.57975    0.66033    1.0594    -0.46014   -0.016405   0.42478
 -0.55085    0.44775    0.48175    0.024798   0.34536    0.18484
 -0.58185    0.84677   -1.4631    -0.5163    -0.19998   -0.076488
 -0.22693    0.15816   -0.35185    0.070439  -0.19635   -0.3162
 -0.50866    0.35842    0.029678  -0.50879   -0.18196   -0.73062
  0.72355   -0.23935    0.34034    0.49701    0.75184    0.21098
 -0.71385   -0.77758   -0.084724   0.62664   -0.22033    0.17163
 -0.054752  -0.22053    0.089634  -0.70655   -1.1819    -0.36466
  0.53437    0.42268   -0.51825   -0.37787   -0.0066565  0.29518
  0.020954   0.01742   -0.23256   -0.46794    0.14399    0.045557
 -0.61667    0.057797   0.30279    0.11417  ]"
9-4,"[ 0.11827    0.1275     1.1838    -0.86569   -0.25007    0.19497
  0.37904    0.61048   -0.71618   -0.41659    0.041471  -0.044194
 -0.020554   0.52828   -0.28046   -0.035648   0.44518    0.25719
  0.021494   0.68989    0.48918    0.062804   0.48721    1.313
  1.0247    -0.3694     0.11312    0.45326   -0.21052   -0.033101
 -0.5931    -0.039434   0.074267   0.080666  -0.3668    -0.34495
 -0.35692    0.19547    0.49332    0.29216    0.60999    0.081426
 -0.23392   -0.14387    0.58871   -1.0561     0.95819    0.31253
  0.0702    -0.8343     0.045877   0.0044739  0.13806    0.32273
  0.071356   0.3502     0.69487    0.68644   -0.53196    0.20581
 -1.2196    -1.1614     0.33675    0.6683    -0.71055    0.30528
 -0.88509    0.1257    -1.0136     0.65123   -0.28293    0.45662
 -0.54523   -0.56954   -0.50725    0.087637  -1.2111    -1.1888
  0.41338   -0.12617   -0.73803   -0.020629  -0.90926    0.34942
  0.66623    0.05359    0.7506     0.48115   -0.72205    1.2086
  0.19246   -0.64111   -0.29974    0.0064879 -0.39555   -0.50736
 -0.36735   -0.38059    0.64336    0.28197  ]"
amato,"[-0.73399   -0.93977   -0.33185   -0.92074   -0.60891    0.38055
  0.25293   -0.072143   0.54012    0.15178   -0.028381   0.19953
 -1.0446     0.22294   -0.14792    0.10271    0.27512   -0.13913
 -0.5711     0.20809   -0.358      0.26731   -0.49973    0.22154
 -0.27842   -0.54251   -0.037316   0.14143   -0.22409   -0.31484
 -0.13526   -0.38479   -0.16671    0.32953   -0.37141    0.61878
  0.21875    0.40205   -0.074761  -0.022163   0.097873   0.092325
  0.32314    0.25768    0.18229    0.64818    0.013741  -0.86582
  0.38569    0.23105    0.10973   -0.58452    0.30243    0.0095018
 -0.26263   -0.11585    0.089811   0.72203   -0.83025    0.88496
  0.0021943 -0.38518    0.4497    -0.16293   -0.14559    0.73153
  0.020022   0.46696    0.2416    -0.074919   0.67273   -0.36848
  0.20314   -0.03702    0.48232   -0.12929   -0.8121     0.56357
 -0.081805   0.018304  -0.13773   -0.34981   -0.79062   -0.26116
  0.62573   -0.19378   -0.061596   0.34106   -0.069608  -1.2019
  0.25179   -0.17484   -0.14287    0.44695    0.091716  -0.62658
 -0.38929   -0.13652    0.46373    0.11515  ]"
wilders,"[-0.40466  -0.44211  -0.42631  -0.73472   0.61917   0.46409  -0.49074
 -1.2705   -0.13145  -0.0328   -0.20966   0.43594  -0.26294  -0.45683
  0.60975   0.05224  -0.4508   -0.21816   0.22119   0.77905   0.84411
 -0.046007  0.30121  -0.67232  -0.079271  0.20413  -0.067882 -0.23968
  0.19389  -0.19202  -0.22947   0.5524   -0.24254   0.72867   0.73802
  0.093529  0.71545   0.34814  -0.82688  -0.20819  -0.87582   0.47162
  0.73626   0.013392  0.050621 -0.45325   0.47386  -1.0281    0.38782
  0.6662    0.77282   0.56401   0.48496   0.32528  -1.3947    0.4429
 -0.29085   0.29344   0.16006  -0.44457   0.57477   0.13434   0.071072
 -0.33388  -0.38883   1.3943    0.46753  -0.37119  -0.64841  -0.66046
  0.66572   0.14518   0.42601  -0.22815  -0.78612  -0.11882  -1.0078
 -0.45328   0.2511    0.15271  -0.013206 -0.91054   0.95581   0.52738
 -0.57749  -1.0217   -0.10647   0.69449   0.51443   0.57143   0.40085
 -1.2594    0.17139  -0.22622   1.4613    0.20518   0.65528   0.20852
  0.43364  -0.41068 ]"
merapi,"[ 0.085934 -0.16415  -0.48324  -0.39186  -0.86278   0.14581  -0.28563
 -0.062033  0.34536   0.2447    0.57668   0.35105   0.2095   -0.24733
 -0.35351  -0.6338   -0.38357  -0.010824  0.43654  -0.41909   0.63934
  0.27272   0.31426   0.58469  -0.19389   0.28819  -0.17525   0.53399
 -1.1544   -0.076464  0.079567 -0.68226  -0.052338  1.6456   -0.095472
 -0.34146   0.73015   0.1907   -0.025058 -0.7404   -1.3357    1.818
  0.81576  -0.27875   0.41161   0.43775   0.62275  -0.049456  1.0226
  0.024228  0.065115  0.39066  -0.33139   0.081767 -0.56676  -0.25505
  0.40207  -0.34922  -0.013768 -0.42484  -0.045822  1.0352    0.24097
 -0.7792   -0.028294  0.90049   0.34013  -0.86202   0.51945   0.098187
  0.62452  -0.63609  -0.10935   0.77664  -0.58179  -0.16177   0.87095
 -0.26351   0.85018  -0.54582   1.0647    0.16805  -0.53833  -1.1008
  0.99275   0.2308    0.45001   0.70007   1.129     0.53052  -0.075057
  1.2715   -0.69023   0.89833  -0.36427   0.56201  -0.41974  -0.49223
  0.1008   -0.61925 ]"
stardust,"[-0.078832  -0.68554    0.6563    -0.33901   -0.033603  -0.021318
  0.31727    0.27597   -0.2395     0.11809    0.114      0.11798
 -0.64327   -0.24947   -0.39657   -0.31272    0.56738    0.75752
  0.33242    0.64075    0.023552  -0.66317   -1.273      0.054664
  0.72366    0.55355    0.24951   -0.11834   -0.22327   -0.4261
  0.02261   -0.58624   -0.26378    1.4609     0.076478   0.07986
  0.25726    1.079      0.21248   -0.96856   -0.40504   -0.49346
 -0.45403    0.29163   -0.10124    0.47678   -0.69267    0.29338
  0.1494     0.39662   -0.43993   -0.55471    0.51967    0.050167
 -0.33479   -0.36222    0.30593    0.86574    0.054721  -0.017854
  0.17584    1.5476     0.23696    0.71735    0.12947   -0.043887
 -0.43405   -0.36114    0.16545   -0.095068   0.28499   -0.30715
 -0.054867   0.28637   -1.4939    -0.29771   -0.45672    0.031217
 -0.74325    0.024346  -0.0072618  0.43528    0.71328    0.446
  0.95662    0.46199    0.70467   -0.21501   -0.47136    0.0016997
 -0.76183    0.66602   -0.13615   -0.29905    0.29933   -0.20968
 -0.27015    0.13857   -0.45598    0.65533  ]"
paging,"[ 0.18552    0.059959   0.076489  -0.084744   0.65191   -0.26384
 -0.077493  -0.020975   0.75064   -0.64695   -0.25129    0.092103
 -0.20096   -0.3478     0.19291   -0.25028    0.24979    0.24455
  0.68731    0.22426   -0.89459   -0.011754   0.33886    0.47384
  0.92419    0.065563   0.82226    0.62897    0.17184    0.15402
  0.26871    0.57999    0.39776   -0.22567   -0.067531   0.22001
 -0.68904   -0.11916    0.28888   -0.42134    1.4467     0.32638
 -0.27775   -0.17838   -0.59955    0.36421   -0.21781   -0.052577
  0.38501   -0.046081  -0.53036    0.98455    0.56112   -0.14754
  0.53689    0.50639    0.228      0.26919    0.59784   -0.078829
  0.53255   -0.4205     0.82177   -0.24354   -0.79671    0.56914
 -0.023106   0.31068    1.2836     0.06874    0.044988  -0.1325
  0.39356   -0.91542    0.4464     0.0087425  1.0581     0.40341
 -0.47748   -0.97891    0.6276    -0.32648   -0.10144    0.65991
 -1.3122    -0.09895    0.96313   -0.31611   -0.12763   -0.23294
  0.5687     0.86058   -0.24686   -0.27423   -0.28838   -0.17107
  0.63866   -0.32344   -0.16373    0.53321  ]"
neale,"[-0.014086  -0.47583   -0.11227   -0.51442   -0.51586    0.6045
 -0.067514  -0.80307   -0.40012   -0.55427    0.65195   -0.53325
  0.31841    0.12256    0.50712   -0.58006    0.34883    0.049904
 -0.79381    0.45592   -0.44685   -0.30689    0.64124   -0.56907
  0.74349    0.79975    0.19063    0.53316   -0.7366    -0.32826
  0.34873    0.52788    0.1571    -0.85187   -0.39719    0.31051
 -0.034316   1.1294    -0.18905   -0.18595   -0.4156     0.35315
  0.17765   -0.076558  -0.29642    0.43435   -0.34012   -0.27435
  0.78565   -0.18894    0.25537   -0.38654    0.64695    0.1546
 -0.10395   -0.24354    0.069739   0.48373   -0.47867    0.11441
 -0.43742    0.10071    0.67937   -0.52069   -0.52643   -0.7692
  0.084196   1.2664     0.42166    0.0019894 -0.98153    0.6667
  0.66784   -0.12467   -0.17367    0.2326     0.57672    0.35193
  0.24265    1.1517    -0.40686    0.16218   -0.65667    0.39549
  0.43993    0.25136   -0.34179   -0.13569    0.073386   0.47061
  0.12524    0.54229    0.078905  -0.50934    0.74056   -0.45845
  0.25605   -0.55173   -1.7168    -0.22953  ]"
bkc,"[-1.3273    1.0541    1.0748    0.061866 -1.1873    1.0029    0.45665
 -0.38457  -0.25285   0.79465   1.2348   -0.069123  0.030738  0.060048
  0.58755   1.1801    0.49734  -0.85904  -0.023895  0.17515  -1.4695
  1.2246   -0.49787   1.7353    1.109    -0.46713  -0.02166  -1.0524
 -0.38268  -0.3001    0.98396  -0.33788   0.027161  0.20963  -0.0557
 -1.0201    0.8633   -0.084679 -0.62674   0.68017   0.49935   0.26522
 -0.89798  -1.0076   -0.99591  -0.34506  -0.55685  -0.20194   0.54672
  0.47666  -0.38865   0.38124   0.40226  -0.96418  -0.078042 -0.53161
  0.31541   0.19858   0.9488   -0.39978  -0.90357   0.43397   0.16527
 -0.47652  -0.81225   0.1165   -0.62176   0.49498   0.051839  1.6087
  1.3514   -0.12582   0.14873   0.07819  -0.28576  -0.4552    0.26221
 -0.52      0.14808  -0.82438  -0.77657  -0.13675   0.13997  -1.8002
  0.75364  -0.15748  -0.035599 -0.48269   0.95468  -0.076129 -0.74629
  0.534    -0.50421   0.3305    0.75836  -0.82063   0.35834   0.43372
  0.30871   0.72459 ]"
corsican,"[-0.14169   -0.404     -0.47019    0.15249    0.48251    1.0251
 -0.46289   -0.75322    0.089991   0.79159   -0.42652    0.14172
 -0.016038   0.24208   -0.42151    0.73689   -0.1525    -0.99528
  0.047706  -0.082041   0.29038   -0.46144    0.019205  -0.66758
 -0.025002  -0.37978   -0.22985   -0.43437   -0.66746   -0.61793
 -0.24722   -0.49679   -0.02862   -0.18352    0.15361    0.0082954
  0.65502    0.53647    0.79049   -0.26815   -0.22429    0.60731
  0.54367   -0.53163    0.18885    0.37806    0.92728   -0.018376
 -0.38515    1.0428    -0.78144    0.26152   -0.18232    0.070553
 -0.57496    0.6268    -0.11972    0.47595    0.54887    0.31186
  0.73523    0.3803    -0.32654   -0.22278    0.10653    0.61164
 -0.41168    0.12733    0.15764   -0.057789  -0.60304    0.017344
 -0.1413    -0.45465   -0.34576    0.089349   0.29297    0.22044
 -0.55723    0.43093   -0.86562   -0.99333    0.062933   0.35845
  0.093455  -0.16422   -0.22126    1.4437     0.18894    0.20808
 -0.48117   -0.14024   -0.44869    0.68415   -0.75672   -0.16858
 -0.12065    0.2151     0.38365   -0.38035  ]"
suede,"[ 0.040484  0.36753   0.036051 -1.1929    0.15215  -0.024312  0.10793
  0.17675  -0.13811   0.098836 -0.046809 -0.4745    0.32256   0.63998
  0.48777  -0.033934  0.33196  -0.66762   1.1093   -0.60732   0.30954
 -0.035275  0.098757 -0.25189   0.35451   0.73972  -0.10194  -1.1737
 -0.064751 -0.86202   0.18092  -0.64008  -0.50829   0.1898   -0.010908
  1.4384    0.16548   0.82962   0.19391   0.034638  0.48641   0.31148
  0.43764  -0.20026  -1.1751   -0.35855  -0.48175   0.24664   0.69869
 -0.14841  -0.6876    0.4443    0.16053  -0.1413   -0.7515   -0.58995
  0.93577   0.5907   -0.11115  -0.042021 -0.066607 -0.011936 -0.34685
  0.6358    0.061949 -0.72569   0.81652  -0.29777  -0.1647   -0.42282
  0.011674  0.29689  -0.40807   0.2827   -0.035221  0.51149   0.54429
  0.67737   0.87591   0.017883 -0.18235   0.15803   0.80113   0.057188
  0.09839  -0.47221   0.23527   0.021425 -0.54557   0.69366  -0.11555
 -0.27425  -0.40743  -0.72226   0.45708   0.19589  -0.93519   0.066091
 -0.095341 -0.56394 ]"
paypal,"[ 4.8763e-01 -8.9513e-01 -6.2536e-01 -4.4834e-01  9.3798e-01 -1.3534e-01
 -1.2556e-01  1.8560e-03  8.9130e-01 -6.2252e-03  1.5596e-01  9.0912e-01
  1.5051e-01 -1.7247e-01 -5.4238e-02 -6.8056e-01  7.1047e-01 -3.2555e-01
 -4.5434e-01  4.8951e-01 -4.2561e-01  5.8148e-01  6.2995e-02  2.0728e+00
  6.8495e-02 -2.2304e-01 -6.6802e-01  4.4114e-01 -9.0640e-02 -7.0476e-01
  6.0188e-01  1.1750e+00 -5.2852e-01 -5.1698e-01  4.1025e-01 -3.4799e-01
  1.5554e-01 -1.2221e-01  5.8137e-01 -1.4216e+00  9.5223e-01  3.8026e-01
  4.0968e-01  6.1288e-02 -1.2874e+00  2.8283e-01 -5.8865e-02 -3.7262e-01
  2.2244e-01  4.0421e-01  1.5483e-01  6.2711e-01 -1.8458e-01 -3.8586e-01
 -5.0332e-01 -1.5446e-01  1.2627e-01 -5.4311e-01  4.4986e-01 -2.6068e-02
  1.5339e-01 -8.8159e-01  7.1398e-01  3.8252e-02 -1.3636e-02 -6.3702e-01
  3.6538e-01  5.0920e-01  1.3328e+00 -6.1892e-01 -7.8006e-02  1.7557e-01
  4.8948e-01  3.5902e-02 -6.5469e-02 -3.8148e-01  7.8882e-01 -3.8428e-01
 -6.4542e-01 -1.6495e-01  1.0295e+00 -2.8744e-01  3.0124e-04 -1.9287e-01
 -5.1789e-01 -1.8345e-01  5.9327e-02 -2.5446e-02 -2.4786e-01 -5.2443e-01
  1.4725e-01  1.5014e+00  4.3238e-01  5.4190e-02  3.3098e-01 -9.8635e-01
  5.8215e-01  6.1659e-01 -4.0371e-01  3.8505e-01]"
hernando,"[-0.46662  -0.3266    0.67624   0.15844  -0.48654   0.53404   1.1284
  0.60802   0.066529 -0.14022  -0.43696   0.43102  -1.215    -0.57634
  0.13307  -0.76772   0.549    -0.075613 -0.54268   0.81097  -0.54411
  0.1615    0.73517   0.28746  -0.45457  -0.38787  -0.32875  -1.2447
 -0.36313  -0.17317  -0.04975  -0.71784  -0.31288   0.41354   0.11419
  1.0043    0.10234  -0.29104   0.68535   0.072889 -0.29986  -0.29333
 -0.32411  -0.20105   0.099523  0.18769   0.3365   -1.0127    0.055388
  0.49572  -0.32313  -0.49493  -1.0331   -0.73091  -0.35556   0.59481
  0.26605   0.41186  -0.24597   0.66277  -0.12316   0.57747   0.34052
 -0.62651  -0.7214   -0.47018  -0.57511  -0.59159   0.54508   0.25445
 -0.096391  0.77559   0.093066 -1.6951    0.22688   0.36635   0.046391
  0.34155  -0.80117   0.49507  -0.48783   0.388    -0.48252   0.16132
  0.80099  -0.48295  -0.17602  -0.32171   0.29459  -1.3853   -0.20315
 -0.21883  -0.93771   0.10727  -0.021607 -0.21937   0.27478  -0.50756
  0.20266  -0.73304 ]"
dictating,"[ 0.46454   -0.42412    0.5034     0.36558   -0.49618    0.87999
 -0.29875   -0.053442  -0.19807    0.12692    0.12455   -0.31967
 -0.20093   -0.1311    -0.22875    0.12271   -0.16154    0.45627
  0.32211   -0.87632   -0.19396    0.36208    0.30489   -0.43382
 -0.16651   -0.27773   -0.16379   -0.60234   -0.51822    0.018923
 -0.26965    0.001655  -0.010228  -0.68289   -0.72755    0.26276
 -0.089699  -0.2632    -0.35337   -0.40144   -0.33377    0.5186
  0.17878    0.34639   -0.81504   -0.11533    0.1101    -0.48956
 -0.094861  -0.75158    0.42831    0.47678    0.080816   0.67731
 -0.19195    0.56057    0.81626   -0.47713   -0.27338    0.017189
 -0.17542   -0.36451   -0.57561    0.15803    0.1934     0.2062
  0.18939    0.30185   -0.327     -0.20978   -0.35741   -0.36098
  0.5696    -0.51856   -0.27727   -0.2498    -0.071755  -0.39891
  0.21106   -0.17241    0.081661  -0.28962   -0.93822    0.3786
 -0.53597   -0.01592   -0.12159   -0.39749   -0.40272   -0.71704
 -0.020753   0.63445   -0.0048182 -0.77006   -0.20185   -0.59412
  0.24308   -0.3165     0.19845    0.81429  ]"
misusing,"[ 5.5359e-01 -3.5694e-01  3.1799e-01  2.5931e-01  4.7819e-01  9.0152e-01
 -5.2355e-01  2.9979e-01  3.4415e-01  5.8620e-01  7.4746e-02  4.9614e-01
 -1.4339e-01 -1.9111e-02  9.9954e-03 -4.0457e-01  8.0685e-01 -2.7597e-01
  1.4960e-01  4.4440e-02 -8.8688e-02  3.6301e-01  5.8225e-01 -9.1554e-02
 -9.6186e-01  2.2383e-01 -1.4875e-01  2.8392e-01 -2.9054e-01 -1.9065e-01
  1.0450e+00  4.1291e-01 -4.7027e-01 -7.8222e-02 -1.0856e+00 -7.7240e-02
 -4.8905e-01  7.5714e-02 -2.2651e-01  5.1507e-01 -2.2656e-01  2.9795e-01
  8.1299e-01  5.9706e-02 -3.8009e-01  4.0148e-01 -3.6824e-02 -5.0719e-01
 -2.3038e-01 -1.3091e-01 -1.9156e-01  4.0098e-01  1.3186e-01  3.5514e-01
 -7.4940e-01  2.0583e-01  1.0980e+00 -8.1817e-02  6.0918e-02 -3.0685e-01
 -1.5128e-01 -4.4059e-01 -8.1018e-01  6.8338e-01 -7.1476e-01  3.9309e-02
  7.2699e-01 -1.9300e-02  8.6197e-01  1.2221e-01 -3.1361e-01 -3.2489e-01
 -3.2385e-02  4.0044e-01 -5.7973e-01  1.4070e-01 -2.5010e-01  1.4465e-01
 -1.0644e+00  5.8800e-01  4.9329e-01  7.0029e-02 -3.1436e-01  5.3043e-02
  1.0243e-01  4.5373e-01  1.7212e-01  9.4996e-01  1.2541e-01 -3.5860e-01
 -6.4909e-01 -5.2426e-01  4.4030e-01 -7.9840e-01  7.0076e-01 -5.6268e-01
  1.4668e-02 -3.0613e-01  2.0656e-01  8.3232e-04]"
cutthroat,"[ 0.13653  -0.065956  0.52145  -0.099834 -0.8505   -0.12831   0.15347
 -0.15616   0.16226  -0.33962  -0.84331   0.8937   -0.43666  -0.69924
 -0.57221   0.33687   0.2673   -0.25975   0.37692   0.10696  -0.17018
  0.35446   1.1124   -0.081567  0.52586   0.30737  -1.0613   -0.12709
 -0.59538   0.059706 -0.23635   0.26317   0.16553  -0.90971   1.062
  0.15033  -0.1719    0.1591    0.9266   -0.69674  -0.25313  -0.66244
 -1.0486    0.67563   0.35141   0.67072   0.86322  -0.36193   0.16993
  0.69151  -0.43687   0.14468  -0.10736   0.020828 -0.10153  -0.12675
  1.0733   -0.1128   -0.23555  -0.36472  -0.1817    0.089558 -0.45069
 -0.23712  -0.048174 -0.21716   0.59829  -0.69025   1.1304   -0.19313
  0.083794 -0.56455  -0.15193   0.9103   -0.71386  -0.79686  -0.8748
 -0.3009   -0.18056   0.41904  -0.041264 -0.60422   0.33035   0.45457
  0.21333  -0.59106  -0.50547  -0.1027    0.23859  -0.92141   0.058241
  0.46207  -0.22164   0.022325  0.38043  -0.32163  -0.65887   0.50173
  0.99406   0.8231  ]"
vetted,"[-0.32329   0.32909   0.16643  -0.43573   0.1784    0.60406   0.54067
  0.30016   0.16709   0.49598   0.61477   0.36864   1.1606   -0.80874
 -0.30679  -0.22601   0.41819   0.17324  -0.50418  -0.73028  -0.70609
 -0.50128  -0.15489  -0.56088  -0.80033  -0.7292    0.059247  0.077278
 -0.68346  -0.021295  0.37794  -0.14238   0.1638    0.1487    0.25908
  0.31176  -0.6203   -0.32315  -0.89087   0.16697  -0.011041 -0.21525
 -0.029435  0.48277  -0.025367 -0.034027 -0.34623  -0.32023   0.10917
 -0.58298   0.17234   0.072774  0.26126   0.35033  -0.5961    1.0373
  0.54236   0.20355  -0.21499  -0.58319  -0.10026   0.54463   0.23587
  0.32399   0.57917  -0.27823   0.27257   1.0636    0.37368   0.19242
  0.45411  -0.023707  0.30172  -0.11823  -0.18253  -0.047673 -0.88254
  0.043989 -0.2523   -0.47036   0.042536 -0.41416   0.13382   0.44811
 -0.7006   -0.15795   0.61997   0.54032  -0.74058  -0.53729  -0.30484
  0.064801 -0.37897  -0.46332   0.23781   0.4454    0.14578   0.2317
 -0.50405   0.46642 ]"
broadside,"[-7.0073e-01  2.0832e-01 -9.6464e-02 -1.1608e-01  2.9055e-01  8.0080e-01
  9.3589e-01 -2.5540e-01 -1.2395e-01  1.0426e+00 -1.0199e-01 -1.2556e-01
 -6.1571e-01  4.2266e-01  1.6465e-01  1.7503e-01 -1.0081e-01  2.6993e-01
 -2.3263e-02 -6.6023e-01  1.8344e+00 -8.4241e-01 -6.4301e-01 -9.0813e-02
  6.8316e-01  5.6714e-01 -7.2089e-01  8.8496e-01 -2.4004e-01 -1.2048e-01
  4.4948e-01 -8.0337e-02  5.7795e-02 -1.0296e-04 -5.6637e-01  5.0973e-02
 -2.1509e-01 -1.1392e+00  1.3689e-01 -1.5790e-01 -2.3052e-01  5.1169e-01
 -1.8311e-01  4.8662e-01  2.5344e-01 -2.1203e-01  3.3159e-01 -4.0781e-01
 -6.3426e-02  3.3796e-01  3.0429e-01  6.8310e-01  5.0495e-01  2.3802e-01
  3.2303e-01 -2.8964e-01  1.4197e-01 -1.2276e-01  3.4201e-02  1.7794e-01
  6.3458e-01 -2.8080e-03  6.8221e-02  7.1301e-01 -2.4098e-01  1.1738e-03
 -1.9341e-01  2.5663e-01 -1.8272e-01 -6.9871e-01 -8.9668e-02  3.8629e-01
  8.6655e-01 -3.5908e-01 -5.9306e-01  6.2500e-01  7.8201e-02  4.2684e-01
 -4.4612e-01 -4.5399e-01  2.9497e-01 -1.3204e-01  2.8226e-01 -1.3230e-01
  3.9069e-02 -9.2458e-01  1.1102e-01 -2.5019e-01 -4.5120e-02 -7.1353e-01
  3.1992e-02  8.6901e-01 -5.0311e-01  1.4101e-01  5.6321e-01  1.8309e-01
 -4.3965e-01  3.2878e-02  7.0498e-01  4.1524e-01]"
pats,"[-1.0247e-01  3.7088e-01  4.5414e-01 -2.4390e-01 -7.1479e-01  5.4440e-01
  5.8241e-01 -4.3134e-01 -6.4530e-01 -8.1376e-01  3.2166e-01  2.2750e-01
  5.2274e-02  9.7887e-01  3.4946e-01  1.4165e-01 -6.1744e-01  3.8313e-01
  1.7200e-01  4.8389e-02 -8.1076e-01  7.1726e-01 -8.9286e-01  8.1411e-01
  3.1512e-01  9.0103e-02 -3.4998e-01 -7.3028e-02  3.8177e-01  6.1534e-02
  2.3129e-01  2.8939e-01  7.1877e-02  2.9444e-01 -2.3539e-01 -1.3393e-01
 -2.7787e-01  6.4245e-01 -3.8812e-01 -6.8718e-01  4.9154e-01 -2.6233e-01
  5.2533e-02 -6.8369e-01 -3.9547e-01  3.7798e-01  5.2170e-01 -1.7784e-01
  8.6474e-01  6.6575e-01 -2.8723e-01  1.7563e-01  1.5749e-01  3.3123e-01
 -1.7604e-01  1.4919e-01  9.3481e-01  3.5985e-01 -1.5764e-01 -5.5365e-01
 -1.8693e-01 -1.2537e-01 -7.9413e-01  2.9264e-01 -2.7484e-01  2.7489e-01
  2.3684e-01 -2.1539e-01 -4.4693e-01  9.4746e-04 -5.1310e-02 -6.8252e-01
 -1.5657e-01 -2.5912e-01  1.0884e-01 -3.3159e-01  1.7178e-01  4.9918e-02
  3.0184e-01 -1.2574e-01 -1.1854e-01  4.0231e-01  1.1038e-01 -4.5059e-01
 -2.4549e-01 -8.0673e-01  8.2738e-01  4.2707e-01  2.8795e-01  1.6176e-01
 -4.7213e-01  4.5760e-01 -3.6889e-01  3.8815e-02 -8.9153e-01 -8.5760e-01
 -2.9169e-01  8.9600e-01 -1.3432e-01  4.6631e-01]"
emas,"[ 1.048     0.31927   0.16572  -1.367    -0.24592  -0.14768  -0.33096
  0.12428   0.5876   -0.32013   0.57465  -0.1852   -0.89152  -0.46186
  0.97983  -0.60138  -0.6118    0.65877   0.089637  0.12787   0.38958
 -1.0357   -0.20171  -0.32232   1.0465   -1.9044    1.2314    0.14127
 -0.49387  -0.49658  -0.56415  -0.26867  -0.095104  1.2955   -0.2827
 -0.43074   1.1217    0.87391   0.46667  -0.51971  -1.131    -1.2378
 -0.71626  -0.60536  -0.24013   2.3423   -1.1622    0.59892   0.59517
 -0.43797  -0.67918  -0.17405  -0.49258  -0.36134  -1.0975    0.88859
  0.57521   1.1071    1.1039    0.011618 -0.63794  -1.8483   -0.30589
  0.95925   0.096665 -0.18052  -0.4753    0.17962   0.28299   0.34416
 -1.1332    0.39935  -0.20895  -0.1162   -0.5854    0.045224 -0.71593
 -0.55083   0.16845  -0.28656  -1.5314   -0.048532 -0.16668  -0.22027
 -0.59805   0.15065  -0.50329   0.24009   0.52549   0.85718  -0.97482
 -0.35477  -0.21268   0.6343    1.0293    0.19704   0.43932  -0.66829
 -0.54374   1.5855  ]"
pup,"[-0.18925   0.59371   0.31884  -0.91464  -0.70657   0.20099   0.61635
 -0.085252  0.027621 -0.051412 -0.40984   0.2743    0.69019   0.010506
  0.1866    0.30981   0.89395  -0.28066   1.1731    0.26693  -0.10051
  0.14179   0.23393  -0.065762  0.40914   0.23474  -0.65927   0.077646
 -0.07773  -0.057246  0.3883    0.20052   0.6886    0.72256   0.18481
  0.42971  -0.25829   0.23278   0.30809  -0.50735  -0.13627   0.86166
  0.48548  -0.44089   0.068154 -0.4479   -0.54936   0.48039  -0.15119
  0.53801  -0.29418  -0.54791  -0.033439  0.67411  -0.49344   0.079325
  0.24447  -0.10728  -0.2843    0.42335   0.23189  -0.082513 -0.53417
  0.92723   0.73515   0.86975  -0.28411  -0.22256   0.40462   0.048656
  0.20887  -0.35188  -0.33007  -0.83925  -0.48982   0.92092  -0.6548
 -0.76885   0.17412   0.069494 -1.138    -0.099286  0.037416  0.54186
  0.07589   0.27004   0.83312   0.21303   0.023466  0.50338   0.2719
 -0.18024   0.18433   0.29363   0.015956 -0.30274   0.067381  0.32808
  0.52685  -0.24595 ]"
fw,"[-0.11959    0.28486    0.32569   -0.13241   -0.42565    0.092627
  0.55949   -0.22757   -0.53415    0.54512    1.7281    -0.043347
 -0.93878   -0.66187   -0.11908   -0.30307    0.28689   -0.61013
 -0.17746   -0.65828    1.2807    -0.30709   -0.057821   0.22645
 -0.40672    0.032575   0.24675    0.3942     0.26296   -0.51533
 -0.30013    0.21119   -0.14811    0.92808   -0.37402    0.92029
  0.78934   -0.044395   0.48019    1.1201     0.41493    0.1339
  0.36997    0.26542    0.084963   0.52293    0.15964   -0.26931
 -0.94071    0.53997   -0.75848    0.2846    -1.0009    -0.19786
  0.29648    0.43337   -0.0098622  0.63322    0.27223   -0.034336
 -0.10768    0.67262   -0.023576   0.21329   -0.69478   -0.31926
 -0.22352    0.477      0.70149    0.58772    0.060863  -0.68105
 -0.038619  -0.17695    0.026959  -1.2559     0.31637    0.53608
 -0.38363   -0.20113   -0.53164   -0.89373    0.33165   -0.39553
  0.11978    0.41109    0.40409   -0.20495   -0.56437   -0.13271
 -0.43161    0.14991    0.59994    0.54489    0.07372    0.34473
 -0.03578   -0.45732   -0.30876    0.062002 ]"
hensley,"[-0.066989   0.070923  -0.17573   -0.89365    0.14674   -0.17888
  0.53481   -0.68981   -0.3578    -0.0039103  0.3222     0.58283
  0.29654   -0.080489  -0.72971    0.14198    0.34318   -0.050571
 -0.15748    0.082475   0.0013305 -0.24004    0.47996    0.78756
 -0.44145    0.65947   -0.20913   -0.17943    0.052908  -0.039657
 -0.17809    0.20854    0.25528    0.096853   0.64339    0.61826
 -0.017914   0.75274    0.64996    0.11739   -0.11904   -0.1032
 -0.56242    0.46419   -0.80475   -0.12447   -0.63676   -0.56929
 -0.053583  -0.06577   -0.087575  -0.81321    0.37155    0.09107
 -0.1277     0.54683   -0.051854  -0.19047   -0.90192    0.57914
  0.2869     0.017253  -0.037892   0.15726   -0.21458   -0.003095
  0.80428    0.28263   -0.65436    0.73968   -0.89606    0.29937
 -0.14073   -0.13088    0.011869   0.026597   0.41765   -0.60157
 -0.37834    0.3121     0.39291    0.22991   -0.074042   0.4925
  0.75181   -0.12669    0.49465   -0.12077   -0.068438  -0.65818
  0.23511   -0.89202   -0.22985    0.76288   -0.0096459 -0.35625
  0.14943    0.12564   -0.057442   0.094888 ]"
hiroyuki,"[-8.8500e-02 -4.2329e-01  8.1744e-01  5.6269e-02 -3.3186e-02 -7.2081e-01
  9.1737e-03  2.7252e-02  5.8799e-03 -6.6244e-02  3.3528e-01  6.1212e-01
  4.9158e-01  3.9435e-01  4.6597e-01  9.0889e-01 -1.1712e-01  3.4079e-01
 -8.0629e-01 -3.4690e-01  7.5249e-01 -3.7009e-01 -1.5172e-02 -2.3625e-01
  1.8595e-01  1.6239e-01 -2.6480e-01  2.7128e-01  2.1619e-01  7.0117e-01
 -5.1174e-01 -7.6977e-02 -5.5543e-01  8.0910e-01  1.1697e-01 -1.1146e-01
  1.1179e-01  4.9873e-01  1.3968e-02 -6.3622e-01  7.0907e-01 -2.8971e-01
 -2.2280e-01  1.0665e+00  3.7161e-01  4.4123e-03  2.8923e-01 -1.1154e-01
 -8.7909e-01 -1.1011e-01  1.1294e-01 -1.2368e+00  1.7756e-01  1.0482e-01
  2.5391e-01  7.9299e-01 -4.2804e-02  4.4172e-01 -4.7688e-01  3.0374e-01
  2.2375e-01 -5.0439e-01 -1.0266e-01  1.3593e+00  3.6690e-01 -4.8872e-01
  3.3822e-01  1.3406e+00  6.9358e-01  6.7160e-01 -1.5305e-01  6.5800e-01
 -5.0951e-01 -1.0140e+00 -2.7279e-01  1.5079e+00 -9.9698e-01  1.8991e-01
  3.7982e-01 -4.4771e-01  6.0183e-02 -8.3152e-01 -2.2160e-01  2.4620e-01
  8.5122e-01  2.6381e-01 -1.0602e+00  3.5080e-01  9.5154e-02 -2.1391e-01
  1.0581e+00  6.9381e-01 -2.8416e-01  8.9858e-02  3.1816e-01 -7.0504e-04
  8.8907e-01 -7.7734e-01 -2.7764e-02  4.8260e-01]"
parf,"[-1.6469    0.3082   -0.95833  -0.61398  -1.258     0.36001   1.1513
 -0.74283  -0.12205  -0.41354   1.1228   -1.4254    0.54827   0.042036
  0.6041    1.1718    0.3974   -1.726     0.064203 -0.19754   0.62086
  0.70232  -0.30452   0.095141  0.14102  -0.57687  -0.11022  -0.086249
 -1.0848    0.5443   -0.79952   0.26504   0.36513  -0.95499  -0.87199
 -0.72702  -0.28841   0.036852  0.57173   0.53344   0.83746  -0.58774
 -0.35652  -0.28091   0.20568  -2.0919   -0.80798  -1.0404   -0.08577
  0.80455  -1.1216   -0.29258   1.2493    0.23555  -0.26979   0.4507
  0.60111   1.0736   -1.2983   -1.0173    0.85076  -0.35394   0.069259
  0.80149  -0.38164   0.46415   0.16135  -0.15188  -1.1868   -0.12781
  0.82688   0.045124 -0.66769  -0.5464   -1.3862   -0.25357   0.16292
 -1.2966    0.74734   0.22883  -0.57692  -1.5955    1.0346   -0.069913
  0.20961   0.083448 -0.6447    0.16782   0.68456   0.90552  -0.0597
  0.3428    0.41281  -1.2939   -0.15939  -0.19055   0.62103   0.31117
 -0.014745 -0.38408 ]"
feasts,"[-0.30586    0.58451   -0.69984   -0.22009   -0.047501   0.59791
 -0.54038   -0.046427  -0.49562   -0.46968   -0.84705   -0.24181
  1.0181     0.63027   -0.056323  -0.10315    0.014588   0.29806
 -0.66634    0.58693   -0.43081   -0.65004    0.10076   -0.1264
  0.088828  -0.24179   -0.44557    0.87775   -0.31561   -0.38962
  0.092435  -1.0171     0.55533   -0.098828   0.024138   0.11289
 -0.22048    0.14331   -0.55436   -0.49546    0.26313    0.18241
  0.19439    0.2099    -0.24479   -0.29757   -0.033416  -0.71903
  0.33085    0.1613    -0.092025  -0.36578    0.25048   -0.21702
 -0.74492   -0.0063993  0.20391    0.15465   -0.099902   0.47699
 -0.8103     0.71774    0.23565   -0.063223  -0.27988   -0.44759
 -0.2428    -1.0221     0.45911   -0.72733   -0.37455   -1.1965
  0.51883    0.30757   -0.50776    0.22797   -0.69376   -0.60847
  0.082382   0.25227   -0.12046   -0.23362    0.14605    0.61811
 -0.10094   -0.17114   -0.63508   -0.33272    0.12944   -0.33397
 -0.72347    0.26852    0.50249    0.06849   -1.0475    -0.72403
  0.40014   -0.57294    0.22217    0.46937  ]"
sps,"[-1.0691e-01 -3.7320e-01  4.0966e-01 -1.6062e-01 -3.9997e-01  1.1718e-01
  7.4234e-01 -5.9855e-02  6.9864e-01  5.4961e-01  8.6068e-01  2.6113e-01
 -2.6912e-01 -2.4050e-01 -4.6202e-01 -3.1243e-01  6.1623e-01 -6.3280e-01
  7.9917e-02  5.4448e-01 -4.5284e-01 -2.1480e-01  2.8431e-01  1.1353e+00
 -6.0449e-01 -7.9105e-01  1.9906e-01  5.0460e-01 -1.1168e-01 -2.8190e-01
  9.5887e-02  7.4376e-01 -1.9103e-01 -1.6816e-01  1.1361e+00 -3.9152e-02
  1.0791e+00  6.3488e-02 -9.9602e-02 -2.4106e-01 -1.1648e-03 -8.8938e-02
 -3.9289e-02  2.7984e-02 -1.6809e-01 -4.6319e-01  1.5828e-01  2.0455e-01
 -5.4045e-01  8.8275e-01  2.9279e-01  1.9111e-01 -5.0119e-01  2.0141e-01
 -6.7031e-01  8.0427e-01  6.1464e-01  1.1129e+00 -1.7738e-01 -4.8098e-02
  4.2396e-01 -4.0213e-01 -9.2420e-01  1.4463e+00  2.1917e-01  1.8241e-01
 -5.5533e-01 -9.5584e-01  6.5164e-01  3.6439e-03  1.1797e-01 -3.1491e-01
 -9.0258e-01 -8.7653e-01 -5.1198e-01 -8.0518e-02 -6.2689e-01  9.6748e-02
 -9.3800e-02 -8.1159e-01 -1.4364e-01 -3.2525e-01  1.2464e-01  2.1431e-01
 -5.6059e-01 -2.6007e-01  4.7553e-01  7.9012e-01  6.2860e-01 -3.0167e-01
  9.1377e-02 -5.1098e-01 -6.3420e-01  1.2423e+00 -7.9642e-01  3.3119e-02
 -1.9749e-01 -2.4096e-01  5.4050e-01  5.3927e-02]"
visualization,"[-0.29065    0.41965   -0.039987   0.41635    0.64127   -0.42505
  0.15186   -0.24562   -0.23281   -0.039834   0.37108   -0.66438
 -0.05254   -1.1046     0.66082    1.1335     0.070655   0.65732
  0.022279   0.099083  -1.3539    -0.10756    0.25446    0.32952
 -0.57046    0.057916   0.51941    0.78514   -0.40724   -0.026016
 -0.51129    0.26907   -1.2782    -0.25393    0.15443   -0.16423
 -0.42275    0.54085    0.35128   -1.0085    -0.059219  -0.19998
 -0.69971    0.11634   -0.60022    0.05395    0.13444    0.14102
  0.31653    0.49585    0.24885    0.28603    0.17077    0.38399
  0.091655  -0.20671    0.88849   -0.13695    0.10448   -0.073826
 -0.15655    0.17998    0.43678    0.40408   -0.10762    0.19203
  0.21967   -0.92356    0.60709   -0.062981  -0.26891    0.50268
  0.55649   -0.11906    0.10049   -0.23971    0.15869    0.22081
  0.10899   -0.12412   -0.12709    0.70373   -0.52208    0.13784
 -1.2941     1.0165     1.0592    -0.0096213  0.20098   -0.44981
  0.041582   0.12532    0.51535    0.24418    1.417     -0.47451
  0.088337  -0.66818   -0.048841   0.68469  ]"
casas,"[ 0.6984    -0.52644   -0.37152   -0.58891    0.0066544  0.69392
 -0.09743    0.1609     0.43994   -0.94191   -0.16035    0.0032352
 -0.32136   -0.2677     0.51779   -0.061911   0.53992    0.34409
  0.2602    -0.22159    0.65204    0.4403    -0.80463    0.62829
 -0.31329   -0.28737    0.080042  -0.90185    0.15074   -0.23721
 -0.34434   -1.443      0.1013     0.77996    0.16199   -0.30875
 -0.22456    0.32179   -0.14775    0.95679   -0.13787   -0.033941
 -0.16019   -0.062484  -1.307      0.015282  -0.6723     0.39387
 -0.36946    1.1866    -1.7046     0.36649   -0.28678   -0.63821
 -0.12336    0.046455  -0.55386   -0.66716   -0.26909    0.74991
 -0.23646    0.14544    0.035081  -0.81699    0.13729   -0.86921
 -0.12882   -0.18398   -0.085252   0.39197    0.0083824  0.45546
 -0.31608   -0.096464   0.07387   -0.13261   -0.21952    0.061547
 -0.33194    0.49539    0.11008   -0.36722   -0.78589    0.19824
  0.088515   0.95201    0.25628   -0.36428    0.29446   -1.0815
  0.3598    -0.87113   -0.22858    0.37042   -0.09588    0.30943
 -0.52416   -0.69413   -0.2617     0.28357  ]"
elaboration,"[-0.14145  -0.13347   0.15767   0.40899  -0.076114 -0.13721  -0.086652
 -0.002272  0.40632   0.71551  -0.062084  0.15704  -0.55817  -0.64184
  0.51554  -0.011897 -0.54836  -0.28887   0.24612  -0.43425  -0.55108
  0.051503 -0.48014  -0.027613  0.27376   0.32798   0.50731   0.040434
 -0.54332   0.02637  -0.5449   -0.54662  -0.24469  -0.050422 -0.49778
 -0.17917   0.2047    0.024612 -0.30293  -0.16477  -0.31754   0.28684
  0.173     0.52601  -0.62013  -0.017111  0.42534  -0.73286  -0.23893
  0.015907  0.45006   0.17941   0.10845   0.24687  -0.40328   0.25328
  0.34801  -0.69238  -0.39532   0.20353  -0.2599    0.2557   -0.30536
  0.42199   0.47121  -0.93021  -0.027161 -0.064185 -0.17646  -0.27648
 -0.013029 -0.50629   0.67759  -0.93616   0.37912   0.56933  -0.15958
 -0.13121  -0.9139   -0.57354  -0.50962  -0.37064   0.22815  -0.036014
 -0.32121   0.41318   0.33124  -0.021644 -0.22893  -0.1265    0.18696
 -0.3544   -0.34702  -0.10706   0.53107  -0.33032  -0.16247  -0.77241
  0.21485   0.84702 ]"
qazi,"[-0.25746   0.21038   0.13322  -0.63017   0.3504   -0.2214   -0.10829
  0.9184   -0.13503   0.34521  -0.54315  -0.23918   0.90869  -0.33891
  0.066979 -0.27618  -0.22776  -0.43755  -1.0255    0.4744    0.48889
 -0.36544   0.95445   0.16887  -0.69869  -0.27271   0.55254   0.16497
  0.22511   0.91691   0.16834  -0.68064  -0.21184   0.76805  -0.23697
 -0.033985  0.099291  0.54219   0.20102  -0.16896  -0.95508   0.73158
  1.6623   -1.2104   -0.18835  -0.68373  -0.38192   0.28786   0.12338
 -0.31262  -0.34912  -0.31081   0.56583  -0.028531 -0.017801  0.47536
 -0.47155   0.4178   -0.78993  -0.60955  -0.29294  -0.18764   0.52858
  0.59245  -0.058953 -0.50806  -0.040435 -0.2303    0.57572   0.40392
  0.68338   0.098224 -0.1707   -1.4058    0.80795  -0.032855 -0.64512
 -0.19211  -0.42972  -0.11181   0.3277   -0.98041   0.26536  -0.37195
  0.79578   0.71033  -0.73525  -0.48348  -0.044217 -0.78862  -0.024056
  0.52641   0.30827  -0.14202   0.80265  -0.1796    1.3723   -0.2467
 -0.41881   0.37636 ]"
2.56,"[ 0.99215    0.22201    0.8969     0.43796   -0.69464   -0.21643
  0.29751   -0.078439   0.2546     0.65186    0.10152   -0.51323
 -0.49505   -0.63456    0.69487   -0.26271   -0.62219   -0.6699
  0.29108    0.72196   -0.0058041 -0.34705    0.26333    0.91952
  1.3263    -0.50827    0.0041941  0.56018   -0.16259   -0.44328
  0.41486   -0.0093511  0.17899    0.0020211 -0.0037675  0.9044
  0.20532   -0.30382   -0.21523    0.82833    0.014796  -1.1054
 -0.34033   -0.12449   -0.64881    0.425     -0.54584    0.47079
 -0.1893    -0.95118   -0.23405   -0.6816     1.3792     0.18589
 -0.88863    1.0334    -0.37615   -0.7167     0.43567    0.4522
  0.043798  -0.5836    -0.38337    0.75224   -0.88806   -0.56573
 -0.58643   -0.69328    0.71116    0.46849   -0.17471    0.24969
 -0.30607    0.25407   -0.37894    0.55164   -0.66257   -0.077829
 -0.21857    0.72117   -0.86558    0.51011    0.61264    0.65415
  0.32245    0.14267    0.14375    0.21692   -0.045597   0.12696
 -0.11478    0.41301    0.45232   -0.9834    -0.76852   -0.61601
 -0.24688   -0.39348   -0.14366   -0.43244  ]"
ionic,"[-0.24182   0.19411  -0.10521   0.30444  -0.64463   0.73164  -0.41445
 -0.89792  -0.59293   0.72733  -0.22132  -0.4596    0.053509  0.78696
 -0.43164  -0.087475 -0.79545  -0.14435   0.40288  -0.96295  -0.14763
 -0.60389  -0.80523   0.63004   1.0399   -0.29096   0.10218   0.13563
 -0.7705    0.24451   0.15483  -0.02915  -0.66314  -0.61101   0.94971
  0.025195  1.2626   -0.082747 -0.012555 -0.057811  0.45565  -0.48105
 -0.3594    0.1424    1.0038   -0.093852 -0.61932  -0.36868   0.34236
  0.36258   0.50938   0.015753  1.1576   -0.11157   0.67543  -0.42189
  0.46186  -0.94162   0.4492    0.81265  -1.0869   -0.61643  -0.45721
  1.0766    0.56902   0.54251   0.48309  -0.438     0.29706  -0.26381
 -0.457    -0.86534   1.1013   -0.31325  -0.41503   0.52316   0.24649
 -0.427     0.4013   -0.086207 -0.37362   0.29599  -0.76468  -0.035401
  1.1849    0.68133   0.67437  -0.091259  0.31693  -1.129    -0.49913
 -0.39998  -0.73296   0.031157  0.19434  -0.65405  -1.0241   -1.2093
  0.37846   0.87621 ]"
roeder,"[ 0.097564 -0.21812  -0.15497  -0.64253  -0.91783   0.24229   0.68222
 -0.49365  -0.63042  -0.070543 -0.55267   0.27629   0.097897  0.07734
  0.51619  -0.19087   0.36719  -0.091245 -0.44503   0.83041  -0.044458
  0.066621 -0.29392   0.039042 -0.61502   0.33178   0.14029   0.16749
 -1.1318    0.52012   0.32527   0.63858  -0.43818   0.64615  -0.45585
  0.54285   0.019555 -0.27136  -0.33205  -0.15421  -0.65854   0.35556
  0.87677   0.49879   0.19272   0.61764   0.52761  -0.026532  0.4784
  0.19499   0.7086   -0.95584   0.030382  0.1512   -0.35285   0.19494
 -0.30869  -0.31158  -0.79261   0.71555   0.3559   -0.35989  -0.011988
  0.15647   0.080165  0.57379   0.82811   0.68952  -0.90883  -0.098253
 -0.11166  -0.7072    0.31103  -0.72582   0.44311  -0.19124   0.098137
 -0.52815   0.32038  -0.19834   0.34045   0.14258  -0.10463  -0.031362
  0.096936 -0.27377   0.18122   0.35809  -0.13068   1.0645    0.063824
 -0.44342   0.60172   0.4746    1.1125   -0.21226   0.65391   0.88737
  0.2762   -0.32822 ]"
0.87,"[ 0.98398    0.65303    0.74427    0.14298    0.24946   -0.42976
 -0.139     -0.061846   0.7997    -0.046955   0.12029    0.058329
 -1.3207    -0.64869    0.63683   -0.24679   -0.77891   -0.98092
  0.62021    0.74685    0.64853   -0.13345    0.33447    0.32918
  1.1327    -0.62347    0.129     -0.17677    0.0033218 -0.6477
 -0.27373   -1.1174    -0.60214    0.36448    0.0056062  0.58984
  0.54259    0.19716    0.22347    1.3627    -0.83705   -0.70948
 -0.68666    0.38711   -0.75029   -0.044482  -0.44202    0.93736
 -0.11884   -1.25      -0.64598   -0.11563    0.52311   -0.15566
 -0.97124    1.0781    -0.49586   -0.26548    0.50334    0.60746
 -0.34889   -0.59429   -0.31546    1.0254    -0.81412   -0.72844
 -0.067944  -0.48653    1.1042     0.17188   -1.5022     0.068215
 -0.2464    -0.15809   -0.385      0.25614   -0.42347   -0.3831
 -0.090002  -0.56343   -1.1157     0.27648   -0.08833    0.69865
  0.095437   0.21582    0.10594    1.2051     0.83439    0.72575
 -0.24637    0.61297   -0.21626    0.10019   -0.5683    -0.36299
 -0.060943  -0.8409    -0.41193   -0.081003 ]"
c2,"[ 1.6552e-01  2.0759e-01 -2.5733e-01  2.6606e-01 -1.0114e+00  4.3690e-01
  4.6115e-01  1.7932e-01 -4.3775e-01  8.0914e-01  1.5401e+00  4.5268e-03
 -4.7517e-01 -2.5202e-01 -2.8420e-01  3.9779e-01  1.5757e-01 -7.8601e-01
  8.5226e-01 -5.7611e-01  4.8640e-01 -3.3897e-01 -1.2476e-01  1.0761e+00
 -5.5193e-02  2.8210e-01  1.6194e-01  5.7420e-01 -5.8342e-02 -6.8435e-03
  1.8509e-01  1.0769e+00 -3.7963e-01 -6.1801e-01  1.0856e+00  7.3032e-01
 -7.1555e-01  8.8113e-01 -5.0249e-01  6.8693e-01  7.2113e-01 -1.5087e-01
 -3.3459e-01 -8.2593e-01  2.0746e-01  8.0954e-01  2.0439e-01  2.8972e-01
 -3.6003e-02  4.2438e-01 -5.5307e-01  8.0105e-01 -1.1642e+00  6.0896e-01
 -3.0673e-01 -5.0450e-02  2.0579e-01 -2.4147e-01 -5.4803e-01  8.3149e-01
 -4.8607e-01 -1.3363e-01  8.3547e-02 -1.8065e-01  6.6637e-01  4.5699e-01
  8.6845e-02  1.0175e-01  3.6278e-01 -6.1145e-01  7.2320e-02 -5.2893e-01
  4.2525e-01  2.2704e-02 -6.0631e-01 -9.3292e-04  2.6335e-01  4.2323e-01
 -4.7880e-01 -8.6639e-01 -1.5894e-01 -1.9355e-01 -1.5382e-01 -3.8478e-02
  7.4679e-01  3.6359e-01 -4.5986e-01 -3.2914e-01  1.7032e-01  2.1262e-01
 -8.5698e-01  3.8741e-01  7.7338e-01  5.0146e-01  1.1354e+00 -2.1090e-01
 -8.6713e-01  4.9929e-01  3.5190e-01 -8.5718e-02]"
corroborated,"[-0.73006  -0.13359   0.24612   0.15349  -0.28736   0.39073   0.50621
  0.17125   0.80994  -0.12433   0.52933   1.1747    0.71685  -0.21254
  0.39358   0.076684 -0.17382  -0.005788 -0.44839   0.018337  0.046411
 -0.7134    0.18836   0.63802  -0.79782  -0.76906  -0.13649  -0.061271
 -0.48792   0.30065   0.72106  -0.76997  -0.78957   0.50284   0.059494
 -0.044107 -0.31652   0.4507   -0.25432  -0.10914  -0.16426   0.86779
 -0.066717  0.9974    0.011324 -0.19439   0.50966  -0.4605   -0.14135
 -0.44158   0.36516   0.42986   0.63488  -0.041744  0.27558   0.46679
 -0.057139 -0.31525  -0.34799  -0.10914  -0.40445   0.40395   0.52752
  0.093391  0.57459  -1.1955    0.33346   0.50585   0.31992   0.68408
 -0.021038  0.75885   0.7104   -0.56381   0.49604   0.01518   0.45811
 -1.0068   -1.0795    0.15297  -0.40608   0.90709   0.28419  -0.091214
 -0.45037  -0.26643   0.20199   0.35383  -0.44675  -0.025424  0.049755
 -0.19039  -0.2142   -0.34051   0.43254  -0.078284 -0.18731  -0.50537
 -0.40764   0.18329 ]"
swampy,"[-0.65402   -0.063406   0.64948    0.497     -0.3428     0.12413
  0.25547    0.37065    0.28881   -0.37759   -0.28131    0.38801
  0.31121   -1.0754     0.46459   -0.40736    0.0045612 -0.79541
  0.62639    0.38597    0.35317    1.0112     0.99019   -0.32512
 -0.27652   -0.086384  -0.26124    0.30041   -0.48281   -0.025886
  0.1456    -0.64118    0.4441     0.096018   0.16958    0.078749
 -0.29375    0.59899    0.49391    0.36674   -0.016019  -0.20607
 -0.41418    0.52357    0.12412    0.76423    0.072775   0.94728
  0.20347    0.25959   -0.82319    0.25143    0.31434   -0.24318
  0.051015  -0.20524    0.55888   -0.68803    0.45278   -0.03326
 -0.028615   0.58925    0.1312    -0.40745    0.61121   -0.61936
  0.9623    -0.6636     0.10001   -0.98217   -0.66796   -0.074241
  0.33584   -0.15463    0.24096   -0.12992   -0.28254    0.49036
  0.41708    1.1434    -0.13192    0.040636  -0.76133    0.33711
  0.39062    0.59974    0.040143  -0.030436   0.019632   0.72185
 -0.16242   -0.1937    -0.58107    0.72997    0.30563    0.46113
 -0.36648    0.2195    -0.76661    0.26875  ]"
iva,"[-2.2870e-01 -2.1593e-01  4.2429e-01  1.1296e+00  1.3480e-01  8.2854e-01
  1.0699e+00  3.5561e-01  4.6546e-01 -4.1929e-01 -4.3235e-01  9.2619e-01
 -1.3459e+00 -4.0169e-01 -5.6524e-01  8.5982e-01  1.7890e-02  6.2145e-01
 -6.4846e-01  1.7938e-01 -3.7740e-01  2.9687e-02  4.1819e-01  1.8272e+00
  1.0441e+00  3.9560e-01  8.9314e-01 -9.2576e-01 -5.4545e-01 -9.9119e-01
 -7.5454e-01 -5.9969e-01  2.8838e-01 -8.4947e-01  5.2584e-01 -1.7088e-01
  7.8352e-01  3.0635e-01  4.5250e-01  1.4996e-03  2.3466e-02 -9.9664e-02
  2.2813e-01  5.5139e-01  4.7524e-01 -2.9030e-01 -3.2698e-01 -1.2796e-01
  2.9930e-01 -2.4564e-01 -5.9200e-01  9.3167e-02 -9.9907e-02 -3.2299e-01
  5.4564e-01  3.8330e-01  5.6426e-01  5.2500e-02 -3.0275e-01  5.0685e-01
  8.2337e-01 -4.6498e-01 -3.7265e-02  6.9262e-01 -4.6194e-02 -2.7658e-01
  9.1294e-02  7.8348e-01  3.3879e-01  3.2663e-01  6.8681e-01 -3.2491e-01
 -2.9692e-01  1.3149e-01  2.6672e-01  4.1972e-01  3.2996e-01  2.2712e-01
 -1.6870e-01 -5.1725e-01 -2.6660e-01 -6.0494e-01 -1.0258e+00  3.7606e-01
 -4.6048e-01 -1.4659e-02 -3.1764e-01  6.2000e-01  3.6914e-02  8.6701e-01
 -3.3840e-01  1.3564e-01 -3.5105e-02  1.0438e+00 -1.2192e-01 -3.6770e-01
  1.5916e-01 -1.0128e-01 -3.0156e-01 -9.1973e-01]"
sacrificial,"[-0.058348   0.55467   -0.68909   -0.2052    -0.55399    0.15948
 -0.18237   -0.058903   0.31215   -0.56959   -0.86168    0.5427
  0.82543    0.2159    -0.043676  -0.26315   -0.040182   0.58907
 -0.37876    0.57607    0.13446   -0.72599   -0.50221    0.36751
  0.70921    0.54597   -0.38075    1.1228    -0.95405    0.14017
  0.18492   -0.63029   -0.21398   -0.090165   0.12019   -0.26583
 -0.78825   -0.40371    0.47817   -0.2822     0.55973    0.092624
  0.15948   -0.80009    0.035298   0.17883   -0.42959   -0.3616
 -0.81576   -0.11403    0.25948   -0.087354  -0.028606  -0.29874
 -1.1927    -0.13712   -0.24253   -0.13648    0.29769    0.065589
  0.30569    0.25204    0.61195    0.7691     0.29363   -0.46787
  0.20535   -0.25045   -0.10942   -0.91048   -0.18293   -0.88306
  0.85822    0.88152   -0.71802    0.32971   -0.27504    0.033386
  0.0038434 -0.25673   -0.2435     0.93548    0.55239    0.66481
 -0.5941     0.53477   -0.14055    0.50796    0.55204    0.020632
  0.043347  -0.46031    0.32561    0.63594    0.043694  -1.1052
 -0.42532   -0.2862     0.21744    0.48527  ]"
congregate,"[-0.69373    0.9279    -0.78262   -0.17545   -0.46152    0.71517
 -0.97914    0.1162     0.18917   -0.55554   -0.69774    0.17154
  0.73306   -0.18959    0.39972   -0.13369    0.51498    0.35534
 -0.51465   -0.18715    0.25804    0.2335     0.49304   -0.17125
 -0.32798   -0.58718    0.010204   0.20827    0.64434   -0.0093177
 -0.44814   -0.27864    0.53993    0.30815    0.31093    0.71529
 -0.10862    0.18343    0.067484  -0.34198    0.45712    0.21534
 -0.97457    0.012421   0.31046   -0.059713   0.060738   0.46462
 -0.17303   -0.25229    0.0075769 -0.36529   -0.28236    0.090105
 -0.035396   0.1251     0.1629    -0.68344   -0.096907  -0.18045
 -1.0953     0.66869    0.75144   -0.49937    0.20372    0.52535
  0.50169   -0.94281    0.30407   -0.46228   -0.33447   -1.2854
  0.18464   -0.43591   -0.70897   -0.23149   -0.22525   -0.57009
  1.0103    -0.29958    0.17267   -0.039249  -0.79687   -0.036582
  0.1846    -0.48652   -0.20637    0.10314   -0.10297    0.033548
  0.20504    0.1068     0.68141   -0.54349   -0.4157     0.050659
 -0.23099    0.24647    0.47738   -0.031654 ]"
445,"[ 0.52607    0.57921    0.47124    0.30967   -0.10673    0.44412
  0.4398     0.13121   -0.25636    0.010014   0.7788     0.29997
  0.026071  -0.14499    0.35006   -0.18833   -0.13303   -0.07797
 -0.010432   0.21479    0.9324     0.11445    0.4409     0.3952
 -0.0039064 -0.47186    0.78167    0.55244   -0.36939   -0.2429
 -0.14482   -0.21269   -0.12036    0.1683    -0.57699    0.58139
 -0.29502   -0.046073   0.0083718  0.58716    0.3658    -0.56029
 -0.25637    0.13662   -0.077547   0.051383   0.055587  -0.47103
 -0.57061    0.45887   -0.23626   -0.13902    0.091809   0.23832
 -0.89271    0.15187    0.50028   -0.67803   -0.32152   -0.27178
 -0.069944  -0.25401    0.10404    0.16984   -0.72385    0.14852
  0.47783   -0.1679     0.50066   -0.094249   0.17546   -0.15292
 -0.25161   -0.037983   0.074432   0.275     -0.17667    0.35423
 -0.065695   0.17645   -0.12752   -0.058998   0.20363    0.30796
  0.14782    0.18109    0.73954   -0.61376    0.12267    0.42334
 -0.077762   0.79876   -0.36165   -0.60897   -0.22279    0.38847
  0.11583   -0.15466   -0.13918   -0.64377  ]"
adorable,"[ 0.21424   0.28564   0.78691  -0.64855  -0.68554   0.61508  -0.013512
  0.40364   0.44196  -0.01193   0.3294    0.049576 -0.05206  -0.10255
  0.85953   0.51917   0.10029  -0.090505  0.40973   0.79259   0.078494
  0.452     0.3083   -0.26834   0.77316   0.24646  -0.67276  -0.097082
 -0.75478   0.07057   0.11026   0.054871  0.51715  -0.35623   0.2862
 -0.14182  -0.063742  0.13531   0.27839  -0.42505   0.61555   0.60602
 -0.34267  -0.33532  -0.54029   0.3547   -0.01229   0.60753  -0.16026
  0.22141  -0.29073  -0.58638   0.64802   0.12343  -0.37332  -0.077694
  0.39012   0.1339   -0.85815  -0.64989   0.27449   0.96495  -0.19607
  0.21205  -0.025666 -0.30038   0.27718   0.05365  -0.099969 -0.15381
  0.58549  -0.27354  -0.20762  -0.16941   0.42055   0.76788  -0.63877
 -0.13858   0.14152  -0.68321  -0.19758   0.16818   0.4822    0.49793
 -0.61537  -0.57948   0.35074   0.35504  -0.2388   -0.62134  -0.34469
  0.53564   0.57336  -0.39937  -0.40029  -0.24391  -1.0543   -0.52075
 -0.31848   0.050093]"
christofias,"[-1.1959    -0.35917    0.14993    0.28717   -0.1937     0.032741
  0.89995   -1.0928     0.6544     0.26281   -0.61082   -0.46525
  1.1243     0.21202   -0.30976    0.16671   -0.66527    0.3411
 -0.0093868 -0.41993   -0.091224  -0.013654   0.66665   -0.39351
 -0.60867   -0.35582   -0.73504    0.54689    0.19483   -0.45301
 -0.68378    0.49618   -0.040475   1.1701     0.32023    0.47
  1.4908     0.64914   -0.17909   -1.3101    -0.80067   -0.20582
  1.3108     0.045306  -0.73256    0.26512   -0.23338   -0.74934
 -0.24007    1.8195    -0.70463   -0.98293    0.33399   -0.016836
  0.29314    0.2716    -0.31948    0.62888   -0.53034   -0.085317
  0.032119  -0.37241   -0.9853    -0.037359  -0.81276    1.1835
  0.70338    0.77985   -0.57025   -0.86947   -0.20661    0.92334
 -0.18893   -0.11957   -0.34841    0.19616   -1.2228     0.75859
 -0.85345   -0.46494    0.013738  -0.80775    0.15855   -0.086046
  0.62539   -0.40809    0.093354   0.78665   -0.1352    -0.27654
 -0.12067    0.57947   -0.91601    1.2128    -0.075697  -0.72819
  0.060912   0.12737    0.2782    -0.12961  ]"
vx,"[ 0.68713    0.60094    0.73133   -0.97107   -0.28033   -1.3143
  1.5828    -0.0042576  0.063783   0.087484   0.25077   -0.77625
  0.30039    0.43078   -0.48858    1.2396     0.11589    0.37736
  0.10365   -0.38754    0.71458   -1.0881    -0.80118    0.29556
  0.18769    0.65557    0.81737    0.63289    0.44237    0.63689
  0.27001   -0.045853  -1.2821     0.37969    0.01564    0.15839
 -0.24942   -0.33494    0.45299    0.62212    0.77896   -0.13621
  0.28037   -0.29748    0.2928     0.20312    0.28276   -0.50435
 -0.51423   -0.5676     0.47628    1.2264    -0.28311   -0.14366
 -0.71641    0.77913   -0.32794   -0.51264   -0.80669   -0.025572
  0.55092    1.3231     0.17924   -0.23593    0.92527   -0.77996
  1.2043    -0.86229   -0.37894   -0.16889    0.13205    0.13115
  0.21381   -0.31226    0.11926   -0.48949    0.76646    0.031688
 -1.1349     0.76521    0.9745     1.1779    -0.94325    0.89372
  0.60586    0.46645    1.1266     0.88765   -0.40865   -0.021416
 -0.43637    0.18648   -0.18449    0.14907   -0.069038   0.421
  0.23971   -0.024238  -0.204      0.074522 ]"
asad,"[-1.1227    -0.25929    0.58182   -0.35795   -0.68496   -0.16633
 -0.22018    0.33172   -0.41926    0.49326    0.029867  -0.85224
  0.0043497 -0.47655    0.21284   -0.15672    0.2175    -0.88797
 -0.78093    1.3558     0.29394    0.048446   1.224     -0.30205
  0.5433     0.66394    0.99153    0.44155    0.23531    0.50432
 -0.015286  -0.13484   -0.4224     0.4953    -0.20194    0.69566
 -0.42039    0.94975   -0.098533  -0.62585   -0.18867    0.3842
  0.65013    0.017365  -0.040361   0.030506  -0.048859   0.27608
 -0.09347   -0.31562   -0.61983    0.71354    0.019158   0.51409
 -0.48007    0.50579   -0.55845   -0.050248  -0.62947    0.22721
  0.53007   -0.21225    0.91611    0.094245  -0.21602   -0.068674
  0.37314   -0.65311   -1.3976     1.1978     0.095528   0.51759
  0.37161   -1.4078    -0.14783    0.096348  -0.022743   0.09618
  0.21751    0.40308    0.16783   -1.0913    -0.28167   -0.77048
  0.40374    0.48363    0.063574  -0.070154   0.11578   -0.032109
  0.015872   0.70564   -0.07422   -0.4185     0.2576     0.54841
  0.36814   -0.13407   -0.32583   -0.10552  ]"
maghreb,"[ 3.8290e-01 -1.3490e-01  1.0633e-03 -5.7559e-01  8.2576e-01 -3.7690e-01
  2.5141e-01  2.0314e-01  2.5375e-01  3.9301e-01 -1.1776e-01 -1.8987e-01
  8.8287e-01  1.1566e+00  1.7180e-01  7.2846e-01 -6.3675e-01 -1.4180e+00
 -8.2670e-02 -1.2519e+00  2.6575e-01  5.6352e-01  1.7337e-02 -2.9870e-01
  4.6412e-02  1.1574e-01  5.2957e-01  1.6577e-01  3.1471e-01 -2.9839e-01
  1.1266e-01 -3.6829e-01 -7.6728e-01 -7.4973e-01  3.6348e-02 -2.4834e-01
 -4.7498e-01  6.7706e-01 -4.0109e-01  6.4526e-01 -8.2625e-01  7.3328e-01
  6.1898e-02  1.5628e-01 -3.0711e-01 -2.7074e-01  1.1764e+00  4.2417e-01
  7.6875e-02  4.0043e-01 -1.5659e+00  1.5876e+00 -1.2989e-01  1.1415e-01
 -1.2215e+00 -6.0463e-02  4.1479e-01 -5.3721e-01 -4.5325e-01  3.7319e-01
  5.7708e-01 -1.9261e-01  8.1600e-02 -1.3057e+00  2.1414e-01 -1.0571e-02
 -7.7834e-01  6.9996e-02  9.1170e-01 -3.8496e-01 -1.0935e-01 -4.7444e-02
 -7.9031e-01 -8.8218e-01 -1.6305e-01 -2.7015e-01  2.3069e-01 -4.9522e-01
 -2.9796e-01  3.7759e-01 -2.1316e-01 -1.8574e-01 -4.7978e-01  4.2385e-01
  2.4103e-02  7.8505e-01 -8.7348e-01  5.9708e-01  9.2258e-01  7.1552e-01
 -5.0879e-01  3.1267e-01  4.3649e-01 -9.9358e-01  1.6034e-02  3.9803e-02
 -5.4272e-01 -4.5329e-01  9.9483e-02 -6.7373e-02]"
propriety,"[ 0.45894   -0.37095    0.74772    0.41973   -0.74175    0.77512
 -0.6193    -0.2578    -0.44591    0.49077    0.015954   0.8651
  0.52875   -0.31765   -0.18842   -0.33656    0.38671    0.69841
 -0.28989   -0.18084   -0.36131   -0.48118   -0.11259   -0.99707
  0.35963    0.44044   -0.31444    0.092944  -0.84712   -0.27356
  0.25817   -0.24878   -0.20395   -0.24921   -0.16432    0.24949
 -0.084039  -0.032056  -0.082481   0.049225  -0.20862   -0.90856
 -0.20231    0.32168   -0.62873   -0.3794     0.53946   -0.17691
  0.19564   -0.5515     0.58337    0.49355   -0.21798    0.7321
 -0.60785    0.23061    0.98633   -0.29184   -0.22816    0.14056
 -0.065415  -0.50618    0.28752    0.30489    0.1921    -0.11264
  0.3614    -0.16133    0.22466   -0.23506   -0.44015    0.43968
  0.26048   -0.086336  -0.23895    0.046564  -0.10102   -0.31418
 -0.44208   -0.22274   -0.53707   -0.21147    0.86044    0.12214
 -0.036827  -0.059026  -0.23062    0.14374   -0.018081  -0.77813
 -0.0093269  0.17642   -0.037633  -0.053128   0.47552   -0.1503
 -0.18825   -0.49502    0.29324    0.71558  ]"
rk,"[-6.6738e-01 -2.2283e-01 -1.3248e-01  1.3652e-01 -1.4707e+00  7.4208e-01
  8.7605e-01 -5.8739e-02  6.5638e-01  1.7861e-02  8.6315e-01 -6.0163e-02
  2.6053e-01 -1.1227e-01 -2.4764e-01  6.0063e-01  3.4148e-01 -1.3697e+00
  4.8094e-03  2.8958e-01 -3.7757e-01  6.1074e-01 -6.4102e-01  1.5560e+00
  6.9320e-02 -4.6278e-02  1.9686e-01 -2.7007e-01  2.1039e-01 -6.3247e-01
 -5.0995e-01  2.7861e-01  3.2775e-01 -4.5701e-01  3.5062e-01 -4.1196e-01
 -6.5071e-03  8.2973e-02 -1.1601e+00  4.3695e-01  4.2721e-01  9.5708e-02
 -5.6070e-01 -2.5116e-01 -2.5717e-01  3.6066e-01  3.5909e-02 -2.1355e-01
 -6.0391e-03  2.1645e-01 -3.9225e-01 -1.4148e-01 -5.6520e-01  1.0040e-01
 -5.2434e-01  5.0645e-01 -4.3964e-01 -7.3368e-02 -7.5060e-01 -1.5324e-01
  4.8738e-01  2.5999e-01 -1.7934e-01  8.4199e-01 -3.3179e-04  1.1808e+00
  3.5438e-01  1.2958e-01 -1.9681e-01  4.1682e-01  4.8702e-01 -3.6124e-01
 -2.5134e-01  7.0885e-02 -1.6785e-01 -1.0296e+00  2.0882e-01  1.7710e-01
 -7.5348e-01 -9.5814e-01  4.2929e-03 -8.3676e-01  4.5285e-01 -3.0716e-02
  2.5055e-01  8.9082e-01 -4.3334e-02  8.1192e-02  4.2869e-01  8.8977e-01
  1.0211e-01  3.2412e-01 -3.8595e-01  1.0837e-01  4.3725e-01 -2.9102e-01
  8.0342e-01 -4.0091e-01  4.7943e-01  2.9784e-01]"
migraine,"[-0.052283  -0.16115   -0.11381    0.20406   -0.32988    0.68875
  0.97806    0.080571   0.34605   -0.002499  -1.0801    -0.36529
 -0.31004    0.40271    0.82035    0.33275   -0.7538    -1.0783
 -0.041565   0.072937  -0.28295   -0.77679   -1.1796     0.62371
 -0.15665    0.59067    1.0948    -0.20152   -0.087866  -1.5089
  0.38771   -0.20955   -0.31102    0.1199    -0.34096    0.19192
  0.27353    0.75939    0.23486    0.16763   -0.017206   0.82489
  0.13162   -0.9116     0.58987    0.65871    0.72336    0.12056
  0.011425   0.332     -0.26814    0.054498  -0.35962   -0.32196
  0.19156   -0.38341    0.59135    0.18565   -0.30904    0.2314
  0.39985    0.64299   -0.1102     0.52183   -0.50455    0.61047
  0.39523   -0.69243    0.11991   -0.011831  -0.24652   -1.0061
 -0.041387   0.21663   -0.50913   -0.20535   -0.66387    0.12516
 -0.30278   -0.21752    0.34285   -0.50923   -0.48946    0.49733
 -1.4333     0.6172    -0.10036   -0.13764   -1.2018     0.088621
 -0.0088438  0.46408    0.50177   -0.6918     1.0328     1.0652
  0.66041    0.32722    0.087374   0.42821  ]"
guidebook,"[-0.73817    0.065518   0.70767   -0.0059764  0.087989   0.30981
  0.044353   0.052067   0.24743    0.023936   0.012895  -0.47061
  0.17776   -0.59638   -0.15109    0.71532    0.87645   -0.1999
 -0.14949    0.31609   -0.096729   0.4905    -0.85013    0.036087
  0.21781   -0.1177     0.025384  -0.10875   -0.91206   -0.46912
 -0.1151    -0.048815  -0.1836     0.16713   -0.53726    1.2069
 -0.82124   -0.36486   -0.014692  -0.46125   -0.48543    1.2015
 -0.15602   -0.21709    0.046466  -0.25284    0.14346   -0.39156
  0.18239    0.68987    0.1093     0.20754    0.14263    0.23474
  0.1019    -0.19265    0.34055    0.3934     0.40138    0.048829
  0.087615   0.16294    0.16458   -0.57198    0.47543   -0.19095
 -0.1618     0.19829    0.53298   -0.55367   -0.27797    0.05248
  0.38038   -0.015102  -0.52729    0.39125    0.85928   -0.014095
 -0.43181   -0.5512    -0.60006    0.53663   -0.46299    0.11537
  0.24209    0.30858    0.43243   -0.55173   -0.35607   -0.017104
 -0.10305    0.63386    0.76911   -0.70411    0.082376   0.18306
  0.27887   -0.30043   -0.09104    0.46412  ]"
ominously,"[-4.7246e-01  3.1387e-01  4.9631e-01 -1.5147e-01  4.2794e-01  2.2560e-01
 -3.5270e-01 -3.0240e-01  3.2804e-01 -2.3088e-01 -3.0261e-01  4.4664e-01
 -1.9744e-01 -7.4863e-01  1.2605e-01  6.1538e-02 -3.3132e-01 -2.9838e-01
  3.0911e-01 -6.8321e-01  2.0486e-01  6.3086e-01 -2.1683e-01 -8.9266e-02
  8.0183e-01 -2.4617e-01 -4.3953e-01  5.1575e-01 -4.7989e-01 -6.4969e-02
 -5.1465e-01 -5.4508e-01 -4.4599e-01 -2.9475e-01 -3.0877e-01  5.4008e-01
  2.8417e-01 -5.7091e-01  7.7013e-02  4.1279e-01 -1.8251e-01  4.9399e-01
 -2.0935e-01 -1.2202e-01 -1.7000e-01  5.6870e-02  7.2804e-01  3.5918e-01
 -9.4082e-02 -4.5807e-01  2.2926e-01 -5.6239e-01  5.4911e-01  8.5229e-01
 -5.5414e-01 -2.3692e-01  5.2736e-01 -3.6235e-01 -5.7139e-01  4.6177e-01
  6.2669e-02  6.9528e-01  2.6866e-01 -1.9813e-01 -7.5940e-01 -7.7154e-02
  3.2463e-01  3.1846e-01  1.7414e-01  2.6351e-01  4.8964e-01 -2.7740e-01
 -7.9892e-04 -5.9098e-01  2.4164e-01 -2.6030e-01  4.7367e-01  7.2334e-02
  1.0975e-01 -2.5815e-01 -8.2956e-02 -5.8715e-01 -5.4252e-01 -3.4646e-02
 -3.8818e-02 -6.0899e-01  3.6603e-01 -5.1123e-02 -7.7771e-01 -1.1445e-01
  2.1077e-01  6.9224e-01 -3.3818e-01 -6.4115e-02  2.5242e-01 -3.9125e-01
 -4.2201e-01  2.9661e-01 -4.9873e-01  2.5546e-01]"
bagel,"[ 0.90562   0.48524  -0.64633   0.21166  -0.18475   0.2616    1.3252
  0.12132   0.19661  -0.10621  -0.50523   0.2894   -0.36052   0.42382
  0.35841   0.88224  -0.46443  -0.42958  -0.20766  -0.023671  0.080436
  0.56068  -0.34024  -0.3398    0.59225   0.26517   0.78457  -0.32937
 -0.76512  -0.18763   0.30661   0.30759   0.20451   0.2292   -0.54928
  0.47953  -0.43923   0.26251   0.66848  -1.2925    0.87416  -0.54986
 -0.65921  -0.29112  -0.23794   0.55254   0.25859   0.2493    0.46512
  0.3042   -1.2673    0.10594   0.077928  0.31502  -0.75604  -0.092289
  0.23128   0.67008  -0.40938   0.31116   0.16077  -0.39482   0.17339
 -0.60113   0.16527  -0.22796   0.10369   0.34069   0.15393  -0.79296
 -0.96355   0.096084  0.4503   -0.6175   -0.10965   0.1004    0.39442
 -1.0579   -0.14522   0.40353   0.077956  0.33636  -0.67526   0.90218
  0.095216 -0.28837  -0.22917  -0.32813  -0.089461 -0.37154   0.74572
  0.4685   -0.19239  -0.53598  -0.79993  -0.61713   1.3484   -0.18686
  0.88842   0.32162 ]"
manchuria,"[-0.1326    -0.216      0.71653    1.095     -0.17399   -0.67324
 -0.38257   -0.3495     0.62785   -0.13623   -0.045428   0.046299
  0.47073    0.95632    0.093073  -0.12708    0.5726    -0.32648
  0.072555  -1.2486     1.5657     0.11268   -0.022829  -0.015875
 -0.46998    0.12715   -0.35102    0.55865    0.70967   -0.27383
 -0.43576    0.53664    0.50634   -0.72924   -0.50601   -0.1048
  0.49345   -0.23898   -0.73088   -0.80391   -0.17696   -0.016511
 -0.37235    0.44956    0.31298   -0.01625    1.2536     0.25211
  0.92301    0.3128    -0.4658     0.69581    0.50392    0.44347
 -0.10538    0.52098    0.10435   -1.0908    -0.04188   -0.18851
 -0.018327   0.79061    0.033236   0.74984    1.0198     0.1817
 -0.19069    0.14589   -0.076537   0.95699   -0.16564   -0.36012
  0.0086323  0.5137    -0.46754    0.65898   -0.065482   0.97481
  0.13984    0.24509    0.084812   0.80356   -0.39965    0.94833
 -0.22501    1.1621    -0.11656    0.2234     0.44792    0.1826
  0.78423   -0.31773    0.4076     0.3413     0.148      0.062252
 -0.50538    0.15457   -0.19362   -0.74183  ]"
unbiased,"[-0.26824   -0.31482    0.22442    0.28526   -0.64351    0.69658
  0.66662    0.166     -0.16701    0.02735    0.23748    0.10305
  0.34434   -0.69997    0.38791    0.02797    0.26925    0.0090779
  0.62307    0.16034   -0.49043   -0.10699    0.63926   -0.61452
 -0.31348    0.36204    0.65336    0.74754   -0.66072   -0.43081
  0.43083   -0.34164   -0.29249    0.29149    0.57932   -0.11153
 -0.17664    0.67587   -0.047914  -0.1466    -0.19778    0.49809
 -0.7306    -0.3093    -0.51939   -1.1752    -0.16148   -0.80243
 -0.48212   -0.32559    0.41399   -0.20702    0.42317   -0.035027
 -0.3915     0.17725    0.73752   -0.35599    0.9042    -1.1699
 -0.40846   -0.45569   -0.51799    0.48092    1.2603    -1.02
 -0.24032   -0.033984   0.094736  -0.17726   -0.053464   0.15198
  0.99688   -0.29189    0.77679   -0.33685   -0.26901   -0.3092
  0.10392   -1.6014     0.03443    1.3188    -0.71613    0.10716
  0.10361   -0.037311   0.16622    1.0423    -0.20797   -0.72371
  0.11347   -0.154     -0.027553  -0.95909    0.75736    0.19508
  0.24452   -0.054382  -0.25583    1.5792   ]"
ivor,"[-0.051481  -0.1876     0.42294   -0.038976  -0.029436  -0.18007
  0.28287   -0.18722    0.19596   -0.4743     0.62464   -0.46218
 -0.9842     0.17107   -0.62365   -0.83825    0.50149   -1.4644
 -0.09902    0.12331   -0.1624    -1.1938     0.77867   -0.51142
  1.0874    -0.18166    0.57194   -0.010954  -0.094679   0.11685
  0.20633   -0.13406    0.70031    0.096446   0.53224   -0.11564
 -0.29682    1.0284    -0.92865   -0.12482    0.42143    0.27665
 -0.40781    0.15661   -0.0030322  0.59509   -0.57339   -0.81994
 -0.31406    0.099265   0.13435   -0.099483   0.04723   -0.26055
 -0.37863   -0.13437    0.15934    0.31751   -1.0468    -1.0419
 -0.092657   0.87162    0.21885    0.35888   -0.19751   -1.5332
  0.19814   -0.12193   -0.18773   -0.19516    0.24541   -0.042194
 -0.19587   -0.088211  -0.45536    0.023936   0.42412   -0.62718
  0.16741   -0.18347    0.95436   -0.34056    0.64593   -1.4506
  0.44353   -0.32246    0.77314   -0.25517   -0.55654   -0.34541
  0.31135    0.18504   -0.10761    0.01065    0.51001    0.98051
 -0.15389   -0.38252    0.0054027 -0.62189  ]"
spiced,"[-1.5239     0.4654     0.36208   -0.033594  -0.046062   0.8559
  0.34948   -0.22346   -0.33353    0.061766  -0.36048   -0.1714
  0.52467    0.61459    0.42531    0.56109   -0.40079   -0.037639
  0.033182   0.04177    0.6764     0.056248   0.45107   -0.25368
  0.1395     0.60638   -0.38449    0.041971  -1.0577    -0.006356
 -0.43311    0.2073     0.12825   -0.32915    0.0084133  0.23954
  0.035396   0.17605   -0.29953   -0.13126    0.385     -0.78961
 -0.065869  -0.57072    0.23743    0.010496  -0.3694    -0.18044
  0.66393   -0.36128   -0.27346    0.49635    0.054441   0.1765
 -0.89159    0.091106  -0.076374   0.61359   -0.49523   -0.12476
 -0.031113   0.36507    0.12235   -0.30379   -0.40812   -1.2186
  0.60901   -0.081506   0.23543   -0.28301   -0.058241   0.40019
  0.2784     0.67491   -0.63707    0.54403   -0.70077   -0.19849
  0.0464     0.39697   -0.22355   -0.80738    0.2186     0.9056
  0.012078  -0.37749    0.0038172  0.56207   -0.18774    0.089124
 -0.42762    0.28359   -1.1049    -0.47147   -0.096     -0.4418
 -0.33136   -0.13441   -0.12882    0.81274  ]"
2.36,"[ 0.87505    0.22957    0.81457    0.44685   -0.73808   -0.31146
  0.16875    0.037194   0.15778    0.54739    0.22684   -0.22454
 -0.7203    -0.78949    0.29911   -0.12613   -1.1945    -0.44923
 -0.15544    0.42443   -0.33005   -0.19564    0.22414    1.1003
  1.352     -0.69188   -0.011954   0.54604    0.082136  -0.51239
  0.088975  -0.18488    0.095201   0.17164   -0.11747    0.60016
  0.048395  -0.016388   0.1103     0.95228   -0.015926  -1.1108
 -0.45051    0.098286  -0.7525     0.36524   -0.35031    0.33441
 -0.081573  -0.83041   -0.3205    -0.64332    1.3757     0.14001
 -0.77688    0.74643   -0.054783  -0.25704    0.26759    0.24834
  0.063967  -0.55497   -0.28167    0.72539   -0.86323   -0.52036
 -0.42859   -0.62141    0.6667     0.060301  -0.41284    0.35807
  0.03864    0.48211   -0.55344    0.42277   -0.66864   -0.082603
 -0.32084    0.93629   -0.68443    0.60768    0.28864    0.6866
  0.52331   -0.038027   0.098784   0.23258    0.27047   -0.0080636
 -0.24781    0.44352    0.76058   -0.95157   -0.30651   -0.56609
 -0.70533   -0.70701   -0.28      -0.45083  ]"
legitimize,"[-0.19351   -0.49467   -0.46636    0.57122   -0.35318    0.36205
 -0.45906   -0.18131    0.58916    0.56482   -0.73382    0.26384
 -0.021486  -0.61426    0.28564    0.59776   -0.020768   0.18047
  0.037484   0.44056    0.081065  -0.44762    0.68671    0.18396
  0.045258  -0.28168   -0.2546    -0.38165    0.78966   -0.26247
  0.48353    0.16784    0.017623   0.070366  -0.45955    0.16055
  0.069965  -0.34377   -0.57604   -0.77725   -0.031357   0.63895
 -0.44162   -0.76742   -0.55709    0.037106   0.23098    0.012017
 -0.73018   -0.65929   -0.9732     0.63078   -0.0079843  0.65303
  0.010611  -0.3011     0.68588   -0.27875   -0.17411   -0.46643
 -0.65677   -0.5437     0.37627    0.51675   -0.014581   0.48198
  0.044768   0.089388  -0.51135   -0.16719    0.71052   -0.60134
  0.036778  -0.13111   -0.3385    -0.66463   -0.50726    0.2437
 -0.89779    0.27211    0.034452  -0.31874    0.05948    0.49758
 -0.38186    0.37995    0.10707    0.6841     0.0022087 -0.2901
 -0.41231   -0.048704   0.0045238 -0.45112    0.1082    -1.2192
  0.26362   -0.45932   -0.52504    0.3356   ]"
cornwell,"[-0.22892   -0.46978   -0.39567   -0.23916   -0.14832    1.0672
  0.65323   -0.34456    0.077831  -0.52465   -0.16175    0.046778
 -0.48545    0.072819   0.28034   -0.3549     0.40684    0.41911
  0.2167     0.21187    0.057426   0.017813  -0.075892   0.71208
  0.64217    0.78563    0.55759   -0.71154   -0.47157    0.015487
 -0.025109  -0.6791     0.14842    0.033632  -0.4641     0.58523
  0.0098505 -0.059044   0.28407    0.30818   -0.14222    0.43201
 -0.88766   -0.0061971 -0.59394    0.4946    -0.2364    -0.67289
  0.26489    0.56599    0.77238   -0.0097519  0.21084    0.56082
 -0.56427   -0.35115    1.0392    -0.22798   -1.0564     0.28441
  1.0307     0.60675    0.43584    0.32294    0.71048   -0.4941
 -0.087614   0.59588    0.58807    0.29116    0.18212   -0.16795
 -0.30716    0.58566    0.21572   -1.038      0.46603   -0.60141
 -0.76332    0.81368    0.055417   0.14329    0.37681   -0.76947
  0.21697   -0.28368   -0.37089   -0.29236    0.36277    0.2594
 -0.32901   -0.14634    0.25329   -0.5354     0.053638   0.71058
  0.059353   0.1714    -0.74296    0.15634  ]"
2.27,"[ 0.89783   0.38674   1.0152    0.72615  -0.57333  -0.51578   0.24592
 -0.030087  0.25206   0.97394   0.24398  -0.19979  -0.82427  -0.51981
  0.54334  -0.27356  -0.77877  -0.4161    0.092881  0.74156  -0.17108
 -0.26913   0.7309    1.2651    1.1471   -0.55409   0.3843    0.44535
  0.28506  -0.51864  -0.002313 -0.29016   0.47121   0.47962   0.020198
  0.47331   0.037237 -0.099928  0.09494   0.81801   0.1128   -0.91133
 -0.13365  -0.095161 -0.84566   0.050146 -0.50024   0.35125  -0.020364
 -0.92098  -0.26863  -0.46765   1.2708    0.20314  -0.55009   0.7716
 -0.25037  -0.079626  0.28061   0.49482   0.27844  -0.75918  -0.38928
  0.66227  -0.66799  -0.61965  -0.47249  -0.60263   0.78489   0.20836
 -0.62787   0.34122  -0.23501   0.18604  -0.23553   0.54258  -0.50724
  0.050634 -0.37835   1.0875   -0.62863   0.40817   0.41864   0.22726
  0.60569   0.048616  0.22322   0.38628  -0.10947  -0.12862  -0.41502
  0.77045   0.49262  -0.79151  -0.68053  -0.55588  -0.87359  -0.62967
 -0.40494  -0.52937 ]"
lynda,"[-0.21487   -0.28223   -0.19079   -0.21134   -0.24695   -0.5832
 -0.43288    0.33605    0.13169   -1.2195     0.075644  -0.56177
 -0.0041747  0.29504   -0.029061   0.46367    0.082022  -0.3375
 -0.5253     0.48869   -0.2305     0.46513    0.19443   -0.044298
  0.59435    0.63664    0.50969   -0.69931   -0.3664     0.423
 -0.40652    0.047903   1.2491     0.063414  -0.053049   0.54206
 -0.45956   -0.17822   -0.34305    0.084809   0.23213    0.68075
 -0.46521   -0.068614  -0.12244    0.14662   -0.52654   -0.37798
 -0.44013   -0.41166    0.071223   0.47982   -0.39706   -0.17901
  0.19343    0.554     -0.238      0.18982   -1.0089    -0.046431
  0.027186   0.27244    0.91042   -0.097975  -0.42973    0.1838
  0.34401    0.084971  -0.03162    0.051007  -0.34299    0.75026
 -0.5657    -0.33457   -0.016885   0.56055   -0.48765   -0.076326
 -0.43273   -0.1455    -0.41533    0.41595    0.52637    0.21308
 -0.32763   -0.42163    1.0598    -0.1763    -0.25473   -0.90453
  0.88524   -0.44852    0.3569     0.30555    0.17763    0.56662
 -0.11461   -0.59999   -0.71744   -0.56614  ]"
hilfiger,"[ 0.65024    0.44178   -0.46412   -0.5667     0.49398   -0.3341
  0.54991    0.052019  -0.20164    0.62746   -0.076627  -0.26753
  0.56525   -0.25345    0.90051   -0.048218   0.87172    0.053224
  0.1048    -0.047848  -0.053308  -0.0068152 -0.055493   0.6274
 -0.50054    1.0432     0.44973   -0.82939   -0.30239   -0.39112
  0.023656   0.5446     0.21454   -0.18872    0.040562   1.0491
  0.16319   -0.64767   -0.10158   -0.10018    0.78316    0.38432
  0.08536    0.89178   -1.66       0.23262    0.064793   0.47848
  0.15613   -0.49937    0.41862    0.20848   -0.62801   -0.41484
 -0.21782   -0.36735   -0.087446   0.59023   -0.58477    0.60519
  0.55224    0.19795    0.091112   0.99814   -0.20547   -0.65032
  0.19592    0.39287   -0.40657    0.03169   -0.21247   -0.12114
 -1.1362    -0.099074   0.091259  -0.26391    0.81391    0.092586
 -0.03685   -0.045798   0.62995   -0.27358    0.0089967  0.27184
 -0.43606   -0.32114   -1.0595     0.033663  -0.091884  -0.49309
  0.89805    0.392      0.50898   -0.65949   -0.27513   -0.23223
 -0.25993    0.11182   -0.24325    0.65009  ]"
zabel,"[ 3.5097e-01 -4.1661e-01 -2.3055e-01 -2.1003e-01 -3.7715e-01 -1.0149e+00
  3.7865e-01  4.7075e-01 -1.2740e+00  3.3485e-01  7.8956e-01  5.4379e-01
 -1.5915e+00  1.8643e-01  3.1893e-01  1.7758e-01  1.6513e-01 -5.0732e-01
  2.2377e-01 -2.0120e-01  1.0295e-01  2.0400e-01 -3.9190e-02  1.1824e+00
  8.3927e-01 -3.1828e-01  6.5352e-01  2.5305e-01  6.9102e-01 -1.0836e+00
 -8.3270e-01 -2.1806e-02 -5.3205e-01 -1.2895e-02  6.0407e-01  1.2269e-01
  1.3898e-02  5.2947e-01  2.3556e-01  6.6634e-01  1.2924e-02  1.3480e-01
  2.9428e-01  6.0124e-01 -1.0629e+00 -1.0629e-02  5.1702e-01  6.4981e-01
  6.3673e-01  4.3041e-01  6.5725e-01 -3.4802e-01  8.4692e-03  2.7108e-01
 -2.7750e-01  1.1772e-01 -5.9206e-01  9.8315e-01 -1.9985e-01  1.7961e-04
  8.7158e-01 -2.7533e-01  6.9375e-01  5.1730e-01  7.3240e-01  3.6750e-01
  8.7047e-01  9.4722e-01 -3.5697e-02 -2.3246e-01  3.2916e-01 -1.1956e-01
 -5.3312e-01  1.6662e-01  1.7973e-01  4.9142e-01  2.5984e-02 -2.0046e-01
  6.6256e-01 -5.9812e-01  5.2440e-01 -3.9057e-01 -3.9915e-01  9.6309e-01
 -2.5051e-01  1.4438e-01 -2.4417e-01 -1.4953e-01  2.8949e-01 -5.1979e-01
 -8.7918e-01 -8.6926e-01  7.4978e-01  4.0789e-02  8.1214e-01 -3.3204e-02
 -2.2346e-01  7.6288e-01 -2.9638e-01  4.4170e-01]"
backcourt,"[ 0.50907   -0.38737    0.59965   -0.88116   -0.87405    0.31786
  0.69737   -0.81623   -0.56946    0.34523   -0.70807   -0.38161
 -0.56568   -0.31576   -0.21342   -0.65497   -0.66509    0.23317
  0.11364   -0.46292   -0.17956    0.083055  -0.38741    0.31189
  0.14486   -0.31618   -0.45784    0.12987   -0.0088555 -0.48778
 -0.15497   -0.0869     0.73489   -0.54838    0.70118   -0.5573
 -0.44453    0.54394    0.039328  -0.32133    0.72444    0.37412
  0.4213     0.24171    0.16015    0.16808   -0.54059   -0.19795
  0.38366   -0.2202    -0.40745   -0.056189  -0.5903    -0.040788
  0.92992   -0.30684   -0.31141   -0.51107    0.015412   0.398
 -1.1762     0.14033    0.19017    0.84447    0.45152   -0.19263
  0.83089    0.0067842 -0.39268    0.30347   -0.017336  -0.72677
  0.48684   -0.26672    0.12033   -0.22473   -0.26513   -0.084114
  0.90331    0.41715    0.35445    0.96449   -0.19427   -0.45173
 -0.015192  -0.13234    1.1425     0.56691   -0.0666    -0.63572
 -0.83509    0.9433    -0.27134    0.011873   0.45316    0.10437
 -0.45965   -0.49563    0.14274    0.71194  ]"
mong,"[ 0.30968  -0.30956  -0.68445  -0.30456  -0.2837    0.1216    0.35909
  0.29755   0.26648   0.33075   0.03736   0.42246   0.17603  -0.075795
  0.79574  -0.19326   0.75513  -0.67988   0.089967 -0.91366   1.3129
 -0.22291   0.028172  0.040954 -1.0551   -0.28308   0.25726  -0.16112
 -0.034244 -0.11627  -0.50425   0.18153   1.176    -0.48527  -0.21201
  0.59294   1.1228    1.1461   -0.030598 -0.73967  -0.010001  0.63089
 -0.35331  -0.51101   0.25774   1.2633    0.30574  -0.62089   0.054848
  0.74499  -0.45587  -0.8764    0.36237  -0.069227  0.15762   0.91028
  0.10359   1.1638    0.13022  -0.57372   0.50952   0.083005  0.13616
  0.19283  -0.44375  -0.1038    0.48649   0.81117  -0.27924   0.17262
  0.065432 -0.42539  -0.58823  -1.2814    0.10738  -0.017937  0.28718
 -0.10757  -0.81515   0.1935    0.58219  -0.24707  -0.10329  -0.016542
  0.47866  -0.086183 -1.3307    0.14638   0.60979   0.16625  -0.38021
  0.29533  -0.4759    0.72334   0.70839  -0.19653   0.51834  -0.45339
  0.98421  -0.025795]"
jacobite,"[-0.70643   0.20589  -0.73206   0.32845  -0.1579    1.0929   -0.3294
 -2.4823   -0.23445   0.06865   0.40411   0.40445  -0.56485   0.41366
 -0.77999  -0.24121  -1.2861   -1.4703   -0.7722   -0.29363  -0.5926
 -1.021     0.095063  0.21333  -0.16739  -0.66339   0.18892  -0.51426
  0.13379   0.28963  -0.30002  -0.7414    1.3251    0.048812 -0.21724
 -0.29933   0.14262   0.45155   0.69     -0.28283  -0.15197   0.43049
  0.75225  -0.41707   1.2989   -0.51127   0.23035  -0.8821    0.82685
  0.10993   0.057994  0.61981   0.6413   -0.19898   0.35825  -0.26585
  0.067872 -0.48232  -0.37139   0.052906  0.22786  -0.09421  -0.13937
  0.71328   0.59412  -0.41305  -0.52531  -1.1082    0.3034   -0.1782
 -0.22455  -0.022609  0.23408  -0.3685   -0.8833   -0.85354   0.49768
  0.59722  -0.43063  -0.021941 -0.12009   0.024521  0.54779   0.53037
  0.074531 -1.0265   -0.29629   0.1471    0.37806  -0.03179  -1.239
  0.29114  -0.51354   0.62102  -0.81939  -1.1231    0.59447  -0.044308
 -0.62781  -0.16458 ]"
deporting,"[ 7.9705e-01 -6.3099e-01  2.2573e-01  3.4462e-01  2.9070e-01  9.7469e-01
 -6.1843e-01 -1.0187e-01  5.9267e-01  2.4664e-01 -1.4155e-01  1.9811e-01
 -4.5231e-01 -2.2871e-01  1.0215e+00 -8.8256e-02 -1.4471e-01 -6.6299e-01
  6.1895e-02  7.4117e-01 -4.3464e-01  3.2094e-01  6.8793e-01 -2.6198e-01
  2.1831e-01 -3.5330e-01 -2.8583e-01 -5.0772e-01  3.4397e-02 -2.8072e-01
 -1.0405e-01 -3.4543e-01 -4.8443e-02  1.4080e-01 -5.8094e-01 -4.7836e-01
  3.0290e-01 -3.8123e-01 -3.3399e-01 -2.9369e-01 -1.1523e+00  9.5295e-02
  5.1013e-01  3.4570e-01  2.0907e-01 -3.1509e-02  3.9989e-01  6.3200e-04
 -1.4343e-01 -2.0823e-02  3.7615e-01  2.0584e-01 -2.2237e-01  1.2304e+00
 -1.4000e+00  1.5121e+00 -4.1249e-01 -1.2255e-01  2.1399e-01  4.0124e-02
 -6.5441e-01 -3.3824e-02  3.9940e-01 -2.7429e-01  3.3525e-01  6.5130e-01
  1.5881e-01  1.0780e+00  1.1457e-01 -3.3270e-02 -5.0390e-01 -8.0297e-01
 -6.6627e-01  2.9621e-01 -8.0952e-02 -1.1331e-01 -4.8505e-01  5.6771e-01
  3.7726e-01 -8.3440e-02  7.8561e-01 -2.5381e-01 -4.8656e-01  8.9670e-01
 -3.7367e-01  5.2652e-02  5.5068e-01  2.3685e-01 -6.3106e-01  1.7019e-01
 -5.9981e-01  2.3872e-01  7.6496e-01 -7.4973e-01  5.6922e-01 -9.5279e-01
 -3.5323e-01  5.9940e-01 -2.2988e-01  7.7679e-02]"
inflating,"[-0.04252   -0.12299    0.13944    0.82781   -0.1295     0.25838
 -0.49305   -0.20998    0.66238    0.54218    0.057107   0.016854
 -0.10304   -0.12537   -0.17359   -0.38033    0.017859   0.12478
  1.2133    -0.4918    -0.26438   -0.29997    0.23474    0.40991
 -0.41568    0.24851   -0.25042   -0.050155  -0.75153   -0.20967
  1.0976    -0.23771   -0.3766    -0.39767   -0.92091   -0.51606
 -0.11687    0.67899   -0.51071   -0.54646    0.29838    0.34402
 -0.29838    0.0032482  0.27441    0.35677    0.25137   -0.72384
 -0.18583   -0.56928   -0.021923   0.47959    0.33175    1.0438
 -0.29797   -0.033255   0.8676     0.10458    0.12098   -0.31975
 -0.081232  -0.075493   0.039116   1.0465    -1.1372    -0.41474
  0.34679   -0.087907   0.3       -0.27503    0.055173  -0.49286
 -0.32032    0.062356  -0.64121    0.098906   0.91757   -0.25804
 -0.34813    0.31609    0.41858    0.75404   -0.34838    0.093259
  0.020718  -1.1128     0.064556   0.08416   -0.41233    0.19008
 -0.47303    0.30388   -0.37019   -0.97754    0.17911   -0.65585
  0.22706   -0.045278  -0.20235   -0.45651  ]"
zhan,"[-0.9808   -0.096216  0.36949   0.19686   0.22865  -0.067649 -0.25044
 -0.45658   0.51751   0.12421  -0.39479   1.05     -0.081365 -1.1628
 -0.72318   0.15377  -0.20875   0.3968   -0.80486   0.28286   0.15753
  0.69805   0.10275   1.1054   -1.0334   -0.35527  -0.29884  -0.25079
 -0.45613  -0.31889   0.081007  0.15302  -0.63287  -0.42517  -0.51563
 -0.13797  -0.21165   1.1329   -0.40902  -1.0937   -0.65529  -0.52355
  0.49561  -0.051425  0.47292   0.69069  -0.44294  -0.80257   1.6133
  0.9034    0.030325 -0.31666   0.52347   0.36956  -1.0434    0.13338
  0.13069   0.26149  -0.37739  -0.020041 -0.11689  -0.86889   0.16309
  0.028332 -0.46906   0.85556  -0.11936  -0.51246  -0.99153   0.30896
  0.34015   0.47009  -0.55701   0.21559  -0.06727   0.12039   0.1634
  0.34879   0.20777  -0.95742   0.99478  -0.2729    0.62093  -0.59596
 -0.057335  0.08162   0.27835   0.47967  -0.054276 -0.023212  0.90109
  0.48266   0.14922   0.2978    0.64959  -0.72847  -0.12556  -1.496
 -1.2263   -0.43722 ]"
crimp,"[-0.70103   -0.44242   -0.41822    0.055497   0.50649   -1.0801
 -1.3424    -1.5128    -0.081161  -0.2       -0.81424    0.69277
  0.23736    0.28852   -0.78017    0.89412   -0.91404    0.86587
  0.98647   -0.49732    0.13895   -0.60385    0.88195    1.1538
 -0.18225    0.82454   -0.38733   -0.4639    -0.79197   -0.45291
 -0.15434    0.20055   -0.36772   -0.3702    -0.75373    0.43377
 -0.27864   -0.099076   0.29913    0.24565    0.20265   -0.88488
 -0.62289    0.73405    0.10456    0.087758   0.77233   -0.35638
  0.1636    -0.35786   -0.66522    0.20777   -0.856      0.39364
 -0.12774   -0.5618     0.47822   -0.68283   -0.09758   -0.44227
  0.2338     0.27296   -0.47984    0.49266   -0.25962    0.25491
 -0.082955   0.2738     0.33903   -0.72261    0.23334   -0.51138
 -0.030898  -0.025747   0.24731   -0.43755    0.25374   -0.20896
  1.4692     0.29065   -0.083006  -0.20177   -0.90595    0.37243
 -0.01734   -0.79583    0.15684    0.30901    0.47553   -0.76058
 -0.0088961  0.011355   0.34131   -0.90574    0.038558  -0.20124
  0.90534    0.0098747  0.66661   -0.081169 ]"
deathbed,"[ 0.83407   -0.43609    0.36343    0.37265   -0.28305    0.49768
  0.26157    0.24434    0.28755    0.65897   -0.029776   0.89554
  0.060144   0.49344    0.66234    0.32592   -0.35595   -0.17667
 -0.025207   0.028934  -0.44736   -0.19443   -0.051078   0.86157
 -0.093385   0.64384   -0.35697    1.4313     0.58623    0.045393
  0.33655   -0.28176    0.12016    0.037691  -0.65568    0.65287
 -0.31837   -0.35553    0.15472   -0.54568    0.28224    0.83314
  0.9785    -0.26684   -0.71113    0.0018876 -0.050765  -0.29072
  0.04258    0.55657    0.87187    0.19414    0.56551    0.46461
 -0.22992   -0.58419   -0.058271  -0.47247   -0.2295    -0.56426
  0.35037    0.33701    0.15278   -0.38597   -0.15403   -0.31571
  0.41      -0.054024  -0.57031   -0.38829   -0.63748   -0.1994
  0.85861   -0.14294   -0.76265   -0.37593    0.32995   -0.44877
 -0.27013   -0.15792   -0.43475    0.43726    1.0188     0.20171
 -0.56215   -0.41264    0.29661    0.053024  -0.92157   -0.44486
  0.39001   -0.73144    0.42766    0.16447   -0.21764   -0.34529
  0.12089   -0.66663   -0.7155     0.3043   ]"
chevrontexaco,"[ 0.8517     0.73877   -0.39328   -0.10465    0.51221   -0.68279
 -0.4704     0.43723   -0.38453    0.12459    0.1252     0.14587
  0.63884   -0.02459   -0.64193   -0.58528   -0.77881   -0.19734
  0.46111    0.67019   -0.054573  -0.051045   0.046978   0.43194
  0.23415   -0.0027629 -0.48621    0.080037   0.34229   -0.28395
  0.22993   -0.33633   -0.42975    0.025942  -0.22344    0.18622
 -0.12629    0.84022    0.05405   -0.20854    0.39406   -0.099502
 -0.67693    0.60046    0.45508    1.2877    -0.83987    1.2108
 -0.12039   -0.027168  -0.13567    0.066817   0.12325    0.2263
 -0.68245    0.39837   -0.4913    -0.6254     0.011007   0.35257
 -0.19395   -1.2304     0.28645   -0.28648   -0.16514   -0.10573
  0.50053    0.67789   -0.9133     0.21088   -0.1211    -0.40887
 -0.11922   -0.37218    0.1097    -0.41602    1.0912    -0.44445
 -0.12239    0.76231    0.7285    -0.80704   -0.0063352  1.6132
 -0.23491   -0.27126    0.61626    0.022201   0.52814   -0.14434
  1.1754    -0.50559   -0.94333   -0.62642   -0.4532     0.20134
  0.29175    0.2171    -0.091386   0.59009  ]"
ano,"[ 0.2378   -0.21528   0.26898  -0.54638  -0.12924   0.10722   0.24838
  1.0721    2.0164    0.64052   0.25173  -0.42256   0.19673  -0.1376
  0.10111   0.1327   -0.44074  -0.18888  -0.039318  0.42016   0.52623
 -0.13683  -0.78277  -0.047767  0.56134  -0.31358   0.060352 -1.0808
  0.70639  -1.009     0.41263  -0.53352   0.16695   0.33727   0.019064
  0.046472  0.24442  -0.07837  -0.10961  -0.13721   0.40603   0.15867
  0.1181   -0.32114   0.46242  -0.49091   0.057422 -0.32857  -1.856
 -0.026069 -0.56376   0.59673   0.015545 -1.0366   -1.2694   -0.70509
  1.0857    0.12016  -0.12871   0.76252  -0.50869  -0.58813   0.25399
 -0.91753  -0.6958   -0.047694  0.23595  -0.26835  -0.27503   0.09686
  0.96458   0.27661  -0.57057   0.246    -0.66308   0.26947   0.2262
  0.064065  0.007819  0.32285   0.36238  -0.22276  -0.43138  -0.4359
  1.5065    0.89293   0.13513  -0.079467  1.073    -0.22273  -0.13082
  0.42668   1.2414   -0.069605 -0.20891   0.42217  -0.75054  -0.20003
  0.62636  -0.44406 ]"
sainthood,"[ 0.57143    0.86229   -0.022488   0.56849    0.23042    0.35633
  0.20869   -0.98041    0.38091    0.49984   -0.39671    0.8121
  0.47014    0.01157    0.37141   -1.1819     0.7509     0.57869
  0.45451    0.18329   -0.89785   -0.22918   -0.40863    0.48966
  0.14453    0.69319   -1.0338    -0.21529    0.61545   -0.44039
  0.42047   -0.90345    0.69516    0.69198    0.25582    0.31853
 -0.31296   -0.49      -0.419      0.47433   -1.0109     0.37893
  0.91264   -0.68028   -0.2147    -0.51459    0.39504   -1.0802
 -0.25241    0.40689    1.0516    -0.43315   -0.49119    0.775
 -0.70886   -0.37572   -0.19697    1.1555    -0.10926    0.045074
 -0.70396    0.35549    1.0376    -0.09107    0.17324   -0.1701
 -1.1102    -0.16028   -0.34033   -1.0944    -0.61292    0.04702
 -0.53685   -0.38793    0.96452   -0.41614   -0.2913    -0.22848
  0.64208   -0.75207   -0.50753   -0.72496    0.43528    0.85063
 -0.36105    0.43667    0.76029   -0.22261   -0.60655   -0.50159
 -0.28723    0.10219   -0.072441   1.2528     0.90831   -0.7996
  0.98723    0.17863    0.095754  -0.0059347]"
stimulates,"[ 0.21237   -0.21423   -0.088193   0.11712    0.18336    0.11493
 -0.54499    0.36769    1.0052    -0.46565   -0.22754   -0.56265
  0.073454  -0.15588    0.69321    1.1036    -1.1826    -0.1844
  1.1963     0.24051   -0.52825   -1.0787    -0.18514    0.071927
  0.05484    1.0281    -0.3481    -0.44       0.3376     0.025721
  0.1355     1.2741    -0.42708    0.19122   -0.017532   0.29936
  0.30819    0.16428   -0.26401    0.22532    0.56079   -0.3361
 -0.45675    0.021075   0.45319   -0.025478   0.24512    0.082583
 -0.21843   -0.44433   -0.43564    0.21773   -0.64409   -0.12208
 -0.23062    0.023689  -0.39605   -0.49112    0.29011   -0.1553
  0.082303   0.30022    0.36154   -0.0047769 -0.16299    0.16408
  0.21009   -0.88014    0.4558    -0.67059    1.4951    -0.35366
  0.15308   -0.35067    0.15282    0.26796    0.14826   -0.76698
 -0.23266   -0.2242    -0.072979   0.53487   -1.2877     0.61736
 -0.39869    0.51177    0.1374     0.37059    0.079229  -0.35554
  0.030463  -0.32879   -0.0313    -0.2148     0.92535   -0.42017
  0.10741   -0.74023   -0.0031181  0.19025  ]"
activates,"[-0.3813   -0.62086   0.55189   0.072395  0.23831   0.17705  -0.28625
  0.18343   0.75655  -0.3631    0.037186 -0.4746   -0.49561  -0.30055
  0.82648   0.78976  -0.90379   0.097203  0.489    -0.31719  -0.63828
 -0.85552   0.057666  0.20506   0.20644   0.45599  -0.439     0.34606
  0.2512    0.040304  0.17611   1.1717   -0.19744   0.52562  -0.32753
 -0.2932   -0.10656  -0.30203  -0.13476   0.1562    0.64649   0.4413
  0.5794   -0.44502  -0.094746  0.42194  -0.47035   0.98861   0.03148
 -0.19927  -0.63662   0.48413   0.07338   0.070826 -0.29337  -0.042314
 -0.42891  -0.50972  -0.011133  0.25883   0.08444   0.43716   1.0417
  0.37439   0.2042    0.37824  -0.45011  -0.3163    0.22969   0.078458
  0.51457  -0.76196   0.62886  -0.081167  0.5041   -0.081787  0.20935
 -0.90944   0.068764  0.051631 -0.098566 -0.36945  -1.2207    0.11055
  0.062243  0.83313   0.40064  -0.071294  0.13675  -0.26762  -0.54415
  0.41434  -0.085444  0.27308   0.5419   -0.067892  0.33756  -0.67421
 -0.14753   0.023626]"
gimmicks,"[-0.33718   -0.10628    0.53262   -1.0921     0.032642   0.12112
 -0.61746   -0.060027   0.50082    0.4398     0.37678   -0.028741
 -0.23849   -0.049353   0.43899    0.091279  -0.074121   0.83669
  0.10037   -0.33555   -0.042668   0.2623    -0.28646   -0.092077
 -0.80347    0.088925  -0.15638    0.078979  -1.2757    -1.249
 -0.03377   -0.30786   -0.62032   -0.43936   -0.020173   0.29614
 -0.45231   -0.64308   -0.27359   -0.28071    0.43125    0.4457
 -0.58547    0.30532   -1.1846    -0.51801    0.069634  -0.80819
 -0.60084   -0.19765   -0.90611    0.16504   -0.21427    0.27398
  0.50872   -0.43671    0.40775   -0.057538  -0.50192   -0.33403
 -0.25187    0.39045   -0.44271    0.58963   -0.52552   -0.48165
  0.39318   -0.69       0.066764  -0.61695   -0.49046   -0.37589
 -0.20077    0.49384   -0.7746    -0.12126   -0.011496   0.51535
 -0.1459     0.32114    0.0351    -0.54385    0.53629   -0.12526
 -1.1013     0.16972    0.0028043  0.60969   -0.52795   -0.71214
 -0.1831     0.34797    0.072316  -0.82047    0.17779   -0.75484
 -0.3905    -0.20399    0.20377    0.39584  ]"
usga,"[ 0.44843   -0.61273    0.98623   -0.31096   -0.61689   -0.2037
 -0.16616    0.81974   -0.41016   -0.38198    0.44981   -0.38234
  0.35178   -0.9352    -0.29322    0.86616   -0.038085   0.3466
 -0.48165    0.25622   -0.82905    0.72762    0.4771    -0.36408
 -0.067113   0.25471   -0.37996   -1.4081    -0.3543    -0.36983
 -0.18695    0.5067    -0.33272    0.14527    0.077262   0.61426
 -0.58438    0.56187   -0.063245   0.15161   -0.82276    0.50366
 -0.17701    0.32743    0.095542   0.35389    0.084688  -0.057417
 -0.40246   -0.86135   -0.49969   -1.0084     0.14956   -0.69509
  0.4428     0.54       0.49419    0.73202    0.34713    0.51008
 -0.035257   0.56692    0.57997    0.95231   -0.29093   -0.68279
 -0.48662    1.0828     0.010391  -0.17201    0.0061577  0.21183
  0.080309   0.14422   -0.1844    -0.12901    0.50825   -0.36092
 -0.47786    0.32242    0.087174  -1.0149     0.021098  -0.036112
  0.27662    0.13294   -0.025419  -0.20322    0.55863    0.26237
 -0.089119   0.58344   -0.50303   -0.23776    1.1726    -0.24061
 -0.28359    0.086018  -0.062981   0.84418  ]"
alfonzo,"[ 0.073332   0.81066    0.47462   -0.15635    0.34122   -0.13271
  0.67924   -0.47543    0.083632   0.52897    0.1261    -0.58212
 -0.24835    0.1989     1.3398    -0.65493   -0.66198    0.94424
  0.0181    -0.091413   0.63618    0.21489    0.37285    0.61212
  0.69627   -0.46525   -0.46162   -0.42107    0.67184    0.5913
 -0.41781    0.53541   -0.033932   0.71906    0.19596    0.22356
  0.021557   0.33637    0.38639    0.16837    0.75361    0.25836
  0.23145   -0.18854   -0.45231    0.5672     0.27386   -0.96848
  0.46639    0.8823     0.26838    0.74234   -0.36586   -0.38075
 -1.2639     0.038829   0.74921    0.76382   -0.39916    1.537
 -0.90436   -0.22678    0.50295    0.18307    0.0099728 -0.59289
  0.24059   -0.44437   -0.5463    -0.42499   -0.69976   -0.01301
 -0.59164   -1.4008     1.1622     0.27911   -0.3707    -0.62703
  0.39707    0.23303   -0.58124    0.7265    -0.51822   -0.066637
  0.365     -0.90149    0.44586    0.34743   -0.27877   -0.59958
 -0.32339   -0.083532  -0.48943   -0.81503    0.6734    -0.30042
  0.73413    1.0344    -0.68425    0.35199  ]"
vulture,"[-0.33313   -0.14415    0.038767   0.019165  -0.11358    0.19348
 -0.38154   -0.78085    0.77741   -0.43321   -0.58476    0.9613
  0.19052   -0.073676  -0.66149   -0.24904    0.055552  -0.37017
  0.59596    0.17062   -0.57951   -0.32706   -1.0103     0.21411
  0.74983    1.084      0.20166    0.008206  -0.25762    0.046648
 -0.055356   0.17248   -0.67508    0.68009    0.40155    0.11416
 -0.46964    0.19188    0.95667   -0.15339   -0.2285     0.31271
 -0.34405    0.5233     0.13496   -0.38669    0.44326    0.54942
 -0.1932     0.73968   -1.2253     0.089648  -0.064914  -0.025385
 -1.9122    -0.53335    0.013188   0.2992     0.23034    0.26595
  0.18366    0.36543    0.44978    0.63445    0.17118    0.22766
 -0.48784   -0.61937    0.48648    0.11201    0.45282   -0.73496
 -0.30651    0.15089   -0.83499   -0.59493   -0.66007    0.33462
  0.11081   -0.079625   0.87749    0.40567    0.0039546 -0.36501
  0.73251    0.010889  -0.79468   -0.16146    0.019575   0.34125
 -0.39414   -0.10587    0.18403   -0.75215   -0.71902   -0.19333
 -0.54021   -0.67644   -0.29774   -0.16737  ]"
technicolor,"[ 0.34375   -0.4911    -0.51067   -0.0020665  0.28539   -0.17538
  0.32278    0.41828   -0.59354    0.48014    0.082726   0.016153
 -0.056549  -0.2395     1.1214     1.0518     0.026353   0.68046
  1.4516     0.21562   -0.047075   0.58702    0.21345   -0.27769
  0.39556    0.20782    0.42588    0.45912   -0.14656   -0.4443
  0.096293  -0.36941   -0.6836    -0.53844   -0.31969   -0.27858
  0.57639    0.29229   -0.027034  -0.75934    0.19955    0.32501
 -1.0716     0.92691   -0.1842     0.38652    0.041016  -0.13461
 -0.011583   0.20635   -0.70819    0.37576    0.70232    0.61623
  0.55992   -0.28515   -0.81607    0.74885    0.26062   -1.1567
  0.063247   0.73821   -0.17304   -0.34258    0.51539   -0.43006
  0.08893    0.30208   -0.85406    0.20586    0.40997   -0.18526
  0.029252   0.2575    -0.2477     0.4362    -0.43204    0.07952
 -0.19989    0.44689   -0.5329    -0.064617   0.83069    0.96486
 -0.57071    0.63329    0.84538   -0.71802   -0.064113   0.053366
 -0.067124  -0.51443   -0.081437   0.30084   -0.68241   -0.52915
 -0.019602  -0.36744   -0.75102    0.76688  ]"
hometowns,"[-0.25916    0.32467    0.17835   -0.7592    -0.009517   0.23736
 -0.71439    0.37274    0.47655    0.91015   -0.76694    0.74562
  0.68888    0.036767   0.30756   -0.8075     0.81809   -0.0048172
 -0.4806     0.80941   -0.10996    0.33723    0.6035     0.78085
 -1.3011    -0.59479    0.32379    0.16959    0.32162   -0.46722
  0.7983    -0.98475   -0.29496   -0.31258    0.12873    0.43316
  0.058508  -0.16159   -0.40364   -0.60284   -0.22512   -0.27917
 -0.27468    0.98778   -0.19809   -0.053844  -0.19255   -0.19287
  0.3849    -0.50977   -0.16798   -0.33225   -0.47439   -0.10201
 -0.18967    0.83898   -0.23338   -0.64056   -0.030855   0.13597
 -0.85516    0.97104    0.45182   -0.1578     0.46221    0.17663
 -0.3376    -0.71689   -0.59651   -0.29887   -0.79472   -0.22113
  0.078957  -1.0689     0.3289     0.40872   -0.14864   -0.22302
 -0.19002   -0.53734   -0.40813    0.30074    0.11032   -0.2185
 -0.20334    0.26651    0.14133    0.25755   -0.20881    0.25596
 -0.41287    0.28151    0.88975   -0.065034  -0.82593   -0.87088
 -0.18784    0.8254    -0.25013    0.17955  ]"
sephardic,"[ 0.11716   -0.10762    0.40967   -0.3819    -0.024123   0.32554
  0.28001   -0.25244    0.24462    1.0451    -1.4151    -0.3381
 -0.19476    0.65874    0.16313   -0.64288   -0.12895   -0.90095
 -0.20642    0.97983   -0.27006   -0.11791    0.29168    0.28656
 -0.37991   -1.7087    -0.31936   -0.3134     0.66261    0.18495
 -0.24469   -0.0022094 -0.61033   -0.046054  -0.094444  -0.36839
  0.67532    0.8144     1.0486    -0.27528   -0.71738   -0.41183
  0.46831    0.4028     0.057513  -0.67145    0.95906    1.0287
 -0.30015    0.72122   -0.069846  -0.12979    0.4541    -0.65403
 -1.1946     0.3027    -0.4779     0.80616    0.76165   -0.090111
  0.85092    0.24311    1.1797    -0.15836    0.68161   -0.57202
 -0.12217   -0.21945    0.4631    -0.96264   -0.29967    0.003343
 -0.18975   -0.70994   -0.62761    0.046882  -0.59665   -0.013854
  0.34235   -0.30827   -0.83848   -0.50608    0.069422   1.0238
  0.034208  -0.026516  -0.82572    0.108     -0.25397   -0.017064
 -0.6954     0.24429    0.16264   -0.49016   -0.5835    -0.27861
  0.14708    0.0022978 -0.079115   1.147    ]"
impenetrable,"[-0.44965   0.38031   0.60173   0.50398  -0.30094   0.75867  -0.34735
 -0.18775   0.51845  -0.060783  0.27593   0.39469  -0.38432  -0.39292
  0.24762   0.033187  1.1691    0.24717   0.48568  -1.0651    0.34435
  0.21271   0.41522  -0.3358    1.1349   -0.31389  -0.04822  -0.38867
 -1.0006   -0.81345   0.10482  -0.58545  -0.24992  -0.78665   0.13189
 -0.106    -0.36906   0.092946  0.32754   0.46417   0.032051  0.70502
 -0.48046   0.86038   0.24395   0.024035  1.0288    0.81569  -0.46434
 -0.12127  -0.056463  0.077229  0.44109  -0.048725  0.28049  -0.57783
  0.78741  -0.50436   0.14566   0.51355   0.014287  0.29427  -0.19688
 -0.54947  -0.36093  -0.52828   1.0115    0.037405  0.13619  -0.65918
  0.21631  -0.57803   0.80195  -0.29698  -0.22498  -0.49029   0.241
  0.34075   0.41752   0.56856   0.48957   0.11209  -0.15277  -0.18703
 -0.22907   0.45294   0.078725  0.93231   0.1138    0.67992   0.83392
  0.041497 -0.45392   0.35011   0.46826  -0.461    -0.44843  -0.26158
 -0.69145   0.26829 ]"
gabonese,"[-0.58633    0.30547    0.76604    0.7179     0.26606    0.84204
  0.40838   -0.24344   -0.15055   -0.28701   -0.38432    0.51904
  0.83526   -0.22367    0.004431  -0.15776    0.42825   -0.72707
  1.1824    -0.31957    0.14623    0.17187    0.79391   -0.5135
 -0.6819     0.232      0.26475   -0.6165     0.092367   0.11624
 -0.28892    0.21299   -0.15154   -0.32134   -0.9904     0.10714
  0.5625     0.46373   -0.52305   -0.0081366 -0.15794    0.33537
  0.43018   -0.17604    0.19674   -0.29763    0.080025   0.14718
 -0.4193     0.23117   -0.98281    0.31137    0.23633   -0.4212
 -0.070554   1.1593    -0.62255    0.30315    0.060022   0.34559
 -0.29645   -0.25432   -0.72724    0.045199   0.068318   0.6512
 -0.85234    0.060843   0.063505  -0.2653     0.38138   -0.55619
 -0.038903  -0.9822     0.46976    1.1812     0.76299    0.082216
  0.083909   0.07356    0.22046   -0.10988    0.21905   -0.62562
 -0.45358   -0.19358    0.45116    1.3822     0.41073   -1.4922
  1.0681     0.44181   -0.39056    0.66519   -0.43924    0.40627
 -0.68879   -0.47262   -0.098385  -0.53901  ]"
rioted,"[ 0.7625     0.36836   -0.77861   -0.0024105 -0.57951    1.3701
 -0.18087    0.51886    0.29       0.44113   -0.81917    0.28614
  0.16143    0.044323   0.15001   -0.046104   0.17104   -0.42436
 -0.32324   -0.56186    1.2357    -0.055716   0.79775    0.23888
  0.13674   -0.72485   -0.030438   0.51608    0.38064    0.29469
  0.11936    0.15949   -0.187      0.36117   -0.30741   -0.54146
 -0.12558    0.085938  -0.18075   -0.46102   -0.010971  -0.25648
  0.45893   -0.10946    0.2615     0.17768    0.43211    0.19001
  0.99657    0.093837   0.22029   -0.35389   -0.33852    0.66145
 -0.17593    0.69163   -0.2509    -0.31923   -0.3601    -0.10822
 -0.45082   -0.34345   -0.27301   -0.3362    -0.40627    0.029039
  0.22184   -0.71419   -0.23852   -0.55888   -0.58838   -0.24531
 -0.10807   -0.22677   -1.16       0.76331    0.27914   -0.099897
  0.34288    0.28661    1.108     -0.18695   -1.2117     0.077642
 -0.13298    0.094992   0.14638   -0.085479  -0.46761    0.11355
  0.84672   -0.52677   -0.47054    0.51918   -0.21568    0.13502
  0.29908    1.3592     0.75035   -0.10477  ]"
dynamism,"[-1.4477e-02 -5.1861e-02  6.6487e-01 -2.9034e-01  1.5786e-01 -3.7829e-01
 -3.0083e-01 -4.7037e-01  1.1929e-01  3.6403e-01 -7.8524e-01  3.0161e-01
 -2.2743e-01 -2.2997e-01 -3.3582e-01 -8.2400e-02 -2.1054e-01  5.7404e-01
  1.6221e-01 -3.2142e-01 -1.3080e-01 -4.4789e-01 -6.4498e-01 -4.2346e-01
  2.4623e-01  2.8996e-01  6.6675e-01  1.1523e-01 -4.7000e-02 -5.8852e-01
 -5.1629e-01 -7.4334e-02 -7.3812e-01 -1.8926e-01 -3.4323e-01 -3.9293e-01
  5.3046e-01 -2.0726e-02 -4.3106e-01 -1.9715e-01 -3.3504e-01 -8.3051e-01
  2.4512e-01  3.9417e-01 -1.5195e-01  1.5013e-01  1.0712e+00  8.3814e-05
  3.5900e-01 -6.8645e-02 -9.3698e-01  5.3626e-01 -3.7726e-01  3.1234e-01
  6.5754e-01 -1.0537e-01  2.2729e-01 -2.7496e-01 -4.1436e-01 -4.5979e-01
 -3.6415e-02  2.6377e-01 -7.5261e-01 -1.6468e-01 -2.1074e-01  1.7240e-01
 -1.2194e-01 -7.0203e-01  8.7885e-01 -4.0566e-01  1.0058e+00 -1.7782e-01
  2.8188e-02 -6.5572e-01  3.3017e-01 -1.1986e-02 -3.2802e-01 -2.7585e-01
 -1.8454e-01 -4.3706e-01 -2.7030e-01  6.6481e-01 -1.7167e-01  6.1796e-01
  9.1323e-02  3.8594e-02 -1.4459e-01  2.1204e-01 -5.8299e-01 -7.1802e-01
  2.8409e-01 -7.7439e-02  2.1543e-01 -1.6891e-01  4.7342e-01 -2.3125e-01
  9.5215e-02 -1.1362e+00  1.2224e-01  1.1255e+00]"
booing,"[ 0.27302    0.2187     0.593     -0.43384   -0.99813    1.6404
 -0.14199    0.23122    0.0069429 -0.49117    0.168     -0.31101
 -0.11515   -0.96667    0.56561   -0.35883   -1.0161     0.34721
  0.52617   -0.43738   -0.12473   -0.15345   -0.16162   -0.1401
  0.20102   -0.091241  -0.34778    0.42005    1.2958    -0.13137
 -0.26662   -0.12983    0.58791    0.64506   -0.27353   -0.57879
 -0.12031   -0.077931  -0.19035   -0.65574    0.35776    0.25479
 -0.46871    0.43855    0.4428     0.19335    0.62304   -0.30824
  0.17872   -1.0126     0.36653    0.0074619 -0.20122   -0.27414
 -0.39202    0.59919    0.32263    0.15786   -0.26279    0.12196
  0.43819    0.4548    -0.13373    0.51866   -0.41926    0.18861
  0.68737   -0.32242   -0.12255   -0.12603   -0.11606   -0.42166
 -0.33784   -1.0649    -0.2297     0.89357    0.24967   -0.034655
  0.16763    0.51814    0.2054    -0.76337   -0.45745   -0.14956
 -0.51357   -0.14368   -0.63512   -0.085695  -0.36187   -0.58928
  0.10397   -0.82733   -0.67678    0.32987    0.03553   -0.16587
 -0.6047     0.75875    0.56987    0.73831  ]"
chatsworth,"[ 0.73469   -0.18107    0.73863    0.10795   -0.26366    0.24756
  0.24739    0.90959   -0.26427    0.67174   -0.17184    0.010206
 -0.0066498 -0.38656   -0.32613   -0.34006    0.41704    0.30881
  0.046573   0.26889   -0.32966   -0.064509  -0.21921   -0.32202
  0.025377  -0.39477   -0.45204    0.053486  -0.90455    0.19919
 -0.28113   -0.31223    0.63923    0.13273   -0.4079     0.029644
  0.69283   -0.21059    1.0399     0.0055908  0.21448    0.16958
 -0.70287   -0.56606    0.14136    0.58298    0.78425   -0.17574
  0.74284    0.91178   -0.25566   -0.33097   -0.14952   -0.94102
  0.1843    -0.14649   -0.22283    0.18761    0.24975    0.0096044
 -0.22108    0.37201    0.50591   -0.19572   -0.55303   -0.10989
  0.80311   -0.34616   -0.31825    0.53522   -0.051879   0.48414
 -0.2169    -0.65176    0.14138   -0.51755    0.96267    0.45648
 -0.26468   -0.31452   -0.4947     0.47347   -0.23183   -0.025778
  0.3019    -0.30846    0.32852    0.33379   -0.3517     0.27624
 -0.28727    0.046157   0.029553   0.34411   -0.27815    0.24443
  0.27033    0.060001   0.27601   -0.55399  ]"
sedentary,"[-0.3778     0.1202     0.0077135  0.26945   -1.2398     0.70733
  0.22809    0.10085   -0.1432     0.36044   -0.69305   -0.3717
  0.73637   -1.1343     0.22271   -0.0512    -0.9527    -0.68442
  0.25318    0.29409    0.63859    0.55785    0.17894    0.12651
  0.30315   -0.018103   0.53604   -0.6124    -0.72783    0.40404
 -0.27092    0.39387   -0.42782   -1.0866     0.11085    0.15787
 -0.42712    0.45173   -0.31808    0.11219   -0.56179    0.21465
 -0.58027    0.37496   -0.050696   0.032027  -0.19847    0.76955
 -0.061391  -0.21637   -0.60714   -0.57991   -0.064108  -0.30592
  0.21288    0.78612    0.429     -0.64884    0.19182    0.048663
  0.02608   -0.012297   0.37918   -0.89105    0.67504    0.69387
  0.38208   -0.70823    0.76016   -0.21174    0.11216   -1.0457
  0.24115    0.50179   -0.44669   -0.82103   -0.69303   -0.20883
  0.17483   -0.27161   -0.50782    0.40727   -0.22465    0.63927
 -0.52338   -0.10254    0.1126    -0.39595   -0.91104   -0.44844
  0.054039  -0.37215    1.0348    -0.40712   -0.71196   -1.0844
 -0.38197   -0.45135    0.072294   0.053658 ]"
uneventful,"[-0.4846    -0.18863    0.11792    0.25298   -0.46048    0.37402
  0.81565    0.96259   -0.26026   -0.13002    0.066303   0.29395
  0.17713   -0.84419    0.41836   -0.39048    0.0456    -0.23404
  1.1494    -0.25601    0.91992   -0.059567   0.094262  -0.23319
  0.43947   -0.08129   -0.69429   -0.087711  -0.19658    0.04881
 -1.3638    -0.88798   -0.3998    -0.64237    0.007829   0.6429
  0.079526  -0.075037   0.33857   -0.093062   0.022481  -0.33657
  0.20384    0.65129   -0.21958   -0.17368    0.93473   -0.19994
  0.64319   -0.60102   -0.15541   -0.066584   0.64111    0.088873
  0.068082  -0.3805     0.4484    -0.32111    0.27266    0.63825
 -0.99619   -0.37988    0.16308   -0.70512   -0.35286   -0.638
  0.12491   -0.92967   -0.10046   -0.23398   -0.072332  -0.4883
  0.58739    0.11556   -0.033313  -0.084343  -1.0161    -0.24078
 -0.1453    -0.52693   -0.54191    0.76027    0.49084    0.9198
 -0.75484   -0.28825    0.27885   -0.12029   -0.79922   -0.36993
 -0.30678    0.39691    0.15125    0.38066   -0.27048    0.1068
  0.0050204  0.90703   -1.4148     0.0018881]"
wyman,"[-0.28429   -0.27518   -0.23056   -0.56729   -0.083457  -0.60968
 -0.39683    0.032282   0.11977   -0.33762    0.40016   -0.085174
 -1.0051     0.031043  -0.031959  -0.11823    0.60348   -0.89821
 -0.35671    0.22781    0.4631    -0.22777    0.15696   -0.30424
  0.69172    0.22931   -0.10523   -0.48455   -0.42303    0.063322
  0.044082   0.23016    0.5006     0.30536   -0.51433    0.28993
  0.30867    0.12642    0.032183  -0.14      -0.14904    0.41315
 -0.50136    0.71774   -0.29191    0.14772   -0.59583   -0.1927
 -0.049989  -0.19904    0.27035   -0.9384     0.10663   -0.27429
  0.70278   -0.29166    0.25727   -0.0077254 -1.044      0.51397
  0.71229   -0.08127    0.28408    0.70407   -0.050538  -0.34472
  0.57828    0.45125   -0.33311   -0.21391   -0.090099   0.48718
 -0.61771    0.24507   -0.1804    -0.15557    0.042299   0.11957
 -0.1499    -0.44579   -0.16466   -0.074433   0.18051   -0.081428
  0.31083   -0.021493   0.70467   -0.81486   -0.76115   -0.39914
 -0.28331   -0.37397    0.17645    0.45307    0.034394  -0.17703
  0.059918   0.09669   -0.12507   -0.035568 ]"
kwh,"[-1.0930e+00  2.6178e-01  8.7833e-01  4.4490e-01  9.7137e-01  1.4774e-01
  6.4197e-01  8.8740e-01 -3.3270e-01  7.4875e-01  7.8253e-01 -9.0191e-02
 -1.4647e+00 -1.7881e-01  6.7625e-02 -1.4858e+00 -4.8828e-01  2.6318e-01
  4.2363e-01 -3.5072e-01  6.8196e-01 -5.1846e-01  1.9609e-01  7.8009e-01
  1.4755e-01 -4.2210e-01  7.6345e-01  1.6414e+00  1.8578e-01 -6.6544e-02
 -5.2108e-01  8.7604e-01  1.2023e+00 -7.4845e-01  5.6730e-02 -1.7407e-01
  2.1271e-02 -4.6270e-01  2.1780e-01  1.8417e-01  8.3947e-01  6.3241e-02
 -6.0408e-01 -3.5440e-01 -6.1960e-02 -2.5206e-01 -4.2733e-01 -1.2692e+00
  2.0810e-01 -7.9837e-01  1.4388e-04 -1.0595e+00  3.3980e-01  1.3985e-01
  6.4219e-01  3.5341e-01 -3.8323e-01  1.8415e-01  8.0072e-02 -1.0935e+00
  6.7506e-01  1.2750e-02 -9.9170e-01  6.9569e-02 -3.0881e-01  1.1726e+00
 -1.3915e-01 -1.1019e+00  1.5644e+00 -8.4169e-01  7.0801e-01 -2.5101e-02
  9.7958e-01  4.3111e-01 -1.4712e-01  5.6892e-01  6.5727e-02 -7.8315e-01
 -7.5908e-01  1.9161e-01  2.5691e-01 -3.3710e-01 -2.9346e-01  2.8841e-01
 -4.3809e-01  1.0302e+00  3.5173e-01  1.9798e-01  7.2277e-02  9.1648e-02
  4.4063e-01  3.2920e-01 -6.7383e-01 -4.9697e-01 -2.5535e-01 -4.2397e-01
  9.2278e-01 -1.3616e-01  2.3782e-01 -1.3899e+00]"
mediocrity,"[ 2.4561e-01  2.2230e-01  7.2460e-01  7.1933e-02 -5.7602e-01  4.4358e-01
  9.6869e-02 -4.2056e-01 -1.1311e-02  4.1435e-01 -1.7773e-01  4.4587e-01
  4.0702e-01 -3.8285e-01  1.5018e-01 -1.5121e-01 -3.2652e-01  1.2582e-01
  5.7192e-02  2.4065e-01 -7.1368e-01  6.2541e-01 -2.9896e-01 -6.0003e-01
  6.8311e-01  6.7379e-02 -3.5049e-01 -3.9948e-01 -7.3852e-02 -1.2508e+00
  6.8773e-02 -1.7300e-01 -4.9713e-01 -1.0569e-01 -9.0674e-02  7.4809e-01
 -3.2081e-01  6.3353e-02 -6.8075e-01 -4.6096e-01  3.9497e-02  3.6386e-01
 -8.1695e-01 -2.4494e-02 -6.1760e-02  5.0271e-02  6.1270e-01 -9.3382e-02
 -3.5831e-01 -4.6487e-01 -9.7944e-02 -4.3361e-01 -2.8868e-01  6.4699e-01
  2.7269e-01  1.6350e-01  6.7444e-01  2.6409e-02  8.0706e-02  1.4799e-01
 -1.9256e-01 -2.3726e-01 -3.9278e-01 -2.7862e-01 -3.0707e-01 -6.1559e-02
  7.1787e-01 -4.8389e-01 -1.5829e-01 -9.3718e-02 -1.0615e-02 -1.1346e-01
 -1.4020e-01  2.0641e-04 -4.0552e-01 -2.7571e-01 -2.9486e-01 -6.0361e-02
 -2.0995e-01  9.5696e-02 -3.3824e-01  6.6536e-01 -3.7896e-01  2.7969e-01
 -4.2232e-02  3.1544e-01 -4.2334e-01 -4.4157e-01 -7.3418e-02  1.5035e-01
 -1.7525e-01  6.0766e-01 -7.0744e-01  6.9308e-01  4.0637e-01 -5.5513e-01
 -1.5673e-01  4.1686e-01  5.0539e-02  5.0600e-01]"
traian,"[-0.2983     0.40606    0.18978    0.62831    0.15239   -0.024481
 -0.88851    1.2064     0.50544   -0.9578    -0.88415    0.72111
 -0.85808   -0.3578     0.64072    0.0081778  0.21612   -0.73791
  0.48944   -0.4437    -0.35258    0.367      0.21258    0.45301
  0.26504   -0.65838   -0.11044    0.099622   0.37264   -0.41604
  0.42891    0.75942   -0.24887    0.49381    0.22398    0.41726
  0.34569    0.14602   -0.67836    0.51798    0.17011    0.75108
  0.11725   -0.51708   -0.52919    1.096     -0.91788   -1.0455
 -0.42619    1.2096    -0.69037   -0.0094321 -1.3401     0.41369
 -0.90632    0.20181    0.094426   0.76588    0.25399   -0.16205
 -0.89885   -0.3029    -0.14244    0.017057  -0.36457    0.20821
 -0.092846  -0.33783   -0.7491    -0.13566    0.016734  -0.20551
 -0.17434   -0.26102   -0.84392    0.23318    0.005172   1.0705
 -0.26918   -0.21862   -0.71647    0.16221   -0.068754  -0.79019
  0.184     -0.3618    -0.31237    2.2613    -0.29861   -1.3177
  0.20441   -0.57621   -0.51676    1.1288     0.47205    0.29016
 -0.05483   -0.584     -1.1727    -0.31206  ]"
707,"[ 0.47949   0.52878   0.76091   0.42071  -0.30017   0.41061   0.68741
 -0.23089   0.19989   0.096566  0.45787  -0.21119   0.29549   0.10015
  0.50365  -0.7241    0.16476   0.14444   0.66945  -0.36083   0.44139
  0.016617  0.32099   0.055928  0.24672  -0.22317   0.013515  0.82898
 -0.46326  -0.021402 -0.25487   0.77359  -0.17279   0.15482  -0.5339
  0.95288   0.25561   0.33484   0.43655   0.87813  -0.26529  -0.62585
 -0.14198   0.58341   0.34691   0.17663   0.14992  -0.050156 -0.81715
  0.3414   -0.74617   0.22692   0.32248   0.61764  -0.4801    0.3774
  0.060896  0.070567  0.48474  -0.40938  -0.23146  -0.20378   0.68677
  0.67383  -0.88417  -0.54187  -0.11307  -0.1636   -0.56781   0.38116
  0.23518  -0.34865   0.21201  -0.25096  -0.2498    0.4944    0.26522
  0.6328   -0.57699   0.43526  -0.34156  -0.51575   0.28169   0.34658
  0.10604  -0.082715  0.7413   -0.86922  -0.30897   0.3177   -0.042662
  0.89548  -0.048732 -0.2427   -0.060171  0.26702  -0.20638  -0.018874
 -0.39504  -0.62252 ]"
muddled,"[-0.061061   0.091186   0.81652   -0.42952   -0.032107   0.307
  0.12077   -0.48257    0.63555   -0.13185   -0.30478    0.65076
  0.16428   -0.44521    0.38294    0.32583   -0.24977   -0.4102
  1.0092    -0.26627    0.13679    0.27936    0.55696    0.062953
 -0.35572   -0.15453   -0.14994    0.66387   -0.38926   -0.14637
  0.078316   0.028959   0.043725  -0.21433   -0.60652    0.25935
 -0.57271   -0.086359   0.11983    0.28335    0.11877   -0.34508
 -0.16799   -0.12579   -0.48044   -0.056409   0.59415    0.52866
  0.15833   -0.3347    -0.014683  -0.31063    0.22116    0.31475
 -0.10834   -0.23082    0.83913    0.29852   -0.24258   -0.51566
 -0.23516    0.57218   -0.077909  -0.40951    0.18775   -0.69823
 -0.19638    0.16061   -0.18526   -0.19782    0.066066  -0.14941
  0.27956   -0.42247   -0.011188   0.26968   -0.71564    0.029626
 -0.33987   -0.56715   -0.50423    0.44489   -0.47628    0.62507
 -0.43566   -0.086655   0.10077   -0.39311   -0.53865   -0.59108
 -0.0069227  0.62054   -0.93452   -0.058725   0.56934   -0.19752
  0.1707     0.044543  -0.40588    0.85631  ]"
zogby,"[-0.64779  -0.13106   0.49696  -0.95781   0.058459 -0.072836  1.7049
 -0.1307    0.30276   0.037887 -0.35828  -0.68561   0.47937  -0.46426
  0.81127   0.43053   0.092479 -1.13      0.36063  -0.1132   -0.35258
  0.15493   0.069237 -0.11054   0.64505  -0.77066   0.43047   0.4773
  0.39412  -0.30372   0.8883   -0.40333  -0.47833   1.6986    0.048677
 -0.52678   0.358     0.44488   1.0896    0.38777  -0.91467   0.36874
 -0.82747   0.70457  -2.2279   -0.19851   0.27636  -0.28838  -0.95875
 -0.59585   0.054121 -0.15316  -0.26637  -0.67137  -0.38727  -0.74828
  0.14768   0.3697   -0.69904  -0.53755  -0.25149  -0.26161   0.059129
 -0.14234   0.19101   0.82741  -1.0551    0.74401   0.50073   0.77712
 -0.41873   0.97819  -0.53748   0.16141  -0.38094  -1.0225   -0.3823
 -0.37917  -1.0138   -0.43981   0.92738   0.43196   0.16728   0.85178
  0.27973  -0.9246    0.64817  -0.002419 -0.12966  -0.24787  -0.45043
  0.18191   0.4689   -0.49018  -0.27644   0.26238   0.3851   -0.092745
 -0.91413   1.0648  ]"
halladay,"[ 0.30599    0.33297    0.14095   -0.68678    0.073293  -0.12282
 -0.4056    -0.71293   -0.9324    -0.004451  -0.25971   -0.05611
  0.30778   -0.014938   0.1471     0.20147    0.070219   0.041744
  0.29207    0.84027    0.74139    0.017908  -0.41887    0.11048
  1.7325    -0.0019065  0.15181   -0.46886   -0.66356   -0.80928
 -0.79207    1.1318    -0.11382    0.089955  -0.33604   -0.2892
 -0.55922   -0.51998   -0.96489   -0.15978    0.45732   -0.41642
 -0.33369   -0.90827    0.17814    0.37262   -0.046338  -0.43933
  0.4103     0.38374    0.31044   -0.29257    0.21972   -0.56649
 -1.3242     0.65807    0.93733    0.33495   -0.59408    0.76752
 -1.1959     0.21162   -0.31166    0.74834   -0.21405    0.038657
 -0.18888   -0.2422    -1.0555     0.2242    -0.83967    0.22029
 -0.91887   -0.03146    0.35872    0.20826   -1.418     -0.24998
  0.41465    0.31331   -0.27648   -0.068272  -0.79863    0.18859
  0.46126    0.58458    0.023992   0.21354   -0.69484    0.7313
  0.59621   -1.6935    -0.31671   -0.072194  -0.054001   0.48948
 -0.24791   -0.15105   -0.62908   -0.65548  ]"
shahar,"[-0.7058    -0.87657    0.16406    0.56501   -0.37925   -0.058835
  0.61652    0.37023    0.61428    0.47519    0.4811    -0.17641
 -0.96161    0.12947    0.92802    0.64114   -0.3052     0.67223
 -1.3521     1.1723    -0.90917    0.2961     0.7011     1.0668
  1.1272    -0.15177    1.207     -0.9147     1.308      0.34386
 -0.3508     0.30213    0.39962   -0.17763    0.15051   -0.70759
 -0.58197    0.0068211 -0.13577   -0.17505   -0.2274    -0.38808
  0.27248    0.48248    0.15673   -0.96643   -0.56811    1.1475
  0.49112    0.3588     0.24187    0.28817   -0.20421    0.47659
 -0.79298    0.63895    1.024     -0.13156   -0.3506     0.29599
  0.4991    -0.75988   -0.035872   1.1931     0.3039     0.31633
  0.48035    0.25856   -0.16045   -0.44304    0.29519   -0.047119
  0.22402    0.19301   -1.0248     0.28337    0.054321  -0.51378
 -0.24428   -0.12846    0.93728    0.44406   -0.3307     0.69972
 -0.23913   -0.75791    0.0071516  0.73908    1.517      0.63181
  0.5107     0.78967   -0.20867   -0.19878    0.49923    0.83867
  0.50477   -0.49531   -0.76048    0.30915  ]"
indignant,"[-3.5173e-02  3.4163e-01  1.8556e-01 -3.8854e-01 -1.0984e+00  9.5186e-01
 -6.0003e-01 -1.5798e-01  7.6195e-01 -2.5564e-01 -2.2251e-01 -1.5760e-03
 -2.0691e-02 -5.6401e-01 -1.8997e-01  1.4858e-01 -8.6509e-01 -2.2850e-01
  2.0888e-01 -1.4805e-01  5.2620e-01  7.0756e-01 -9.1205e-02  1.5112e-01
  8.1046e-01  2.0768e-01  4.5277e-01  9.1607e-01  5.4569e-01  8.8978e-03
  5.3734e-02  2.3185e-01  5.5009e-01  3.1582e-01 -6.0214e-01  4.9717e-01
 -1.0607e-01 -1.1832e-01  2.3163e-01 -8.1201e-02 -3.2279e-01  1.2189e-01
 -1.7385e-01 -3.6311e-01  1.0006e-02 -2.8367e-01  5.1336e-01  7.5357e-02
 -2.4029e-02 -1.3437e-01  1.9430e-01 -2.4246e-01  5.5732e-01 -8.3398e-03
 -7.0991e-01  6.8541e-01  4.8287e-01  6.3183e-02 -1.3363e-01 -2.8695e-01
  5.2291e-01  7.7890e-02  7.8397e-04  1.3460e-02  9.2266e-02 -8.0975e-01
  4.7526e-01  6.0437e-01  3.0648e-01 -1.5670e-01  1.1062e-01 -2.3929e-01
 -4.2826e-02 -5.8733e-01 -2.3852e-01  8.0923e-01  2.3762e-01 -9.5570e-02
 -5.4632e-01 -8.1287e-01  1.7969e-01 -3.1326e-01 -2.7033e-01  3.6073e-01
 -8.3453e-02 -6.5273e-01  1.6113e-01  2.6154e-01 -8.1555e-01 -8.6066e-01
  3.4669e-01 -1.6110e-01 -3.0625e-01  9.4876e-02  4.5658e-01  3.5795e-03
 -1.0528e+00 -1.0131e-01 -4.7850e-01  3.0737e-01]"
euler,"[ 0.18215   -0.69385   -0.8908     1.3452    -1.1954     0.085784
  0.57671    0.0071973 -0.28967    0.047145   0.126     -0.71693
 -0.36957    0.5306    -0.073144   0.018777   0.81578    0.14468
  0.65661   -1.1574     0.034601  -0.78359   -0.37347    0.88935
  0.61556   -1.3655     0.89456   -0.015305  -0.1101    -1.0682
  0.60054    0.33057   -1.0232    -0.12594   -0.18477   -0.10193
  0.59892    0.5326     0.077217  -0.03713    0.114      0.75033
  0.34837    0.397     -1.0778     0.52067    0.56342    0.24582
 -0.024798   1.4541     0.28521   -0.18512    0.10491    0.098945
 -0.57044   -0.68283    0.19095    0.87298   -0.67892   -0.13265
 -0.19663   -0.54763    0.25601    0.53067    0.97676   -0.69469
 -0.29452   -0.14766    0.045191  -0.48124   -0.74966   -0.40546
  0.26795   -0.18568    1.4538    -0.36421   -0.17316   -0.53628
  0.32959   -0.31342    0.36184    0.041801  -1.3036    -1.0239
  0.092847   0.032685   0.14581   -0.76951   -0.7018    -0.2941
 -0.90342    0.84439    0.17705   -0.092281   0.59654   -0.68944
 -0.51911   -0.34324   -0.23486   -0.13575  ]"
momentary,"[ 0.37736  -0.26896   0.31001   0.41587  -0.2371    0.23945   0.058163
  0.10593   0.49156  -0.64741  -0.35794   0.092551 -0.41704  -0.46032
  0.54352   0.34085  -0.59541   0.064039  0.38699   0.43511   0.29065
 -0.068726 -0.30872  -0.048283  0.29742   0.18371  -0.50608   0.38395
  0.21259  -0.8264    0.40444  -0.2943   -0.63362   0.18967  -0.66275
 -0.039671  0.14121   0.25392   0.23353  -0.079308  0.082214  0.85739
  0.009263 -0.21257   0.33432   0.15521   1.1058    0.28048   0.076786
 -0.042493  0.039414 -0.076737 -0.35568  -0.22975   0.68432  -0.49859
  0.81324  -0.11855   0.40314  -0.016283 -0.17232   0.30392  -0.46519
  0.26332   0.24477  -0.050823  0.64419  -1.0429   -0.021163 -0.58459
 -0.59494   0.1684    0.53434   0.14745   0.014665  0.80632  -0.2132
 -0.40946  -0.13126   0.082369 -0.15484  -0.79868   0.21641   0.11172
 -0.41769  -0.033794  0.33485   0.68225  -0.17355  -0.35434  -0.12358
  0.42921  -0.35756  -0.24638   0.28059  -0.40285   0.91499  -0.53971
 -0.86311   0.31429 ]"
shakira,"[ 0.51421    0.46653    0.21812    0.38647    0.93445    0.28742
 -0.18964    0.32808    0.28181   -0.068853   0.07029    0.33181
  0.29192    0.2267     0.11978   -0.15007    0.66319   -0.072447
  0.69301    0.60011   -0.24574   -0.41974    0.19905    0.79386
  0.10452    1.2233     0.51363   -0.67564    1.2021    -0.46825
  0.064383  -0.49964   -0.11055    1.3665     0.74405    0.20815
 -0.079697   0.27489   -0.064598  -0.48656    0.59249    0.94263
  0.094265   0.68373   -0.23681   -0.058234  -0.70815   -0.46671
  0.024339  -0.10721   -0.68249    0.53676   -0.1087    -0.10527
 -0.52045   -0.22082   -0.27573    0.1821    -0.5856     0.66651
 -0.03806    0.47988    0.19708   -0.30387   -0.12049   -0.11231
  0.66346   -0.082441   0.65381   -0.20948    0.49676    0.89309
 -0.67863    0.1126     0.52197   -0.0082846  0.30555    0.28386
  0.56916   -0.66508    0.034867  -0.55946    0.2651     0.25196
 -0.35889   -0.59938    0.16242    0.43386   -0.25041   -0.36156
 -0.050286   0.094497  -0.67569    0.044955   0.53393   -0.13384
 -0.59722    0.019598  -0.50209    0.50353  ]"
27.7,"[ 9.7841e-01  1.0685e+00  7.0914e-01 -7.3225e-01  1.7077e-01  5.2462e-01
 -1.2296e-01 -1.9395e-02  5.2780e-02  6.6289e-01  6.5247e-01  8.3560e-01
 -4.4954e-01 -3.8470e-01  1.7359e+00 -4.5491e-01 -5.8538e-01 -2.4515e-01
 -5.1245e-01 -2.1132e-02 -3.7470e-01  7.3144e-01  7.6190e-01  7.5978e-01
 -4.9823e-01 -5.9086e-01  5.3159e-01  7.1617e-01  1.9357e-03 -1.2466e+00
  7.2844e-01 -2.0206e-01  6.5066e-01 -2.8348e-01 -4.8607e-01  9.4462e-01
  1.5040e+00  2.9375e-01 -7.1204e-01  4.3463e-01  1.1014e-04  4.4130e-01
 -9.3802e-03  6.8619e-01 -8.3713e-03  2.6341e-02 -5.1099e-01 -8.9581e-01
 -4.9110e-01 -8.6655e-01 -4.2142e-01 -6.3521e-01  2.0336e-01  2.3615e-02
 -4.0430e-01  3.9681e-01 -5.0609e-01 -6.1518e-01 -1.0593e-01 -2.5524e-01
  3.5278e-01 -5.1430e-01 -6.3802e-01  7.8754e-01 -9.3622e-01  3.9448e-01
 -9.6979e-02 -1.0344e+00  1.7482e-02  6.0173e-01 -3.1130e-01 -4.3082e-01
  5.2973e-02  1.5109e-01 -6.4294e-01  4.4261e-01 -6.1963e-01 -5.8861e-02
 -3.5548e-01 -4.2579e-01 -7.3050e-02  9.7368e-02  3.4968e-01  1.4163e+00
  3.0315e-01  3.1544e-02  3.7011e-01 -2.5159e-01  4.7205e-01 -1.8340e-01
  6.7613e-02 -1.7549e-01 -3.7280e-01 -7.7631e-01  4.1917e-02 -6.9446e-01
 -1.9797e-01 -5.4882e-01  4.5276e-02 -2.3348e-01]"
dov,"[-0.68426  -1.0072    0.56609  -0.050071 -0.059916 -1.1803    0.72008
 -0.4782    0.40251   1.0218    0.10252  -0.21879  -0.052395  0.57521
 -0.11411  -0.15193   0.64963  -0.44369  -1.3297   -0.44484  -0.97543
  0.34075  -0.9942    0.45369  -0.23533  -0.975    -0.048151 -0.58349
  0.27308   0.42158   0.15793  -0.47719   0.79575   0.32277  -1.1962
  0.64889   0.59986   0.29093   0.93082   0.73669   0.69832   0.43601
  0.42584   1.3049   -0.073462 -0.57933  -0.66701  -0.061058 -0.013327
  0.17212  -0.3074   -0.73996   0.70062   0.13033  -0.662     0.60433
  0.65911   0.78077  -0.62402  -0.1697    0.45291   0.1675    0.84349
 -0.17641   0.095674 -0.8707    1.4511    0.15761   0.3084    0.011279
 -0.34757  -0.53065  -1.3492   -0.26785  -0.1054    0.1213   -0.20287
  0.38161   0.59804   0.22314   0.43556  -0.10402  -0.94593  -0.22626
  0.32759   0.10763   0.013473  0.37705   0.293     0.17037   0.047395
  0.24088  -0.35809   0.075407  0.11969   0.31546   1.1185    0.08131
  0.074044  0.52106 ]"
jinx,"[ 0.17996   -0.10866    0.17553   -0.48652   -1.1771    -0.22064
 -0.16192   -0.20027    0.22871    0.021792   0.10569    1.0283
 -0.06413    0.32699   -0.40194    0.64058    0.045733   0.46425
 -0.02772    0.091835  -0.11392   -0.62742   -0.084011  -0.069462
  1.3607     0.25562   -1.0093    -0.73813    0.13211   -0.24772
 -0.72543   -0.42829    0.47447    0.30593   -0.19348   -0.40842
 -0.71746   -0.43804   -0.63253    0.0013833  0.3776     0.56726
 -0.14646   -0.55437    0.10992   -0.62069    0.6294    -0.22507
  0.16434   -0.75983   -0.2748     0.38945   -0.28072    0.40896
  0.0073235 -0.57068    0.045181   0.39407   -0.666      0.33833
 -0.052566   0.42159   -0.46421   -0.17548    0.071991   0.19042
  0.34875    0.20859    0.0075631 -0.4078     0.057562   0.23939
 -0.15019    0.044588  -0.24894    0.39652    0.51005    0.12484
  0.47067    0.5965    -0.091604  -0.21985   -0.041877   0.56718
  0.32472    0.095196  -0.73025    0.35338   -0.14239   -0.044965
 -0.61101    0.46797   -0.13682    0.071891   0.5675    -0.073517
  0.46605    0.57912   -0.36103    0.099043 ]"
kurmanbek,"[-0.26611   -0.1444    -0.14836    0.62232    0.34786   -0.20149
 -0.31722   -0.14285   -0.036181   0.43585   -0.40494   -0.16817
 -0.016188  -0.083318  -0.41209    0.005829  -0.17277   -0.17954
  0.79285   -0.35516   -0.20811   -0.53713    1.9032     0.66899
 -0.10282    0.42301    1.1364     0.17463    0.12885   -0.14659
  1.3713     0.040113  -0.38061    0.78474   -0.78053    0.1396
  0.76812   -0.13437    0.23028   -0.91123   -0.12041    0.84099
  0.95761   -0.44055    0.056794   0.84049   -0.96994   -0.28936
  0.74906    0.80243   -1.298     -0.85104    0.16008    0.48447
 -0.23968    0.070508   0.12326    0.40551    0.040548  -0.51162
 -0.59471   -0.15278   -0.76983   -0.69996   -0.61921    0.45554
  0.74399   -0.78421   -0.9504     0.12104    0.19864   -0.32897
 -0.84723   -0.37514   -0.54098    0.081572   0.0061508  0.17779
 -0.15643    0.17532    0.54201   -1.1434    -0.60326   -2.0475
  0.71636    0.34961    0.42193    0.74329   -0.41307   -1.0791
  1.1145    -0.6523    -1.4022     1.3192    -0.25204   -0.57953
 -0.20511   -0.094135  -0.98349   -0.086345 ]"
choe,"[-0.81485  -0.49603   0.83878   0.070388 -0.47518  -0.17555   0.11577
  0.41754   0.56631   0.54466   0.15296   0.47722  -0.19508   0.62378
  0.25642  -0.20884  -0.13632  -1.2674   -0.14901  -1.096     0.60029
 -0.081278  0.312     0.418    -0.40532   0.61054  -0.071073  0.51006
  0.37962  -0.40117   0.253     0.78129   0.26994   0.91085  -0.61363
  0.18985   1.0423    0.19017  -0.2123   -0.43839  -1.1063    0.64304
 -0.56407   0.4307    0.72576   0.18058   0.11007  -0.66668  -0.18101
 -0.78309   0.023745 -0.38754   0.43627  -0.63644  -0.27679   0.77502
 -0.13119   0.39506  -0.67227  -0.31978  -0.23576  -0.20222  -0.24365
  0.62623  -0.094968  0.39207   0.84635   0.61762   0.082529  0.49654
  0.18682  -0.27451   0.035906 -1.1081    0.041401  0.46471  -0.42777
 -0.31414   0.71741  -0.52204   0.28596  -0.67067   0.70494   0.059806
 -0.2474    0.33613  -0.020535 -0.74064   0.72665  -0.1177    0.43069
 -0.14994   0.30659   0.64944   0.21291  -0.29985  -0.52757  -1.1674
  0.29509  -0.62813 ]"
yorktown,"[ 0.051507 -0.21492  -0.026152  0.71695  -0.10507  -0.71276   0.94635
 -0.08346  -0.35315   0.36939   0.10445   0.17361  -0.83868  -0.17729
  0.13023  -0.51768   0.63035  -0.51517  -0.79617  -0.33636   0.91284
 -0.73684  -0.30292  -0.30962   0.27496   0.75763  -0.1355   -0.066351
 -0.49277  -0.26584  -0.30267   0.25064   0.10015   0.61036   0.025392
 -0.66598  -0.20065  -0.49618   0.37818  -0.2054   -0.5168   -0.54017
 -0.35858  -0.28139   0.12026  -0.24539   0.85475   0.4022    0.35918
  0.98429  -0.43553  -0.20812   0.39789  -0.37197   0.40153   0.030039
  1.0898   -1.1271   -0.07706   0.096257 -0.51333   0.77415   0.013194
  0.22792  -0.81726  -0.36046  -0.57884  -0.011833 -0.10711   0.66458
 -0.28272   0.054738 -0.87187  -0.6354   -0.19542  -0.19086   0.51203
  0.16044  -0.53961  -0.2195   -0.055353 -0.23519   0.11489   1.5291
  0.32696   0.019476  0.63179  -0.51821  -0.087686  0.631    -0.9613
 -0.22997   0.95767   1.1317   -0.5225   -0.16568   1.1777   -0.21428
 -0.22159   1.0384  ]"
.30,"[ 0.015849  0.75668   0.31533   0.27501  -0.22117   0.11595   0.23878
  0.38955  -0.59224   0.42539  -0.32282  -0.43015  -0.83028   0.013503
  0.047681  0.10672  -0.30409  -0.070475 -0.23327   0.4159    0.95084
 -0.31621  -0.45769   0.6692    1.0982    0.91587   0.24022  -0.47291
 -0.1521    0.3377    0.75399   0.23342   0.050286 -0.68841   0.99809
 -0.14183   0.22476  -0.72115   0.47743   0.44542   0.69153  -0.84215
 -0.37709   0.654    -0.32682  -0.48875  -0.19498  -0.48817  -0.19624
 -1.112    -0.54168  -0.22213   1.3813    0.052303 -1.0052    0.75486
 -0.83261  -0.15293  -0.30103  -0.56765  -0.12859   0.31959  -0.53461
  1.7514   -1.395    -0.49984  -0.47416  -0.22538  -0.15895   1.0836
  0.29408  -1.0354    0.7072    0.10821   0.080202 -0.18838   0.52477
 -0.3482   -1.1781   -0.68022  -0.27558   0.26515   0.68596  -0.21317
 -0.33862   1.0164    0.13275   0.28793   0.46141   0.69697  -0.11451
  1.1455    0.12319   0.462    -0.50994  -0.76409   1.0306    0.35929
  0.10931   0.22992 ]"
arthroscopic,"[-0.90954   -0.28774   -1.2306    -0.19971   -0.48919   -0.4255
  0.028053   0.58068   -0.6098     0.73216   -0.042508  -0.20126
  0.73861   -0.20111    0.082245   0.12745    0.40006    0.50373
 -0.25329    0.26714   -0.58468   -0.3253    -0.85408    0.90047
  0.47263    0.4248     0.035251  -0.72891    0.26441   -0.22162
 -0.52819   -0.33288    0.19143    0.1448    -0.027018   0.18312
 -0.53531   -0.21111   -0.71491    0.15414    0.34781    0.020324
  1.1191    -0.28597   -1.9554     0.22039    0.0078571 -0.24948
  0.73296   -0.35905   -0.27795    0.46328    0.27594   -0.9861
 -0.51272   -0.50669   -0.14226   -1.0383     0.55376    1.9191
  0.21362    0.98176    0.31907    0.65447    0.087876   0.72156
 -0.51992   -0.92284   -1.6946    -0.68676   -0.48548    0.64256
 -0.16999    1.1393    -0.075016  -0.88672   -1.0355     1.1111
  0.13221   -0.56961    0.72697    0.044846  -0.3163     0.31636
  0.1351     0.15105    1.2134     1.2627    -1.5211    -0.6684
 -0.15879   -0.05247   -0.23302    0.85484    0.24479    0.21101
  0.55553    0.12918   -0.35275   -0.37496  ]"
recriminations,"[-8.4895e-02  5.0435e-02 -3.2913e-03  2.0247e-02 -2.6836e-01  7.1830e-01
  1.4753e-01 -4.1297e-01 -1.0377e-03 -4.7798e-01 -2.8419e-01  1.8893e-01
  7.7656e-01  4.6514e-01  6.6840e-01 -2.8491e-01 -8.3094e-01  5.8969e-02
 -1.6160e-01 -7.5963e-01  2.4893e-01  3.4956e-01 -1.4853e-01  2.3107e-02
  6.3768e-01  2.8112e-02  2.8031e-02  1.1037e+00  1.2775e-01 -1.0375e+00
 -8.8187e-02 -5.1167e-01 -3.0404e-01  6.5943e-03 -1.0250e+00  4.1057e-01
  6.3686e-01 -7.9835e-01  2.3661e-01  1.5671e-01 -3.0744e-01 -3.5847e-01
 -6.0343e-01 -3.8260e-01 -2.9758e-01 -3.9409e-01  4.8612e-01  2.6452e-01
  2.2926e-01 -7.0319e-01  1.1816e-01 -1.4374e-01 -2.1824e-01  6.4925e-01
  2.5302e-01  6.0339e-02  8.3529e-01  2.0195e-03 -3.3000e-01  3.5718e-01
 -2.6395e-01 -3.4743e-01 -7.7764e-02  3.3685e-01 -6.2745e-02 -2.1572e-01
  5.3761e-01  1.8493e-02 -1.1215e-01 -6.6138e-01 -6.8935e-01 -4.0537e-01
 -6.1665e-01 -4.0656e-01 -7.3094e-01  5.8503e-01 -3.9001e-02 -2.3076e-01
 -1.0428e+00  6.4398e-01  5.2830e-01  5.5399e-01  8.9523e-01  4.0710e-01
  1.7584e-01 -4.3184e-01 -4.7937e-01  6.6123e-01 -1.4976e-01 -5.4299e-01
 -8.6830e-01  1.9122e-01 -1.4652e+00  4.7929e-01  1.7258e-01  3.7681e-01
 -1.5846e-01  5.3609e-01 -2.5150e-01  5.0652e-01]"
magdeburg,"[ 0.75322   -0.1761     0.073776   0.048825  -0.30063    0.37689
 -0.50471   -0.015336   0.20855   -0.52647   -0.5758     0.30726
  0.049936   0.28075    0.29243   -0.15624    1.1588    -0.26872
 -0.10116   -0.27413   -0.108      0.3818    -0.13424    0.90818
  0.041829  -0.76921    0.62095    0.0067558  0.36675    0.020045
 -0.088586  -0.1828    -0.20632    0.38476   -0.36789   -0.20528
  0.074548   0.070276  -0.3917     0.47735    0.087172  -0.2256
 -0.10305   -0.21253   -0.094569  -0.37599    0.98837   -0.11034
  0.12876    0.96129   -0.26971    0.20945   -0.49392    0.54514
 -0.86059    0.21873    0.075573  -0.6893    -0.47548   -0.48906
  0.3155     0.091787  -1.2084     0.49033    0.11543   -0.50298
 -0.81913    0.18872   -0.68428   -0.082244  -0.31565   -0.92194
  0.91584    0.36477   -0.016583   0.082171   0.67711   -0.56732
 -0.079658  -0.15361    0.32571    0.3588    -0.35097    0.87109
  0.1172     0.59659    0.074318  -0.84298    0.5325    -0.03836
  0.52368   -0.74429   -0.21297    1.2015     0.51306    0.071917
 -0.125      1.0124     0.3076     0.11067  ]"
murrah,"[ 0.49189   0.29204  -0.54236  -0.91837   0.20788   0.2393   -0.76755
 -0.42974   0.3455    0.037667  1.7935   -0.012886 -0.6976   -0.012199
 -0.12811   0.66603  -0.018197  1.006    -0.62059   0.88473   0.14481
 -0.31489   0.62414  -0.01836  -0.49437  -0.45041  -0.06493  -0.27807
 -0.66035   1.0754    0.8102    0.23884   0.93389   0.54027  -1.8047
 -0.29761  -0.10774   0.092814  1.3526    0.71221   0.4979   -0.44764
  0.35039   1.2515    0.98759   1.0466    0.80824  -0.017751 -0.83201
  0.23319  -1.3131   -0.3478    0.376     0.48296  -1.0034    0.33396
  0.017982 -0.18452   0.48658  -0.13082  -0.78052   1.1285    0.3867
 -0.086772 -0.47831  -0.10853  -0.556     0.21768  -1.1397   -0.37624
  0.72572  -0.26276   0.27355   0.28208  -0.8583   -0.081609  0.40535
 -0.14928  -1.3129   -0.32903  -0.54983   0.77317  -0.50159  -0.83595
  1.3115    0.19827   0.34475  -1.314    -0.91079   0.53543   1.4961
 -1.3588    0.14758   0.45209  -0.25778   0.50425   1.3077   -0.041356
  0.34009   0.24079 ]"
keita,"[ 0.21107   -0.063979  -0.46915   -0.33705    0.083463  -0.093398
  0.28473    0.26249   -0.070709   0.28119    0.68334    0.1379
  0.14087   -0.26938    1.2382     0.55571   -0.11875    0.0056169
  0.24804    0.31927   -0.20017    0.73567   -0.01583    0.68274
  0.032913   0.38384    0.055603   0.22654   -0.16645   -0.60096
 -1.0195    -0.22042   -0.39789    0.39677    0.4909     0.11121
  0.95478    1.0037    -0.77341   -0.71186   -0.028392   0.50693
  0.56584    0.30034   -0.95041    0.67438    0.24138    0.53553
  0.15346    0.075088  -0.2616     0.10712   -0.54024    0.54607
 -0.5407     0.24452   -1.4296     0.098832  -0.88622   -0.19644
  0.74793   -0.038603   0.094593   0.7168     0.5582     0.55969
 -0.20717   -0.036512  -0.25789    0.23238   -0.084241  -0.14884
  0.31042   -0.78024   -0.13534    0.32143   -1.0384    -0.43763
 -0.38648    0.052972  -0.32459   -0.013211   0.16133   -0.5709
  0.53668    0.18769    0.37177    1.0348     0.48385   -0.57481
  0.40877   -0.38649   -0.45179    0.24251   -0.50112   -0.26019
 -0.16067    0.13801   -0.32429   -0.38797  ]"
pharma,"[ 0.87763    0.063786   0.37437    0.095249   0.084146  -0.16982
  1.1746    -0.12858   -0.34696   -0.32971   -0.0062513 -0.19176
 -0.50476    0.048788  -0.13595    0.58771    0.67346    0.0087408
  0.48956   -0.087135  -0.043787   0.3369    -0.81406    1.0467
 -0.68127    0.79955    0.40829    0.27937   -0.10725   -0.1738
  0.057818   0.25277   -0.12528   -0.12272   -0.89886   -0.082049
  0.40407    0.91605    0.033413  -0.30455    0.82882    0.37942
 -0.36772   -0.69536   -0.34794    0.35396    0.32069    0.92238
  0.070351   0.18174   -0.93323    0.55029   -0.45523   -0.020732
 -0.84983    0.36154    0.19283    0.46159   -0.20159   -0.23404
  0.85118   -0.68068   -0.077182   0.73036   -0.30398   -0.21007
  0.27527    0.93448    0.73161    0.23553    0.19331   -0.71241
 -0.22314   -0.45682   -0.49636   -0.16138    0.53633   -0.56387
 -0.4365     0.3787     0.88756   -0.63762   -0.50793    0.93718
 -0.73642   -0.37161    0.17378   -0.93713   -0.36272    0.37215
 -0.23973    0.66602   -0.19766   -0.57823    0.53302    0.96637
 -0.10862    0.15557    0.56834    0.43244  ]"
heptathlon,"[ 0.76796    0.33238   -0.068983  -0.21063   -0.39075   -0.33192
 -0.93037    0.47338   -0.52193    0.26056    0.51679    0.15708
 -0.51229    0.012331  -0.70292    0.90763   -1.0416    -0.064619
 -0.91299   -1.2923    -0.32728    0.60348    0.70102    1.6175
  0.69417   -0.077676  -0.8337    -0.57223    0.14677   -0.21718
 -0.48851   -0.86039    0.71722   -0.15675    0.17074   -0.57893
 -0.2301     1.2597    -1.2355     0.99964    0.68765   -0.063319
 -0.35337   -0.78028   -0.81442    0.31337    0.30811   -0.35145
  0.0044548 -0.43891   -0.042416   0.29624    0.5496    -0.22482
  1.1131    -0.88631   -0.099848   0.54271   -0.59784    0.03864
 -0.17469   -0.4271     0.5109    -0.26364   -0.054037  -0.27997
  0.54178    0.25906   -0.1165     0.12131   -0.0084522 -0.2547
  0.065446   1.9648    -0.11268    0.65991   -0.042201  -0.45033
 -0.082492  -0.72847   -0.70636   -0.48914    0.41778   -0.064754
  0.51283   -0.57103    0.12262   -0.32699    0.47779   -0.30355
 -0.51923    1.2772     0.90502    0.49073    0.19369   -0.14128
 -0.30687   -0.019614   0.18082    0.61533  ]"
shalala,"[ 2.7328e-02 -6.1576e-01 -9.8689e-02 -1.5688e-01  1.2489e-01 -6.2936e-02
  3.5500e-01  5.7692e-01  1.1233e+00 -6.0777e-01 -1.2291e-01 -7.4737e-01
  1.2604e-01  2.9690e-01  5.7933e-01  3.5160e-01  3.7803e-02  7.4766e-01
 -8.0852e-01  9.1468e-02 -4.4377e-01 -1.6779e-01  4.3136e-01  4.3580e-01
 -3.0519e-01  8.3740e-01 -1.3169e-01 -6.4125e-01 -1.2629e-01 -2.0673e-02
  8.9903e-01  1.5650e-01  1.5978e-01  4.0629e-01 -7.5232e-01  1.2947e+00
 -8.6083e-01  9.1340e-01  2.4771e-01  1.2277e+00 -1.9230e-01 -6.6403e-01
 -2.3760e-01  4.4106e-01 -2.1330e-01  9.9316e-01 -2.1279e-01  1.9218e-01
 -8.4723e-01  5.7588e-01  1.2327e+00 -1.9756e-01  5.5606e-01 -5.0749e-02
 -5.4188e-01  2.9819e-01  3.2856e-01  9.5748e-01 -5.8947e-01 -2.5134e-01
 -2.5541e-01 -1.1591e+00  9.4661e-01 -1.4061e+00 -5.5371e-01  1.1191e-02
  1.7356e-01  3.1373e-01  1.0315e+00 -5.1644e-01  5.2036e-01  1.6827e-01
 -4.9587e-01 -6.6859e-01  6.0011e-01  9.4706e-02 -7.4932e-01  6.2057e-01
 -1.3205e-01 -7.0493e-02 -3.1701e-01 -8.8506e-02  1.5993e-01  2.7939e-01
 -9.2451e-01 -3.6667e-01  7.4721e-01  2.5735e-01 -7.9870e-01 -5.8306e-01
  7.7473e-01 -3.5583e-01 -3.7890e-01  5.4368e-01  9.8353e-03 -1.0425e-01
  4.0250e-01 -4.0608e-04  1.0354e-01  7.9422e-01]"
1910s,"[ 0.54651  -0.039354 -0.37588   0.66099  -0.27613  -0.12457   0.36349
  0.18728   0.12649  -0.27278  -0.067755 -1.454    -0.42782  -0.36495
  0.7941   -0.47225   0.10557  -0.43387   0.31095  -0.71963  -0.17333
  1.0996    0.21893  -0.31512   0.061377 -1.0507   -0.35457  -0.69991
  0.087921 -0.15753  -0.025521  0.31672  -0.54399   0.041977 -0.27035
  0.17927  -0.16201  -0.40048   0.081405 -0.11802  -0.054117  0.57304
 -0.66963   0.89325   0.54868  -0.44984   1.6243   -0.72801   0.912
 -0.25461  -0.59533   0.45204   0.28706   0.34502   0.17623   0.48616
 -1.2347   -0.14678  -0.13217   0.091386 -0.58838   0.92569   0.4691
  0.84649   0.56567  -0.66303   0.043211 -0.85738  -0.1439   -0.12206
  0.50546  -0.24675  -0.5675   -0.24293  -0.16616  -0.38768  -0.26647
  0.18809  -0.41711  -0.65054  -0.4681    0.14781   0.70386   0.063997
  0.34805   0.46901  -0.59146  -0.28269  -0.68075   0.15454   0.053761
  0.52398  -0.64372   0.76892  -0.14899  -0.02643  -0.48389   0.011903
 -0.40645  -0.26259 ]"
cedars,"[-0.34038  -0.33979  -0.39177   0.16426  -0.28871   0.17719   0.34044
  0.046166 -0.27552   0.36972  -0.18917   0.15582   0.38904   0.74716
  0.44868  -0.36596   0.44963   0.25092  -0.076393  0.27221  -0.3013
  0.17289  -0.74735   1.0181    0.942     0.71468   0.22651  -1.199
 -0.94799  -0.082058  0.40014  -1.2571    0.39881   0.91008  -1.4552
  0.21956  -0.22111   0.7884    0.35185  -0.12793  -0.37766   0.85801
 -0.92993  -0.37113   0.65428   0.19927   0.14308   1.3313   -0.33613
  0.27301   0.20988  -0.13748   0.11652  -0.32603  -0.21705  -0.12857
  0.515     0.76717   0.043907 -0.10078   0.12313   0.76056  -0.034043
 -0.56599  -1.1315   -0.30652  -0.30104   0.24441  -0.4377   -0.057729
  0.13136  -0.34781  -0.075743  0.031592 -0.11412  -0.32945   0.60808
  0.65143  -0.2245    0.084494  0.13543   0.64762  -0.32883   0.13204
  0.30707   0.025235  0.65317   0.75803  -0.011372  0.86799  -0.16246
 -0.75491   0.057644  0.3285   -0.7727    0.73216   0.34514  -0.016659
  0.65835   0.11655 ]"
workmen,"[ 0.86914    0.074256  -0.7839     0.24481   -0.72161   -0.040671
 -0.49204    0.79929   -0.0041697  0.14149    0.35224   -0.26743
  0.498      0.13335   -0.39004   -0.29338    0.42695   -0.29965
 -0.28522   -0.26714   -0.010303   0.20417    0.0083795 -0.63511
  0.30123   -0.82109   -0.61299    0.39929   -0.3298    -0.67746
 -0.19404   -0.0049251 -0.24471   -0.017254  -0.58847   -0.35949
 -0.24659   -0.2493     0.23206    0.13655   -0.2987     0.33288
  0.24002    0.43762   -0.26598    0.14649   -0.36389    0.50642
  0.51649    0.17815   -0.078853  -0.12713   -0.11335    1.029
 -0.72947    0.70876    0.12764   -0.38942   -0.049527   0.16177
 -0.10711    0.36912    0.036338   0.86481    0.45589   -0.051329
  0.031033   0.084233   0.15854   -0.95164   -0.46186   -0.21738
  0.090388  -0.2109     0.3691    -0.34299    0.31192    0.11834
  0.084304  -0.21597    0.30304    0.39545   -0.11781    0.081993
 -0.45856   -0.51581    0.20298   -0.17095   -0.48122    0.27451
  0.44274   -0.68185    0.18694   -0.17225   -0.011211  -0.8586
  0.17801    0.22674    0.034943  -0.30132  ]"
tauziat,"[ 1.7899e-01 -3.6406e-02  5.9109e-01  2.1443e-01  9.6743e-02  8.2715e-01
  1.1141e+00  3.0624e-01 -1.5910e-02 -1.0438e-01  2.7813e-01  3.6393e-01
 -1.1247e+00  6.0075e-01  8.7245e-02  7.4862e-01 -3.2879e-01  5.6504e-01
 -9.8332e-01 -5.5904e-01 -2.1854e-01  1.4598e-01  8.5016e-01  5.3240e-01
  2.1111e+00 -5.0390e-01  1.1257e+00 -8.7035e-01  4.8196e-01 -1.1663e-01
 -8.5810e-01 -7.0649e-01  6.6301e-01 -7.0577e-01  1.5132e-01 -1.9854e-03
 -5.0129e-01 -8.1021e-01 -1.9579e-01  2.3361e-01  2.3261e-01 -3.8282e-01
  4.8062e-02 -4.5282e-01  4.8430e-01 -2.6075e-01  1.2145e-01 -7.2960e-01
  8.1937e-01 -3.2629e-01  2.2388e-01  7.2211e-01 -3.0461e-01  2.8673e-01
  2.0618e-02  3.2809e-01  7.7598e-01 -4.7755e-01 -1.0093e+00  6.2181e-01
  7.0816e-01 -1.0115e+00  3.8634e-02  2.9435e-01 -6.2093e-01  1.6589e-01
  1.5738e-01  5.8935e-01  4.9632e-02 -3.8385e-01  3.6102e-01  5.2659e-01
 -3.3079e-01  1.7952e-01  7.3340e-01  1.5916e-01  2.4986e-01 -3.3156e-01
  6.5236e-01 -2.5637e-01 -1.1771e-01 -6.3841e-01 -6.6084e-01  3.4459e-01
 -1.0026e+00 -1.2312e+00 -1.5060e-02  9.0944e-01 -4.2485e-01 -1.2576e-01
  1.3721e-01  4.8581e-01  5.3536e-01  8.8636e-01 -6.1764e-01 -2.4840e-01
  6.4038e-01 -6.5932e-01 -3.2020e-01  9.9993e-01]"
clipping,"[-0.34836   -0.59868   -0.38931   -0.43869   -0.10984    0.39301
 -0.74089    0.29641    0.27205    0.14322    0.67699    0.49684
  0.03311   -0.27784    0.79979    0.19191    0.24214   -0.53223
  0.87021   -0.46795   -0.36017    0.54129   -0.48538    0.55209
  1.2871     0.26879    0.1807     0.43466   -0.51224   -0.072882
  0.214      0.088352   0.0039735 -0.38947   -0.1427     0.11211
 -0.96107   -0.62259   -0.2873    -0.20536   -0.15716    0.29222
 -0.24718   -0.16983   -0.90614   -0.155      0.59166   -0.47533
  0.15665    0.59202    0.34229    0.61611   -0.55238    0.5284
 -0.36878    0.095688  -0.26885    0.42377    0.9861    -0.022135
  0.45062    0.2597     0.081884   0.085209  -0.31402   -0.032055
  0.32085   -0.41998    0.079988  -0.14602   -0.80502    0.33462
  0.85105   -0.60532   -0.021854   0.19146   -0.089256   0.20208
 -0.45808   -0.13067   -0.54036   -0.02966   -0.37267   -0.59317
  0.13939   -0.82148    0.49403    0.10543   -0.18024   -0.35298
 -0.2005    -0.053147   0.030088  -0.080546  -0.3419    -0.72027
  0.51558   -0.35186    0.046931   0.33012  ]"
ncc,"[ 0.12981   -0.24812    0.10454   -0.74769   -0.17059   -0.22056
  0.043409   0.79928    0.16867    0.21324    0.12614   -0.079153
  0.60238   -0.15471    0.064523  -0.53165    0.42677    0.10539
  0.18716    0.54717   -0.83833   -0.69217    0.18858   -0.10928
 -0.155     -0.51613    0.14953    0.36574   -0.88042    0.24303
 -0.41523    0.85805    0.35339   -0.24314   -0.66447   -0.30504
 -0.028377   0.44184   -0.24482    0.0074641 -0.13956    0.10292
 -0.20614   -0.54922    0.1016    -0.081287  -0.78793    0.41223
 -0.41853   -0.24393    0.30945   -0.48972    0.54399   -0.0071582
 -0.41978    1.1391     1.0483     0.22962    0.71585    0.45216
 -0.48769   -0.54311    0.40652    0.9094     0.32146    0.36446
 -0.49553    0.36704    0.27334    0.29487    0.93388   -0.56246
  0.10613   -0.47722   -0.7811    -0.45374   -0.22724   -0.0090507
  0.04887   -0.50776   -0.27874   -1.394      0.48784    0.77426
 -0.0034628 -0.20513    0.56636   -0.06245    0.7981     0.18685
  0.44397   -0.37236   -1.3412     0.559      0.094501  -0.40617
 -0.34459   -0.29605    0.18397    0.080497 ]"
sprinkling,"[-5.0686e-01  6.0095e-01 -1.2175e-01  2.3268e-01  1.3626e-01  1.1353e+00
 -2.3272e-01  4.3100e-01 -3.0890e-01 -9.0160e-02 -9.8167e-02 -1.0718e-01
 -2.9791e-02  3.4464e-01  5.6445e-01 -6.5962e-01 -4.7975e-01 -5.2423e-01
  2.9560e-01  2.0948e-01 -8.2081e-01  3.3595e-01 -3.6326e-01 -2.0701e-01
  1.2272e-01  2.2063e-01 -1.0270e-02  5.5173e-01 -2.4993e-01 -1.7789e-01
  1.6300e-01 -3.9806e-01 -4.0001e-01 -6.0547e-02 -5.2893e-01 -7.3957e-02
 -5.3960e-01  1.2474e-01  9.4173e-04  1.1820e-01  8.4174e-02 -5.6882e-01
 -2.3236e-01 -2.8389e-01  2.7036e-02 -9.3130e-02 -1.2759e-01  9.5793e-02
  2.2100e-01 -1.4699e-01 -2.2808e-01  2.1859e-01 -2.2415e-01  5.7129e-01
 -7.9395e-01  1.0342e-01  3.1127e-01  4.0757e-01  3.1214e-02 -4.2579e-01
  2.3211e-01  1.6803e-01  3.7002e-01  1.9802e-01  1.8651e-01 -6.2369e-01
  3.8454e-01 -3.7076e-01  3.6784e-01 -9.0873e-01 -3.4294e-01  5.0196e-03
  1.2719e-01  5.7396e-01 -4.9561e-02  5.2497e-01  2.2361e-01 -5.8832e-01
  5.5172e-01  1.6072e-01  5.2991e-01 -3.7496e-01 -3.6911e-02  5.0720e-01
 -3.9389e-02  4.8378e-03 -1.0658e-01  3.7449e-01  3.9307e-01 -1.5181e-01
 -1.7324e-01 -3.3036e-01 -1.0120e+00 -1.6195e-01 -1.2950e-01 -9.0462e-01
  2.5057e-02  2.8503e-01 -9.4675e-02  1.1914e+00]"
unknowingly,"[ 0.72655    0.11817   -0.22064    0.019101   0.16688    0.699
 -0.12557    0.33184    1.2486    -0.7105     0.16255    0.55477
  0.58907    0.21413    0.5425    -0.041304   0.52806    0.33013
 -0.16572   -0.31363   -0.0082986 -0.26872    0.26553    0.21114
 -0.31663   -0.072661  -0.79419    0.031555  -0.08583   -0.069341
  0.2201     1.0784    -0.36988   -0.1887     0.15181   -0.38315
 -0.26602   -0.3565    -0.47944    0.45959   -0.41966    0.61148
  0.10919   -0.29175    0.16649    0.53658    0.012938  -0.1791
  0.31872   -0.30887   -0.17758    0.3837     0.26503    0.31696
 -0.46673    0.35311    0.032688   0.15201   -0.59097    0.072178
  0.24262    0.59379    0.42689    0.11611   -0.28953   -0.066864
  0.56363   -0.45568    0.08821   -0.39196   -0.33862   -0.54667
  0.035543   0.037719  -0.45433    0.18646   -0.061731  -0.4133
 -0.17692    0.23335   -0.26035    0.34171   -0.98625   -0.23602
 -0.78665   -0.6927     0.53126    0.15417   -0.80367   -0.33947
 -0.72778   -0.58099    0.50982   -0.74598    0.40529   -0.06017
  0.041179  -0.21841   -0.085732  -0.19936  ]"
jive,"[ 5.5207e-01 -4.0338e-01  7.9189e-01  1.8786e-02 -6.8770e-01  4.0113e-01
  5.8114e-01 -4.4798e-01  4.0944e-01  2.4827e-01  7.1769e-01  3.0352e-02
  1.0027e+00  8.8447e-01  6.2710e-02  2.9155e-01  5.7770e-01  1.8316e-01
  3.0897e-01 -6.6943e-01 -8.7047e-02 -1.9585e-01  4.1411e-01  3.1364e-01
 -8.8869e-02  1.1885e+00  3.3580e-01  1.9369e-01  2.8069e-01 -3.2817e-01
 -9.1826e-03 -3.4062e-01  7.6511e-02  6.2162e-01 -1.7291e-01  2.7226e-01
 -5.4421e-01 -2.4908e-01  9.1427e-01 -9.1984e-01  4.2069e-01  7.8461e-01
 -8.0241e-01 -2.2637e-01 -1.2412e+00 -2.8227e-01 -3.3136e-01 -3.8024e-01
  3.1965e-01 -4.0734e-01 -5.5646e-01  3.0866e-01 -6.6565e-01 -1.6545e-01
  6.2190e-02 -4.6319e-01  2.2732e-01  4.5625e-01 -5.0680e-01  4.9592e-01
  9.2430e-01 -7.4120e-02 -8.8669e-01 -3.0254e-01 -4.8460e-01  5.5322e-02
  4.6846e-01  4.8997e-01  2.8723e-01 -1.4026e-01 -7.8096e-01  1.5998e-01
 -1.0062e+00  2.2850e-04  1.4405e-01  4.3050e-02  1.0850e-02 -4.4677e-02
 -6.5304e-01 -1.4398e+00  6.3055e-02 -6.9178e-01  6.2602e-01  5.7391e-01
  1.0778e-01  7.1354e-01  4.9311e-01 -4.3588e-01 -2.5771e-01  5.9798e-01
  1.2051e-01  5.5906e-02 -1.2499e+00 -5.1077e-01  4.0580e-01 -5.6755e-01
 -1.2650e+00  5.3731e-01  3.9676e-01  2.3423e-01]"
snared,"[-0.059934  -0.2344     0.18385   -0.47404    0.23801    0.033694
  0.12237    0.1051    -0.21651   -0.19701    0.32701    0.88345
  0.053981   0.09441    0.44334    0.2573    -0.023025  -0.030794
  0.11236    0.19617    0.69463   -0.0015643  0.49869   -0.080847
  0.42983   -0.045131  -0.1025     0.42994   -0.63955   -0.39307
  0.29299   -0.069634  -0.13108    0.11234    0.14194   -0.27649
 -0.85638    0.22953   -0.80408    0.78012   -0.32186    0.25296
  0.61879   -0.4246     0.2407     0.2621     0.25051   -0.10471
  0.61973    0.43459   -0.59221    0.26817   -0.35734    0.2179
 -0.21722   -0.17641   -0.55954    0.075631  -0.1747     0.1897
 -0.23229    0.10201    0.36617    0.60312   -0.31515   -0.36575
  0.45671    0.23104    0.21115    0.072792  -0.21851   -0.021884
  0.092392   0.42924   -0.60088   -0.20826   -0.8832    -0.094492
 -0.14871   -0.15966    0.22179    0.30843   -0.14876   -0.19846
 -0.038927  -0.44698    0.80081    0.48414   -0.66188   -0.12975
  0.0041934  0.10267   -0.16027   -0.78975    0.3589    -0.054118
  0.06905    0.37482   -0.61928    0.27642  ]"
félix,"[ 5.7028e-01 -6.2204e-01 -1.3923e+00 -4.1463e-02  6.8457e-01 -1.5545e-02
  1.7199e-01  4.4928e-02 -8.6090e-02  3.9855e-01  9.1121e-02  2.7147e-01
 -3.5745e-01 -8.6316e-01  5.3090e-01 -3.3059e-01  1.2419e-01 -1.8726e-02
  2.0579e-02  2.5827e-01 -8.7156e-01 -3.6881e-01  1.0558e+00  3.6249e-04
  1.6055e-01  5.0902e-02  1.3666e-01 -6.5598e-01  1.2731e+00 -5.5344e-01
 -8.6174e-02  1.8052e-02  1.1158e+00  2.5861e-01 -2.4680e-01  4.3961e-01
 -3.3092e-01  4.4949e-01  2.9579e-02 -5.4424e-01  3.1526e-01  6.9984e-01
  9.4190e-02 -8.4042e-01  2.0362e-01  2.8486e-01  1.5966e-02 -6.1096e-01
 -4.9899e-01  1.3348e+00 -4.8716e-01  5.1626e-01 -5.1067e-01  4.5999e-01
 -5.5364e-01 -1.9660e-02 -1.2301e-01  7.8340e-01 -1.0610e+00  3.8903e-02
 -3.2091e-02  2.5394e-01  4.1243e-01 -3.7144e-01 -5.5251e-01 -2.4719e-01
 -8.8878e-01 -3.3230e-01  6.8617e-01  8.3641e-02 -5.2834e-01  1.4303e-01
 -7.4175e-01 -4.5402e-01 -7.6482e-02  2.7922e-01 -6.7360e-01  8.5496e-02
 -2.0032e-03  2.0145e-01 -9.4519e-02 -7.2183e-01 -8.0086e-01 -7.2402e-03
  9.1203e-02 -3.0700e-01 -2.2279e-01 -4.1073e-01  2.4860e-01 -7.6424e-01
 -6.4229e-01  3.7520e-01 -8.2518e-01 -8.2186e-02  1.5915e-02  1.5304e-01
 -9.1395e-01 -9.6781e-01 -5.5524e-01 -5.6518e-01]"
22.95,"[-0.19014    0.28417    0.48164    0.18328   -0.24096    0.93607
  0.37379   -0.10981    0.35577   -0.34762    0.7839     0.33605
 -0.42978   -0.13594    0.14571   -0.11147   -0.82147   -0.89351
  0.50754    0.47942   -0.053586  -0.15937   -0.15072   -0.025973
  1.4264     0.5423     0.27493   -0.055246  -0.50986   -0.27229
 -0.88605    0.11568   -0.16198   -0.47833   -0.5971     0.017789
 -0.11375    0.68935    0.80979    0.074698   0.2589     0.43658
 -0.17274   -0.30175   -1.6238    -1.4709    -0.5944    -0.30376
 -0.49019    0.0035832  1.0171     0.10299    0.057171  -0.17823
 -0.47605   -0.0042281  0.54348   -0.21875    0.27714    0.092458
 -0.54997   -0.1433     0.2485     0.47628    0.050364  -1.0783
 -0.035719   0.61821    1.0193     0.66457    0.23358    0.54545
  0.1577    -0.21152   -0.78039   -0.91674   -0.047953   1.4346
 -0.70334    0.37502   -0.4051     0.75641    1.2365    -0.056603
  0.66037    0.9644     1.0127     0.14714   -0.37106    1.1868
  0.50276    0.56293    0.15243   -0.85166   -1.0689     0.014601
 -0.7979    -0.79065   -0.48666   -0.02024  ]"
hindrance,"[-0.010006  -0.13678   -0.22694    0.022821  -0.040455   0.066815
 -0.33425   -0.80997    1.2711     0.11621   -0.37036    0.31091
 -0.24407   -0.42193    0.1058    -0.34726    0.023566   0.21715
  0.1324     0.20608   -0.21009    0.40133   -0.44572   -0.21675
  0.32408    0.24299   -0.42299   -0.28337    0.43674   -0.48858
 -0.6072    -0.83146    0.35141   -0.26442   -0.050725   0.0066152
  0.011901   0.074712  -0.66577    0.050761  -0.50886    0.93843
  0.47241    0.061625  -0.017143   0.038584   0.7873     0.23019
 -0.47027   -0.45964   -0.20411   -0.067942   0.039382   0.1525
  0.17605    0.39723    0.032193  -0.48943    0.061703  -0.54877
 -0.73471   -0.33233   -0.66837    0.74777    0.12056   -0.040623
  0.10219   -0.34925    0.7046    -0.24088   -0.2996    -0.76618
  0.39956   -0.3223     0.6422    -0.23427   -0.011724  -0.24818
  0.020796   0.14592   -0.14926    0.0025358 -0.16594    0.26772
 -0.61545    0.68281    0.22839    0.62283   -0.27567   -0.72314
 -0.43269    0.40919   -0.28245   -0.45527    0.56302    0.058626
  0.5846    -0.2981     0.47743    0.41368  ]"
longs,"[ 0.065063  0.45252   0.33085   0.41914  -0.029989  0.17488  -0.21401
  0.1941    0.20358  -0.3502    0.29961   0.5237   -0.10881  -0.17115
  0.27299   0.56441   0.45329   0.48826   0.18212   0.27239   0.30309
 -0.28024  -0.13383   0.24699   0.016227  0.80918  -0.3145   -1.5093
  0.23683  -0.35128   0.075932  0.21325  -0.013593  0.069936  0.16879
  0.59516  -0.10053   0.32846   0.50189  -0.25105  -0.078774  0.80968
  0.52713  -1.3027   -0.16781   0.87474   0.32502  -0.10874   0.22025
  0.4827   -0.45132  -0.59964   0.62381  -0.16858   0.85316  -0.088774
 -0.084838 -0.43339  -0.66317  -0.36966  -0.15522  -0.19472   0.049897
 -0.35448  -1.026    -0.23242  -0.058091 -0.66829  -0.17013  -0.31495
  0.17588  -0.27302  -0.92746   0.12143  -0.45225  -0.28696   0.31261
 -0.85019  -0.42227  -0.79244   0.18899  -0.32286  -0.13942   0.26663
 -0.54086   0.027204  0.4063    0.25973  -0.31653   0.78314  -0.56821
  0.40619   0.16201  -0.3752   -0.63717  -0.019419  0.36495   0.17416
  0.19151   0.95347 ]"
troupes,"[ 0.62455    0.42526   -0.24993    0.36873    0.26755    0.35431
 -0.23563    0.66823   -0.034248   0.011522  -0.4233    -0.69926
  0.86126   -0.37056   -0.71027    0.30868    0.33786    0.40745
  0.49391    0.56312    0.36659    0.023444   0.32232   -0.55626
 -0.067705  -0.6247     0.058494   0.63735    0.80526   -0.42709
 -1.0532    -0.82601   -0.2541    -0.17971    0.23531    0.36121
  0.28553   -0.47687   -0.98006   -0.70011    0.059372   0.30818
 -1.5371     0.69808    0.78506   -0.47084   -0.81603   -0.19123
  0.089663   0.18999   -1.2066     0.063748  -0.65993   -0.15184
  0.078931   0.0023814 -0.036723  -0.36044   -0.24097    0.76639
  0.089693   1.0419     0.24738    0.97521   -0.82711    0.6368
 -0.011893  -0.30339    0.58894    0.45893    0.094611  -0.51083
 -0.51047    0.10722   -0.081346  -0.48399   -0.11744   -0.19298
  0.14351   -0.5743     0.13251   -0.038825   0.48616    0.011632
 -1.1004     0.21431   -0.47788   -0.13928    0.16736   -0.82752
 -0.26776   -0.79668   -0.099568  -0.22289   -0.50098    0.26365
 -1.0501    -0.85186    0.0019068  0.08869  ]"
irfan,"[-8.4826e-01 -1.6441e-02 -8.1115e-04 -3.8736e-01  4.1667e-02 -1.2468e-01
 -5.1950e-01  9.3343e-03 -5.2746e-01  4.3747e-01  9.7840e-02  6.5125e-02
  3.8478e-01 -2.3086e-01  6.5084e-01 -6.0796e-02 -2.8616e-01  6.4469e-01
 -9.7191e-03  7.6521e-03  1.4094e-01 -6.7400e-01  6.9521e-01  2.3635e-01
 -3.4326e-01  1.1473e+00  1.1772e-01  7.2338e-01 -7.1047e-01 -3.6594e-01
 -3.7103e-01 -4.0911e-01 -5.5384e-01 -3.7608e-01 -6.9153e-01 -2.8651e-01
  2.1692e-01  8.1229e-01  1.4131e-01  5.2753e-01  8.3115e-02  5.5657e-01
  1.4763e+00 -1.8653e-01 -1.5186e-01 -1.1913e+00  1.3467e-01  5.3276e-01
 -3.5951e-01  5.6701e-01 -4.5531e-01  4.5464e-01 -1.1596e-01  8.8268e-02
 -1.3170e-01  5.5140e-01 -1.4627e+00  5.7511e-01 -4.9622e-02  1.0911e+00
  6.8027e-01 -3.3721e-02  4.1874e-01  1.0326e+00 -6.2298e-02  9.6195e-02
  4.5257e-01  1.1732e+00 -9.1764e-01  2.5969e-01 -1.6660e-01 -4.0351e-01
  8.3943e-01 -5.9114e-01 -2.1772e-01  2.7814e-01 -1.2023e+00  6.4339e-01
  2.1953e-01 -1.2283e+00 -3.6719e-01 -2.8668e-01 -1.9176e-01 -8.1458e-01
  4.9592e-02  4.0859e-01 -9.6897e-01 -7.2730e-01 -8.7181e-01 -9.0788e-03
  3.9128e-01  7.8906e-01  4.1027e-01 -7.5723e-01 -3.5746e-02  2.3791e-01
  8.3571e-01  2.4452e-02 -3.2347e-01 -6.5653e-01]"
wavy,"[-0.048025 -0.37841  -0.31213  -0.48364   0.7153    0.36339  -0.35842
  0.85683  -0.56818   0.31324  -0.50186   0.32463   1.2545    1.1627
  0.64387   0.58022  -0.29876  -0.3076    0.54347  -0.37933   0.20347
  0.46098  -0.5462   -0.38286   1.1241    0.6923   -0.015098 -0.79825
  0.030422 -0.31686   1.0071   -0.099282  0.21168  -1.063    -0.29709
  0.20036   0.3723   -0.42138   0.93114  -0.16866   1.0124   -0.87178
 -0.23338   0.48934   0.015511  0.40651   0.59144  -0.098854 -0.050774
  0.080172  0.62794  -0.15181   0.13614   1.2244   -0.33672  -0.042006
  0.95894   0.58596   0.11694  -0.19708  -0.071309 -0.54205  -0.42259
  0.13694   0.35017  -0.60299   0.92502  -0.26818   0.019607  0.71504
  0.10928   0.18235   0.26133  -0.38198   0.34082  -0.77983   0.74002
 -0.23477   0.99114  -0.057981 -0.66172   0.55315  -0.012762  0.032521
 -0.21455  -0.75987  -0.108     0.44449   1.062     0.60901  -0.49195
  0.075751 -1.1888   -0.72484   0.30432  -0.72456  -1.1819   -0.34123
 -0.45474  -0.027457]"
stand-alone,"[-0.33561    0.0033159 -0.624      0.12105    0.47756    0.58316
  0.56979   -0.2394     0.7429     0.38567    0.38641   -0.16266
 -0.029584   0.096443   0.0091347  0.41753    0.31858    1.1433
  0.41295    0.12982    0.20109   -0.23705   -0.22808    0.24757
  0.21131   -0.66733    0.74688    0.17816   -0.96238    1.1077
 -0.36208    0.27236   -0.74724   -0.58654    0.36124    0.7824
 -0.48601   -0.44684    0.13994   -0.51089    0.74344    0.77543
 -0.0043838  0.56052    0.56345    0.33913    0.52043   -0.27041
 -0.093449   0.23365   -0.31655    0.23604    0.61352   -0.35668
  0.26315   -0.53596    0.81974   -0.001587   0.27793    0.14934
 -0.43976    0.22271    0.13425    0.38975    0.84041   -0.34138
 -0.068852  -0.062789   0.098261  -0.22336   -0.14338    0.30784
  0.4369     0.23523   -0.23501    0.37472    0.016648   0.010005
  0.03854   -0.29804   -0.50911    0.055057  -0.11017    0.63897
 -0.74343    0.24081    0.73237   -0.11107    0.48644    0.057652
 -0.19695    0.72277   -0.14793   -0.49174    0.48073   -0.16902
  0.22231    0.20252    0.79544   -0.081039 ]"
'cause,"[ 0.45504    0.61742    0.83197   -0.4383    -0.79185    0.40274
 -0.20232   -0.0080574  0.77564   -0.19381    0.63171    0.89202
  0.17292    0.04575   -0.17997   -0.050526  -0.72607   -0.046481
 -0.1064     0.43627    0.18646    0.49517   -0.20809   -0.31207
 -0.086658   0.99229    0.090647  -0.41359    0.34341   -0.79479
 -0.25612    0.48342    1.0724     0.2436    -0.20415    0.28727
 -0.02498    0.20964    0.82169   -0.96291    0.5116     0.38253
 -0.11663   -0.71062   -0.84417    0.18215    0.28026   -0.16356
  0.11222   -0.59753   -0.36714    0.21738   -0.49463   -0.10319
 -0.57004   -0.03608    0.59945    0.44174   -0.18764   -0.024934
 -0.15395    0.54122   -0.67739   -0.22037    0.62843    0.5433
  0.64195   -0.025155  -0.15254   -0.070944   0.23312   -0.34881
  0.32673   -0.26569   -0.096878   0.051896   0.11722   -0.43884
  0.17688   -0.36794    0.017332  -0.84464   -0.47962    0.22903
 -0.42143    0.34455   -0.17986   -0.59524   -1.1298     0.40275
  0.017809  -0.095695   0.1446     0.22662    0.07403   -0.34438
  0.056165   0.20038   -0.62309    0.73864  ]"
incurring,"[-5.3261e-01 -1.4138e-02  3.0162e-01 -2.3804e-01  1.8399e-02  2.4796e-01
 -1.4043e+00  3.1033e-01  3.4008e-01  1.7892e-02  3.0271e-02  3.5859e-01
 -3.9708e-01 -2.0508e-01  3.0186e-01 -1.1403e+00 -8.3492e-01  3.6209e-01
  4.8721e-01  3.7098e-01 -2.0973e-01  2.7029e-01 -5.3348e-01  4.0650e-01
  3.0126e-01  5.1115e-01 -6.1929e-01  3.7176e-01 -8.4560e-03 -5.2503e-01
 -7.0410e-02 -5.2520e-01 -5.7452e-01 -6.1014e-01 -8.1621e-02 -4.8374e-01
  6.7744e-02 -3.1471e-01 -7.7065e-01  3.2911e-01  4.6369e-01  5.8692e-01
  3.6499e-01 -3.0373e-01  4.9388e-01  3.3506e-02  1.0444e+00  1.9364e-01
 -6.0522e-01 -3.7773e-01  1.0153e-03 -2.6983e-01  1.6060e-02  1.3830e-01
 -1.4902e-01  1.9888e-01  7.2546e-01 -7.0049e-01  4.1163e-02 -6.0579e-02
  1.7501e-01  1.8194e-02 -3.9252e-01  7.0729e-01 -6.0760e-01 -5.4646e-01
  5.7783e-02 -3.6158e-01  4.5290e-01 -2.2971e-02 -7.7477e-01  5.5828e-02
 -1.7470e-02 -1.3578e-01 -3.3184e-01  2.9203e-01 -2.6413e-01 -3.1444e-01
 -8.5852e-01  7.9007e-01  6.7324e-01 -4.3563e-01 -1.0817e-01  5.0663e-01
 -4.8207e-01 -3.3995e-01 -6.2075e-02 -2.3942e-01  9.0875e-02 -1.3163e-01
 -7.0196e-01  2.4457e-01  2.8074e-01 -2.9849e-01  4.9804e-02 -3.2814e-01
  1.0892e+00  2.3171e-01  5.5187e-01 -3.8443e-01]"
tagging,"[-0.14498   -0.14456    0.0026303 -1.0851     0.20974   -0.085242
 -0.3273    -0.10805    0.43499    0.52928    0.22931   -0.15258
 -0.2306    -0.49681    0.75755    0.3124     0.59768   -0.11047
  0.59247   -0.0052788 -0.50595   -0.24481    0.16452   -0.28039
  0.60334    0.017959   0.11401   -0.039505  -0.13805    0.20902
 -0.7771    -0.039713  -0.18085    0.57883    0.21464   -0.53577
 -0.30752   -1.058      0.35856    0.042187  -0.12478   -0.11858
  0.41973    0.2909    -0.45621   -0.36514   -0.0081137  0.16926
 -0.13322    0.076473  -0.1358     0.76693   -0.11561    0.68446
 -0.50749    0.33464    0.40216   -0.093806  -0.077045   0.75053
 -0.026382   0.51144    0.68942    0.26015    0.157      0.61486
  0.16374    0.028325   0.40112   -0.045213  -0.8627    -0.328
  0.34389    0.097187  -0.89087    0.32254   -0.19514   -0.10871
  0.22531   -0.32753    0.22779   -0.064889  -0.47571   -0.014978
 -0.51503    0.49676    0.99192   -0.054259  -0.70898    0.075188
 -0.37698   -0.011111   0.41779   -0.34139    0.53428   -0.58772
  0.094918  -0.058714   0.13186    0.16018  ]"
11-3,"[ 0.76711   -0.12319    1.0634    -0.60469    0.091704   0.83309
  0.25363    0.34305   -0.23032   -0.60155    0.079412   0.082709
 -0.15197    0.16542    0.5438    -0.053025   0.052163   0.16216
 -0.19242    0.22914   -0.0047138  0.053395   0.88831    1.2119
  0.45606   -0.1232     0.0092908  0.77732   -0.83986   -0.41428
 -1.0811     0.032744   0.31797    0.38425   -0.85989   -1.0144
 -0.6037     0.73375    0.28251    0.19358    1.0226     0.031355
 -0.79747   -0.47959    0.46512   -1.2012     1.1833     0.18967
  0.20664   -0.98425   -0.37011   -0.47491    0.83365   -0.092451
  0.084916  -0.068709   0.60938    0.37363   -0.70543    0.10868
 -1.7414    -0.97727    0.75846    0.43336   -0.56591   -0.20668
 -0.65293    0.26684   -0.36275    0.34875    0.05235    0.1945
 -0.48782   -0.72867   -0.020167  -0.062008  -1.8836    -0.51299
  0.3666    -0.82916    0.35949    0.34781   -0.29049    0.82043
  0.2967     0.053186   0.25357    1.242     -0.015559   0.7821
  0.11731   -0.15725    0.34375   -0.64936    0.055409  -0.26691
 -0.66397   -0.31241   -0.2248    -0.34603  ]"
formula_14,"[-0.39065   0.47523   0.46269   1.191     0.061419  0.5517   -0.66962
  0.67675  -0.52632   0.31312  -0.1042   -0.49904   0.42965   0.48287
 -0.17759   0.063793 -1.1072    1.0169    0.17594  -0.64339  -0.10575
 -0.99764  -0.15369  -0.025626  0.38126   0.27336   0.85888  -0.21487
 -0.1647   -0.87397  -0.30316   0.62609  -0.2069    0.68498   0.25456
 -0.28506   0.31927   0.15534  -0.061371 -1.2395    0.38536  -0.33208
  0.086979  0.037551 -0.40462  -0.035562  0.39779   0.75511  -0.63547
  0.77729   1.2041   -0.36022   0.64905   0.59439   0.21691   0.016476
 -0.60621  -0.20072  -0.21978   0.54418  -0.3406   -0.79757  -0.065551
  0.54728   1.5352    0.69453   0.82713   0.45628   0.91817   0.39743
 -1.1303   -0.044746  0.31989  -0.033463  0.88409  -0.080758  0.13518
 -0.71293  -0.30993  -0.52037  -0.31508  -0.70999  -1.7566   -0.42118
  0.33364   0.7345    0.29327  -0.2481    0.25905  -0.69642  -1.2003
  0.75304  -0.20457  -0.37846  -0.084013 -0.66077   0.73683   0.43838
 -0.67789   0.36995 ]"
seaports,"[-0.071968 -0.16672   0.28877  -0.14639   0.28464  -0.71907  -0.92971
 -0.096781  0.78037   0.43228  -0.17423  -0.22107  -0.071805  0.64429
 -0.53491  -0.71377   0.84092   0.26532  -0.59415   0.018747  0.25142
  0.66584   0.30707  -0.78425   0.51679  -0.29779   0.54503   0.050918
  0.24991  -0.65247   0.034197 -0.88427   0.51098   0.2841    0.13358
  0.53843   0.17429  -0.19113  -0.42085   0.36002   0.43194  -0.58181
  0.075645  0.72939   0.15042   1.354     0.42745   0.16388  -0.28109
  0.57131  -0.017165  0.32088   0.16595   0.45746  -0.010432  0.70085
  0.018388  0.1994    0.46771   0.19121  -0.9514   -0.10878   0.4875
  0.016218 -0.43432   0.33892  -0.19068  -0.27432   0.923    -0.1955
 -0.40735  -0.85896   0.46369  -0.19114   0.31433  -0.24146  -0.053871
  0.42962  -0.31854   0.25612   0.87808  -0.57689  -0.28988   1.3792
 -0.10556   0.30472   1.0254    0.32736  -0.24349   0.017929 -0.35732
  0.95987  -0.49198  -0.27788  -0.98739   1.1696    0.42443  -0.20919
  0.1066    0.40284 ]"
omissions,"[ 0.44794   0.03605   1.1636   -0.48099   0.083331  0.1529    0.18189
 -0.083519 -0.033403  0.39608   0.53147  -0.11426  -0.14398   0.85507
  0.20446   1.101     0.14231   0.3274   -0.19317   0.33376  -0.35667
 -0.42664  -0.47606   0.51402  -0.33907  -0.49689   0.5954    0.50215
 -0.023635 -0.5834    0.75848  -0.8915    0.3506   -0.65585  -0.77036
  0.14261   0.50902  -0.59546  -0.41281   0.14868  -0.23494   0.83831
  0.21192   0.79892  -0.34133  -0.80608   0.57677  -0.11019  -1.0565
 -0.80306   0.61848   0.25262  -0.41737   0.010299 -0.072495  0.61038
  0.79167  -0.42084  -0.46993  -0.36255  -0.54566   0.50435  -0.13178
  0.64275   0.55571  -1.3678    0.67511  -0.15729  -0.15814  -0.98454
 -0.66996   0.43516   0.30852  -0.91172   0.59046  -0.18452   0.75221
  0.76082  -0.05924   0.65732   0.49202   0.030973  0.53586   0.45713
 -1.0556   -0.9642    0.66521   0.19759  -0.46712  -0.022526 -1.3778
  0.10499  -0.57817  -0.17264  -0.21139   0.72366   0.058294 -0.80011
 -0.1479    0.48399 ]"
imelda,"[ 0.42009   0.14125   0.22705   0.73444  -0.081189  0.88377  -0.60766
  0.24086   0.21548  -0.98728   0.37676   1.1085   -0.45249   0.2153
 -0.4225    0.37314   0.56328   0.52507   0.30099   0.47285   0.27597
  0.27618   0.63026   1.3453   -0.3261    0.97781   0.087017 -0.83043
 -0.1035   -0.89317   0.63804   0.077415  0.6241    0.064617  0.48716
  0.41575  -0.23564   0.052204 -0.17871  -0.59108  -0.17106   0.73725
  0.93544  -0.21424  -0.18664   0.35379  -0.43621  -0.69852   0.88919
  0.72287  -0.25397   0.067784  0.87038  -0.16276   0.4082    0.67317
 -0.86052  -0.012627  0.024152 -0.48889  -0.79304  -0.098778 -0.22925
  0.56236  -0.50121  -0.21882   0.54862   0.13997   0.052461 -0.031123
  0.47175   0.43036  -0.66347   0.27729   0.2616    0.14041   0.12542
  0.81676  -0.088319 -0.53517   0.28115  -0.29325   0.79328  -0.31011
 -0.21809  -0.25993   0.56488   0.88721   0.20968  -1.0155    0.25482
 -0.59737   0.53916   1.0278    0.40526  -0.70718  -0.059592 -0.56767
 -0.13251  -0.32818 ]"
babu,"[-0.4713    -0.72801    0.088807  -0.2291     0.15917   -0.40507
 -0.60866   -0.34682   -0.36215    0.2409     0.2376     0.2994
 -0.3535     0.39732   -0.1073    -0.019457   0.37216    0.50146
 -0.045431   0.60986    0.089822  -0.636      0.40003    0.39351
 -0.19284    0.17261    0.38671   -0.14151    0.29194    0.41453
 -0.10778    0.76421    0.020451   0.5413    -0.15314    0.0054719
  0.35858    0.8382     0.91335    0.3878     0.27665    0.32069
  0.23046    0.38511    0.21077   -0.33522   -0.11277   -0.034459
 -0.54046    0.52915   -1.0686    -0.55233   -0.17852    0.41672
  0.11369   -0.02548   -0.96717    0.85769   -1.1587    -0.40926
  0.26986    0.61438   -0.2415     0.65511   -0.352      0.22838
  0.15725    0.24745    0.59542    0.2508     0.43809   -0.65493
  0.75046   -0.45177   -0.43907    0.33004   -0.76578   -0.43024
 -0.028824   0.43743   -0.68533   -0.71766   -0.27141   -0.85088
 -0.086146   0.71104   -0.87037   -0.3625    -1.0447    -0.48364
  0.45139    0.0074709 -0.22921    0.60631    0.12032   -0.62696
  0.52358   -0.31088   -0.34824   -0.32754  ]"
dui,"[ 0.44588   -1.5767    -0.54369   -0.76274    0.30134    1.3058
  0.86934   -0.0066013  0.57981    0.89071   -0.063845   0.86385
 -0.46407    0.44152   -0.41397    0.01295    0.13029   -0.16888
 -0.10321    0.37313    0.47824   -1.0531    -0.098093   1.3027
 -0.85652    0.48178   -0.11304   -0.46991   -0.0572    -0.61396
  0.0047262  0.037331  -0.1351     0.21989    0.23826   -0.45411
  0.76354    0.47354    0.87406    0.044646  -0.64859    0.31721
  1.2735    -0.56388   -0.46223   -0.21638    0.89872   -0.87231
 -0.27132    0.254      0.42678   -0.80704   -0.10743   -0.21137
  0.25055    0.55093    0.53665    0.9495     0.8564     0.10542
 -0.7599    -0.4736    -0.46409    0.27334   -0.68479    0.3243
  0.0020365 -0.74404    0.51382    0.8192    -0.094509  -0.056949
 -0.13323   -0.25664   -0.62184    0.45283   -0.6684    -0.80313
  0.052781  -0.4401    -0.17579   -0.44634    0.11206    0.30663
 -0.26114    0.49418   -0.26849   -0.046095  -0.24054   -0.27993
 -0.58582   -0.022941  -0.39666   -0.040044   1.0708    -0.092718
  0.0045594 -0.31411    1.6278    -0.36799  ]"
revocation,"[ 1.0382   -1.4276   -0.025268 -0.49256   0.18163   0.45511  -0.2137
  0.75157   0.092773  0.084658 -0.79222   0.89066  -0.35199  -0.49871
  0.13351   0.30836  -0.059106 -0.30656   0.68758   0.3451   -0.89714
 -0.66562   0.020596  0.24722   1.1834    0.14894   0.40396  -0.45055
  0.10132  -0.72772  -0.37887  -0.69889  -0.42268   0.15786  -0.39837
  0.66      0.19514  -0.20343  -0.02662  -0.52575  -0.17599   0.12607
  1.1679   -0.88027  -0.16983  -0.4574    0.54536  -0.29676   0.15283
 -0.74997   0.51714   0.26542  -0.51854   0.059705 -0.12867   0.79969
  0.90776  -0.57237   0.58066   0.24947   0.040337 -0.43275   0.19906
  0.072757  0.2653   -0.19113  -0.32225   0.19772  -0.18952  -0.44981
 -0.56014   0.093552  0.253    -0.11153  -0.24497   0.13802   0.15343
 -0.028049 -0.81303  -0.65011   0.014303 -1.0701   -0.24714   0.52022
 -0.37794   0.74857   0.60557  -0.024178  0.511    -0.27352  -0.38975
 -0.27974  -0.22898   0.30404   0.3075   -0.065888  0.36628   0.33004
  0.31971  -0.55957 ]"
idealized,"[ 0.16465    0.45396    0.69543    0.87173   -0.17228    0.63356
 -0.24113   -0.049652  -0.081647   0.5466    -0.54892   -0.19626
  0.078612  -0.4646     0.68222    0.56712    0.36034    0.39154
  0.53884    0.052816   0.35423   -0.38898    0.28691    0.4047
  0.3319    -0.59385   -0.17608   -0.17036   -0.44448   -0.25027
  0.6078     0.23798   -0.38515   -0.18842    0.36437    0.31252
 -0.056523   0.62832    0.070768  -0.20385    0.30025    0.12811
 -0.40756    0.44313   -0.23835    0.2442     0.83616    0.35766
 -0.13226    0.20393    0.0059274  0.089106   0.93046    0.23247
  0.0781    -0.24798    0.65402    0.16619   -0.61471   -0.46278
  0.6269     0.66424    0.011699  -0.24629    0.41384   -0.41847
  0.1594    -0.43652   -0.63856   -0.63913    0.31534    0.032324
  0.078835  -0.11182    0.13753   -0.064699   0.35851   -0.56474
 -0.19415   -0.95076   -0.54779    0.89848    0.012454   0.62411
 -0.20866    0.52001   -0.25043    0.037126  -0.18958   -0.84495
  0.23258    0.060771   0.23966   -0.18603   -0.014845  -0.97202
 -0.84749   -0.40092   -0.28293   -0.027054 ]"
demolitions,"[-0.10931  -0.10496  -0.87184  -0.5884   -0.87114   0.0633    0.012761
  0.6846    0.34016   0.74137  -0.24642  -0.24917  -0.09263   0.16259
 -0.59741   0.7481   -0.71471   0.40259  -0.51513   0.10531   0.78422
 -0.062448  0.31945  -0.074449  0.41381  -0.47926  -0.21743   0.30741
 -1.3067   -0.48313  -0.3665   -0.89313  -0.37645   0.97248  -0.88482
 -0.25199  -0.14295  -0.68826  -0.15866   0.072602 -0.51562   0.32219
 -0.20084   0.16968   0.44284  -0.87699   0.58058   0.48682  -0.27779
 -0.23113   0.19837  -0.23554  -0.18221   0.51477  -0.23162   0.53541
 -0.089836 -0.74273  -0.40888  -0.048276 -0.23966  -0.28394   1.1453
  0.086896  1.3211    0.3582    0.36208   0.39552  -0.36126  -0.67242
 -0.31489  -0.95633   0.088345 -0.17166   0.15392  -0.047567 -0.47331
  1.2214   -0.5459   -0.094719  0.65209  -0.086655  0.4518    0.33399
 -0.12144   0.34027   0.54664  -0.45367  -0.015952 -0.1952    0.13171
 -0.11439   0.59905   0.034427  0.35831  -0.36757   0.45604   0.89465
  0.44221   0.26995 ]"
ccc,"[ 0.1982     0.72716    0.01825   -0.22034   -1.2704    -0.20361
  0.56787    0.45024   -0.47939    0.42736    0.83007   -0.78257
  0.020916   0.066871   0.56486   -0.065143   1.0633    -0.23653
  0.53112    0.17      -0.46108    0.051475   0.27871    0.16028
 -0.77518   -0.6496    -0.67611    0.41407   -0.62481    0.15667
  0.40056    0.13757   -0.61022    0.75216   -0.20888    0.094533
 -0.14017   -0.021514  -0.054633   0.2245     0.073844   0.78974
 -0.31288    0.21376    1.0458    -0.57005    0.14       0.33038
 -0.081002  -0.40717   -0.58602   -0.085344   0.36604    0.18038
 -0.16759    0.29829    0.42666   -0.25413    0.16301    0.27617
 -0.28424   -0.20317   -0.13749    0.71777    0.46397    0.22445
 -0.12777    0.58585    0.96113    0.23693    0.23877    0.16569
 -0.20414   -0.67403    0.32602   -0.49418    0.60074    0.60391
 -0.18949   -0.2169    -0.0934     0.088734   0.19811   -0.053812
  0.13896    0.79179   -0.89046   -0.3545     0.66897    0.81342
 -0.84755   -0.46523    0.23      -0.0060192  0.61335   -0.24282
  0.48262    0.33833   -0.17678    0.30733  ]"
kohlberg,"[ 1.3536    -0.16207   -0.97551   -0.13122   -0.23323   -0.22254
 -0.016279  -0.0043486 -0.64089   -0.63296    1.6033     0.463
 -0.67111    0.67527   -0.21852   -0.63476   -0.11911    0.017039
  0.83498    0.098802   0.1821    -0.78571    0.1352    -0.022764
 -0.34117    0.87702    0.31711    0.1968    -1.066     -0.82514
  0.20341    0.25906   -0.22784   -0.24432    0.28667    0.7036
  0.54479    0.80361   -0.10516   -0.087724   0.27379    0.20685
 -0.92987    0.0086846 -0.20873    0.3021    -0.11043    0.11898
 -0.46864   -0.037594  -0.57797    0.5498     0.34719   -0.473
  0.1645    -0.6688     0.033078  -1.3114    -0.39249   -0.016623
  0.14267   -0.47285    1.4576    -0.39612   -0.0098026 -0.62703
  0.042191   1.0424    -0.69359    0.081004  -0.7583     0.16071
 -1.5571    -0.28847   -1.2267    -0.56408   -0.14241   -1.2407
 -0.29867   -0.35996    0.11667    0.61568   -0.020761   0.57299
  1.0451     0.24522    0.33877   -0.0049028 -0.42682   -1.5766
 -0.11909   -1.2733    -1.1676    -0.44074   -0.32873    1.1184
 -0.084423  -1.1304     0.2861     0.6224   ]"
1:05,"[-0.94019    0.083506   1.0856     0.071761  -0.86807    0.70972
  0.081471  -0.34333   -0.20953   -0.3047     0.12867    0.31626
 -0.33967   -0.014192   0.67132   -1.1338     0.38434   -0.43466
 -0.10833   -0.32185   -0.39145   -0.15694   -1.3986     0.5723
  0.11217    0.61659   -0.070603   0.13185   -0.58931    0.03281
 -0.55666   -0.55474   -0.052531  -0.51978   -0.89825   -0.90966
  0.080676  -0.18671    0.17421    0.18107    1.692     -0.96532
 -0.61978    0.16996   -0.65743   -1.0952    -0.0032279  0.12855
  0.66615    0.095091  -0.36862    0.58509    0.33508   -0.043529
  0.087467   0.21561   -1.1517    -0.051579  -0.35085    0.56147
 -1.2604     0.20414   -0.11846   -0.17795    0.23583   -1.8119
 -1.0048    -0.63252   -0.87933    0.6156    -1.195     -0.11378
 -0.68079   -0.223      0.72503   -0.32116   -0.018839  -0.91826
 -0.053376  -0.19666   -0.98047   -0.047434  -0.099843  -0.028049
  1.0669     0.011511   0.48489    0.9226     0.078681  -0.34069
 -0.27476    0.25813    0.38795   -0.27992   -0.8016     0.13235
  0.83622    0.27227    0.5906     0.083166 ]"
1713,"[ 0.11084   -0.6898    -0.037787   0.50104   -0.45429    0.62237
  0.027157  -0.6562     0.51222   -0.65865    0.66602    0.042363
 -0.43567    0.35078    0.51173   -0.31761   -0.05501   -0.52155
 -0.060717  -0.6801     0.14879    0.039691   0.79281    0.18797
  0.55869   -0.15581   -0.25672   -0.74352    0.29001   -0.36032
 -0.88956   -0.38404    0.70475   -0.37049   -0.9457     0.34268
  0.13864   -0.64681   -0.40656   -0.76444    0.1127    -0.14513
  0.92557   -0.75753   -0.084745  -0.97128    0.82369   -0.59137
  0.27708    0.43052    0.21371    0.12135   -0.19313    0.078929
 -0.64964   -0.11629    0.12686   -1.3693    -0.77252    0.11942
  0.66544    0.076847  -0.80621    0.39403   -0.12556   -0.20922
 -1.0878     0.135      0.0073773 -0.63666    0.44785    0.15161
  0.4081     0.082441  -1.1941    -1.2625     0.21294   -0.11659
 -0.70653    0.10959    0.079573  -0.80001    0.69728    1.2455
  0.61418    0.12244    0.72094   -0.7737    -0.21607    0.24428
 -0.64972   -0.018729   0.093442   0.84124   -0.1229     0.443
 -0.72257    0.028568  -0.88911   -1.0511   ]"
embezzled,"[ 1.0828     0.62278   -0.36249    0.14479    0.5937     0.75532
  0.27067    0.82157    0.91941    0.46549    0.025039   1.3544
  0.29769    0.38815   -0.41198   -0.62245    0.42408    0.17015
  0.26672    0.37945    0.18657    0.48576   -0.34073   -0.29385
 -1.0691    -0.22504    0.22676    0.36458   -0.099028  -0.47393
  0.89303    0.7249    -0.49478   -0.25792   -1.0592     0.030904
 -0.019274   0.54984   -0.57994    0.68128   -0.12502   -0.55526
  0.39291    0.42183    0.043157  -0.024701  -0.16135   -0.1071
  0.48391   -0.39288   -0.66102    0.45877    1.0406    -0.1948
 -0.15634    0.57986   -0.14581   -0.20989   -0.11917    0.28535
  0.11621   -0.046647  -0.7597     0.88823   -0.82097   -0.84419
  0.34174   -0.0435     0.94157    0.58269   -0.13289   -0.12918
 -0.17987    0.72543    0.045914  -0.016417  -0.27569    0.31731
 -1.4241     0.65017    1.1245     0.52734   -0.42293   -0.67085
  0.12384    0.3804    -0.085811   0.91671   -0.14827   -0.80113
 -0.68477   -0.28653    0.15412   -0.61765    0.6334    -0.8706
  0.33693   -0.0097813 -0.3559    -0.36455  ]"
saic,"[ 0.88813   -0.43897    0.27386    0.15813    0.0033877 -1.3005
  0.094732   0.25977    0.52676   -0.49968    0.89531   -0.61617
  0.66134   -0.22374   -0.40747   -0.43318    0.3776     0.11993
  1.2596    -0.20668    0.67407   -0.15422   -0.97594    0.99052
  0.032034  -0.13379    0.31859    0.21244   -0.4404    -0.52697
 -0.41545    1.6792     0.011269   0.034945  -0.33832    0.54345
  0.91861    0.14982   -0.55697    0.59782    0.5915     0.083224
 -0.23539   -0.24155   -0.72564    0.39235   -0.36265    0.62038
 -0.59394   -0.10692   -0.14138   -0.1852    -0.30492   -0.058725
  0.16844    1.1387    -0.835      0.73178    0.35461   -0.17869
 -0.16635   -0.42446   -0.34473    0.93835   -0.24109    0.088116
  0.28463    0.73708    0.0020794  0.48753    0.57377    0.16948
 -0.091204  -0.65199   -0.75554    0.58624    0.30578   -0.27836
 -1.1888    -0.29157   -0.14724    0.17213   -0.083302   1.0453
 -0.26071    0.49473    0.22847    1.1346     0.25952   -0.3861
  1.1106    -0.29257   -0.52105   -0.35566    0.46662    0.25234
  0.079368  -0.49665    0.65465   -0.16056  ]"
cree,"[-1.0687e-01  1.3487e-02  1.1046e+00  5.7640e-01 -4.5007e-02 -1.1149e-03
  7.7451e-01  2.4866e-02  3.0837e-01 -7.6762e-01 -1.3843e+00 -4.3613e-01
  1.2284e-01 -1.1542e-01 -1.5215e-01 -7.5186e-01  8.1595e-02 -7.3271e-01
  1.6746e-01  1.3823e-01 -3.5766e-01  2.4045e-01  3.6773e-01  2.6262e-01
 -5.3915e-02 -4.8653e-01 -1.1008e-01 -1.6161e-01 -1.2756e-01  1.3833e-01
 -2.9168e-01 -1.0178e-01 -6.6150e-01  1.9409e-01  4.6134e-01 -1.3078e-01
  5.1283e-01  3.6920e-01  9.5123e-01 -1.3848e-01 -6.6798e-01  5.1448e-01
 -5.3811e-01 -6.7315e-02  5.0822e-01  3.3150e-01  1.6713e-01 -1.8112e-01
 -4.7853e-01  3.5446e-01 -1.5381e+00  6.9723e-01  7.8515e-01 -6.6670e-01
 -4.8856e-01  3.4993e-01  4.3956e-01 -2.8487e-01  3.9730e-02  1.5635e-01
  4.0688e-01  1.8688e-01 -2.3343e-01 -3.6677e-01  6.7744e-01  1.3553e-01
  7.0823e-01 -5.1533e-01  1.6030e-01 -3.3866e-01 -5.9886e-01  7.2485e-01
 -6.4716e-01 -8.3313e-01 -3.6120e-01  6.4940e-01 -3.3765e-01  4.8593e-01
 -6.1351e-01  3.8157e-01 -5.4030e-01 -2.6045e-01  4.9164e-02 -2.3022e-01
  6.4907e-01  4.2607e-01 -4.6379e-01  1.8223e-01  1.2519e+00  7.6319e-01
  1.8360e-02 -3.0955e-01 -2.1122e-01  1.4297e-01 -6.3781e-01  7.7460e-01
 -1.0304e+00 -8.2777e-02 -3.1312e-01  4.2244e-01]"
30-foot,"[ 0.58034   -0.26407    0.094182   0.017518  -0.15908    0.21764
 -0.101      0.17797   -0.7474     0.1597     0.67849    1.0706
 -0.52741   -0.028882   0.83496    0.81565   -0.59568   -0.31469
  0.11711   -0.46043    0.14691    1.0126     0.26339    0.67785
  1.0736    -0.46821   -1.5914     0.42512   -0.54031   -0.41359
 -0.59084    0.0042558  0.68965   -0.2672     0.26228   -0.13882
 -0.29886    0.43028    0.87375    1.2754    -0.70987    0.2103
 -0.66103    0.53953    0.11971   -0.57022   -0.13677    0.97552
 -0.096349   0.61434   -0.48902    0.033217   0.65231   -0.23711
  0.4075    -0.72867    0.84024    0.69388    0.76394    0.052729
 -0.59042    0.70982   -0.33163    1.3764    -1.0847    -0.19774
 -0.10485    0.032058  -0.28301   -0.50198    0.39597    0.55263
  0.76993    0.29205   -0.38777    0.52409    0.14905    0.013803
  0.11669    0.015311   0.037271  -0.68218   -0.24916    0.019441
  0.61047   -0.32635    0.82113   -0.32492    0.058309   0.16248
  0.48812    0.50341    0.071577  -0.31711   -0.043791  -1.0337
  0.40054   -1.1712     0.0026232 -0.51146  ]"
embellished,"[-0.50568    0.66878    0.10934    0.26244    0.073895   0.34767
 -0.23443    0.14057    0.29224    0.59944    0.07056    0.47919
  0.54254    0.55846    0.163      0.4676     0.14877   -0.17315
  0.20496   -0.70343    0.14521   -0.51681    0.19919   -0.050781
  0.39893   -0.29459   -0.49707    0.039938  -0.52992   -0.60803
  0.29232   -0.54539   -0.63179   -0.41361   -0.060602   0.43295
 -0.29904   -0.11512   -0.38699    0.25341    0.58588   -0.020184
 -0.13834    0.26744   -0.27763   -0.24724    0.42137    0.03831
  0.63183   -0.51992    0.14376    0.62533    0.78422    0.31802
 -0.64781   -0.35477    0.46172    0.24785   -0.60424   -0.11084
 -0.0866     0.82554    0.080608   0.32105   -0.36095   -1.4542
  0.55082    0.31115    0.29461    0.0087127  0.54898    0.038184
  0.23051   -0.28212    0.29327    0.071083   0.17264    0.32584
 -0.12295    0.20097   -0.31369    0.17909    0.54031    0.089037
 -0.17801   -0.18729   -0.037926  -0.051996  -0.6794     0.14058
 -0.19014   -0.28326   -0.27168   -0.76288    0.47242   -0.63702
 -0.76429   -0.56175   -0.10724    0.23985  ]"
koppel,"[-0.39001   -0.18044   -0.25652   -0.81332   -0.78941   -1.0003
  0.35273    0.13684   -0.11231   -0.63088    0.66775    0.6509
 -0.39507    0.19158    0.51529   -0.69888    0.13096   -0.35965
 -0.0913    -0.35707   -0.77119    0.38285    0.022993   0.29551
  1.5889    -0.0073358  0.3845     0.50551   -0.15471   -0.28804
  0.34546    0.42959   -0.72959    0.12126   -0.62694    0.6969
  0.3773    -0.14187   -0.11748    0.23134   -0.44153    1.2027
 -0.43427    0.61611   -0.53309    0.3922    -0.07696   -0.12601
  0.39807   -0.14004   -0.44285    0.17749    0.49626   -0.012513
 -0.39929   -0.40284    0.74331   -0.24589   -0.68422    0.10452
  0.036287   0.19329    0.24291   -0.93649    0.46031   -0.067918
  0.62956    0.70307   -0.048513   0.20164   -0.33964   -0.22583
  0.32238    0.2407     0.21542    0.34347    0.52882   -0.37894
  0.26593    0.30754   -0.93612   -0.2732     0.11311   -0.35035
 -0.26335   -0.27594    0.013612   1.007     -0.19262   -0.28695
  1.025      0.087521   0.81028   -0.094206   0.20347    0.12254
  0.31655    0.074745   0.11867    0.94385  ]"
escalates,"[-0.085462   0.48006    0.7881     0.44499   -0.5523     0.065502
 -0.20032   -0.59271    1.0426     0.25423   -0.31827    0.19865
  0.18614    0.2588    -0.28568   -0.08603   -0.71433   -0.25448
 -0.0078175 -0.46631    1.0397    -0.58729    0.82825    0.60576
  0.56642    0.55346   -0.78289    0.015171  -0.14151   -0.5439
 -0.27711    0.17077   -0.73145   -0.27936   -0.41628   -0.11516
 -0.14447   -0.94115   -0.25      -0.091987  -0.22098    0.2449
 -0.77825   -0.78288    0.11155   -0.016522   0.24858    0.25454
  0.34516    0.13222    0.43461   -0.18587   -0.60005    1.1635
  0.043647  -0.035554   0.078109  -0.44477   -0.70375   -0.38195
 -0.21639    0.2807     0.64696   -0.48163    0.23749    0.575
  0.23265   -0.23976    0.21409    0.47956    0.57981   -0.75149
 -0.38526   -0.16889    0.41147    0.044971  -0.35146    0.10301
 -0.34479    0.35256   -0.12744   -0.58357    0.13335    0.087911
  0.28189    0.16608   -0.40428   -0.085657   0.32946   -0.53106
 -0.45527    0.81421   -0.67983   -0.042275   0.56388    0.17896
  1.2057     0.96464    0.080318   0.85825  ]"
ruhollah,"[ 1.4929   -0.28126  -0.28155   0.70034   1.5016    0.41297  -0.37178
 -1.3052   -0.51338   1.3401    0.78853  -0.068796  0.13643  -0.32259
  0.11522   0.24492   0.75787  -0.57926  -0.84576  -1.1716   -0.32198
 -0.39196   0.5974    0.41907   0.29933   1.2491   -1.2435    0.36308
  1.0569    0.58956   0.96754  -0.42104  -1.2217    0.29009  -1.2387
 -0.034391  0.82039  -0.20718  -0.31471  -1.4537   -0.11143   1.4269
  1.3814   -1.5923    0.25387  -1.3       1.2514    0.50063   0.34193
  0.27179   0.96555   1.1501    0.68793   0.70189  -0.16871   0.041755
  0.056932  0.76908   0.64098   0.045033  0.14211  -0.20974   0.39053
 -0.39857  -0.598    -0.7192    0.75441   0.018294 -0.42883  -0.11797
  1.2019    0.60586   0.046432  1.1797   -1.0018    0.34988   0.81719
 -0.87587   0.83922  -0.47532  -0.16552  -0.2288   -0.44235  -0.24627
  0.51228   0.38486   0.89742   0.068768  0.19253  -0.60137   0.98617
  0.93371  -0.5844    0.4028   -1.9426   -0.85434  -0.50392  -0.61204
 -1.4429   -1.1964  ]"
durand,"[-0.20487  -0.45793  -0.52612  -0.34252   0.21629  -0.87898  -0.024547
  0.34417  -0.46471   0.071237  0.17977   0.20118   0.21287  -0.073932
  0.60346   0.97774   0.33739  -0.16959   0.31595   0.083299 -0.14487
  0.14629   1.0306    0.061589  0.18358  -0.17167   0.44035  -0.25799
  0.56742  -0.15118  -0.81597  -0.57816   0.30866  -0.59351   0.66322
  0.47831   0.24443   0.30521   0.32716   0.31636   0.49974  -0.24733
  0.018863 -0.23994   0.12161   0.17277  -0.18673  -0.303     0.10056
  0.78701   0.11229   0.22596  -0.45421   0.50632  -0.67679   0.18166
 -0.23185   0.34414  -0.72342   0.16195   0.78458  -0.45245   0.29805
 -0.4958    0.29108  -0.59949  -0.028977  0.34129  -0.78751   0.30582
 -0.080951  0.63456  -0.092005 -0.92091   0.54919  -0.39586  -0.2186
  0.23492  -0.59982   0.42785  -0.2958   -0.020603 -0.432     0.4661
 -0.094501 -0.48845  -0.29619   0.35463   0.12393   0.04442  -0.29447
 -0.37869   0.11077   0.4865   -0.36045  -0.14618  -0.24702   0.19503
 -1.2279    0.34784 ]"
tweak,"[-0.60426  -0.23444   0.67031  -0.26905  -0.52276   0.13081  -0.33768
  0.17558   0.42888   0.57677  -0.43444   0.043626 -0.11487  -0.4606
  0.12947   0.56728  -0.11466   0.28227   0.28423   0.14466  -0.1555
 -0.27213  -0.31007  -0.032753 -0.089616 -0.49267  -0.14314  -0.31199
  0.13389  -0.68478  -0.2255    0.61636  -0.35904  -0.026647 -0.35079
  0.58861  -0.42167  -0.74705   0.18603  -0.48006   0.084471  0.11345
 -0.24615  -0.22246  -0.89397   0.69808   0.14052  -0.031685 -0.033302
 -0.28488  -0.1591    0.30088  -0.044257 -0.16007  -0.10113  -0.27742
  0.26575  -0.15869  -0.35627   0.035355 -0.41099   0.42418  -0.3964
  0.66583  -0.022055  0.082457 -0.20142   0.24542  -0.2002   -0.51517
  0.35087   0.0144    0.10503  -0.63996  -0.4923    0.18069  -0.44889
 -0.2319    0.41908   0.26117  -0.68527  -0.82018  -0.30845   0.089375
 -0.42705   0.73699   0.22504   0.49139  -0.88869  -0.021598 -0.018413
  0.28973  -0.39719  -0.68219  -0.060552 -0.40086   0.38664  -0.44133
  0.34839   0.38735 ]"
opal,"[ 0.39758    0.38193   -0.047648  -0.092117  -0.49394   -0.53893
  0.20568    0.10529    0.24022    0.11986    0.10934   -0.088589
 -0.051438   0.11428   -0.25708   -0.40863    0.72017    0.19441
  0.51321    0.79229   -0.35192   -0.37313    0.46814    0.8474
  0.62449    1.0168     0.26941   -0.44712   -0.62659   -0.49374
  0.41535   -0.21811    0.30777    0.87972   -0.49408   -0.75897
 -0.029139   0.14651    0.62325   -0.039208  -0.40991   -0.23478
 -0.057309   0.29028   -0.20486    0.15244    0.14365    0.56518
  0.58526    0.2636    -0.44786    0.99563    0.69671   -0.10784
 -0.39715   -0.11893   -0.0023493  0.1386    -0.1963     0.35151
  0.087512   1.0332    -0.21053    0.18514   -0.15583   -0.25892
  0.12351   -0.32261    0.64575   -1.0682    -0.31443    0.0056578
 -0.21131    0.087897   0.24617   -0.17364    0.020772  -0.10817
 -0.077894   0.35713    0.3093     0.066902  -0.50483    0.2581
  0.73248   -0.27031    0.31791   -0.35904    0.033299  -0.3865
  0.6334     0.38198   -0.7118    -0.21741    0.38446    0.47305
 -0.10243    0.55385   -0.78539   -0.074805 ]"
veneto,"[ 0.28944   -0.80377    0.72262    0.36346    0.78774    0.61091
  0.016329   0.19886    0.35268    0.49764    0.27273   -0.75159
 -0.10973   -0.64316   -0.23021    0.16269    0.23971   -1.5319
  0.57516    0.41804   -0.60119    1.0441     0.16647   -0.29915
 -1.0087    -0.67557    0.31292    0.5778     0.19847   -0.73696
 -0.22828   -0.32535    0.23431    0.016219   0.64371    0.54319
  1.4863    -0.016558   0.16987    0.22868   -0.23128   -0.045182
  0.34154   -1.3524    -0.035542  -0.16677    0.76974   -0.47855
  0.50495    0.69362   -1.0629     0.80074   -0.51      -0.085352
 -0.67301   -0.50174   -0.31141   -0.24749   -0.25852   -0.18291
  0.047034   0.87759   -0.3429    -0.18521   -0.0077166  0.26768
 -0.82725   -0.80019    0.29154    0.015596   0.79506    0.12957
  0.96852   -0.48666   -0.18277    0.11442   -0.56571    0.50183
 -0.17632   -0.38381   -0.22572   -0.57229   -1.0794     1.0002
  1.1835     0.16399   -0.57356    0.36263    0.19368   -0.64896
 -0.37421   -0.031392   0.27259    0.21513    0.069818   1.0693
  0.14198   -0.22445    0.40045   -0.067145 ]"
reykjavik,"[-0.60543    0.08097    0.87117    0.056076  -0.44925    0.33482
 -0.57914   -0.11915    0.012773  -0.084925   0.13238    0.35591
 -0.58611    0.53901   -0.29792   -0.035411   0.19452   -0.022249
  0.49274   -0.18029   -0.39842    0.48584    0.43723    0.47427
 -0.10305   -0.40583    0.14334    0.56069   -0.094842  -0.28282
 -0.53825    0.071055  -0.48181    0.88353   -0.74016    0.046244
  0.77953    0.60122   -0.42317   -0.87758   -0.3403    -0.33238
 -0.36449    0.24962   -0.010359   0.22288    0.59842    0.11433
 -0.0030154  0.55742   -0.22463   -0.12161    0.26913   -0.17632
 -1.0674    -0.49113   -0.016681  -0.29441   -0.35969    0.37632
 -0.59472    0.40091   -0.73397    0.034079  -0.30732    0.32065
 -0.41565    0.47571   -0.020987  -0.66097   -0.87516   -0.86373
  0.29377    0.06393   -1.4064    -0.48222    0.79487   -0.60215
 -0.48743    0.086729   0.0014674  0.028155   0.39474   -0.32384
  0.58615    0.24882    0.22723    0.52678   -0.54713   -0.22279
  1.0858     0.36567   -0.21199   -0.15723    0.30466    0.99601
  0.46728    0.91161   -0.20218    0.58706  ]"
gregan,"[-0.87682   0.11708   0.68566  -1.2173   -1.2301   -0.09051  -0.78244
  0.48033  -1.3866   -0.48435   0.11551  -0.30453  -0.55155  -0.098908
  0.44974  -0.072933  0.16618   0.37531  -0.68219  -0.41973   0.92612
  0.33769  -0.052072 -0.70004   0.92734   0.78789  -0.38886   0.2307
 -0.38993   0.13652  -0.39564   0.64042  -0.094879 -0.49623   0.2233
  0.43837  -0.59039   0.52979  -0.94894  -0.069164 -0.64268   0.27772
  0.67521   0.54156   0.45451   0.77784  -0.5898   -0.61254  -0.37372
 -0.72932   0.42327   0.13429   0.080394  0.017512  0.15379   0.031071
 -0.2424   -0.99562  -1.427    -0.1391    0.64374  -0.40641   1.035
  0.2869   -0.33335   0.16251   0.33737   0.047072 -0.34407  -0.69722
  0.11709   0.40416   0.077645  0.034673  0.62577  -0.75634  -0.055418
  0.67884   0.50651   0.5405    0.11215  -0.88977   0.89884   0.088339
  0.603    -0.79851   0.39952  -0.17663  -0.027175 -0.58072  -0.96471
 -0.20556  -0.58551  -0.14424  -0.5639    0.13369   0.81673  -0.47558
 -0.95913  -0.29183 ]"
hounded,"[-0.33623   -0.26589    0.27464   -0.4851    -0.046427   1.3151
 -0.35517   -0.13598    0.49441   -0.063158   0.07063    0.75385
  0.38565   -0.49766   -0.53152   -0.2822     0.026401   0.19669
 -0.23949   -0.077422  -0.25484    0.62679    0.079726   0.63922
  0.50598   -0.34047    0.084223   0.27988   -0.08757    0.24249
  0.4285    -0.41149   -0.27831    0.55873   -0.45611    0.54736
 -0.74491   -0.054806  -0.23607    0.47858   -0.83304    0.14705
 -0.069319   0.21978   -0.018774   0.092629   0.15618    0.47126
  0.91689    0.0971     0.0049536 -0.03171    0.12061    0.69214
  0.11473    0.59721    0.16461    0.47266   -0.2109    -0.18104
  0.23579    0.20429   -0.5528     0.3557     0.29421   -0.24444
  0.86151    0.17552    0.38592    0.58904   -0.13571   -0.30591
 -0.10553   -0.19024   -0.54695   -0.12526   -0.024925  -0.14847
 -0.40724    0.28591    0.026173   0.14675   -0.022415   0.57086
 -0.42617   -0.48241    0.1145     0.15489   -0.77501   -0.8906
 -0.42544   -0.32532   -0.24161   -0.50995    0.30299   -0.20332
  0.15452    0.98012   -0.46541   -0.046446 ]"
seuss,"[-0.2244     0.56345   -0.40226    0.43158   -0.037583   0.36406
  0.58716   -0.73727   -0.10475   -1.1509    -0.098899   0.25013
 -0.038455  -0.22592    0.65198    1.2612     0.79454    1.0794
 -0.30187    0.23608    0.17936   -0.12218    0.63092   -0.79377
  0.69967    0.7512    -0.33439   -0.23297   -1.1221    -0.3679
  0.2219    -0.15771    0.52736    0.24663   -0.99936    0.17885
 -0.34195    0.47088    0.13065   -0.39539    0.26197    1.2365
 -0.14789    0.47915   -0.63707    0.22604   -0.21399   -0.26764
 -0.18685    0.85244   -0.16639    0.0079697  0.94708   -0.15722
 -0.23072    0.35613    1.2176     1.4364    -0.0047076 -0.93661
  0.43325    1.0818     0.11977   -0.38867    0.1617    -0.45015
 -0.37557    0.15115   -0.013562   0.37264   -0.80531   -0.3875
 -0.89114   -0.025138  -0.53581    0.11815   -0.5887     0.69682
  0.1264    -0.081887   0.32254    0.087633  -0.94213   -0.16215
 -1.0904    -0.31533    0.11      -0.64578   -0.39352    1.0519
  1.2891     0.59822    0.93907    0.35398   -0.60329   -0.81629
  0.31738   -0.51617    0.136     -0.21537  ]"
dello,"[ 0.3281    -0.48238   -0.61301    0.067392  -0.71883    0.77302
  0.40247    0.47572    0.33301    0.55252    0.51617    0.41234
  0.1146    -0.12242   -1.2633    -0.84399    1.5533    -0.463
  0.33203    0.41476    0.3072     0.30245   -1.1298     0.6605
  1.0664    -0.59678    0.24029    1.0346    -0.31138    0.32336
 -0.47752   -0.18616   -0.27241   -0.97932    0.52624    0.72559
  0.71587    0.020044   0.047106   0.36308   -0.23335    1.1814
 -0.7157    -0.2696    -1.0498     0.80907    0.38711   -0.61509
  0.38059    0.0028428  0.82999    1.1135     0.068241  -0.61175
 -0.50338   -0.32164    0.031197   1.7855     0.59092    0.85062
 -0.54853   -0.55382   -0.42515    0.1685    -1.0188    -0.3439
 -0.2398     0.29276   -0.35989    0.014272   0.50644    0.15602
  0.81934    0.21152    0.49009    0.01179    0.09417    0.12006
 -0.79621    0.50803   -0.81806   -0.80548    0.20857   -0.53872
  1.1413    -1.0548    -1.7274     0.3968    -0.89139   -0.090631
  0.471     -0.17043    0.27986    0.3608     0.61603    0.31137
 -0.60234   -0.90383    1.1202     0.3402   ]"
pham,"[ 0.35237  -0.44801  -0.43203  -1.2771    0.53332   0.03799  -0.26589
 -0.31043   0.62812  -0.37581   0.29604   0.64273  -0.5573    0.57902
  0.87278  -1.2551    0.32924  -1.3238   -0.24292  -0.73757   0.3004
  0.1161   -0.65768   0.20327   0.32162  -0.30001   0.58321  -0.14668
  0.062916 -0.30695  -0.75902   0.083856  0.63366   0.018949  0.12975
  0.35431   0.5575    0.78328  -0.025662 -0.58381   0.094225  0.30276
  0.042377 -0.06082   0.15728   0.56432  -0.029309 -0.58838  -1.0005
  1.043     0.44614  -0.45584  -0.21074   0.11496  -0.45454   0.43548
 -0.39258   0.42788  -0.1066   -0.045247  0.10107  -0.039031 -0.01033
 -0.50062  -0.79007   0.40008  -0.43972   0.63242  -0.29811   0.70842
  1.0799   -0.19196   0.32046  -0.76607  -0.46703   0.53611  -0.83245
  0.23043  -0.015064  0.15599   0.19775   0.22076   0.32125  -0.69106
 -0.14689  -0.12282  -0.59754   0.53395  -0.17261  -0.50004   0.97666
 -0.12553   0.61293   0.1704    0.57336  -0.011983 -0.63604  -1.2651
 -0.34073  -0.29987 ]"
frugal,"[-0.46339  -0.14396   0.59949  -0.41013  -0.4358    0.74989  -0.47734
 -0.56289   0.27191   0.087031 -0.1845    0.24756   0.2825   -0.78454
 -0.31886  -0.076101 -0.12873   0.13662   0.053359  0.19251   0.48976
  0.15378  -0.26356   0.11432  -0.09895   0.1334   -0.78     -0.13463
 -0.89555  -0.041192 -0.50883   0.54468  -0.26609  -0.47198   0.62328
  1.1126   -0.52992   0.22939   0.38663  -0.63714   0.44715  -0.30411
  0.081407  0.37014  -0.43955   0.20407   0.20426  -0.35367   0.82429
  0.26443  -0.068236 -0.49705   0.19294  -0.45496  -0.48991   0.087506
  0.94974   0.40991   0.081718 -0.36551   0.36802  -0.32571  -0.52971
 -0.2841    0.35274   0.044981 -0.016344 -0.50062   0.69794  -0.49556
 -0.1724   -0.10918  -0.60188   0.21051  -0.39273   0.012002 -0.12919
 -0.025943  0.083308 -0.71728   0.25854   0.57118  -0.094682  0.79723
 -0.54862  -0.015381  0.2296    0.095575 -1.4545   -0.9554    0.31585
  0.30577   1.1499   -0.30057  -0.56044  -0.90932   0.050358 -0.14636
 -0.27645   0.097154]"
e.u.,"[ 0.49733   -0.072031   1.4396     0.11589    0.15398   -0.56201
 -0.27997    0.52603    0.58438   -0.17257   -0.63996   -0.67639
 -0.0088923  0.57421   -0.12212    0.53642   -0.30048    0.028312
  0.17767   -0.64153    0.03319    0.75554    0.040843   0.063101
  0.17866   -0.31129   -0.063416  -1.0711     0.69846   -0.25291
  0.17635    0.025057  -0.552      0.12834   -0.16118    0.63525
  1.0796    -0.2687     0.06462   -0.13214   -0.67186   -0.47542
  0.26739   -0.1177     0.25267   -0.25618   -0.34913   -0.36134
 -1.1288    -0.14997   -0.47108    0.36809   -0.47931   -0.51628
 -0.75446    0.46362    0.87835   -0.062037   0.28628    0.29977
 -0.52246   -0.47146    0.42848    0.2981    -0.14453   -0.016648
 -1.1633     0.48626    0.33635   -0.10678    0.93793   -0.5637
 -0.45622   -0.31058    0.20096   -0.22163   -0.49926   -0.53406
 -0.5151    -0.12177    0.13483   -0.20198    0.74542   -0.16864
  0.10132   -0.40992    0.73106    0.0067169 -0.081315  -0.64516
 -0.47322    0.4653    -0.031231  -0.47608    0.20047   -0.17689
 -0.72137   -0.2311     0.27731    0.39411  ]"
turku,"[-0.24521   -0.61019    0.48811    0.018737  -0.25943    0.03671
 -0.43112    0.10987    0.10737    0.41772   -0.12252   -0.55961
 -0.1549     0.65797   -0.86618   -0.72459    0.87308   -0.48603
  0.086916  -0.64069   -0.2388     0.079257   0.12843    0.71829
 -0.010159  -1.2901    -0.18544    0.76881    0.024416  -0.45858
 -1.4276    -0.23717    0.26133    0.75326   -0.85143   -0.50613
  0.16229    0.51348    0.50265   -0.39086    0.42963    0.051203
 -0.20652   -0.82325   -0.64499    0.84925    1.0196     0.17162
  0.52847    1.205      0.2513    -0.36484   -0.40326   -0.34308
 -0.8458    -0.67342    0.0039024 -0.48267   -0.10647   -0.22375
 -0.13936   -0.026304  -0.86714    0.63443   -0.92467    0.98176
 -0.35966    0.24381    0.074728  -0.12362   -0.29698   -0.3649
  1.3981     0.95727   -0.47493   -0.0056505  0.32479    0.32056
 -0.51152   -0.62111   -0.75376   -0.54948   -0.32592    1.1184
  0.044779   0.6111    -0.21398   -0.066467  -0.12103    0.30867
  0.39215   -0.064988  -0.2357     0.36033   -0.15046    0.74706
 -0.6269     0.70659   -0.025841  -0.051315 ]"
"115,000","[ 4.5521e-01  7.7421e-01  1.1821e-02 -2.0654e-02  1.4584e-02  1.4076e-01
  1.9214e-01  1.0778e+00  1.6332e-01  3.7958e-01  6.1170e-01 -1.6400e-01
  2.8589e-01 -6.2719e-01  3.9001e-01 -2.7170e-01  1.8039e-01 -3.9441e-02
  5.6721e-01 -1.1192e-01  1.0444e+00 -3.2881e-01  3.2097e-01  5.1124e-01
  6.2292e-01 -9.3266e-01  2.1819e-01 -2.3286e-01  1.9523e-01 -8.3299e-01
  1.2477e-01 -3.6334e-01 -3.7099e-02  2.4472e-02 -5.7153e-01  2.6371e-01
 -2.1414e-01  5.4380e-01 -2.3105e-01 -9.4154e-02 -1.5732e-02  2.5037e-01
  1.0482e-01 -2.6161e-01  1.5165e-02 -3.9170e-01  2.3176e-01 -5.2349e-01
  9.1515e-02  1.2091e-01  1.9375e-01 -6.2033e-01 -1.5665e-01  7.1052e-02
 -6.1446e-01  8.6245e-01  4.8427e-01 -9.9666e-01  1.5892e-01 -1.4149e-01
  5.1482e-01  3.8119e-01  1.2022e-01  1.2609e-03  4.4527e-02 -4.2940e-02
  3.1958e-01 -5.1124e-02  8.1672e-01 -2.7461e-01  7.6372e-01 -8.3070e-03
 -4.4855e-01  2.4348e-01  1.8171e-01  4.5113e-01  1.5647e-01  3.4578e-01
 -2.7060e-01  3.3035e-02  9.0642e-01 -3.7015e-01 -4.0046e-02  2.2153e-01
  2.8489e-01  2.7537e-01  6.9349e-01  9.6026e-02 -2.0996e-01 -3.7587e-01
  6.1089e-02  5.9497e-01 -1.3376e-01 -1.2930e+00 -4.1400e-01 -4.7425e-01
 -7.1546e-02  8.5353e-01  1.8715e-01 -3.0727e-01]"
perlman,"[-0.11511   -0.30798   -0.58109   -0.20935   -0.06471   -0.67178
  0.21529    0.57991    0.40452   -0.10843   -0.5145    -0.62916
  0.25516    0.45118    0.38012   -0.46833   -0.26286   -0.18329
 -0.1689     1.0884    -0.43472   -0.21749    0.22899    0.58748
  0.96425    0.24684   -0.162      0.13698    0.09773   -0.073092
 -0.35625    0.79529   -0.090945   0.75264   -1.0093    -0.18485
  1.1647     0.3194     0.42092   -0.92351    0.043229   0.35384
 -0.18569    0.61108   -0.011834  -0.27622   -0.21329   -0.082552
 -0.023112   0.18188    0.27075   -0.82616    0.2197    -0.61592
 -0.17245    0.10761    0.14163    0.11439   -0.77857    0.49404
 -0.35413   -0.096904  -0.12385    0.097447  -0.3388    -0.77445
  1.149      0.23757   -0.58509    0.18625    0.42186   -0.034562
  0.26203    0.2346    -0.39609   -0.13562   -0.23916   -0.028517
  0.49636    0.078499   0.61672   -0.29736    0.18522   -0.0088703
 -0.28452    0.51822   -0.28714    0.17642   -0.016388  -0.46416
 -0.22757    0.41278   -0.063391  -0.08579    0.24289   -0.45135
 -0.42753   -0.20567    0.077002   0.17454  ]"
trashed,"[-2.3163e-01 -1.8399e-01  3.0113e-01 -4.3827e-01 -5.8467e-01  9.1860e-01
 -1.8273e-01  5.7528e-01  9.1099e-01  5.5744e-01  1.8362e-01  3.8458e-01
  1.9942e-01 -1.1468e-01 -6.0520e-01  3.3795e-01 -5.6278e-02  4.2185e-01
 -1.0272e-01  5.7883e-02  4.6644e-01  3.8261e-01  4.3241e-01 -1.4368e-01
  1.8360e-01 -7.8416e-01  4.1629e-02  2.8257e-01 -2.2021e-01 -1.5140e-01
  9.3434e-01  1.1012e-01 -1.0372e-01  5.9559e-01 -2.0570e-01  2.3658e-03
 -4.0370e-01 -2.2477e-01 -4.8686e-01 -2.2581e-01  1.8179e-01 -4.5745e-01
  2.2423e-01  4.1464e-01  2.8060e-01  3.2756e-01 -2.3860e-01  7.6300e-01
  4.3938e-01 -1.6478e-01 -1.7720e-01  1.8037e-01 -3.4333e-01 -2.4671e-01
 -4.2529e-01 -5.6364e-02  2.6934e-01  6.8831e-01 -6.2673e-01 -1.0788e-01
 -3.5771e-01  2.2013e-01 -1.5469e-01  5.0212e-01 -4.5685e-01 -1.6844e-01
  6.9700e-01  1.4225e-01  1.6755e-01 -2.5837e-01  6.1404e-03 -1.1720e-01
  2.5085e-01 -8.0884e-03 -5.0562e-01  5.4523e-02  2.0244e-01  2.8018e-02
 -4.3760e-01  3.9318e-02 -7.6471e-02 -1.9232e-01 -2.9122e-01  3.7028e-01
 -9.2809e-04  1.8345e-01  1.6358e-02  1.4596e-01 -1.0972e+00 -4.2347e-01
  2.7927e-01 -2.5877e-01  2.5948e-01  1.1723e-01 -5.9589e-02 -1.7171e-01
  1.7640e-01  7.5567e-01  1.8565e-01  5.6700e-01]"
utilised,"[-0.78967   0.22175  -0.53586   0.23057   0.047984 -0.016212 -0.16928
  0.044769  0.010329  0.20857   0.27144   0.085956  0.18466  -0.35866
  0.27761  -0.69232   0.32529   0.4222   -0.034157 -0.47325  -0.069358
 -0.31852   0.14217  -0.095601 -0.16504  -0.68133   0.040829  0.21497
 -0.18004   0.29975  -0.43014   0.071866 -0.68211   0.14495   0.38248
  0.42162  -0.32132  -0.056979 -0.4872   -0.23055   0.34505   0.14405
 -0.24246   0.72522   0.34664   0.21439   0.4712    0.035851  0.14463
 -0.35255  -0.56481   0.21678   0.42466   0.22582   0.053008  0.14809
 -0.20809  -0.23304  -0.20649  -0.76065   0.23076  -0.11009  -0.042084
  0.71405   0.33279  -0.44344   0.1282   -0.36594   0.24671  -0.20345
  0.014542 -0.31657   0.43486   0.19519   0.10711  -0.47906  -0.15033
  0.49103   0.062026  0.047494 -0.31455  -0.027965 -0.25693   0.35687
 -0.54583   0.62282   0.17004  -0.031903 -0.59398   0.20182  -0.7221
 -0.31363  -0.24287  -0.24325   0.50874  -0.15889  -0.38526  -0.18948
  0.19978   0.090597]"
canvases,"[-0.098422  1.0672   -1.1023    0.15723   0.63789   0.31188   0.039189
  0.034534 -0.31139   0.54313   0.27428  -0.16909  -0.014242 -0.39128
  0.33085   0.51823  -0.052266  0.6017    0.73945  -0.51174  -0.13496
  0.21876   0.1171    0.018287  0.68115  -0.81558  -0.11741   0.6269
 -0.2757   -0.61453   0.14348  -0.90488  -0.363     0.41593  -0.65855
  0.40042   0.17414  -0.13971  -0.07489  -0.22564   0.34088  -0.41457
 -0.29419   0.28998  -0.83313  -0.31643  -0.10148   0.034941 -0.19078
  0.62458  -0.45091   0.061695  0.15312   0.72614  -0.12077  -0.29673
  0.18418  -0.23392  -0.45381   0.029733 -0.21925   1.4505    0.065213
  0.4007    0.43295  -0.21165   0.77623  -0.26713  -0.42233  -0.86935
  0.2885    0.35706   0.37247  -0.017943 -0.15068  -0.45276  -0.19241
  0.27738   0.3359   -0.057258  0.019571  0.23424  -0.10547   0.40575
 -0.2394   -0.84294  -0.15172  -0.35207  -0.025953 -0.4862   -0.20848
 -0.48868   0.43369  -0.42044  -0.48205  -0.36165  -0.78835  -0.35898
 -0.36163  -0.40504 ]"
bumbling,"[ 0.060854  -0.61288    0.90025   -0.6497    -0.38254    0.97582
 -0.19115   -0.073921  -0.20389    0.011344  -0.19473   -0.18947
  0.24368    0.075628  -0.043707   0.90099    0.037227   0.18877
  0.8611     0.78103    0.24357    0.54199    0.024147  -0.43448
  0.3045    -0.1584    -0.59101    0.2777    -0.61766    0.1356
 -0.22164    0.12377   -0.10593   -0.53293   -0.37291    0.15365
 -0.47706   -0.44565    0.78637    0.41266    0.42944    0.022947
 -0.059939   0.58574    0.15485    0.1856     0.20904    0.29429
 -0.24913    0.2333    -0.36283   -0.30681    0.40017    0.59157
  0.14261    0.21513    0.023991   0.13908   -0.87568   -0.27286
  0.10393    0.22039    0.068861   0.061231   0.30264   -0.32944
  0.11745    0.12147    0.10581    0.17214   -0.16479   -0.53284
 -0.70155   -0.36281   -0.09043   -0.26679   -0.1831     0.17355
  0.30453   -0.17101    0.43468    0.8287     0.26979    0.12794
 -1.2394    -0.083954  -0.080653   0.48857   -0.29863   -0.89092
 -0.04658    0.42661   -0.6238     0.020283  -0.0081167 -0.73952
 -0.18748   -0.089554  -0.63807    0.1455   ]"
chau,"[-0.52946  -1.5541   -0.59232  -0.17262   0.37224  -0.59058  -0.66788
  0.78015   1.5807   -0.11729  -0.4509    0.76767   0.50248   0.036908
  0.69576   0.06293  -0.041621 -0.99399   0.030615 -0.028225  1.542
  0.09423  -0.011115 -0.10591   0.31268   0.055108  0.12043  -1.174
 -0.34989  -0.5429   -0.61232   0.091448  0.96607   0.78422   0.16662
  0.10607  -0.33911   0.68049   0.1405   -0.30265  -0.26524  -0.35296
 -0.43546  -0.13513  -0.37611   0.75202  -0.47077  -0.27043   0.00787
  0.43824  -0.41137  -0.41991   0.10496  -0.33115  -0.42121   0.31054
 -0.29236   0.089399 -0.37749   0.074876  0.18855  -0.37486  -0.35547
  0.35677  -0.78285   0.32782  -0.35942   0.023797  0.51681   0.49088
 -0.41678   0.39942   0.55599  -0.20825  -0.45274  -1.1763   -0.62922
  0.38799   0.014928  0.1027    0.49724  -0.48399   0.45925  -0.56212
 -0.48772   0.46111  -0.45851  -0.11586   0.094424 -0.042884  0.42688
  0.27314   0.2116    0.40433  -0.17926  -0.28006   0.020146 -1.1569
  0.1966   -0.39916 ]"
jure,"[ 0.24597   -1.7632     0.40989    1.3725     0.16752   -0.26117
 -0.37029   -0.46498    1.0631    -0.20952   -0.51839    0.70616
  0.28261   -0.04015   -0.17926   -0.24558    0.53965   -0.43975
 -0.23955    0.25697    0.53606    0.4539     1.2034     0.83483
  0.44621    0.0042509  0.37658   -0.40812    0.37461   -1.0289
 -0.47282   -0.50975    0.7032     0.2964     0.71926   -0.16399
  0.2451    -0.43844   -0.85379    0.24529   -0.0093335  0.80845
 -0.29408   -0.43749   -0.10949   -0.73775   -0.22429   -0.042907
 -0.46034   -0.40327   -0.79743   -0.20943   -0.90812    0.12084
 -0.14048   -0.15833    0.47249    0.15555   -0.10173    0.041869
  0.01875   -0.82386   -0.6029     0.81672    0.67165    0.42513
  0.14914   -0.0047363  0.49915    0.80334    0.14654    1.0738
  0.25591   -0.032766   0.57865   -0.34179   -0.58262   -0.041662
  0.24356   -0.66264   -0.73858   -1.0193     0.30618    0.48592
  0.0097546  0.015755   0.023436  -0.24753    1.7051    -1.3684
 -0.72034   -0.075491   0.24759    1.1176    -0.019814  -0.95657
 -0.1341    -0.041043  -1.0307    -0.15227  ]"
cranberries,"[-6.4307e-01  5.5011e-01  1.3352e-01 -6.8370e-01  3.5417e-01  3.4220e-01
  9.3894e-01  1.4360e-01  3.3891e-01 -2.4151e-01 -1.3693e-01 -4.4785e-01
 -4.1780e-01  5.9533e-01  1.6127e-01 -2.0499e-01  6.3413e-01  4.7835e-01
  5.6472e-01  3.9283e-01 -1.0410e+00 -8.3850e-02  7.7913e-01  1.4559e-01
 -3.6414e-01  8.5505e-01 -8.1365e-02 -1.6254e-01 -2.3175e-01 -8.9063e-01
  2.9574e-01 -3.6022e-02 -7.1978e-01  5.7319e-01 -5.4625e-01 -7.8408e-01
  8.3137e-01  8.0051e-01  9.5473e-01 -8.9987e-01  1.6834e-01 -5.6510e-01
 -1.0962e-01 -6.6904e-01  5.3957e-01  4.2388e-01 -5.4093e-02 -2.8220e-01
 -4.0765e-01 -3.8719e-01 -1.0621e-01  7.8083e-02  4.2915e-01  4.0614e-01
 -4.5796e-01  4.9685e-02  2.0601e-01  2.0557e-01 -7.5475e-01  1.1541e-01
 -1.1204e-01  1.0033e+00 -1.5297e-02 -4.5365e-01  3.9155e-02 -2.6687e-01
  1.5508e-02  9.0909e-04  6.9591e-01 -9.8433e-01 -4.7936e-02  4.8607e-01
 -7.7978e-01  2.2233e-01 -1.5234e-01  8.1127e-02 -6.6234e-01 -2.9160e-01
  5.2413e-01  1.0463e-01  2.5165e-01 -6.2036e-01 -8.6014e-02  1.1843e+00
  5.7692e-01 -5.3520e-01  4.6105e-01  7.0320e-01 -1.8099e-01  8.5394e-01
 -1.0463e+00  6.7344e-01 -1.0174e+00 -3.9241e-01 -2.5115e-01 -1.7366e-02
 -1.2909e-02  4.3979e-01  5.1665e-01  6.5129e-01]"
licking,"[-0.18444   -0.53753    0.24725   -0.45551   -0.32139    0.73123
 -0.12298    0.48667    0.42689   -0.42624   -0.69159    0.074249
  0.18159    0.11866    0.071789  -0.092641   0.81762   -0.2533
  0.4169    -0.73609   -0.25532    1.2131    -0.53136    0.21477
 -0.043728   0.41093   -0.1399     0.040561  -0.31553   -0.7556
  0.73375   -0.24435    0.18334    0.53184   -0.65261   -1.0948
 -0.13164   -0.78718    0.024722  -0.46362   -0.20875   -0.19807
 -0.3942    -0.50745   -0.36218    0.99317    0.32702   -0.25143
 -0.44575   -0.41778   -0.36764   -0.32169   -0.53853    0.75796
 -0.88727   -0.0098579  1.0146    -0.58297   -0.52552   -0.38929
  0.96871    1.2932    -0.2607     1.0903    -0.58994    0.70329
  0.85247   -0.042916  -0.23761   -0.28141   -0.58577   -0.42519
  0.17239    0.023162   0.36054    0.6428    -0.34174   -0.11047
  0.25925   -0.11806   -0.76289    0.49067    0.093729   0.41965
  0.13645   -0.62199   -0.39558    0.32515    0.055417   0.017836
 -0.80608   -0.052434  -0.64332    0.4004    -0.57093   -0.27761
  0.20325   -0.073199   0.51259    0.44964  ]"
sakakibara,"[ 0.40632   -0.1392     0.14028    0.22921   -0.22805   -0.69465
 -0.21766   -0.4953    -0.29736   -0.19353    0.55675   -0.43849
  0.41862   -0.090863   0.97052    0.82414   -0.25566   -0.11532
 -0.43253   -0.39409   -0.54064    0.7825    -0.42818   -0.26229
 -1.1105     0.41459   -0.74798   -0.18853   -0.0055945  0.53862
 -0.33346    0.63759   -1.2005     0.79814   -1.3247     1.071
  0.50721    0.17758    0.030663  -1.1683     0.40892    0.55974
  0.15706    0.68879    0.49387   -0.46489    0.54749   -0.040815
 -0.3811    -1.2483     0.43223    0.34011    0.27666   -0.19576
 -0.63614    0.21038   -0.20696    0.50831   -0.35167    0.76198
 -0.48456    0.16305   -0.095486  -0.32254   -0.77364   -0.44034
  0.71354    0.35609    0.24915    0.39882    0.41433   -0.70167
  0.72188    0.64966   -0.5825    -0.090443  -1.2383     0.52928
 -0.69029    0.082557   0.57453   -0.19695   -0.16706   -0.4918
 -0.67801   -0.6791    -0.7038     0.73772    1.5236    -1.3059
  1.4305     0.62245   -0.12677   -0.45597    0.77237   -0.52965
  0.10749   -0.47894   -0.40101    0.28199  ]"
vice-chancellor,"[-2.5316e-01 -1.0372e+00 -4.6940e-01  2.2216e-01  5.8645e-01  2.0048e-01
 -9.9659e-02 -1.3448e-01 -7.6303e-01  1.7915e-01 -2.1181e-01 -4.4024e-02
  7.0597e-01  1.2522e+00  1.8141e-01 -6.6432e-01  9.7416e-02  3.5070e-02
  6.0768e-02 -8.6085e-01 -5.8958e-01 -4.3878e-01  4.2518e-02  2.6499e-01
 -2.1439e-01 -4.5530e-01  8.2618e-01 -5.2346e-01  4.8534e-01  2.5448e-02
 -3.5585e-01  7.7162e-01 -2.0018e-01 -4.6516e-01 -1.2456e+00  5.6522e-01
 -7.6048e-01 -1.5824e-01 -4.4229e-01 -6.8712e-01 -8.5462e-01  5.3303e-01
  3.4819e-01 -1.1206e-01  5.5821e-01  5.6826e-02  5.1818e-01  1.0529e-04
 -1.1792e-01  4.5803e-01  4.0361e-01 -5.8254e-01  4.1904e-01 -2.0936e-01
 -2.3017e-01 -2.7001e-01 -2.3468e-02  4.2367e-02 -1.0812e+00 -7.4951e-01
 -3.0027e-02 -8.5657e-01 -3.5328e-01  8.3239e-01  7.8624e-02 -5.8344e-01
  3.5111e-01  2.9996e-01  1.2199e+00  4.8406e-01  7.7607e-01 -1.6698e-01
  2.9601e-01  8.8560e-02 -6.8623e-01 -7.5654e-01  4.6649e-02  3.4837e-01
  6.0611e-01 -9.4244e-01  2.5960e-01 -2.2706e-01 -5.8029e-01 -1.1139e-01
 -3.1682e-01 -8.4681e-02  1.3262e-01 -5.5049e-01  1.3100e+00 -7.0961e-01
  2.3487e-01  3.0445e-01  3.0410e-01  1.0997e+00  7.5498e-01  6.3594e-02
  4.8853e-01  7.0393e-01  2.3440e-01 -6.7810e-02]"
raps,"[ 0.092003   0.21349    1.0235    -0.086657   0.096953   0.55179
 -0.42156    0.15507    0.13176    0.45336    0.13876    0.51906
 -0.18897    0.67091   -0.060604   0.66019   -0.24485   -0.69247
  0.16568   -0.17168    0.96889   -0.006809   0.23207    0.15842
  0.13675    0.54069   -0.15428    0.57781    0.72851    0.20253
 -0.18924    0.65921    0.011266   0.7586    -0.35668    0.66904
 -0.098608  -0.32868   -0.095537  -0.089752  -0.16537    0.5451
 -0.43832    0.14106   -0.51038   -0.18926   -0.2395    -0.69892
 -0.066845  -0.0022655 -0.13821    0.39564    0.13886    0.37438
 -0.75213    0.12388    0.49772    0.015938  -0.60297    0.12638
  0.46218   -0.23185    0.31073   -0.10554    0.11458    0.0049819
  0.46613    0.40192    0.093292  -0.23305    0.19604    0.15045
 -0.26554   -0.1388    -0.22971   -0.04449   -0.081479   0.087257
  0.55226   -0.51041    0.69632   -0.5553     0.42189   -0.058459
 -0.22268   -0.11078   -0.65111   -0.17323   -0.26515   -0.049275
  0.013327   0.21453   -0.49126   -0.10656    0.56659    0.19319
 -0.61187   -0.2672     0.32495    0.84844  ]"
maguindanao,"[-0.11384   -0.63163   -0.34756   -0.46705    0.099827   1.2082
 -0.41128    0.3867     0.36302    0.52035   -0.065068   0.19583
  0.44033    0.21081   -0.014521  -0.66516    0.37738   -0.97599
 -0.34425    0.5093     1.1463    -0.41375    0.56329    0.68312
 -1.0027    -0.040082   0.0053392  0.36618   -0.87093   -0.52379
  0.56132   -0.98593    1.0864     0.3196    -0.32827   -0.41527
  0.32568   -0.052472  -0.31042   -0.0061098 -0.4797     1.0537
  1.1504    -0.81094   -1.3673     0.87882    0.25571   -0.14509
  0.010421  -0.46091   -1.3885    -0.32422    0.35727    0.11012
 -0.27958    0.90596   -0.62165   -1.0934     0.17518   -0.0077474
 -0.62035   -0.039801   0.41412   -0.13091    0.41584   -0.0056548
 -0.44779   -0.11938   -0.9833     1.324     -0.22944    0.070817
  0.30151    0.44238   -0.22305    0.35981   -0.43241    0.99834
  0.58498    0.47861    0.047822  -0.70212    0.46096   -0.15337
  0.8137     1.0999    -0.39856   -0.069231   0.21006   -0.78799
  0.89805    0.36742   -0.73502    0.80209   -0.31759    0.62711
 -0.39873   -0.37414    0.395      0.014863 ]"
kandy,"[-8.8149e-01 -1.0417e-01  5.3203e-01  3.7788e-01 -8.3377e-01  8.9058e-01
 -3.0952e-01  8.4902e-01 -8.6777e-01  2.1346e-01 -3.0191e-01 -4.2226e-01
 -1.8486e-02  4.2795e-01  2.1749e-01 -7.8893e-02  6.2961e-01 -7.9283e-02
  2.3718e-01  2.7651e-01  5.9700e-01 -6.7483e-01  4.2783e-01  4.4778e-01
 -4.1627e-01 -1.4521e-01  7.6939e-02  2.8300e-01 -5.5625e-01  1.0425e-01
 -2.5109e-01 -6.8023e-01  1.3120e-01  7.2427e-01 -1.3493e-01 -2.6418e-01
 -6.4933e-01  1.4034e-01  3.2545e-01 -9.2343e-01 -4.7576e-01  8.7510e-01
  2.1003e-01 -1.2580e+00 -3.1582e-01  6.4586e-01  1.0138e+00 -2.6922e-01
  1.5741e-01  5.0433e-01 -5.6956e-01  9.5456e-02  2.1803e-01 -7.2295e-02
 -9.4669e-01 -3.7852e-01 -9.6636e-01 -8.9150e-02 -2.9911e-01 -6.7469e-01
 -3.9199e-01 -2.3433e-01 -3.3754e-02  8.9664e-01 -1.1317e+00  8.9210e-01
 -5.1866e-01 -1.1085e-01  8.7349e-02  3.0547e-02  2.2770e-01 -4.8276e-01
  2.6185e-01 -4.1588e-02 -5.3292e-01  6.5791e-02  3.6905e-02  6.2710e-02
 -5.3628e-01 -7.0495e-03 -6.6874e-01  2.6697e-01 -3.0889e-01 -2.7705e-01
  3.8557e-01  9.1033e-01 -3.9065e-01 -3.4505e-01 -1.1310e-01  7.1382e-01
  1.4578e-01 -2.7838e-02 -1.8127e-01  8.5778e-01 -1.0777e-01  4.2228e-01
  2.9835e-01  5.3987e-01 -4.9224e-04  2.4399e-01]"
sociologists,"[-0.22579    0.32647   -0.24082    0.37462   -1.1038     0.054876
 -0.38982   -0.8685     0.3901    -0.30254   -0.73738   -0.34924
 -0.080843  -0.097166   0.19996   -0.04886    0.079111   0.075417
 -0.64559    0.15582    0.18788    0.4989    -0.27155   -0.15381
 -0.28772   -0.82859    0.030672  -0.23268   -0.14681   -0.49311
 -0.12995   -0.24485   -0.95649    0.36097   -0.33648    0.44411
 -0.080533   0.73216    0.44267   -0.11585   -0.93807    0.48036
 -0.82998    0.043458  -1.0215    -0.83669    0.64986    0.35311
 -0.49638    0.45853    0.30748   -0.5014    -1.035      0.15772
  0.029463   0.37594   -0.34672   -0.18164   -0.5168     0.54013
 -0.34007    0.51194    0.80521   -0.021142   0.54282   -0.10304
 -0.22504    0.61234    0.93036   -0.0085287 -0.42246    0.57735
 -0.15329    0.34219   -1.12      -0.43971    0.81588   -0.50352
 -0.02951   -0.9834    -0.010952  -0.047676  -0.39706   -0.074287
 -0.63357   -0.0034967 -0.31644    0.11588   -0.42026   -0.82979
  0.78187   -0.17593   -0.75537   -0.9132    -0.076188  -0.50475
 -0.45189   -0.63151   -0.29148    0.051102 ]"
27.2,"[ 1.1567e+00  9.5706e-01  7.5255e-01 -9.9258e-01  2.1421e-01  5.0343e-01
 -1.9746e-01  1.3895e-01 -1.8784e-01  6.6740e-01  3.2841e-01  7.8746e-01
 -2.2242e-01 -5.4325e-01  1.8648e+00 -1.5583e-01 -3.9146e-01  3.1400e-02
 -7.5219e-01 -7.8802e-02 -2.2906e-01  6.5789e-01  8.3433e-01  8.9305e-01
 -3.0724e-01 -2.9271e-01  6.3847e-01  8.1648e-01 -2.2098e-01 -1.0662e+00
  7.8027e-01 -9.7484e-02  3.0679e-01 -2.7480e-01 -3.0609e-01  7.5197e-01
  1.5104e+00  1.7358e-01 -6.2859e-01  3.7440e-01  6.6471e-02  2.5904e-01
  5.9425e-02  4.6167e-01 -6.0409e-02  2.6610e-01 -5.1174e-01 -9.2808e-01
 -5.5219e-01 -7.5787e-01 -3.1153e-01 -4.9646e-01  1.1041e-01 -1.4469e-01
 -2.5649e-01  5.0702e-01 -5.2109e-01 -8.6129e-01 -5.0864e-02 -4.4352e-01
  4.8108e-01 -4.2613e-01 -7.5591e-01  8.2355e-01 -9.7003e-01  2.1662e-01
 -8.6890e-02 -1.1022e+00  1.2585e-03  4.5590e-01 -4.7551e-01 -9.3606e-02
  3.0198e-01  3.1583e-01 -5.6138e-01  4.9526e-01 -8.2605e-01 -4.0164e-02
 -4.7110e-01 -6.7855e-01 -9.2962e-02 -1.3567e-01  6.8579e-02  1.5697e+00
  4.2544e-01  1.1455e-01  2.8719e-01 -1.6917e-01  4.2830e-01  4.2863e-02
  6.1399e-02  2.0393e-01 -1.7289e-01 -7.9291e-01  7.1570e-02 -5.2718e-01
 -5.2141e-04 -4.6913e-01  8.7121e-02 -2.3018e-01]"
adorn,"[-0.56998    0.47165   -0.19471   -0.23654    0.73643    0.90454
 -0.99875    0.11851   -0.087665   0.10507   -0.11587   -0.020737
  0.60246    0.29084   -0.03087    0.22138    0.67893    0.49879
  0.18438   -0.43201   -0.55753   -0.19333    0.1552     0.0020074
  0.3017    -0.77356   -0.055169  -0.37265    0.24106   -0.67008
  0.96832   -0.33023    0.10131    0.20248   -0.47291    0.54947
 -0.10078   -0.39737   -0.1815    -0.20712    0.73621   -0.13569
 -0.26053    0.27473   -0.1144     0.28314    0.02202    0.46934
 -0.21848   -0.10291    0.33749    0.095412  -0.091325   0.36578
  0.044293  -0.166     -0.0034549  0.22136   -0.44144   -0.11968
 -0.34464    1.0124     0.46791    0.25366   -0.35379    0.53025
  0.72366    0.20094   -0.5297    -0.90176    0.50836   -0.093465
  0.073001  -0.41382    0.28551   -0.38557    0.21076    0.43727
  0.094312   0.029361  -0.019556   0.016534  -0.10376    0.19894
  0.32676   -0.22884   -0.29146   -0.048821   0.40073    0.19912
  0.33729   -0.34755    0.51317   -0.8482    -0.55836   -1.2321
 -0.46864   -0.097249   0.27868    0.37645  ]"
elise,"[-0.063938  -0.15298   -0.53438   -0.25485    0.054823  -0.47658
  0.17217    0.52983    0.66328   -1.0709    -0.1437     0.70405
 -0.067148  -0.181     -0.35142   -0.31279    0.33829    0.064405
  0.20149    0.2532    -0.39747   -0.12473    0.63108    1.1811
  1.2815     0.36446    0.91659   -1.0898     0.42797    0.36204
 -0.33727    0.16295    0.267     -0.60683   -0.18113   -0.22653
  0.17931    0.35383    0.32861   -0.10175    0.3294    -0.24402
 -0.32462    0.09396   -0.4337     0.70058   -0.78867   -0.23414
 -0.11981    0.52941    0.04684    0.0044221 -0.24172    0.42368
 -0.096627   0.78457   -0.1366     0.16882   -0.65119    0.047943
  0.0055521  0.43794   -0.44329    0.34997   -0.5188    -0.094497
  0.54214    0.31519    0.22781    0.21341    0.56934   -0.55116
 -0.53193   -0.20964    0.5636     0.089253   0.1012    -0.48443
 -0.26658   -0.6956    -0.31991    0.17128    0.61692   -0.26431
  0.065448  -0.1479     0.21408   -0.42276   -0.33139   -0.095223
  0.4406     0.065269   0.14881    0.45574    0.6012    -0.2754
 -0.39281   -0.85855   -0.24034   -0.056886 ]"
humanoid,"[ 0.049157  0.67582   0.85113   0.19792  -0.11633   0.28681   0.21836
  0.12775   0.47187   0.32375  -0.5122   -0.45298   1.2743   -0.72801
  0.51795   1.0335    0.47279   1.1298    1.1334   -0.041196  0.64634
 -0.33761  -0.24829  -0.093796  0.56348  -0.33251  -0.53163   0.1844
 -0.18266   0.48991  -0.19256  -0.39533  -0.42008  -0.78331   1.0767
 -0.11018  -0.81984   0.082291  0.60295   0.92012  -0.34755  -0.28805
 -0.025348  0.41423  -0.67605   0.2549    0.1081    0.84838  -0.44246
  0.91004  -0.4952   -0.22047   1.3806    0.4165    0.67843  -0.10453
  0.45662   0.57899  -0.58152   0.32915   0.14175   0.7346    0.10407
  0.26383   0.52298   0.12966  -0.43837   0.38046   0.19378  -0.30134
  0.32277  -0.3366   -0.69323   0.092967 -0.30126   0.12505  -0.6374
 -0.21756   0.1368   -0.14994   0.076187 -0.14388  -0.40789   1.0983
 -0.30472  -0.15653   0.50124   0.1516    0.47603  -0.309     0.15993
 -0.42785   0.59708   0.21348   0.92646  -0.76674  -1.2805   -0.43759
  1.029    -1.1823  ]"
a4,"[-0.72989   0.17954   0.30013  -0.13479  -0.63619  -0.045731  1.0651
  0.1478    0.50148   0.85459   0.65827   0.64812  -0.65323   0.027318
  0.6238    0.39859   0.66551  -0.52376   0.55767   0.46291  -0.27389
  0.029743  0.096017  0.18624   0.90609  -0.25252   0.041698  0.10018
 -0.45677   0.17842   0.20246   1.1288    0.21123  -1.0826    0.18362
  0.44456   1.1236   -0.16022  -0.285     0.61057  -0.10898  -0.67873
 -0.33208  -0.089491 -0.41128  -0.10167   0.88159  -0.085267 -0.22799
  0.60293   0.061993  0.096312  0.21113  -0.067467 -0.8915   -0.17515
 -0.59936   0.23044   0.2491   -0.49141  -0.76863  -0.4145   -0.19323
  0.77589   0.346    -0.053755 -0.4085    0.10641   0.16277  -0.15736
 -0.18784  -0.42544   0.50682  -0.20797  -0.36396   0.49318   0.96196
  0.69831   0.73263  -1.0989   -0.018445  0.51196   0.13842   0.26141
  0.80269  -0.56211  -0.47582  -1.0467   -0.024365  1.071    -0.8062
  0.94655  -0.030109 -0.090493  0.39926  -0.76409  -0.28965  -0.77916
  0.85404   0.51655 ]"
gulag,"[ 4.1117e-01  1.2210e+00  9.0256e-01 -2.5385e-01 -5.1675e-01  1.5722e-01
 -1.4394e-01 -6.4129e-01 -4.5040e-01 -1.9291e-01 -4.2270e-01  9.8799e-01
 -6.1887e-01  3.0670e-01  3.2168e-01 -4.2950e-01  9.3495e-01 -7.1818e-01
 -1.3098e-01 -1.1159e+00  4.5014e-01  8.3994e-01  3.6373e-01  4.2909e-01
  2.4687e-01 -5.5610e-01 -6.0822e-01 -9.1861e-02  9.3930e-01  5.8037e-01
  3.6952e-01 -4.3132e-01  2.6127e-01  7.9764e-02 -4.9984e-01  5.9516e-02
 -5.3997e-02 -1.0021e-01 -2.0993e-01 -9.5187e-01 -4.6370e-01  5.8032e-01
 -1.6671e-01  4.9994e-01  2.4986e-01  1.1014e-01  1.0689e-01 -9.4519e-02
  4.8625e-01  1.3743e+00 -2.2586e-01 -2.0763e-01  6.4084e-01  4.6815e-01
 -5.0704e-01  7.0388e-01  7.9949e-01 -4.7795e-02  5.5871e-01  6.8895e-01
 -9.7133e-01  1.1267e-01 -5.6705e-01 -5.9138e-01  1.1699e+00  2.7071e-01
  2.5893e-01 -3.3513e-01  4.9172e-01  3.8649e-01 -2.5767e-01  1.4420e-01
  7.6401e-02  6.0991e-01 -4.4339e-02  2.4824e-01  1.9614e-01  9.6050e-01
  1.2299e-02  1.0755e+00 -1.5336e-02  5.3069e-01 -2.3561e-02  4.3586e-01
 -8.6366e-01  9.7374e-01  5.4589e-01 -1.4822e-01 -1.1896e-01  2.9223e-01
  1.2792e+00  8.8439e-04  8.1644e-01 -3.9337e-01  1.5799e+00 -3.8309e-01
  2.7129e-01  8.2179e-02 -8.6293e-01  2.8213e-01]"
alright,"[ 0.34696    0.27196    0.5831    -0.71454   -0.25981    0.42778
  0.52034    0.51668    0.36173    0.17199    0.85796    0.44465
  0.91335    0.26075   -0.16007   -0.66268   -0.6149     0.5662
  0.44054    0.50573    0.59309   -0.13132    0.22593    0.3125
 -0.22834    0.99056   -0.10247    0.13601    0.38708    0.40551
 -1.053     -0.038115   0.91954    1.0808    -0.067598   0.65172
 -0.32633    0.04631    0.066399  -1.3928     0.64115    0.94349
 -0.14767    0.30619   -0.74065   -0.17098   -0.32252   -0.094326
  0.19677   -0.40817   -0.57944   -0.40625    0.22435   -0.075555
 -1.0896    -0.3539     1.3893     0.66216   -0.71144    0.0090401
 -0.027667   0.74331   -1.1747    -0.040451   0.80282    0.3821
  0.44452    0.80047   -0.2156    -0.92224    0.77203   -0.11968
  0.37932    0.034341   0.97012    0.27052   -0.20457    0.77066
  0.55151   -0.26636   -0.47098   -1.0676    -0.53678    0.5409
 -0.62211   -0.13185   -0.43205   -0.10942   -0.97432   -0.00825
 -0.094703  -0.12896   -0.069476   0.054902   0.11906   -0.25123
  0.7872     0.19572   -0.10706   -0.060451 ]"
misdemeanors,"[ 0.17454   -0.13765    0.20944    0.048507   0.46906    0.90423
  0.30532    0.055386   0.16936    0.48323   -0.42097    0.042165
 -0.87415    0.85892   -0.17682   -0.44888   -0.20795    0.74236
 -0.46409    0.84092    0.46463   -0.7655     0.46133   -0.039838
  0.80655    0.10542   -0.15195   -0.6046    -0.30321    0.083057
  1.1594    -0.99196   -0.12237   -0.2013    -0.018434   0.51041
  0.86244   -0.52654    0.10252    0.83949   -0.060022   0.15905
  0.0076749 -0.19648   -0.20272    0.44421    0.65604   -0.80483
 -0.29882   -0.13994    0.5051    -0.71682   -0.11813    0.23548
  0.30085    1.5317     0.62803    0.36421    0.53828    0.48721
 -1.3531    -0.034675  -0.99943   -0.005804   0.039809  -0.34166
  1.3092    -0.16789    0.30975    0.36398   -0.46053   -1.0489
  0.0872     0.091142  -0.35795   -0.051965  -0.12338    0.080614
 -0.1199    -0.2854     0.13857    0.25148    0.45026    0.13865
 -0.78255    0.36131   -0.051983  -0.35344   -0.33301   -0.029358
 -1.1797     0.019047  -0.74248   -0.15009    0.52369    0.66211
  0.012786  -0.33259    0.53284   -0.22613  ]"
e-islami,"[-0.75152    0.75971   -0.92135   -1.1192     0.12219    1.1087
  0.71346   -0.33076   -0.13414    1.4051     0.56689   -0.47949
  0.5279     1.1007    -0.15207   -0.62262   -0.18622   -0.73333
  0.17675   -0.29228    0.99666    0.10268    0.52367   -0.015875
 -0.86226   -0.51563   -0.30895    0.3454     0.22065   -0.38628
  0.2217    -0.1391    -0.33256    0.33262   -0.2177    -0.39624
  0.51773    0.86269   -0.22933   -0.86956   -0.27711    0.99887
  1.503     -0.5383    -0.22131   -0.61596    0.26955    0.9276
  0.40388    0.20935   -0.11406    0.29006    0.26528   -0.27748
 -0.42308    0.90042    0.030236   1.0044     0.26087    0.13682
 -0.49144   -0.68768    0.48155    0.36758   -0.52744   -0.16659
  0.25028    1.0311     0.51223    0.043259   0.45803   -0.47903
 -0.8926    -0.64719    0.11947   -0.5716    -0.3269    -0.66659
 -0.1047     0.61662   -0.4464    -0.37002    0.61653   -0.11862
 -0.18301    0.096645  -0.8884     0.98297    0.49396    0.29368
  0.33984   -0.031072  -0.0048111  0.1023    -0.11398   -0.86577
  1.279     -0.44562    1.094      0.3325   ]"
422,"[ 3.6564e-01  3.9115e-01  4.4421e-01 -2.7689e-02  3.1189e-02  3.4121e-01
  2.1039e-01  7.7819e-02 -1.4658e-01 -3.8513e-02  6.5982e-01  2.3688e-01
  1.1850e-01 -2.4508e-01  5.7833e-01 -1.2046e-01  3.1713e-01 -1.5984e-01
  1.9742e-01  3.0732e-01  1.0587e+00 -2.8981e-02  1.3783e-01  7.6543e-02
 -7.5345e-02 -4.7148e-01  1.1393e+00  3.5179e-01  5.2895e-03 -5.1152e-01
 -9.4288e-02 -7.9176e-02 -7.6448e-02  1.1488e-01 -3.7714e-01  6.5640e-01
 -2.7897e-01 -1.5389e-01  6.9405e-02  9.9148e-01  3.8866e-01 -5.8206e-01
 -1.8688e-01  6.3614e-02  1.5323e-01 -1.6161e-01  2.6100e-01 -1.1797e-01
 -5.1545e-01  4.6834e-01 -5.8603e-01  3.8759e-02  4.8677e-01  2.9186e-01
 -7.2889e-01  3.6026e-01  4.4986e-01 -5.3623e-01 -3.6670e-01 -2.7429e-01
 -2.0660e-01 -3.1872e-01  5.1567e-01  3.1055e-01 -1.1016e+00  4.3927e-01
  1.0641e-01 -1.3130e-01  1.6678e-01  7.2732e-03  2.6257e-02 -2.6361e-01
 -2.6183e-01 -1.1436e-01  1.4539e-01  3.7152e-01 -9.3581e-02  7.7480e-01
 -4.2185e-01 -3.2422e-01  1.3217e-01  5.8447e-02 -2.7354e-04  4.0103e-01
 -1.2204e-02  1.1645e-01  6.3356e-01 -8.6126e-01 -1.5231e-01  3.0460e-01
 -1.2185e-01  1.1024e+00 -4.0518e-01 -3.3457e-01 -2.3953e-01  2.2371e-01
  3.1625e-01 -7.8005e-02 -1.7893e-01 -6.0100e-01]"
ripper,"[-0.45555   -0.05059   -0.41415   -0.93911   -0.30914    0.079809
  0.64561   -0.86156    0.1961    -0.76742   -0.35099    0.23739
 -0.22573    0.97179    0.25158    0.61444    0.055998   0.07751
 -0.11975    0.21289    0.16869   -0.98446    0.39284   -0.52261
  0.42027    0.30535    0.4158    -0.16107   -0.78033   -0.25452
  0.44491   -0.72611   -0.033713   0.4301    -0.0053953 -0.77191
 -0.14596    0.043294   1.0377     0.038607   0.70698    0.51901
  0.44125   -0.29494   -0.41712    0.54883    0.53824   -0.88247
  0.66893    0.94366   -0.50024   -0.062446   0.8762     0.53772
 -1.3282    -0.14296   -0.33827   -0.14716   -0.37652    0.023004
  0.098319   0.5546    -0.26484   -0.25088    0.326     -0.088143
 -0.0045345  0.4251     0.30486   -0.084662  -0.77829   -0.71609
 -0.64536    0.34565    0.12286   -0.66152    0.55249    0.5116
 -0.084766   0.10286   -0.01632    0.249      0.61045   -0.21604
 -0.40421   -0.0042603 -0.58386   -0.18635   -0.39818    0.72579
  0.23389    0.63457   -0.47093   -0.25715    1.1278    -0.3854
  0.38238    0.52021   -0.057604   0.095671 ]"
vips,"[-1.9454e-01 -4.7992e-04  6.1102e-01 -2.2368e-01  3.4942e-04  6.5779e-01
 -4.7192e-01  2.5515e-01 -1.1367e-01 -4.0923e-01  2.4265e-01 -2.6648e-01
  3.9947e-01  1.3609e-02 -4.6530e-01 -2.9921e-01  3.1368e-01  1.3970e-01
 -3.1203e-01 -1.1716e-01 -4.9657e-01  4.1765e-02 -1.0910e-01 -4.1046e-01
 -2.2220e-01 -6.8374e-01  3.8261e-02  6.7080e-01  5.9537e-01 -6.2871e-01
  1.3567e-01 -1.0076e-01 -4.6428e-01  6.1816e-01  4.4207e-01  4.6611e-01
  2.8890e-01  6.6876e-01 -3.8067e-01  4.0583e-01 -2.0088e-01 -1.9165e-01
  1.2264e-01  4.0128e-01  5.3686e-01  1.7800e-01 -3.2128e-01  5.0119e-01
 -5.6403e-01  1.6508e-01 -6.6470e-02 -2.9147e-01 -1.5264e-01  1.2976e-02
 -2.6126e-01  1.0109e+00 -3.6981e-01  1.7615e-01  1.5738e-01  7.5405e-02
 -6.3354e-01  7.7729e-01  1.4461e-01  2.3762e-01 -4.7719e-01 -1.0915e-01
  3.5376e-01 -1.4773e-01  5.6090e-01 -1.1114e-01 -4.1568e-01 -1.3548e+00
 -3.3680e-01 -2.8094e-01 -4.5150e-01  3.7133e-01 -4.2966e-02  1.0851e-01
  4.1800e-01 -2.1744e-01  4.1087e-01 -4.8981e-01  6.9751e-01  1.8460e-01
 -6.2808e-01  6.3887e-02 -1.4007e-02  4.0041e-01 -1.3431e-01 -1.0670e+00
  1.0839e-01 -2.1386e-01  4.7701e-01 -6.5408e-01 -8.1089e-01 -5.5716e-02
  3.9534e-02  3.3906e-01  7.2316e-01  4.5357e-01]"
paleontologist,"[ 0.36922    0.82855   -0.14168   -0.32133   -0.30655   -0.40843
  0.73554   -0.45626   -0.6461    -0.12326   -1.1409    -0.0082034
  0.49983    0.23487   -0.19707    0.43102    1.0215    -0.17667
 -0.73652   -0.25683   -0.51711    0.37548   -0.62416   -0.34358
  0.52952    0.28586    0.0074475 -0.39344    0.0088136 -0.3748
 -1.4018    -0.28408   -0.33784    0.10204   -0.4072    -0.22082
 -0.71956   -0.19396    0.34436    0.072911   0.10281    0.53746
 -0.33726    0.37721    0.40929    0.26729    0.2087     0.5784
 -0.9553     0.49333    0.56423   -0.37844    0.69164   -0.43022
  0.0059012 -0.090258  -0.84136   -0.098226  -0.76183    0.088294
  0.37413    0.12314    0.55228    0.51128    0.56093   -0.30633
  0.13093    1.3571     1.0345     0.7103     0.32254    0.58791
  0.037784  -0.1962    -0.6529    -0.40278    0.82757   -0.49231
 -0.3749     0.036147   0.071285   0.23412   -0.42873   -0.40148
  1.0001    -0.23544    0.04988   -0.15189   -1.092     -0.84332
  0.44098   -0.50906    0.30311   -0.073558  -0.12253   -0.35392
 -0.60871   -1.0531    -0.80018   -0.62689  ]"
goaltending,"[ 0.01151    0.14918    0.19693   -0.8091    -1.1442    -0.26415
  0.3692    -0.72665   -1.3489    -0.58562   -0.33      -0.026002
  0.45632   -0.34747   -0.046589   0.0021529 -0.66781   -0.2014
  0.19539    0.46797   -1.1233     0.64931   -0.12645    0.60291
  0.39773   -0.91892   -0.3118     0.92303   -0.038239  -1.152
 -0.40238    0.085826   0.060665   0.30382   -0.27636   -0.3673
 -1.2116    -0.022311   0.36206   -0.74519    0.71473    0.56013
  0.47182   -0.073181   0.19006   -0.17164   -0.23893   -0.7898
 -0.32354   -0.68652   -0.29012    0.59502   -0.9949     0.41103
  0.77503   -0.51196    0.61848    0.12137    0.4698     0.10799
 -0.12501   -0.47125   -0.49828    0.21599    0.099702  -0.92134
  0.05633   -0.14933   -0.015957   0.35311    0.034482  -0.61393
  0.37077    0.11069    0.52095   -0.21146   -0.39135    0.37106
  0.49548    0.55025   -0.11088    0.41386    0.58341   -0.2669
 -0.29138    0.063407   0.38726    0.46413   -0.076758  -0.55734
  0.026454  -0.57954   -0.88576    0.12488    0.33904    0.069521
 -0.92506   -0.11639   -0.059984   1.1598   ]"
winemaker,"[ 0.0081308  0.25147    0.55215   -0.19759    0.022483  -0.04545
  0.59677   -0.027554  -0.61784    0.035536  -0.7494     0.17571
  0.39891   -0.22396   -0.91316   -0.11151    0.56711   -0.060522
 -0.37431    0.67481   -0.6648     0.43626   -0.41515    0.049571
  0.1719     0.1494     0.036387  -0.51667   -0.31769   -1.1904
 -0.57856    0.11892    0.24375   -0.44681    0.056242   0.77916
  0.0021237 -0.30058    0.81627   -0.9402     0.070285   0.84934
  0.26283   -0.12044   -0.022225   0.60118   -0.47731   -0.52119
  0.27941   -0.39964   -0.15902   -0.45592   -0.37902   -0.49476
 -0.18602    0.042281  -1.083      0.43738   -0.25943   -0.85275
  0.60385    0.092185   0.57074    0.18134   -0.011539  -0.77361
  0.58041   -0.16305    0.98917    0.33391    0.26826    0.74663
 -0.17578   -0.29661   -0.26612   -0.62292    0.18712   -0.77544
 -0.14588    0.1632     0.47018   -0.14789   -0.10834    0.3913
  0.76436   -0.38844    0.17939   -0.054966  -0.42315   -0.43569
 -0.57205    0.39567    0.060827  -0.23722    0.25908    0.59102
 -0.16009   -0.17398    0.10396   -0.26749  ]"
flynt,"[ 0.59879   -0.76114   -0.14059   -0.5604     0.0067078  1.1333
  0.20792   -0.47712    0.7517    -0.51209    0.090771  -0.097764
 -0.4748    -1.2036    -0.5067     0.66141    0.84384    0.35782
  0.29483    0.77862    0.3073     0.10941   -0.30989    0.45013
  1.4517     0.76997    1.0909    -0.095499  -0.6109     0.065909
  0.82351    0.82523    0.30169   -0.10206    0.059859   0.36411
  0.1439    -0.074186  -0.3637     0.66812   -0.82286    0.51061
 -0.28396   -0.076122  -0.81524   -0.066502   0.22741    0.25843
  0.18155    0.12643    0.26425    0.10588   -0.13107   -0.22461
  0.15934    0.11358    0.57839    0.01934   -0.65512   -0.13237
 -0.082903   0.64728   -0.3662    -0.42005   -0.16129   -0.47057
  1.6189     0.73824   -0.47894    0.49316    0.78612   -0.76134
  0.17143    0.26435   -0.89116   -0.13189    0.072606   0.30238
  0.23768    0.14568    0.22435    0.11347   -0.49799    0.53121
  0.55096   -0.26287    0.25113   -0.62417    0.20736   -0.33723
  0.6851     0.18461    0.47925    0.3951    -0.17585   -0.31692
  0.53435   -0.32301    0.11913   -0.28806  ]"
seo,"[-0.48669    0.1353    -0.33877   -0.95653   -0.6999    -0.068057
 -0.046606   0.11579    0.60417   -0.038299   1.1678     0.70011
  0.47892   -0.48239    0.9933    -0.41603    0.98337    0.42848
  0.56399   -0.22571    0.40655   -0.36619    0.16577    0.77949
 -0.25344    0.5317    -0.41609    0.40319   -0.92297   -0.091009
 -1.3482     0.22963    0.2503     0.30154   -0.092005  -0.3645
 -0.35365   -0.057608  -0.67304   -0.1879    -0.3667     0.35012
 -0.74249   -0.040373  -0.075308  -0.26064   -0.0024396  0.025966
 -0.012419   0.59184   -0.43861   -0.34534   -0.19101   -0.30094
  0.32695    0.10831   -1.1081     0.15887   -0.59794   -0.30981
 -0.62823   -0.63484   -0.34644    0.29434   -0.35023    0.14634
  0.8121    -0.14287   -0.22498    0.64575    0.057815   0.98539
 -0.69041   -1.2005     0.14874    0.46413   -0.67318   -0.14002
  0.22353   -0.5884     0.71774    0.37109    0.12592    0.033531
 -0.69439    0.31548   -0.31863    0.44493    0.58473   -0.10038
  0.052044   0.22621   -0.022795   0.35911    0.41489    0.12249
 -0.92086   -0.82583   -0.0036932 -0.32601  ]"
sparrows,"[-0.39718    0.676     -0.23143   -0.13543   -1.0127    -0.71212
 -0.37536   -1.3271    -0.20025   -0.63604   -0.28923   -0.5811
  0.49309    0.16114   -0.037358  -0.35787   -0.0026088  0.22204
  1.0222    -0.067966   1.1492    -0.20079    0.56953   -0.0891
  0.81717    0.18494   -1.0312     0.39352   -0.1975     1.0771
 -0.23974   -0.96836    0.58974    0.49704    0.020014   1.0271
  0.48882    0.39125    1.0634    -0.57539    0.70723   -0.21652
 -0.73413   -0.37772   -0.45996   -0.27827    0.86688    0.86298
 -0.64783    0.57599    0.18278   -0.73551    0.55336    0.12082
  0.3114     0.50864   -0.29267   -0.6283    -0.26792    0.53941
  0.11737    0.53117    1.0049     0.32771    0.026158  -0.21458
 -0.65027    1.4128     0.17618   -0.41754   -0.92953   -0.99156
 -0.26107   -0.2206    -0.82499   -0.51908   -0.71485    0.076734
 -0.31242   -0.5442    -0.051845  -0.82621   -0.52384    1.2926
 -0.17288   -0.24614    0.1062    -0.2624     0.60282    1.0965
 -0.31996   -0.093518   0.64499    0.25591   -1.0683    -0.39495
 -0.64455   -0.36557    0.1331     0.41065  ]"
all-around,"[ 1.0696    -0.29646    0.041494   0.12857    0.22606   -0.26924
 -0.49103    0.022184  -0.36308    0.36792    0.51397   -0.85903
  0.24323   -0.40209   -1.6442     1.0675    -0.45266    0.57099
 -0.10481   -1.2904    -0.49009    0.11767    0.52302    0.23367
  0.44232   -0.11327    0.047713  -0.1493     0.66966   -0.76394
 -0.71649   -0.49197   -0.10828   -0.25332    1.4015    -0.39539
 -0.64949    1.3858    -0.38226    0.0032038  0.64182   -0.025924
 -0.38604    0.21873    0.51006    0.27487   -0.10259   -0.54136
 -0.73731   -0.11117   -0.8478    -0.41126    0.41088    0.098835
 -0.25166   -0.6312     0.698     -0.27349   -0.069195   0.31432
 -0.39561   -0.17631   -0.38494    1.1673     0.75886   -0.99418
  0.63144   -0.20842    0.25367   -0.30824    0.29963   -0.26024
  0.94892    1.2489     0.10515    1.1235    -0.10969   -1.1861
  0.984     -1.2514     0.013826   0.3825     0.04003    0.45524
  0.38872   -0.49987    0.040421   0.25547    0.52674   -0.14703
 -0.80148    0.056252   0.88175    0.92176    0.88184   -0.25624
 -0.5778    -0.33289    0.26484    0.51996  ]"
2.60,"[ 0.83553   -0.019865   0.49502    0.28183   -0.71662   -0.36863
 -0.067073   0.023808  -0.31536    0.97832    0.11079   -0.44488
 -0.53904   -0.60698    0.23779   -0.5547    -0.44693   -0.58369
 -0.13742    0.83792   -0.16876   -0.79732    0.24406    0.50959
  1.6741    -0.49823   -0.11075    0.19319    0.098688  -1.0817
  0.15848   -0.012972  -0.21027    0.2087     0.43119    1.1173
 -0.12622   -0.19587   -0.0061186 -0.038811   0.2133    -1.1173
 -0.51323   -0.24352   -0.66536    0.36732   -0.32461    0.4544
 -0.11848   -1.3464    -0.28412   -0.85303    1.1388     0.31893
 -0.98917    1.1624    -0.35466   -0.49112    0.65196    0.067973
 -0.35197   -0.57336   -0.44836    0.59693   -0.8661    -0.78911
 -0.80503   -0.5062     0.47573    0.74096   -0.37827    0.031437
 -0.086606   0.6308     0.11098    0.59435   -0.42865   -0.44913
 -0.42933    0.59643   -1.0262     0.51752    0.61949    0.076271
  0.5735     0.11648   -0.017972   0.47846    0.065217   0.061461
 -0.18353    0.37127    0.98495   -0.87741   -0.49163   -1.1281
  0.065944  -0.57501   -0.26142   -0.58667  ]"
purges,"[ 0.033686  0.10964  -0.68822  -0.52446  -0.2374    0.55893   0.098109
 -0.54919  -0.28873   1.126    -0.10173   0.51566   0.27655   0.7049
  0.41407   0.24207  -0.075883 -0.38952  -0.36012  -0.60556  -0.023727
  0.27981  -0.14741  -0.21864   0.24334  -0.54608  -0.13245   1.0032
  0.25339  -0.79348   0.73144  -0.256     0.39308   0.030012 -0.89973
 -0.098306  1.0731   -0.747    -0.59547  -0.097069 -0.75615   0.3494
 -0.31178  -0.13219   0.16792  -0.26756   0.54118  -0.64902   0.44638
  0.55025  -0.40751  -0.12636  -0.10008   0.86118   0.30554   0.68292
  0.11288   0.13948   0.13508   0.056016 -0.71569   0.37339   0.24665
  0.53399   1.0739   -0.54784   0.045265 -0.49758   0.33502   0.50177
 -0.22471  -0.61734  -0.22695   0.4663   -0.24487  -0.095587 -0.86168
  0.17347  -0.48305   0.78344   0.70948   0.45429   0.097245  0.32407
 -0.7819    0.25199  -0.36127  -0.3004   -0.7599    0.27699   0.48676
  0.20832  -0.04232   0.74757  -0.097717 -1.0632    0.52362  -0.24924
 -0.54717   0.25392 ]"
mares,"[-0.0018755  0.15172    0.025353  -0.040218  -0.42513    0.0027502
  0.55852    0.52236   -0.022585   0.028736  -0.028068   1.2652
 -0.059038  -0.37157    0.4609    -0.88592    0.65396    0.46516
  0.60161    0.068497  -0.54525   -0.029028   0.14118    0.4536
  0.69489   -0.006227  -0.21122   -0.32459    0.15277    0.52116
 -0.21531   -0.42526    0.8447     0.019732   1.0112     1.034
 -0.51987    0.95878    0.12943    0.85853    0.76642    0.070254
 -0.63382   -0.8184    -0.032337  -0.2943    -0.41272   -1.0231
 -0.29893    0.17346   -0.59045   -0.72687   -0.4693     0.44397
  0.074806   1.0361    -0.088181   0.25661   -0.21143    0.27303
  0.64383    0.080473   0.47383   -0.6377     0.16027    0.29239
  0.0082947 -0.078872   0.067487  -0.13259   -0.64448    0.45286
 -0.19453    0.38228   -0.58471   -0.029519  -0.32815    0.087349
 -0.46925   -0.43746    0.67836    0.34288   -0.073233   0.94596
 -0.052065  -0.069756  -0.75883    0.71495   -0.36542    0.53813
 -1.0469    -0.2368     0.22111   -0.10297   -0.67557    0.23849
 -1.3058    -0.19606   -0.49102   -0.32001  ]"
equinox,"[-0.013368   0.2439     0.066475  -0.085231  -0.10978   -0.28093
  1.0283     1.1832    -0.99325   -0.2429    -0.11401   -0.17245
  1.0874    -0.77249    0.64621   -0.020279  -0.059031   0.22692
  0.26495    0.28316    0.27561   -0.67992   -0.33972    0.6693
  0.20199    1.2446     0.18384   -0.055964   0.19559   -0.19806
  0.098878  -0.6275    -0.026811  -0.24551   -0.31138    0.7476
  0.412     -0.11588   -0.091981  -1.1386    -0.16908   -0.20065
  0.23692   -0.0094975 -0.87435    0.82175    0.19169    0.1242
  0.72934    0.099048   0.012299  -0.30295    0.41165   -0.72743
 -0.068384  -0.25111   -0.080946   0.4692     0.35906   -0.24792
 -0.3559     0.22945   -0.079286   0.72574    0.64231    0.24295
 -0.27945   -1.785      0.81054    0.16959    0.13427   -0.58155
 -0.39      -0.41949   -0.83192    0.050678   1.0179    -0.36406
 -0.17461   -0.63071   -0.12814   -0.084635  -0.26082    0.25137
  1.5006     0.0231     0.58476    0.070702   0.40855   -0.32052
 -0.56207    0.43717    0.40929    0.54885   -0.058469  -0.21049
  0.03599   -0.1028     0.5815     0.57621  ]"
cochin,"[-5.5709e-01 -9.2536e-01  5.5674e-02  2.0557e-01 -1.6444e-01  2.5668e-01
 -7.7916e-01  3.7811e-01 -1.2184e-02  1.0974e-01  2.0205e-01 -4.8604e-01
 -2.4282e-01  8.7896e-01  2.0421e-01 -5.0753e-01  1.0423e+00 -3.8359e-01
 -2.5354e-01  4.7941e-01 -2.4374e-01  1.3785e-01 -2.7971e-01 -1.4186e-01
  2.4108e-01 -1.7998e-01  7.2088e-01 -2.2928e-01  6.9395e-01 -4.1512e-01
 -3.7024e-01 -1.4113e-01  5.7354e-01 -2.1971e-02 -5.4788e-01 -2.2569e-02
  1.6597e-01  3.9800e-01  8.7040e-02 -2.3070e-01 -4.3493e-01 -1.4278e-01
 -3.1224e-01 -2.1213e-02 -2.7761e-01  2.0787e-01  1.2799e+00  8.0959e-01
  3.7056e-01  1.3296e+00 -8.0271e-01  3.3546e-01  7.7315e-01 -6.4861e-02
 -1.2323e+00  6.4410e-01 -1.0549e+00 -3.8736e-01  1.6450e-01 -8.7446e-01
  1.7358e-01 -2.1683e-01 -2.0064e-01  9.3946e-01 -4.3181e-01  4.4329e-01
 -1.2301e+00  2.1961e-02  1.9068e-01  1.6220e-01 -3.5426e-01 -2.0040e-01
  9.5908e-01 -1.3320e-01 -5.1967e-01  1.3497e-02 -5.7522e-01 -5.7991e-01
 -6.6343e-01  9.2808e-01 -1.3381e-01 -3.5676e-01 -4.0237e-01  1.3580e+00
 -2.0096e-01  5.0406e-01 -5.3618e-01 -4.0397e-01  8.3591e-02 -7.5949e-01
 -2.8498e-01 -6.5556e-01 -9.4806e-02 -5.8084e-02 -2.7957e-01  3.4669e-01
  3.5730e-01 -2.4004e-05  1.7896e-01  3.8857e-01]"
gulls,"[-0.39326   0.56555   0.3721   -0.86694  -0.29628   0.76312  -0.28918
 -0.44606  -0.54889  -1.02     -0.19355   0.12543  -0.35057   0.016096
  0.11443  -1.1353   -0.22624  -0.1696    0.64632  -0.010924 -0.66399
  0.34223  -0.14475   0.11033   0.14367   0.3952   -1.0755    0.99029
 -0.096279  0.24846  -0.67553  -0.52762   0.32318   0.40262   0.46899
 -0.26658   0.39764   0.82807   0.5717   -0.39349   0.60866  -0.29782
 -1.0592   -0.7462    0.41251   0.52294   0.85673  -0.17062  -0.31334
  0.041765 -0.24393   0.242    -0.77209   0.24379  -0.87255   0.18334
  0.38018   0.28994  -0.37375   0.51415  -0.60423   0.72783   0.83214
  0.16842   0.39828  -0.3143   -0.85094  -0.31612   0.08726   0.05544
 -0.17278  -0.75602   0.53963  -0.040394 -0.5923   -0.57294  -0.57846
  0.57952   0.30589   0.2111    0.48337  -0.29489   0.84257   0.52905
  0.01262  -0.38164   0.072474 -0.22369   0.15279   0.029344 -0.18705
 -0.76604  -0.071349 -1.1674   -0.74035  -0.098406 -2.0361    0.74949
 -0.18627  -0.22042 ]"
huntley,"[-0.47649   -0.26815   -0.17604   -0.60472   -0.80964    0.48055
  0.11818    0.43787   -0.56204    0.34619    0.52508    0.78429
  0.10271    0.33038   -0.23098    0.060898   0.2871    -0.70342
 -0.74673    0.11831   -0.5768    -0.28729    1.0054     0.35985
  0.66844    0.15908    0.52052   -0.11772   -1.1237     0.85291
  0.37415    0.41574   -0.13399    0.36343   -0.53225    0.11167
 -0.12153   -0.010825   0.097332   0.0035637 -0.42057    0.31141
 -0.75606    0.32021    0.28182    0.41883   -0.92088   -1.209
  0.48506   -0.37472    0.32773   -0.80865    0.49537    0.46695
  0.019057   0.12113    0.33483    0.02928   -0.57143   -0.18087
  0.29395   -0.77507   -0.021709   0.47713    0.31367    0.097836
  1.0111    -0.23607   -0.83841   -0.28363   -0.51649   -0.29585
 -0.47092    0.17691   -0.0043791 -0.76964    0.96099   -0.35176
 -0.28276   -0.80562    0.090302   0.76887    0.11456   -0.68147
  0.76699    0.30154    0.033553  -0.20374   -0.56468    0.1697
  0.042863  -0.28647    0.30922    0.32279    0.16537   -0.42161
  0.10626   -0.24878   -0.20373    0.72555  ]"
gunship,"[-0.37655    0.066853  -0.67006    0.47506   -0.65297    0.10296
  0.33728    0.11181    0.31633    0.54172   -0.063945  -0.18472
  0.028913   0.072021   0.53035    0.16848    0.13191   -0.25384
  0.17926    0.60412    0.71668   -0.27633   -0.22699   -0.15076
  0.48747    0.28391   -1.0571     1.1411    -0.77155   -0.65136
  0.04604   -0.060076  -0.80845    0.84064    0.30661    0.11552
 -0.15562   -0.20072    1.0518     0.48841   -0.23066    0.57501
 -0.095746   1.4245     1.2583     0.36635   -0.90685    0.64806
 -0.52266   -0.14699   -1.2526     0.63887    1.0519     1.668
  0.16653   -0.23065    0.89978   -0.10751    0.25169    1.0145
  0.40045    0.28333    1.1695     1.3057    -0.36812    0.063387
 -0.35886   -0.36102   -0.93498    0.84735    0.18994   -1.3092
 -0.14133    0.0036055 -0.12564    0.27317    0.28722    0.47709
 -1.2455     0.26625    0.16883   -0.62529   -0.39945   -0.84879
  0.46299    0.095865   0.46171    0.54696   -0.2891    -0.48252
  0.13958    0.32757   -0.44128    0.39504    0.19693    0.061717
 -0.25175    0.52704   -0.26116    0.047902 ]"
viduka,"[ 0.45053    0.37549    0.087775  -0.92919   -0.38948    0.25649
  0.0030832 -0.18849   -0.50798    0.3309     0.0066686 -0.67369
  0.23956    0.062571   0.48134    0.43009    0.83736    0.38657
 -0.11807    0.15063    0.67697    0.077201  -0.0026061 -0.16802
  0.29043    0.9023     0.24518   -0.18699   -0.87472    0.0024903
 -0.56764    1.0802    -0.46758   -0.13706    0.74185   -0.66137
  0.19792    0.38737   -0.92908    0.10715   -1.399      0.40906
  1.0694     0.42376    0.15482    0.4801     0.24341    0.062472
  0.55576   -0.46093    1.2209    -0.063944  -0.47548    0.061722
 -0.051865   0.04646   -0.96516    0.34362   -0.96172   -0.20728
  0.080786   0.47486   -0.20517    0.12661   -0.44715   -0.12901
  0.58449    0.95752    0.042402  -0.38204   -0.19133    0.82711
  0.27029   -0.83119    0.51294   -0.13402   -0.19054   -0.19782
  0.41559    0.25798    0.083921  -0.039471   0.094185  -0.38517
  0.093643  -0.2619    -0.13008    0.69957   -0.12872    0.35525
 -1.0732     1.0885    -0.70641   -0.086532  -0.2606    -0.58699
  1.6671     0.87237   -0.94857   -0.38221  ]"
amputation,"[ 0.28354   0.093091 -0.30878  -0.098792  0.060197  0.66202  -1.1827
  0.21336  -0.25558   0.4428    0.14388   0.79354   0.90807   0.039582
  0.54032   0.25137  -0.54623  -0.12667  -0.11299  -0.12227   0.088308
 -0.89958  -0.13539   0.65111   1.3205    0.95149  -0.55809  -0.29461
 -0.14203  -0.71192   0.36869  -0.97828   0.071615 -0.35337  -0.34264
 -0.29655  -0.52197   0.18389  -0.47305   0.097419  0.24948   1.2143
  0.49289  -0.7426   -1.0397    0.38615   1.089     0.050952 -0.01429
  0.25341  -0.12606   0.41453  -0.18241   0.83274  -0.65111   0.51833
 -0.097822 -0.56084   0.061889  1.0745    0.091127 -0.29691   0.41417
  0.80024   0.11533  -0.012382 -0.21695  -0.39521  -0.14303  -0.84533
 -1.3285    0.33046   0.67207   0.54797   0.82638  -0.22682  -0.65502
  0.24389   0.35275  -0.84468   0.68191   0.041925  0.045934 -0.18334
 -1.3882    0.021488  0.33093  -0.10439   0.12599  -0.084131 -0.037146
 -0.40814   0.37199   0.15421   0.37218  -0.36379   0.88324  -0.12231
  0.35872  -1.0866  ]"
amg,"[-5.5095e-01 -1.4293e-01 -9.9078e-02 -5.0598e-01  1.4065e-01  4.8443e-02
  7.0202e-01  1.2308e+00 -3.3447e-01  6.3792e-02  9.5317e-01  2.3022e-01
 -9.9372e-02 -1.8392e-01  5.7757e-02  4.8444e-01  6.7183e-01 -3.5169e-01
  1.4320e+00  8.5667e-02 -9.6324e-01 -1.6737e-01 -4.8981e-01  1.6146e+00
 -9.5630e-01 -6.1946e-01  4.2221e-01  4.4759e-01  1.6225e-01 -3.0792e-01
  5.3131e-01  1.1377e-01 -1.4335e+00  4.6312e-01 -2.0669e-01  4.7017e-01
  9.3861e-01  5.1049e-01  1.0272e+00  7.0093e-01  1.4480e-01 -2.2039e-01
 -3.2681e-01  6.6791e-01 -1.1751e+00  4.5955e-01  3.5187e-01 -4.3084e-01
 -1.5341e-01 -4.6048e-01 -5.0512e-01  2.7598e-01 -3.4299e-02 -1.2028e+00
 -5.3578e-02 -4.8879e-01 -5.6463e-01  1.0947e+00  7.4899e-01 -5.4171e-04
 -5.2817e-01 -7.1697e-01  2.6146e-01  7.4428e-01 -7.5358e-01 -5.3756e-01
  3.7095e-01 -6.4680e-01  6.9553e-01 -1.9441e-01  4.5333e-01  1.3956e-01
 -2.7203e-01  4.1877e-02  1.6972e-01 -4.1145e-01  5.5580e-01 -1.6750e-01
 -8.0513e-01 -1.3881e+00  5.9877e-02  6.5546e-01  3.6352e-01 -9.1168e-01
  5.3804e-01  2.7766e-02  3.8816e-01 -4.9825e-01 -1.1115e+00  3.2463e-01
 -3.8378e-01  1.8557e-01  1.3869e-01 -4.5415e-01  6.9586e-01  1.0911e-01
 -1.4416e-01  1.9237e-02 -2.5942e-01  6.7313e-01]"
igad,"[ 3.2145e-01  3.2807e-02  5.5774e-01 -6.6302e-02  2.4627e-01 -4.5240e-01
  9.2034e-02  1.6147e+00 -2.5150e-01 -6.7554e-01  3.6831e-01 -3.5026e-01
  9.2394e-01  1.7961e-01  1.5123e-01 -6.2267e-02 -6.2183e-01 -2.5599e-01
  4.2533e-01 -3.2954e-01 -1.5677e-01 -1.3394e-01  4.1744e-01  5.7779e-02
  1.3682e-01 -4.8617e-01 -6.3562e-01 -4.9675e-01 -9.9950e-02  2.1824e-01
 -3.8433e-01 -3.0200e-01 -3.5519e-01 -1.9833e-01 -2.0001e-01 -2.0820e-01
 -1.3378e-01  8.5291e-01  4.5153e-01  1.2224e+00 -1.4964e+00  9.4854e-01
  5.0749e-01 -7.2540e-01  1.3187e-01 -1.3900e-01 -4.2398e-01  2.1971e-01
 -1.0932e+00  7.9679e-01 -1.3870e+00  1.2647e+00  3.5254e-02 -2.5473e-01
 -2.5537e-01  1.3070e-01  2.5170e-01  8.2277e-02  2.3763e-02  2.0926e-01
 -6.9215e-01 -3.4507e-01  5.3430e-01 -3.2864e-01 -6.9265e-01  4.5860e-01
 -1.2156e+00  4.6705e-01  8.1199e-01 -6.7866e-01  1.2534e+00 -7.8559e-01
 -3.4019e-01 -1.2387e+00 -1.3286e-03 -5.0355e-01 -1.2788e+00  7.9138e-01
 -5.9410e-01 -2.3240e-01 -3.5886e-01 -5.4979e-01  6.6785e-01  7.7625e-01
  3.2688e-01  1.2930e+00 -2.6684e-01  5.2152e-01  4.0104e-01 -1.0815e-01
 -6.6205e-01 -4.2891e-01 -8.6971e-01 -3.5786e-01  3.8780e-01  6.8881e-01
  1.1547e-01 -7.0003e-01  5.3733e-01  3.7380e-02]"
podolski,"[ 0.76268    0.76259    0.26965   -0.92625   -0.11885    0.28729
  0.11788   -0.16606   -0.41976    0.70225    0.15021    0.11621
 -0.38625    0.30066    0.53818    0.29538    1.0515     0.3536
 -0.20348   -0.19156   -0.41308    0.88752   -0.88111    1.0494
 -0.31206    0.14199   -0.92055    0.62831   -0.062103   0.42565
 -0.68213    0.28446   -0.5606    -0.39724    1.1741    -0.40134
  1.0598    -0.23862   -0.78261    0.03131    0.11545    0.29476
  0.14137    0.37912    0.015477  -0.2376     0.77667   -1.0409
  0.42243    0.80167    0.62008    0.0026269 -1.276      0.53872
 -0.34789   -0.33178   -0.36692    0.30038   -0.97264    0.14601
  1.3192     0.92095   -0.67227    1.013     -0.19465    0.19547
 -0.066974   0.62836   -0.62837   -0.28881   -0.12418   -0.20642
  0.62386   -0.35191    0.33896   -0.21219   -0.10801   -0.6962
  0.21582   -0.75404    0.16201    0.5624    -0.84662   -0.12429
 -0.11994   -0.46742   -0.32141    1.0666    -0.52072    0.16794
 -0.5218     0.060358  -0.37839    0.62831   -0.18145   -0.20375
  1.2181     0.52536   -1.0426     0.085889 ]"
ceausescu,"[ 1.4436     0.4218     0.086457   0.21273   -0.13409    0.72928
 -0.58007   -0.21864   -0.22736    0.54183    0.76822    0.91798
 -0.47128    0.39928    0.2144     0.72651    0.46052   -0.37909
 -0.22457   -0.19252   -0.60984   -0.31516    0.79047    0.92205
  0.27281   -0.62642   -0.057791   0.52362    0.37571    0.23412
  0.6491     0.28549    0.97021   -0.095627   0.069914   0.9293
  0.4365    -0.67149   -0.60773   -1.0675     0.035064   0.58006
  0.44765    0.025443   0.38072   -0.30899    0.14654   -0.79943
  0.33482    0.27521   -0.22014   -0.51758   -0.47674    0.62309
 -0.20279    0.7402    -0.39726    0.82616    0.44096    0.27225
  0.30807    0.21761    0.010478   0.1188     0.12752    0.1044
 -0.092527  -0.89287   -0.8082     0.42053    0.56566   -0.34213
  0.29683    0.51496   -1.0895    -0.30933   -0.54325    0.40972
 -0.056906   0.48819    0.4824     0.47966   -0.38773    0.082586
 -0.10046    0.29937   -0.0084113  0.67559   -1.0271    -0.58874
  1.2621    -0.7082     0.17483    0.7051    -0.72221   -1.2055
 -0.19308   -0.59721   -1.749     -0.62134  ]"
salinity,"[-0.97813   -0.018893   0.75058    0.71978   -1.0779    -0.36694
 -0.43288    0.013613  -0.61787    0.37384   -0.16752   -0.17991
 -0.38662   -0.46846    0.83662   -0.63444   -1.6159    -0.44685
  0.060755   0.068755  -1.0936     0.25578    0.54612    0.22099
  0.085945  -0.16719   -0.31484   -0.54197    0.013134  -0.41091
 -0.083359   0.2733     0.28654    0.28872    0.21707    0.11784
  0.65646    0.44547   -0.1856    -0.35487   -0.45105   -0.73379
 -1.4253    -0.95088    1.0962     1.0407    -0.2419    -0.42787
 -0.015781   0.12512    0.48881   -0.36039    0.1313     0.44179
  0.16399    0.30759    0.67718   -0.52279   -0.0074064 -0.45966
 -0.19557   -0.11632   -0.38667   -0.1333     0.94758    0.74713
 -0.24208   -1.6939     1.2731    -0.23276    0.1873    -0.098687
  0.97265    0.81277   -0.067573  -0.42251   -0.052495  -0.2078
  0.036979   0.89939   -0.2083    -0.37112   -0.079138   0.2602
  0.29849    0.43322    0.84467   -0.28499   -0.029174   0.41158
 -0.43192    0.40987   -1.3176     0.21453    0.29213    0.43611
 -0.50187   -0.65842   -0.14212    0.28403  ]"
pasco,"[ 0.076497  -0.13589    1.229     -0.21007   -0.27538    0.18405
  0.75211    0.95273    0.31132    0.58277   -1.0055    -0.037655
 -0.5108    -0.087356  -0.19004   -0.87433    0.28419   -0.19928
 -0.5311     0.61333   -0.18224    0.22198    0.85709   -0.0050106
 -0.1965    -0.10724    0.096281  -0.15832   -0.76007   -0.1156
  0.53606   -0.64131    0.38659    0.29215   -0.46808    0.77723
  0.25777   -0.17109    0.83531   -0.031637  -0.4244    -0.32147
 -1.081     -0.90473   -0.26873    0.62786    0.30696   -1.4302
  0.49668    0.39418   -0.90404   -0.77458   -0.86752   -1.1436
 -0.28933    0.282      0.74819   -0.16441    0.0019355 -0.075766
 -0.42838   -0.18125    0.039696   0.027392  -0.46024   -0.34857
 -0.13856    0.11262    0.31052    0.74978   -0.16784    1.173
  0.1295    -0.46738    0.81985   -0.49801    0.20865    0.20011
 -0.11893   -0.095917  -0.40865    0.15348   -0.44729   -0.10112
  0.40856   -0.1012    -0.30248    0.16352    0.33677   -0.63425
 -0.12726   -0.25098   -0.73754    0.090706  -0.33839    0.184
  0.47437   -0.18813    0.13641   -0.44305  ]"
sprouted,"[ 0.095592   0.73996   -0.34181   -0.0035159  0.86523    0.011771
 -0.27484   -0.050092   0.50638    0.057759  -0.29397    0.17437
  0.79217    0.48309    0.56501    0.18044   -0.033396   0.74814
 -0.034337  -0.59455   -0.11587    1.0746     0.061567   0.043161
  0.42      -0.28781    0.41179   -0.0068939 -0.87459   -0.10823
  0.42716   -0.31954    0.90058    0.02376   -0.33593    0.33699
 -0.0049133 -0.52077   -0.2769     0.26063    0.12255   -0.24009
 -0.63442   -0.038454   0.34699   -0.33814    0.36677    0.44889
  0.79921   -0.20373   -0.49122    0.12126    0.10455    0.30143
  0.11883    0.43396   -0.23721    0.68597   -0.37595    0.40069
  0.014691   1.2432     0.29985    0.24663    0.097728   0.05711
 -0.097976  -0.37112    0.70099   -0.2262     0.59968   -0.31222
 -0.61671   -0.4775    -0.41954   -0.13844   -0.079508  -0.23006
 -0.087756   0.13608    0.06644   -0.56519   -0.70299    0.2766
  0.26768   -0.14519    0.53296   -0.033871  -0.65014    0.16563
  0.10641   -0.081346  -0.35113   -0.41882   -0.49561   -0.45127
  0.043628   0.24127    0.33561    1.0319   ]"
sharaa,"[-1.0638   -1.2367    0.17426   0.5456   -0.31006  -0.54253   0.74125
  0.3029    1.1053    0.79885  -0.5093   -0.083976 -0.055046  0.92106
  0.68941  -0.28144  -0.53979  -1.1059    0.11698  -0.47956  -1.371
  0.28313  -0.50509   0.10171  -0.30897  -0.57219  -0.51411   0.65549
  0.43827  -0.24486  -0.035154 -0.36529   0.05516   0.42214  -0.22645
  0.56437   0.64629   0.40606   0.070099  0.32665  -0.83448  -0.60988
  0.061757  0.72164  -0.59287  -1.0556    0.62341  -0.27298   0.07692
 -0.29713  -0.54857   0.11566   0.86182   0.21581   0.17454   0.74194
  0.15481   1.4108    0.11752   0.14357  -0.2477    0.032275  0.40862
 -1.2893   -0.72743  -0.39865   1.3186    0.90952  -0.82631   0.019823
  0.44223  -1.0114   -0.0258   -1.0989    0.18794   0.92877  -0.14103
 -0.11069  -0.043776 -0.28067   0.16812   0.30683  -0.052458 -0.61795
  0.2795    0.017477  0.35033  -0.1625    0.15133  -0.82528  -1.0929
 -0.062105 -0.55111   0.1851    0.027471 -0.1104   -0.3304   -0.42155
  0.41125   0.69946 ]"
inferred,"[-0.15133    0.43197    0.11272    0.14101   -0.3254    -0.1676
  0.0075022  0.12703    0.33688    0.03598   -0.19323    0.6924
  0.71141   -0.89201    0.58325   -0.3294     0.023329   0.59551
 -0.17829   -0.089349  -0.16984   -0.18545   -0.35354    0.43967
 -0.18374   -0.28698    0.40723    0.37213    0.043823  -0.091793
  0.17227   -0.2291    -0.66398   -0.11072   -0.031477   0.17096
  0.012993   0.45028   -0.24383   -0.3159    -0.52754    0.5392
 -0.11185    0.12053   -0.057728  -0.087805   0.44607   -0.23334
 -0.26841   -0.3939     0.84251   -0.041062   0.88147    0.0046449
 -0.070596   0.4449     0.088621  -0.58475   -0.29167    0.12907
 -0.0062131  0.45021    0.0042272  0.22917    0.58499   -0.42135
  0.31543   -0.19301    0.42492   -0.16723   -0.049137   0.13385
  1.1493    -0.11937    0.018789  -0.7363    -0.08871   -0.35387
 -0.49471    0.22639   -0.9246    -0.088854  -0.82578   -0.39633
 -0.14415   -0.1037     0.66622   -0.15835   -0.36074   -0.29098
 -0.86889    0.042956  -0.1409    -0.15685    0.72377   -0.48876
 -0.39438   -0.60139   -0.53448   -0.16369  ]"
felicia,"[-0.30063   -0.29408   -0.30852    0.08328   -0.73924   -0.24028
  0.35538    0.43602    0.30019   -0.13341    0.048901   0.14103
  0.19664   -0.30784   -0.41915   -0.49021    0.41112    0.5581
  0.20237    0.47655    0.18581    0.11884    0.4605     1.0005
  0.45823    1.0179    -0.18783   -0.84656   -0.11561   -0.13345
 -0.24196    0.03039    0.12475    0.32967   -0.29526    0.18628
  0.49576    0.29071    0.17434    0.10692   -0.4024     0.14359
 -0.075598   0.54268   -0.43101    0.15839   -0.43475   -0.4755
 -0.0053142  0.73989    0.41219   -0.24297    0.42281    0.082777
  0.052428   0.37059   -0.22236    0.46945   -0.46096   -0.023187
  0.22354    0.74511    0.24018    0.40713   -0.3778     0.23355
  0.28593    0.52654    0.66422   -0.22297    0.091267  -0.40024
 -0.52372   -0.14674    0.2242     0.83696    0.10492   -0.5179
  0.15654   -0.17427   -0.39419    0.49514   -0.033858   0.11127
  0.38811   -0.42798   -0.18816   -0.13187   -0.13018   -0.37349
  0.48192    0.39819   -0.11384    0.15475    0.41485   -0.29568
  0.19483   -0.50883   -0.89994    0.17172  ]"
bower,"[-0.31735   -0.21278   -0.59834   -0.46988   -0.46987   -0.24442
 -0.095772  -0.16873   -0.31124   -0.84017    0.29286   -0.037574
  0.32668    0.036818   0.0057814  0.42846    0.26459   -0.12863
  0.07916    0.10331   -0.22657    0.24574    0.10754    0.3902
  0.3938     0.55582    0.27828   -0.044048   0.012991   0.18827
  0.12       0.23153    0.51592    0.026426  -0.4223     0.59474
 -0.29444    0.79533   -0.0014808  0.051732  -0.60976    0.32802
  0.060571   0.33089   -0.070141   0.71658   -0.20942   -0.054999
  0.054621   0.23008   -0.11129   -0.58545    0.12609   -0.1484
  0.26001   -0.25774   -0.51697   -0.14809   -0.79507    0.16553
 -0.059536  -0.078829  -0.068379   0.29718   -0.14999   -0.80496
  0.4894     0.26103    0.0046507 -0.4622     0.037596   0.16192
 -0.18342   -0.070791   0.39679   -0.43058   -0.21101    0.17034
 -0.13358   -0.015688  -0.33057   -0.073686  -0.40125    0.17919
  0.61042    0.24659    0.5437    -0.51795    0.11292   -0.04635
  0.0031522 -0.32463    0.28446    0.15031    0.27781    0.016314
 -0.046126  -0.4156     0.1933     0.4464   ]"
buggy,"[-0.57488    0.01585    0.52659   -0.47933   -0.28559    0.33297
  0.60871    0.85167    0.39122   -0.42546   -0.45544    0.97125
 -0.10692   -0.40274    0.33781    0.28617    0.34544    0.051248
  0.20281    0.21376    0.26822    0.012035   0.44001   -0.40181
  0.33343    0.65427   -1.2752     0.23256   -0.66941    0.016923
 -0.20977   -0.5266    -0.30066   -0.038321   0.28991    0.64588
 -0.37463   -0.17361    0.28703    0.0094471 -0.4261     0.04086
 -0.12298   -0.48675   -0.77825   -0.29494    0.21394   -0.15621
  0.84199   -0.63456   -1.3925    -0.45493   -0.12483    0.25172
  0.55975    0.26278    0.20657    1.0632     0.42585   -0.40977
  0.53597    0.046534   0.29139    0.91973    0.25409    0.042639
 -0.070081  -0.45899    0.20796   -0.1666    -0.71565    0.23855
  0.033517  -0.41693   -0.019624  -0.095034   0.32931    0.15336
  0.10154   -0.46204    0.16528   -0.11127    0.038136   0.90496
  0.12024    0.19465   -0.23897   -0.60718   -0.24572   -0.14261
  0.32714    0.43741    0.20109    0.11227    0.91746   -0.51653
 -0.31196    0.139      0.26237   -0.68752  ]"
intercepts,"[-1.0201e-01 -7.1427e-01  3.7811e-01 -5.6009e-02 -2.1957e-02 -2.2510e-01
  9.7324e-01 -1.3090e-01  2.7939e-02 -1.3922e-01  7.1441e-01 -6.8726e-03
 -3.2056e-01  3.6701e-01  1.0390e+00  4.6880e-01  2.2691e-01 -8.1204e-01
  7.0083e-01  6.4283e-02 -3.6395e-01  8.5441e-02  1.0298e+00 -7.3589e-01
 -2.1170e-01 -7.1885e-02 -4.6721e-01  3.9811e-01  2.5776e-01 -4.4832e-01
  5.8669e-02  2.3012e-01  1.6481e-02  8.5168e-01  3.2694e-01 -1.5824e-01
 -2.9290e-01 -2.7646e-01  5.9217e-01  2.1077e-01 -5.2302e-01  1.9151e-01
 -4.1191e-01  7.1707e-01  4.7484e-02 -4.9954e-01 -1.3190e-01  1.1818e-02
  6.2328e-01  1.4906e-01  8.4266e-01  1.2660e+00  1.1632e+00 -7.1878e-02
  5.1334e-01  5.2531e-01  3.7488e-01  8.3280e-04  7.3514e-02  5.6026e-01
 -6.1544e-01 -1.1286e-01  6.3462e-01 -3.4528e-01 -5.0369e-01  2.4051e-01
  1.9155e-01  1.3269e-01  8.7107e-01 -7.5082e-02  4.3639e-01 -4.3102e-01
  7.2975e-01 -2.2506e-01  2.4931e-01  3.8545e-01  4.9850e-01  2.7045e-01
 -6.9882e-01  1.2287e-01  8.6097e-01 -1.1671e-01 -1.9741e-01  2.5933e-01
 -7.7598e-01  6.0224e-02  9.3024e-01  7.7436e-01  4.1298e-02  2.3634e-01
 -5.7340e-02  8.0841e-01 -3.6149e-01 -6.6368e-01  2.1181e-01  1.0648e-01
 -6.0985e-01  1.0114e-02 -6.3346e-01  9.2914e-02]"
0.86,"[ 1.1011     0.61718    0.49712    0.20322    0.25033   -0.51642
  0.017211   0.031689   0.75177   -0.13223   -0.080786   0.21593
 -1.2068    -0.66386    0.94333   -0.22976   -0.88831   -0.75435
  0.60799    0.80872    0.67674   -0.15729    0.37765    0.25119
  1.3351    -0.52061    0.0026572  0.0046617  0.021173  -0.43253
 -0.36754   -1.0259    -0.74285    0.38557   -0.24817    0.37735
  0.49797    0.23485    0.037885   1.0684    -0.65153   -0.72678
 -0.76978    0.52366   -0.82924   -0.13777   -0.44825    0.90713
 -0.055409  -1.1618    -0.49006   -0.11978    0.44358   -0.17785
 -1.1276     0.91438   -0.5489    -0.17583    0.33354    0.72235
 -0.5623    -0.70848   -0.41218    0.96472   -0.82009   -1.0454
  0.0062546 -0.48005    1.099      0.20314   -1.6105     0.10836
 -0.3002    -0.19245   -0.49295    0.18382   -0.4291    -0.49066
  0.056751  -0.61057   -1.2124     0.21726   -0.34867    0.89705
  0.015493   0.12725    0.082862   1.2426     0.98756    0.52049
 -0.13264    0.61837   -0.088248   0.11363   -0.43395   -0.53742
 -0.17549   -0.7727    -0.13073   -0.09766  ]"
disbursement,"[ 0.17438   0.5565    0.89403   0.53404  -0.1685   -0.44341   0.51447
  0.7307    0.056192 -0.04559   0.33037   1.2225   -0.4468    0.14933
  0.22777   0.29848  -0.36835   0.19792   0.83779   0.27194  -0.78701
  0.24822  -0.18498   0.74105  -0.62294   0.33737   0.15341   0.48389
 -0.66065  -0.093862 -0.036927 -0.26953   0.018112  0.57965  -0.97363
  0.37385   0.18322   0.045325 -0.47804  -0.37082  -0.055882 -0.25981
  0.47487   0.61752   0.42097   0.13609  -0.14824  -0.90356  -0.15326
 -0.076808 -0.37462   0.44064   0.073207  0.26861  -0.54848   0.21532
 -0.52374  -1.0559    0.38995   0.11796  -0.071414 -0.64198  -0.2514
  0.52713   0.18183  -0.31676  -0.96497   0.50776   0.89914  -0.96426
  0.1742   -0.81476  -0.34763   0.17195   0.31496   0.35615  -1.2856
  0.44255  -0.20192  -0.23895   0.57325   0.50971  -0.059164 -0.30583
 -1.0067    0.95905   0.51751  -0.45304  -0.2912   -0.44852  -0.15131
  0.72282  -0.36356  -0.43302   0.74492  -0.22255   1.2934    0.72495
 -0.13163   0.21346 ]"
subtitle,"[ 0.09374    0.24761    0.6194    -0.31353    0.46561    0.27146
 -0.23302   -0.52003   -0.019208  -0.021884   0.35125   -0.046261
 -0.4203    -0.33411    0.26204    0.51222    0.23644   -0.44456
  0.45774    0.036578  -0.076108  -0.14871   -0.34397    0.31374
  0.37137    0.067806  -0.20294   -0.050818  -0.067812  -0.27149
  0.029261   0.096777  -0.59028   -0.2723    -0.35511    0.57696
  0.049618  -0.17277   -0.18381   -0.18051    0.40467    0.40728
 -0.24724    0.31261    0.048891   0.1204     0.18932   -0.2936
 -0.36737    0.25417    0.33654    0.49911    0.59021    0.27859
 -0.25656   -0.30739    0.38413   -0.24637   -0.11042   -0.24945
  0.24708    0.0061475  0.14276   -0.61146    0.77309   -0.25441
  0.099023   0.18084   -0.38356   -0.25071   -0.077236   0.38209
  0.604      0.23344    0.15742    0.35988    0.040002   0.029064
 -0.55132   -0.67949   -0.59435   -0.88938   -0.26026   -0.042614
 -0.49264    0.0071648 -0.04081   -1.1137    -0.10593    0.79744
 -0.56148    0.98159    0.50267   -0.075585   0.64575   -0.26265
 -0.32228   -0.40222   -0.36867    0.99416  ]"
excerpted,"[-0.65033   0.22965   1.1688   -0.78782   0.69452   0.013493 -0.24356
  0.16804  -0.54907  -0.36064  -0.54908  -0.36023   0.2074    0.076012
  0.59126   0.36324   0.24169   0.073745 -0.056577 -1.2107    0.092254
  0.13557   0.69409   1.4631    0.84775  -0.20456   0.72945  -0.71792
  0.077719  0.47182  -0.11312  -0.2403    0.81284  -0.12908  -0.034615
  0.77887  -0.29459  -0.21425  -0.25393   0.39381  -0.64343   1.3364
 -1.0184    0.58593  -0.10236  -0.54448  -0.90738   0.69981  -0.69369
 -0.48136   0.82385   0.08218   1.2403   -0.36995  -0.49043   0.70258
  0.15852   1.0621    0.76022  -0.58048   0.80741   1.3545   -0.12697
  0.12426  -0.23016  -0.98319   0.38373  -0.45365   0.61753  -0.24173
 -0.029574  0.61916   0.38664   0.9138   -0.34856  -0.877     0.46319
 -0.41302  -0.85552   0.065734 -0.74725   0.75261   0.40383  -1.3689
  0.21535  -0.1735    1.5924   -1.0468   -0.92502  -0.75155   0.49901
  0.55937  -0.38103  -0.18862  -0.065131  0.21956   0.72526  -1.2228
  0.44767   0.85622 ]"
izvestia,"[-0.66326   -0.15917   -0.12333   -0.0047615 -0.20983    0.5443
  0.33248   -0.34928    0.12713    0.46584    0.1391     0.22182
 -0.34261   -0.41744   -1.3259     0.15063   -0.028847  -1.495
 -0.52019   -1.5528    -0.012789   0.55147   -1.5901     0.57871
  0.68436   -0.5681    -0.024006   0.68502    0.42341    0.72611
  0.34789   -0.26883   -0.35568   -0.84643   -0.33084    0.60153
  0.37964    0.64281   -0.25027   -0.50216    0.16446    0.63562
 -0.68564   -0.056084  -0.36442   -0.21243    0.52565   -1.5252
 -0.37625    0.34921    0.65517    0.38637    0.35782    0.23983
 -0.36062   -0.55696    0.39182    0.9229    -0.17545    0.59007
  0.025073  -0.45948   -0.27995   -0.10623    0.034749  -0.22573
  0.058757   0.20111   -0.2528    -0.18422    0.30332    0.086371
  0.92695    0.77989   -0.29998    0.0037723  0.41013    0.18462
 -0.55232    0.12177    0.55557   -0.024346  -0.2126     0.24322
  0.76835   -1.3742    -0.032076   0.58583   -0.35048   -0.030415
  0.64287   -0.26205    0.76077    0.025023  -0.51273   -0.036453
 -0.089519  -0.22343    0.29263    1.4019   ]"
solano,"[-3.9346e-01 -7.7941e-01  9.5008e-02 -2.4159e-01  1.9859e-01  8.3873e-01
  3.5531e-01  4.0514e-01 -6.2781e-02  1.0792e-01 -4.3711e-01  3.6198e-01
 -3.3802e-01 -6.1100e-01  4.4924e-01  2.4879e-01  5.5719e-01  6.7556e-01
 -2.9989e-01 -2.1869e-01 -5.3212e-01  2.8681e-01  5.9450e-01  5.1437e-01
 -4.7557e-01  4.6462e-01  1.0374e-01 -3.7180e-01 -5.9446e-01 -4.1631e-01
 -5.8150e-01 -1.7572e-01 -3.0565e-01 -6.8158e-02  2.4034e-01  2.7845e-01
  3.8811e-01  3.0402e-01  4.2444e-01 -2.6329e-01 -1.8380e-01  3.8305e-01
 -3.0290e-01 -3.7339e-02  2.8962e-01 -1.0899e-01  3.9062e-01 -6.4887e-01
  5.3075e-01  1.3972e+00 -2.4386e-01 -2.0087e-01 -8.4919e-01 -4.2338e-01
 -2.0806e-01 -1.3119e-01 -7.4595e-01 -3.4376e-01 -6.7149e-01 -2.9208e-01
 -1.9398e-01 -9.1224e-02 -1.2019e-01 -9.0307e-04 -3.9275e-01 -8.5794e-01
 -9.7040e-02 -5.7997e-01 -4.5237e-01  7.8390e-01 -2.3658e-01  6.8670e-01
  2.1452e-01 -1.3134e+00  8.1751e-01  1.0585e-01 -1.9169e-01  4.9579e-01
 -3.5271e-01  6.7229e-01  3.4435e-02 -3.2067e-01 -2.7754e-01  2.7873e-01
  3.3858e-01 -2.6086e-01 -3.1564e-02  4.5074e-01  2.6878e-02 -8.5617e-01
 -3.1737e-01 -1.7656e-01 -8.1812e-01 -5.8612e-01 -1.0533e+00  2.6148e-01
  7.4073e-01 -1.0019e-01 -2.6815e-01 -1.9058e-01]"
ilbo,"[-0.15225   0.159    -0.33772  -0.60515  -0.61616  -0.22951   0.28857
  0.050882  0.45574   1.0787    0.089909  0.4412    0.26125   0.46537
 -0.35852  -0.70075   0.10577  -1.3693    0.10703  -1.7773    1.6178
  0.28169  -1.0647    0.1172    0.3069    0.35035  -0.18398   0.64829
 -0.50368   0.41903   0.039215 -0.37294   0.023508 -0.58492   0.66175
 -0.52724   0.014368 -0.035427 -1.2634   -0.20373  -0.59069   1.4291
 -1.3261    0.21396   0.05145   0.10314   1.3212   -1.1026   -0.59129
  0.60129  -0.12153   0.26522   0.41772  -0.83448  -0.01215   0.30165
 -0.58235  -0.30762   0.31217  -0.95683  -0.49891  -0.45172   0.052875
 -0.84368   0.1751    0.16709   0.24849   0.71723   0.24222   0.76326
 -0.05047   1.434     0.3183   -0.11565   0.25264   0.59517   0.49166
  0.32736  -1.2657    0.26499   0.26478  -0.084871  0.1132   -0.93986
  0.6592   -1.49      0.52736   1.2911    0.92697   0.28039   0.43995
 -0.058221  0.42292   0.37424  -0.47379   0.26679   0.29809  -1.4529
  0.3116    0.86953 ]"
retelling,"[-9.2198e-04  5.5862e-01  8.0006e-01  2.7292e-01  6.4373e-02  8.1753e-01
  3.2570e-01  4.2573e-03 -2.1738e-01  1.2887e-02 -5.4345e-01  5.1900e-01
 -1.5380e-01 -4.1614e-01  1.5216e-01  3.6305e-01  1.1982e-01  3.9475e-01
  7.1673e-01  3.3849e-01  2.8898e-01 -1.6437e-01  1.7779e-01  2.5783e-01
  4.9728e-01 -1.0754e-01 -6.5025e-01  2.4879e-01 -3.8594e-01 -1.1485e-02
 -4.7281e-01 -9.2169e-01 -2.6964e-01 -7.7466e-01 -6.6915e-01 -3.6552e-01
  1.0306e-01 -1.1437e-01  1.3289e-01 -3.1593e-01  2.2418e-01  3.2504e-01
 -3.1311e-01  9.0835e-01 -1.9244e-01  1.7052e-01  6.6818e-02 -7.2934e-01
 -4.8862e-03  2.4350e-01  2.7642e-01  3.6035e-01  8.8828e-01  3.8850e-01
 -3.5990e-02 -3.7905e-01  1.0754e-01  3.1230e-01 -5.0536e-01 -2.1141e-01
  2.8526e-01  1.0324e+00  1.3705e-01 -2.7845e-01  5.7308e-01 -9.7045e-01
 -3.1260e-01  1.1972e-01 -7.1541e-01 -6.3504e-02 -3.8374e-01  1.8052e-01
  1.2103e-01  2.2381e-01 -1.6203e-01 -4.1396e-02  2.2712e-01 -1.2678e-01
 -4.8012e-01 -2.0980e-01 -9.8563e-01  2.6753e-01  1.7785e-01  2.0673e-01
 -5.2161e-01  3.3666e-01 -1.1864e+00 -6.7092e-01 -2.2883e-01 -4.4907e-01
  8.9409e-01  2.2062e-01 -2.9342e-01 -4.9681e-01  1.4340e-01 -8.3933e-01
 -1.6970e-01 -5.6787e-01 -3.5531e-01  9.6626e-01]"
malabar,"[-0.33818   -0.51956    0.20363   -0.0078358 -0.53939    0.11963
 -0.47177    0.56011   -0.31071    0.11026   -0.5492    -0.23126
  0.16349    0.77816   -0.65341    0.037189   0.68412   -0.68762
 -0.33896    0.0769     0.26111    0.12465    0.19716   -0.21795
 -0.47513    0.77687    0.27825   -0.26156   -0.20073   -0.10288
  0.23818   -0.59556    0.85588   -0.43783    0.63737   -0.19212
  0.14818    0.55598    0.6699    -0.008578  -0.76894    0.43124
 -0.18509    0.25059   -0.085911  -0.33634    1.2163    -0.10544
  0.6727     0.73418   -0.88715    0.9911     0.2152    -0.49717
 -1.0076     0.043134  -0.95455   -0.49884    0.028002  -1.038
  0.48364    0.62598    0.55571    0.068941   0.0088653  0.030358
 -0.81588   -0.34193    0.18411   -0.025198  -0.076854   0.12895
  0.62794   -0.2573    -0.71515   -0.057499  -0.48519    0.61839
 -0.061072  -0.071417  -0.2323    -0.2406    -0.30537    1.1616
  0.41868   -0.21375    0.082007  -0.66245    0.60206   -0.35838
 -0.89191   -0.39668   -0.80046    0.42657   -0.17737   -0.26709
 -0.24173    0.062292   0.23672    0.038066 ]"
retraining,"[ 0.074866  0.78989  -0.85795  -0.25737  -0.44073  -0.28246  -0.65217
  0.87291  -0.031927  0.6274    0.26126   0.57841  -0.15339  -0.056814
  0.841    -0.23475   0.3897   -0.43772   0.13778   0.4422   -1.2473
  0.54092  -0.34589   0.36053   0.25177  -0.42432  -0.50112  -0.10145
 -0.81185  -0.6293   -0.59619   0.23281   0.041603 -0.21315  -0.20522
 -0.40178  -0.83742  -0.34998  -0.22874  -0.36944  -0.36517   0.31622
  0.2079    0.70937  -0.65899   0.63504  -0.16046   0.24589  -0.12566
 -0.57494  -0.93635  -0.40245  -0.99857   0.6707    0.21883   1.2942
  0.7568   -1.2399    0.71702   0.023578  0.28788   0.52502   0.26791
  0.02578   0.34623  -0.025847 -0.26174  -0.39386   0.86431   0.24711
 -0.13549  -0.41846  -0.87318  -0.57637   0.55926   0.65349   0.047661
  0.5957   -0.024426 -0.6059    0.02964  -0.24806   0.14565  -0.26544
 -0.96476   0.47471   0.99306   0.61137  -0.77888  -0.32165   0.03444
 -0.39397  -0.021156  0.11233   0.52568  -0.29926   0.98624   0.5584
  0.099157  0.07902 ]"
longhorn,"[ 0.029394  0.32728   0.67233  -1.585    -0.4472    0.68512   0.29632
 -0.42643  -1.1192   -0.43751  -0.54902   0.4253    0.21204  -0.32493
 -0.6028   -0.062962  0.8042    0.16677   0.36173   0.65599  -0.44512
 -0.53575  -0.51655  -0.32721   0.59097   0.54812  -0.29046   0.22686
 -0.47203   0.6772    0.47971   0.12694   0.16436   0.34907   0.038066
  0.3865   -1.0681    0.30758   0.93632   0.39691  -0.024018 -0.19433
  0.21265  -0.022209 -0.56989   0.60149   0.98251   0.08234  -0.070336
 -0.18452  -0.9068   -0.60952   0.33181  -0.59548  -0.51418   0.23507
 -0.80403   0.12229   0.52695   0.37665  -0.22011   0.25134   0.79309
 -0.31778   0.84851  -0.20586  -0.36469   0.10573   0.83936  -0.55231
  0.71477  -0.15044   0.11615  -0.19351  -1.1442   -0.032981  0.23261
  0.76683  -0.058385  0.45027  -0.023355 -0.30934  -0.15462   0.20821
  0.79754   0.47564   0.74894  -0.31178   0.22162   0.33976  -0.30632
  0.27041  -0.25457  -0.57611   0.42147  -1.1454   -0.62744  -0.13188
  0.98594   0.078589]"
homophobia,"[ 0.57428   1.1341    0.095102  0.013755 -0.59084   1.0289   -0.21562
 -0.33987   0.14051   0.52514  -0.64239  -0.010247  0.028164 -0.098867
  0.28365   0.073732 -0.064853  0.53791  -0.29564  -0.40188   0.18776
 -0.12695   0.72982   0.31735   0.39237   0.3609    0.54487   0.035198
 -0.14663  -0.26743  -0.55954   0.37101  -0.034207  0.50731  -0.054048
  0.25023   0.18317  -0.33356  -0.23539   0.67897  -0.70122   0.692
 -0.49138  -0.071431 -0.59643  -0.2829    0.53956   0.25484  -0.47975
 -0.40566   0.083314  0.46035  -1.3249    0.12623  -0.37146  -0.087648
  0.38598   0.01099  -0.30884  -0.47806  -0.19839  -0.2438   -0.042193
 -0.18059  -0.037413  0.12421   1.2536   -0.64906   0.46785  -0.23077
  0.40793  -0.57916  -0.31913   0.31481   0.41922  -0.18351   0.13881
  0.351    -0.87019   0.19902  -1.0323   -0.47926   0.76167   0.38194
 -0.41567  -0.6334   -1.1624    0.62846  -0.40173   0.4846   -0.30985
 -0.563    -0.095786  0.56116   1.342    -0.38393  -0.11545  -0.095686
  0.39336   0.43417 ]"
fracturing,"[-0.10586   0.26081   0.13324   0.0949   -0.013621 -0.26071  -0.24417
  0.29425   0.1701    0.20885  -0.25204  -0.19597   0.58305   0.088941
 -0.075122  0.31633  -0.40054  -0.016916  0.60431  -0.43393  -0.39478
 -0.0253    0.091745  0.6581    0.024324  0.38268  -1.0317   -0.104
  0.64186   0.79253   0.20409  -0.35358  -0.59263  -0.20505  -0.68888
 -0.62643  -0.48895  -0.023987 -0.56024   0.17725   0.1201    0.37529
  0.377    -0.25692  -1.2206    0.31146   0.14963   0.27141  -0.058877
  0.057947 -0.43403   0.69876  -0.081787  0.54171  -0.018022 -0.3527
  0.082439 -0.83707  -0.082274  1.1215    0.26225   0.018327  0.76785
  1.2453    0.34576   0.90947   0.4273   -1.0958    0.046197 -0.82455
 -0.49402   0.63849   0.092166  0.58861  -0.22261  -0.37795  -0.021721
 -0.19367  -0.51738   0.054868  0.31622  -0.10492  -0.35627   0.7095
 -0.13233   0.13189   0.65801   0.36509  -0.4964   -0.1451   -0.23411
 -0.20714  -0.62721   0.78227   0.86265  -0.10851   0.15977   0.072741
  0.1953    0.14078 ]"
diminishes,"[-7.7038e-02  5.0336e-01  5.3574e-01  4.5898e-01 -2.1133e-01  8.2691e-03
 -4.7432e-01 -5.9042e-01  7.6063e-01 -1.0634e-01 -3.9743e-01  5.8530e-01
  1.7300e-02 -7.7956e-01  1.7249e-01 -1.9016e-01 -4.0495e-01  4.1467e-01
  4.6483e-01  1.4926e-01 -1.7611e-01 -4.6572e-01 -1.3262e-01 -1.0086e-01
  3.7087e-01  7.4046e-01 -3.2921e-01 -7.2877e-01 -1.1832e-01 -5.7538e-01
  7.8739e-01  2.6118e-01 -3.6351e-01 -1.6907e-01 -5.3694e-01  9.5969e-03
  7.9525e-02  3.3082e-01 -6.6849e-01 -1.2842e-01  2.0462e-01 -8.2513e-02
 -8.2003e-02  5.6055e-02  4.3882e-02  2.2796e-01  5.2947e-01 -3.9684e-01
 -4.7359e-01 -5.5099e-01  1.8530e-01  6.9104e-02  7.8059e-02  7.4571e-01
  5.8369e-02  1.9849e-01  2.4804e-02 -7.0606e-01 -5.1359e-01 -4.3568e-01
 -4.5149e-01  1.1160e-01  3.3119e-01  4.7304e-01 -3.3660e-01  6.6497e-01
 -9.5458e-02 -6.6797e-01  5.4582e-01  8.1755e-03  8.8815e-01 -1.0273e+00
  5.2100e-01  6.2953e-03  7.4711e-01 -1.1671e-01  6.4354e-02 -6.9461e-01
  5.9505e-02  4.0185e-02 -2.9662e-01  1.3316e-01 -7.7910e-02  4.5388e-01
 -3.0030e-01 -5.6270e-02 -1.7492e-01 -1.7849e-02  1.0296e-01  9.4177e-02
 -7.5639e-02 -5.8241e-02  2.3116e-05  4.1282e-02  6.0080e-02 -8.0079e-02
  8.0129e-01 -1.3357e-01 -4.3651e-01  8.4818e-01]"
wayside,"[ 0.56806    0.79198    0.1593     0.028043   0.12588    0.14938
 -0.75049   -0.15688    0.38044   -0.9211    -0.16697    0.59928
  0.37692   -0.37565    0.16209    0.013952  -0.072917   0.56234
 -0.086777   0.13354    0.086688   0.40548    0.099488   0.034231
  0.18533    0.0018592 -0.66355    0.028536  -0.53141   -0.50509
  0.37332   -1.1059     0.2304    -0.35947   -0.56391    1.1768
 -0.78492   -0.48898    0.23655   -0.71299   -0.37822    0.67082
 -0.72395    0.43677    0.13       0.14755    0.52546    0.67598
  0.22323   -0.23063   -0.11246   -0.77074    0.019665  -0.36757
  0.27303   -0.4721     0.28001    0.51673   -0.10687   -0.045259
 -0.023662  -0.063946   0.30806    0.52594   -0.5384     0.23281
 -0.42419    0.024949   0.21926    0.1509    -0.77926    0.0070662
  0.74743   -0.64266   -0.39928   -0.30895    0.1294     0.67533
  0.1865    -0.14202   -0.35822   -0.1743    -0.022811   0.044735
 -0.020432   0.49638    0.086565  -0.041429  -0.1165     0.28057
 -0.68774   -0.077729  -0.1401     0.89799   -0.74857   -0.87679
  0.62393    0.16022    0.011321  -0.066521 ]"
notches,"[ 1.9971e-01 -1.7475e-01  3.5180e-01 -5.4863e-02 -4.3578e-01 -5.1548e-02
 -9.7112e-01 -9.9204e-02 -1.3125e-01  7.4445e-01  1.7193e-01  6.7115e-01
 -7.2738e-01  3.3179e-01 -2.2248e-01 -2.3756e-01 -9.2595e-02  6.8658e-04
  8.4473e-01  1.1078e-02 -1.0580e-01  7.3230e-01 -6.4620e-01  1.1324e+00
  5.0418e-01 -3.9348e-01 -1.1220e+00  5.2405e-01 -5.7426e-01 -1.7428e-01
  5.6317e-01 -6.3361e-01 -5.9388e-01  1.3488e-01  6.0692e-01  7.7303e-01
 -3.1383e-01 -8.3805e-01 -3.4315e-01  6.3822e-01  3.5482e-01  4.6023e-01
 -6.9701e-01  1.2278e-02 -5.0605e-01  2.7598e-01  1.4579e-01  6.8530e-01
 -2.6581e-01 -2.9724e-01 -3.3173e-01 -1.0288e+00 -3.4848e-01  4.5760e-01
 -5.7318e-01 -4.4142e-01  3.5197e-01 -2.6361e-02  2.2974e-01  8.6232e-01
 -2.3131e-01  3.0511e-01 -2.5222e-01  9.3874e-01 -5.6988e-01  3.7238e-01
  2.5226e-01  6.1586e-01  7.3686e-01 -5.1782e-01 -4.7789e-02  4.4545e-01
  2.2774e-01 -9.5606e-02  2.8917e-01 -1.8716e-01 -5.0021e-01 -4.4047e-02
  6.0998e-01 -5.0915e-01  2.9733e-02 -1.9084e-01  1.1559e-01 -6.6716e-01
  5.9032e-01 -2.1197e-01 -8.5871e-01 -1.2876e-01  9.3112e-02  1.5512e-01
 -1.2209e+00  8.4483e-01 -1.1095e+00 -3.9462e-01 -4.1074e-01  1.5456e-01
  7.6797e-02 -3.5519e-01 -1.2027e+00  3.0080e-01]"
aeronautic,"[ 0.46608  -0.1214    0.35507   1.027    -1.1243   -0.4204   -0.41769
 -0.49057  -1.172     0.23125   0.56835  -1.6096   -0.24115  -0.07028
 -1.1613   -0.27502   0.50387   0.47531   0.57118   0.33289  -0.50704
  0.079555  0.34955  -0.48697   1.3572   -0.44309  -0.24576   1.2486
 -0.57311  -0.33455  -0.26573   0.12612  -0.92081  -0.57372  -0.19911
  0.78468   0.59828   0.87992   0.54525   0.03149   1.1187   -0.34057
 -0.57165   0.077009  0.46394   0.31793  -0.25653   0.45744   0.023052
  0.31326   0.52013  -0.35503  -0.099869  0.4168    0.31338   0.27652
  0.51826   0.16356   0.54773   0.93377   1.4335   -0.72971   0.18891
 -0.069978 -0.82527   0.96423  -0.57989   1.0518   -0.17922   0.13255
 -0.15667   0.44759   0.70121  -0.64712  -0.18907  -0.8814   -0.42977
  0.20175  -1.0516    0.68597  -0.28163   0.32208   1.308     1.0482
  0.072262 -0.85226  -0.46512   1.4018    0.53084  -0.69197   0.1971
 -0.67855  -0.02223   0.043538  0.66585   0.98779   0.10581  -0.35566
  0.71961  -0.50193 ]"
sleazy,"[ 0.034678  -0.45733    0.35469   -0.54081   -0.52883    1.14
 -0.38923    0.081732  -0.2257     0.46678    0.27818   -0.23111
 -0.15828   -0.21015    0.20431    0.51561    0.17211   -0.29368
  0.85413    0.63033    0.8816     0.76172   -0.24906   -0.7417
 -0.12896    0.10992    0.39873   -0.21225   -0.35871    0.08693
  0.26495    0.40964    0.15775   -0.30898   -0.20485    0.49822
 -0.48595   -0.29058    0.5404    -0.20076    0.46154    0.095834
 -0.31912    0.17917   -0.34087    0.04451   -0.089593   0.55145
  0.26763   -0.097959  -0.17977    0.15806    0.13838    0.1481
 -0.22312   -0.056186   0.26366    0.42182   -0.26138   -0.63519
 -0.1939    -0.0012744 -0.069765  -0.062371   0.56893   -0.16789
  0.7093    -0.091263  -0.010067  -0.46576   -0.025861  -0.54659
 -0.222      0.31005   -0.29448   -0.44987    0.0040886 -0.11647
 -0.12743    0.40738   -0.050369   0.22267    0.60413    0.18092
 -0.37134   -0.30946   -0.37674    0.34602   -0.42217   -1.0396
  0.031114   0.52937    0.17475   -0.36174    0.79492   -0.039695
 -0.30396    0.084378   0.056648   0.66673  ]"
beggar,"[ 0.96584    0.62847    0.47581   -0.41837   -0.58932    1.1532
 -0.6748    -0.040529   0.41362   -0.1492    -0.86173    0.51546
  0.63774    0.26444   -0.054031   0.18375    0.073707   0.069567
  0.031804  -0.071393  -0.41051   -0.26234    0.098898  -0.66784
  0.72384    0.46358   -1.1165    -0.55437   -0.33419    0.094426
  0.063465  -0.25715    1.1078    -0.10082   -0.2918     0.37869
 -0.42555   -0.071159   0.52288   -0.46627   -0.50642    0.7483
  0.17892    0.26587    0.61444   -0.31353   -0.49145    0.057217
  0.091588   0.13579   -1.222     -0.0068018  0.27831    0.43978
 -0.87602   -0.16947    0.049192   0.19223   -0.15243   -0.37969
  0.10608   -0.39115   -0.59672    0.46167   -0.27478   -0.22956
 -0.21504   -0.51023   -0.53672   -0.26348   -0.258     -0.23812
  0.63878    0.077131  -0.25051   -0.015008   0.43305   -0.40062
  0.073268  -0.64799    0.31459    0.30757    0.17133    0.86254
 -0.24622    0.19508   -0.71066   -0.02972   -0.19501   -0.24386
 -0.038764   0.47364    0.37145   -0.90012    0.38703    0.2038
 -0.042602  -0.37463   -0.34812    0.1339   ]"
explanatory,"[-5.8544e-01 -5.5123e-01  1.8072e-01 -5.4687e-02  5.3119e-01  5.0113e-01
  1.4770e-01 -2.2252e-01 -3.4873e-01  5.5978e-01  1.9576e-01  5.6175e-01
 -6.1699e-01 -1.0454e-01  7.8858e-02  8.6165e-01  3.3349e-02 -1.2792e-02
  1.2410e+00 -8.1065e-01 -3.9973e-01 -5.6950e-02 -6.2917e-01  6.2994e-01
  8.4655e-01 -5.3106e-01  1.4056e-01  5.5350e-01 -1.8707e-01 -2.9836e-01
  3.9843e-01 -8.6182e-01 -9.0386e-01 -4.3474e-01 -6.4140e-01 -4.2440e-01
  1.2575e-02  7.6058e-01 -5.1944e-02 -5.8712e-02  2.1908e-02  2.7269e-01
 -1.6677e-01 -2.7409e-01 -4.7321e-01 -3.2116e-01  1.9624e-01 -8.6551e-01
 -6.0890e-01 -3.2948e-01  2.0331e-01  3.2816e-01  4.3422e-01  1.6932e-01
  5.3871e-01 -1.1213e-04  8.9412e-01  1.2464e-01  2.5907e-01 -2.1290e-01
 -7.6258e-02  1.3700e-01 -5.5676e-01  2.4672e-01  6.6659e-01 -2.7836e-01
  3.1039e-01  3.2397e-01  1.5691e-01 -2.5087e-01  2.6311e-02  1.5272e-01
  7.7008e-01 -5.3167e-01 -1.0548e-01  4.6147e-01  2.7992e-01 -2.0031e-01
 -5.9055e-01 -1.4927e+00 -4.4489e-01 -3.2207e-01 -2.1131e-02 -6.3959e-01
  9.9249e-02  1.4064e+00  7.1336e-01 -4.2431e-01 -2.7096e-01 -6.8707e-01
 -3.8441e-01  2.0880e-01 -2.7326e-01 -7.7613e-01 -4.5457e-02  4.9332e-01
 -4.3046e-01 -1.1079e+00  3.4861e-02  1.5828e+00]"
web-based,"[-0.59939  -0.055712 -0.63186   0.10053   0.73696   0.50407  -0.01334
 -0.23721   0.70628  -0.085127  0.2643   -0.56085  -0.086406 -0.70907
  0.29354   0.59478   0.4714    0.21995   0.17225   0.11396  -1.1586
  0.22183   0.369     0.32989  -0.078414 -0.3599    0.54645   0.88078
 -0.80599   0.51181  -0.49472   1.2907   -0.70967  -0.30889   0.97173
  0.2144   -0.68612  -0.071705  0.30223  -0.15969   0.54825   0.69776
 -0.4498    0.60564  -0.11071   0.44193  -0.10944  -0.13353   0.41164
  0.70573  -0.27661   0.5246    0.06982  -0.6069    0.21749  -0.58038
  0.65929  -0.2471    0.76293  -0.48697  -0.32731  -0.71833  -0.1972
 -0.010164  0.86365  -0.35238  -0.077207 -0.80643   0.98991  -0.6206
 -0.17868   0.5419    0.33249  -0.21961  -0.73935   0.54281  -0.080644
  0.40594  -0.39853  -0.58415  -0.078729  0.4366   -0.11705   0.18979
 -0.79509   0.8094    1.0949    0.18518  -0.1066   -0.088446  0.4528
  0.48651   0.44273   0.12361   1.1656   -0.034864 -0.11937   0.059123
  0.60913   0.61086 ]"
durst,"[ 0.89188   -0.57523   -0.49847   -1.1415     0.41369    0.040918
  0.88773    0.065215   0.44028    0.6164     0.16822    0.69491
  0.15481   -0.74599    0.3471     0.044194   0.52041   -0.031995
  0.53084    0.17635   -0.46674   -0.13565    0.70304   -0.0092514
  0.42256    0.25192    0.25389   -0.27025   -0.60615   -0.0091764
  0.60682    0.72008    0.89452    0.58822   -0.72021    0.032917
  0.86608   -0.37907    1.1533     0.38633   -0.37784   -0.23717
 -0.088282   1.0988    -0.092537   0.047841   0.20948   -0.015894
 -0.5305    -0.849     -0.14358   -0.84024    0.33134   -0.09595
 -0.25048    0.33774   -0.70169   -0.46599   -0.61706    0.54793
 -0.18909    0.46024   -0.156     -0.54159   -0.085709  -0.39429
  0.79181    0.7888    -0.64229   -0.2187    -0.036389  -0.28121
  0.027004  -0.64581    0.075634  -0.85876   -0.20562   -0.81995
  0.17608    0.62549   -0.03456    0.61279    0.1935     0.35112
  0.36338   -0.36771   -0.24845   -0.44676   -0.15057   -0.24981
  0.15661   -0.32904    0.259     -0.24675    0.56393   -0.70572
  0.044372  -0.21099   -0.038791  -0.33375  ]"
symantec,"[-0.12766   -0.57031    0.11695   -0.24026    0.6065    -0.084028
  0.64664   -0.68637    0.6264    -0.23642    0.19628   -0.23821
  0.32364   -0.84543    0.018211   0.50539    1.0361     0.19416
 -0.17588    0.51469   -0.5634    -0.93332    0.20967    0.65216
 -0.055654   0.59863   -0.053433  -0.0093607 -1.3178    -0.32215
  0.90414    0.61237   -0.5277     0.46855    0.26123    0.73797
 -0.39605   -0.35915    0.77524    0.017202   0.39685    0.724
 -0.34176    0.022325  -0.30803    0.89566   -0.16516    0.11904
 -0.17723   -0.42238    0.76926    0.090743  -0.39003   -0.77675
 -0.81224   -0.34456    0.23402   -0.30786   -0.45793    0.028172
  0.40194   -0.55292   -0.31524    0.93233   -0.74575    0.28514
  0.43552    0.095677   1.0233     0.55478    0.28742    0.12193
 -0.937     -0.55751   -0.69361   -0.18343    0.43397   -0.23221
 -0.44126    0.34744    0.89429   -0.44412   -0.62626    0.79386
 -0.35724    0.91916    0.46639    0.21089   -0.17334    0.39275
  0.93765   -0.3174    -0.29844    0.29228   -0.25613    0.48569
  0.22435   -0.062165   0.048825   0.34715  ]"
cassano,"[ 1.1092   -0.34528  -0.52408  -0.53929  -0.27663   0.99812   0.48634
 -0.081542  0.27949   0.069061  0.20135  -0.62007  -0.89421  -0.74897
  0.49827   0.13627   0.11803   0.45277  -0.12237   0.57189  -0.59996
  0.039996 -0.23193   0.83245  -0.30839  -0.41416  -0.44342  -0.049848
 -0.81823  -0.36547  -0.2188    0.29139  -0.71319   0.14378  -0.027069
 -0.40707   0.87439   0.70338  -0.030183  0.11451   0.062541  0.05332
  0.65025  -0.093289  0.53622   0.61617  -0.80058   0.31305   0.53519
  0.27035   0.25833   0.15865  -0.96401  -0.042379 -0.84575  -0.6581
 -0.6658    0.20644  -0.50183   0.35361  -0.33336   0.37772   0.48785
 -0.045907 -0.44915  -0.32412   0.068235 -0.6061   -0.048411 -0.55569
  0.39357   0.081389  0.12     -0.45      0.34082  -0.62457  -0.90397
 -0.031858  0.2311   -0.17175   0.096407 -0.45724  -0.75236  -0.36392
  0.34421  -0.5312    0.082116  0.83086  -0.5984   -0.74184  -1.1568
  0.48164  -0.6276    0.25862   0.33316  -0.59781   0.74405   0.034334
 -0.6489    0.31877 ]"
canto,"[ 0.25012  -0.17912   0.23547   0.5795   -0.24781   0.82711   0.079731
  0.088049  0.10981   0.4694    0.075091 -0.7989   -1.037     0.68966
  0.14043  -0.34251  -0.015631  0.17918   0.8392    0.32051   0.73748
 -0.78012  -0.80425   0.23519  -0.30102   0.31637   0.6326   -0.7519
  0.48908   0.045312 -0.31771  -0.90891   0.64358   0.61804  -0.4077
  0.38846   0.52659   0.24737  -0.099088  0.13084   0.034643  0.50029
 -0.20564   0.21022   0.4224    0.16435  -0.28152  -0.62678   0.59119
  0.28244  -0.71476   0.24223   0.066284 -0.30811  -1.0076   -0.11309
 -0.35084   1.0969    0.11651   0.60971   0.17792   0.32591   0.23469
 -0.32683  -0.21739   0.032575 -0.37251  -0.48984  -0.26295   0.41513
  0.51794   0.58877   0.28183  -0.070197 -0.3879   -0.7477   -0.83913
  0.26648   0.77615  -0.84866  -0.093403 -0.79599  -0.78035   0.75
 -0.59771   0.3858   -0.58517  -0.57686  -0.14333  -0.064279 -0.32516
  0.6812   -0.02741   0.06018   0.63619   0.17539  -0.29326  -1.6209
 -0.49315   0.57878 ]"
maneuvered,"[-0.59925  -0.39062  -0.24458   0.12423   0.38805   0.37583  -0.034524
 -0.15858   0.12682   0.16301  -0.026941  0.64707   0.25481  -0.57482
  0.04091  -0.52418   0.08114   0.64546  -0.39551  -0.91952   0.89719
  0.23444   0.16475  -0.31357  -0.26004  -0.27114  -1.039     0.41247
 -0.044609 -0.1725   -0.17563   0.445    -0.23775   0.1856    0.37161
  0.34947  -0.17683  -0.35265   0.26432   0.45387  -0.48288  -0.3689
  0.15476   0.096988 -0.28213   0.20106  -0.15466   0.40512   0.37968
  0.53638  -0.33305   0.43779   0.25124   1.0366    0.23729  -0.21755
  0.40766   0.36291  -0.26823  -0.033402  0.14462   0.31515   0.60813
  1.05     -0.37111  -0.089726  0.012581  0.26567  -0.3209    0.16471
  0.3325   -0.47945   0.22225  -0.21385  -0.48427  -0.23754  -0.24107
 -0.33695   0.39343  -0.03133  -0.21518   0.40477  -0.38065   0.36353
 -0.055435 -0.26833   0.62074   0.21521  -0.74121  -0.37877  -0.39016
  0.27342  -0.2085   -0.30808   0.1169   -0.074749  0.28047   0.43438
 -0.41888   0.26791 ]"
miserably,"[-0.51167    0.1803     0.11705    0.29509   -0.66069    0.13347
 -0.20559    0.27634    0.68526    0.024715   0.58084   -0.075608
 -0.21866    0.13922   -1.0828    -0.33525   -0.28715    0.42446
 -0.0045036  0.14427    0.025394   0.062989   0.4349    -0.18001
  0.35042   -0.26945   -1.0259    -0.25888   -0.17875   -0.54406
  0.20337   -0.070006   0.15289    0.35696    0.051692   0.99226
 -0.21758    0.053311  -0.083479   0.12735   -0.1784     1.0874
 -0.57716   -0.081831  -0.18973   -0.042023   0.57063    0.30837
 -0.35571   -0.57061   -0.7778    -0.03362    0.52523    0.41303
  0.036327  -0.2778     0.10732    0.19925   -0.30405   -0.37213
 -0.20445   -0.20075   -0.47146   -0.17147   -0.50068    0.1162
  0.20715   -0.41262    0.12147   -0.21134   -0.1666    -0.24619
 -0.021775   0.37035   -0.36392   -0.22249   -0.94372   -0.29333
 -0.12401   -0.32324    0.26693    0.83909   -0.55414    0.5081
 -0.55747   -0.061257   0.42804    0.70293   -1.5247     0.6134
 -0.51336    0.66839   -0.31098    0.92334    0.39014    0.31809
 -0.24939    0.60786   -0.86229   -0.13364  ]"
noxious,"[ 0.16018   -0.010451   0.81566   -0.95621   -0.047386   0.37256
 -0.4277     0.058815   0.97193    0.42324   -0.20261   -0.014889
 -0.64251   -0.27947    0.12667    0.064558   0.23367    0.018838
  0.81035   -0.65225    0.51063   -0.36164    0.079995  -0.14303
  0.08176    0.14741    0.30401    0.38467   -0.37762    0.059025
 -0.4244    -0.12964   -0.020626  -0.41142   -0.73494    0.38481
 -0.52758   -0.73836   -0.12761    0.51491   -0.57955   -0.41057
 -0.61188    0.19683    0.5537     0.96575    0.2697     0.81218
 -0.49575   -0.14871   -0.11783    0.2541    -0.34918   -0.14675
 -0.21273    0.18144    0.86032   -0.063317  -0.1027    -0.43441
  0.52239    0.90951    0.026844   0.25427    0.88594   -0.4833
  0.92969   -1.0073     0.36298   -0.86218   -0.4663    -1.4012
 -0.32427    0.59341   -0.56206    0.45854    0.0083243 -0.92365
 -0.17587    0.2608     0.65606   -1.0208    -0.70143    0.19414
 -0.14848    0.09756    0.71519    0.39781   -0.41145    0.27558
 -0.032683  -0.43171   -0.4019     0.33141    0.16384    0.43416
 -0.8652    -0.52344   -0.15709   -0.1272   ]"
proprietors,"[ 0.2998    -1.1802    -0.32748   -0.29836   -0.26539    0.15318
 -0.26627    0.15324    0.08135   -0.44605    0.25019   -0.0053381
  0.63762   -0.33795   -0.14183   -0.87517    0.084651  -0.16606
 -0.10275    0.032739   0.4027     0.34371   -0.22161   -1.017
  0.16982   -0.61759    0.26155    0.016624  -0.71661   -0.40487
  0.91523    0.03117    0.26766   -0.62288    0.11393    0.297
 -0.37667   -0.12673    0.078977  -0.26385    0.016295   0.2899
 -0.3358    -0.56237    0.45457   -0.22585   -0.15354    0.075929
  0.19782    0.44903   -0.78848    0.3984    -0.22904    0.071634
 -0.18521    0.4953    -0.17119   -0.83636    0.06299   -0.26522
 -0.18652   -0.40407    0.44229    0.42076    0.5956    -0.46136
  0.31828    0.32638   -0.01189   -0.83196   -0.50705    0.24258
  0.32628   -0.50743   -0.76272   -0.30979   -0.37108   -0.20229
 -0.28315   -0.049058  -0.41113   -0.11206    0.24179    0.41682
 -0.25662   -0.37112   -0.39988   -0.33151    0.01483   -0.26815
 -0.0098817 -0.32551    0.5165    -0.17826   -0.63867   -0.11218
 -0.086346  -0.13459    0.74355   -0.026256 ]"
seconded,"[-0.47937  -0.22878  -0.19577   0.22995   0.29988   0.41103  -0.12965
  0.074627 -0.25108   0.2485   -0.16829  -0.11968   0.046874 -0.52494
  0.36405  -0.36861   0.038601 -0.11993   0.053862 -0.57101   0.12247
 -0.18203   0.1475   -0.51061   0.021801 -0.65949   0.1526    0.39664
  0.44336   0.027857  0.16511   0.22699  -0.76861  -0.12316  -0.3461
  0.55686  -0.13012   0.18757   0.17181  -0.33225  -0.54389   0.40167
  0.12473   0.32363   0.4226    0.51871  -0.15043   0.11357  -0.27857
 -0.48468   0.10793   0.1013    0.58919   0.47593  -0.11814   0.36914
  0.65111  -0.2527   -0.38514  -0.058373  0.02688   0.016524  0.40956
  0.85881  -0.3017   -0.51852  -0.17962   0.92635   0.089424  0.83951
  0.24349   0.13317  -0.13988  -0.37394  -0.11812   0.13392  -0.061968
  0.48778  -0.21367  -0.54713  -0.71031  -0.40594   0.1147   -0.30535
 -0.4505   -0.43074   0.91881   0.16595  -0.24644  -0.70299  -0.18979
 -0.74176  -0.17791   0.32685   0.4502   -0.023984  0.020109  0.12046
 -0.62635  -0.16674 ]"
fortuna,"[-0.27533   -0.76366   -0.04086    0.34925   -0.4617     0.18333
  0.90984    0.12286   -0.3735     0.36046    0.48186    0.077303
 -0.78031    1.1795     0.10994   -0.19017    1.2995     0.25823
  0.068855   0.73922   -0.01403   -0.21161   -0.65181    0.58898
 -0.31561    0.17914    0.39699    0.067588   0.011624  -0.23663
 -0.0032021 -0.24576   -0.81534    0.4788    -0.037947   0.32405
  0.78835    0.1485    -0.082394  -0.49262   -0.034344  -0.70151
  0.39845    0.091286   0.077561  -0.27471    0.91401    0.22776
 -0.3055     1.3401    -0.48301    0.16332    0.04328    0.34596
 -0.87484   -0.39589   -0.51742    0.25919   -0.98329    0.55013
 -0.35693   -0.7596    -0.78024   -0.56439   -0.37002    0.36456
  0.49033   -0.12069   -0.47621   -0.12546    0.0068364  0.20615
  0.60246   -0.23041   -0.70694   -0.47766    0.24937   -0.81067
  0.5657    -0.26437    0.72698    0.25285   -0.49214   -0.039679
  0.7683    -1.0174    -0.28926    0.31944   -0.031981  -0.62423
 -0.36156    0.10338    0.25132    0.67269    0.56441   -0.53273
 -0.052857   0.70593    1.2142     0.43321  ]"
e3,"[ 0.54227   -0.80706    0.79357   -0.28453   -0.47803   -0.085911
  0.62464    0.96016    1.0295     0.038874   0.022664  -1.1009
 -0.92895   -1.087      0.57947    0.60915    0.43224    0.62209
 -0.060483  -0.2593    -0.075519  -0.91852   -0.42631    0.47372
  0.69638    0.26909    1.5387     1.3328     0.43542    0.2976
 -0.24759    0.93182    0.005479   0.28066    0.41712    0.63117
  0.36793    0.39067   -0.66496    0.24284    0.031931  -0.36472
 -0.15691    0.26583   -0.49915   -0.87614    0.087467  -0.064251
 -0.18174   -0.30277   -0.45576   -0.4647     0.0083278 -0.59915
 -0.9171    -0.42447   -0.45095   -0.13392    0.21009    0.10658
 -1.974      0.48338   -0.54543    0.20961   -0.65797   -0.41898
 -0.33707   -0.42497    0.61501   -0.098967  -0.025666   0.29646
 -0.078798   0.34236   -0.87957   -0.098242   0.28961    0.0049137
 -0.39847   -0.25023   -0.47986   -0.21329    0.14402    0.65136
 -0.3064    -0.36472   -0.10248    0.078949   0.060751   0.71893
 -0.057388   0.48999   -0.30362   -0.050643   1.1459    -0.95016
 -0.20521   -0.036051   1.3176    -0.53122  ]"
parable,"[ 0.11927   0.74904   0.39825  -0.382    -0.010817  0.70319  -0.14216
 -0.49305  -0.21775  -0.23702  -0.50187   0.43947   0.19264  -0.15882
  0.45217   0.14604   0.27692  -0.055253  0.24097   0.61791   0.30457
 -0.20119  -0.5009    0.064873  0.15297   0.25822  -0.41424   0.5914
 -1.1159    0.47412  -0.59371  -0.47539  -0.18395  -0.1085   -0.68854
  0.11378  -0.63466   0.21937   0.70192  -0.31114  -0.11429   0.35573
 -0.13104   0.069659 -0.34614  -0.4516    0.33472   0.14506  -0.41115
  0.2994   -0.44932   0.14169   0.40181   0.63049  -0.49741  -0.37409
 -0.24233  -0.38088  -0.49548  -0.1949    0.43388   0.22276   0.069809
 -0.68873   0.089506 -0.91679  -0.17747  -0.012509 -0.24491  -0.66412
  0.30769   0.16126  -0.067917  0.25375  -0.079203  0.26579   0.32282
 -0.48106  -0.31087  -0.12278  -0.74208   0.40667  -0.18387   0.25669
 -0.23631   0.30266  -0.42748  -0.44799   0.22225  -0.41644   0.15396
  0.42081  -0.049817 -0.40503   0.36556  -0.96427   0.13106  -0.98585
 -0.50947   0.85487 ]"
l'equipe,"[ 0.33853  -0.20891  -0.40543  -0.46571  -0.62478   0.61446   0.85306
  0.63434   0.24435   0.2388    0.31341   0.17106  -0.42832  -0.67683
 -0.5221    0.67386   0.5014   -0.92065  -0.83236  -0.38136  -0.35406
  0.091621 -1.171    -0.016408  1.1872   -0.53413   0.29413   0.3963
 -0.072904  0.49069  -0.080164 -0.47143  -1.0363   -0.4593    0.16132
  1.0455   -0.48479   0.37725  -1.4827    0.1554   -0.020931  0.75123
 -0.71083  -0.3381   -0.67929   0.74252  -0.052918 -0.87451  -0.28092
 -0.42953   0.80318   0.86933   0.42137  -0.15443  -0.47018  -0.20366
 -0.63093   1.053     0.12304   0.3986    0.469    -0.46859  -0.10733
 -0.56922   0.16241   0.4844    0.60935  -0.1195   -0.38117   0.024373
  0.36134   0.73668   0.80561   0.39804   0.16841   0.47212   1.7016
  0.45958  -1.0761    0.45888  -0.19777  -0.15719  -0.27116  -0.13489
  0.7396   -1.2965   -0.019368  1.1728   -1.075     0.26124   0.35803
 -0.04287   0.5192    0.46151   0.2219    0.12289  -0.38744  -0.32946
  0.36546   0.96582 ]"
rd.,"[-0.32398   -0.31609    0.89054    0.81409    0.021152  -0.29053
  0.0016759  0.26795    0.63482   -0.46845    0.77775    0.59629
  0.18598    0.22379    0.094316   0.095386   0.40508   -0.39305
 -0.7187    -0.11226    0.31113    0.15648    0.44786    0.51807
  0.028202   0.52471   -0.15271    0.43994   -0.33582   -0.34672
 -0.72055    0.52375    0.78344    0.54302   -0.31318    0.01381
 -0.011274  -0.49703    0.78568    0.30411    0.24076   -0.25565
 -0.58251   -1.2297     0.14127   -0.39297    0.023098  -0.018628
  0.07318    0.66247    0.24551   -0.70988   -0.019693  -0.50269
 -0.39172   -0.51433   -0.051118  -0.47086   -0.015485  -1.3574
 -0.82828   -0.26279    0.43241    0.59093   -0.27615   -0.55542
  0.20217    0.036193   0.026977  -0.039934  -0.61674    0.61597
 -0.23623   -0.47334    0.55527   -0.34001    0.62908    0.59543
  0.54984   -0.68224   -0.51226    0.25738   -0.036149   0.15131
  0.85865    0.22599   -0.49694   -0.15676    0.77247    0.60594
 -0.38496    0.22976    0.17172    0.36965   -0.068038   0.1421
  0.27048   -0.16028    0.65506    0.17312  ]"
lanzhou,"[-0.3869    0.31453   0.78261   0.048081  0.5429    0.015036 -0.57563
 -0.28369  -0.088912  0.95496  -0.43146   0.70803   1.2029    0.068289
 -0.34225  -0.356     0.50875  -1.0189    0.45668  -1.5261    0.43781
 -0.37     -0.12474  -0.011288 -0.361     0.25745   0.35062   1.1924
  0.19664  -0.41241  -1.2134   -0.11291   0.75426  -0.72255  -0.79465
  0.24636   0.32681   0.39087  -0.91636   0.98543   0.28478  -0.42066
 -1.28     -0.50774  -0.50076   0.15718   0.63636   0.39371   1.1001
  0.31006   0.064266 -0.38149  -0.50454  -0.30993  -0.77844   0.53308
  0.50967  -0.19817   0.72555  -0.45442  -0.77803   0.24193  -0.71814
  0.64076  -0.083779  0.11206   0.2399   -0.10241  -0.72022   1.1198
 -0.36896  -1.2258    0.6991    0.32939  -0.20683  -0.62346   0.71751
  0.78699  -0.38716  -0.16305   0.37594   0.84526  -0.36515   0.52167
 -0.49517   0.4638    0.41109  -0.38407   0.25369   0.5806    1.8739
 -0.27376  -0.041447  0.077527 -0.042328  0.84109  -0.038528 -0.48553
 -0.20862  -0.4637  ]"
pantani,"[ 0.41262   -0.31761    0.16384    0.023181   0.28401    0.55328
  1.0251     0.36687    0.2974    -0.33955    0.45639    1.4858
 -1.1232    -0.63774   -0.58007    0.6836     0.74674   -0.81463
  0.30072   -0.072184   0.11709   -0.12417   -0.1668     0.80785
  0.50934   -0.5062    -0.12826   -0.3647     0.074315  -1.4117
 -0.38809   -0.42678    0.30495    0.73022    0.60957    0.55126
  0.80295    0.2895    -0.38278    0.31229   -0.30144    0.20175
  1.1071    -0.063154  -0.015094   0.56593    0.33866   -0.52888
 -0.29073   -0.97984    0.50131    0.29254   -0.55957   -0.065658
  0.25532   -0.11461   -0.77632    1.1477    -0.050663   0.76807
  0.022581   0.48967    0.98083    0.18237   -0.15737    0.68118
 -0.0651    -0.37825   -0.0048371 -0.056939   0.098204   0.00737
 -0.10274    0.56336    0.08701   -0.21665   -0.17174    0.15202
  0.97554   -0.48332    0.58663   -0.29167   -0.21805    0.24262
  0.25898   -0.31932   -0.24001    0.34809   -1.126      0.14423
 -0.39838   -0.77139    1.1263     0.48069    0.66094   -0.29331
 -0.61601   -0.18643   -0.33581   -0.37988  ]"
kazemi,"[ 0.2407   -0.72667  -0.23874   0.14282   0.15697  -1.2139    0.38382
  0.4142    0.25117   0.80967   0.19641   1.2005    0.52091  -0.78623
 -0.63917   0.99451  -0.37158  -0.87714  -0.17898  -0.097666  0.38004
  0.22303   1.2225    0.23441  -0.41841   0.80206   0.31264  -0.91626
  1.2946    0.60752   0.75624   0.25535   0.36861  -0.038268 -0.61105
 -0.29119   0.18368   0.98199  -0.43207  -0.1885   -0.30161  -0.25839
  0.098195 -0.2848    0.11093   0.55446  -0.057321 -0.17304   1.08
  0.51251  -0.073788  0.28352   0.38848   0.78979  -1.1372    0.86513
 -0.38681  -0.69917  -1.021     0.096365  0.18427  -0.30332   0.58182
 -0.43685  -0.45173   0.40716   0.63588   0.86797  -1.3577   -0.13404
 -0.29218   0.39335   1.1914    0.97889   0.66196   0.83149   0.79342
 -0.9476   -0.35396  -0.071282  0.16004   0.86189   1.2767    0.40192
 -0.25209  -0.62921   1.0684    0.14692  -0.15735  -0.98756   0.65707
  0.50692   0.098192  0.34215   0.13609   0.32364   0.3394   -1.1502
  0.24011  -1.0902  ]"
brahmins,"[ 0.21416    0.27281    0.36833   -0.31134   -0.90133    0.67557
 -0.36481   -0.064287  -0.63178   -0.031033  -0.7922    -0.0061477
  1.085      0.74248   -0.11542   -0.93006   -0.15288   -0.2073
 -0.28344    0.54525   -0.62627   -0.32959   -0.29132    0.11089
 -0.51323   -1.0262     0.15191    0.71546    0.35251    0.13794
  0.18476    0.21576   -0.097953   0.25611    0.64118   -0.53508
  0.13791    0.025797   0.37374   -0.06834   -0.48849    0.74914
 -0.49573   -0.65975    0.37291   -0.95346    0.9761     0.21345
  0.078567   0.79348   -0.76603    0.14558    0.16327   -0.47858
 -1.0166     0.9935    -0.80528   -0.46293    0.13522    0.13951
 -0.28543    0.21836    0.22911    0.4519     0.25542    0.26907
  0.82404   -0.38082    0.46652   -0.47237   -1.2174     0.2116
 -0.38132    0.099645  -0.31728   -0.093437  -1.6848     0.10554
  0.13037   -0.17221   -0.96368   -0.39027   -0.33529    0.39856
 -0.27584    0.40003   -0.61141   -0.22354   -0.24101    0.60489
 -0.39433   -0.78557   -0.27389   -0.45228   -0.26406   -0.15663
 -0.36265   -0.0067501  0.28521    0.2373   ]"
miley,"[-0.13401   -0.99171    0.87125    0.32436   -0.041854  -0.60889
 -0.3939     0.40898    0.0987    -0.87299   -0.16614   -0.48873
  0.047667   0.33301   -0.116     -0.1092     0.35173    0.16415
 -0.88624    0.9023     0.27966   -0.26637    0.070091   0.66711
  0.54507    1.3712     0.43564    0.0067716 -0.027282  -0.38817
  0.19963   -0.28957    0.64738    0.075465  -0.12547    0.14199
 -0.25481    0.52203   -0.04377   -0.80643    0.76333    1.117
 -0.13721    0.64111   -0.62024   -0.081184  -0.4222    -0.50149
  1.5555     0.13861   -0.30957   -0.0041547  0.55168   -0.05098
  0.47605   -0.31338    0.20987    0.12547   -0.98184    0.56037
  1.1132     0.26128    0.26156    0.36129    0.28614    0.25751
  1.0342     0.45116   -0.67303    0.47121    0.057862  -0.74668
  0.037395   0.60294    0.16721   -0.013778   0.95437   -0.93431
  0.18665   -0.58628    0.17396   -0.20512    0.36931   -0.53664
  0.0037062  0.2143     0.038098  -0.015073  -0.15585   -0.47491
 -0.17237    0.80809   -0.36677   -0.40296   -0.23453   -1.0265
 -0.14084    0.13693    0.17182   -0.14579  ]"
koroma,"[-1.0935    -0.36257   -0.39807   -0.42598    1.062      0.47852
  0.13619    0.43994    0.22395   -0.64246    0.47239    1.0339
 -0.59207   -0.53908    0.13119    0.59503    0.31371   -0.57264
  0.59468   -0.053634   0.27607   -0.63645    0.76863    0.47222
 -0.36259    0.28063    0.15645   -0.18454    1.1893    -0.093833
  0.75082   -0.25696    0.51017    0.43373    0.033299   0.46073
  1.5315     1.2291    -0.80771   -0.16144   -0.88849    0.94544
  0.81942    0.0098261 -0.39752    0.91255   -0.26684   -0.43739
 -0.23433    0.15704   -0.71923   -0.62572   -0.28162    0.18543
  0.84618    0.71736   -0.090512   0.46762    0.49982    0.33898
 -0.2387    -0.60676   -0.3785     0.55301   -0.18795   -0.031191
  0.30019   -0.46463   -0.46071    1.0906    -0.10256   -0.22461
 -1.0908    -0.30424   -0.050918  -0.098057   0.23544    0.17621
  0.024233   0.54886    0.18022   -0.063841  -0.14068   -0.55791
  0.51542    0.24655    0.59226    0.080519  -0.64282   -0.55084
 -0.0654    -0.56935   -0.93116    0.66621   -0.76619   -0.18569
 -0.10817   -0.81294   -0.97568    1.0041   ]"
alisa,"[ 2.6659e-01 -3.2897e-01  7.5733e-01  3.4310e-01 -2.6533e-01 -7.0216e-01
 -2.8310e-01  2.6349e-02  3.6518e-01  3.3697e-01  2.8295e-01 -7.5957e-03
 -2.3542e-01 -1.6908e-01 -2.6041e-01  1.3048e-01 -4.6268e-01  1.2374e-02
 -8.5452e-01 -3.7573e-01 -7.1725e-01 -1.1602e-01  4.8781e-01  1.5852e+00
  9.9996e-01  8.1471e-01  1.1297e+00 -3.9409e-01  5.2601e-01  6.7680e-01
 -4.7532e-01  1.5064e-01  1.4758e-01 -5.5465e-02 -4.6935e-01 -5.6827e-01
 -1.5041e-01  2.7544e-02 -3.1741e-01  1.6669e-01 -3.0203e-01 -2.0589e-01
 -2.9903e-01  3.5423e-01  7.2288e-01 -6.2932e-01 -6.9713e-01 -1.8183e-01
  3.4746e-01  7.2886e-01 -2.1547e-01  4.9509e-01 -1.3413e-01 -1.5409e-03
  4.8103e-01  8.8770e-02  5.0970e-02 -4.3360e-01 -7.1592e-01 -3.5894e-01
 -3.5132e-01 -5.2313e-02 -2.8593e-01  6.0742e-01 -4.9262e-01 -2.3848e-01
  6.5790e-01  7.4113e-01 -1.1175e+00 -1.2987e-01  8.2012e-03 -4.9930e-01
 -3.2673e-01  7.7909e-01  4.3295e-01  6.3631e-01  2.0157e-01 -4.4128e-01
 -1.7505e-01 -3.3151e-01  2.3070e-01 -6.5702e-02 -3.0973e-01  2.8941e-01
  6.8697e-01 -2.4710e-01  3.0972e-02 -3.4414e-01 -4.9135e-01 -6.7712e-02
  1.2215e+00 -7.0671e-02  3.4813e-01 -5.5640e-01 -8.7066e-01 -2.3642e-01
 -2.2126e-01 -1.1235e+00 -6.1676e-01 -7.4519e-02]"
refresh,"[-9.8863e-01  2.7295e-01 -2.7247e-01  1.4604e-01 -6.5086e-01  2.1750e-02
 -6.7686e-01  4.2276e-01 -5.1025e-02  1.1209e-01 -1.9430e-01  5.0347e-01
 -5.6582e-01 -1.0405e+00  4.8842e-01  1.8580e-02 -2.4486e-01 -2.1021e-01
  1.4167e-01 -7.0319e-02 -4.4775e-01 -5.4431e-01 -1.7103e-01  3.3716e-01
  1.3683e-01 -8.5061e-02 -7.1428e-02  3.2486e-01  6.6105e-01 -6.6013e-01
  6.0049e-01  3.6383e-01 -4.6162e-01  5.0643e-01 -4.6317e-01  1.3314e-02
 -2.8697e-01 -1.4743e-01  5.0167e-01 -9.7484e-01  5.0770e-01 -4.7830e-02
 -2.1721e-01 -5.8377e-01 -5.5037e-01  9.4630e-01  3.0175e-01 -5.1778e-01
 -2.5956e-01 -8.7805e-01 -3.9453e-01  2.8726e-01 -6.8232e-01  6.0518e-01
  2.2806e-01 -3.2895e-01  5.0006e-03 -6.2741e-02  1.2818e-02 -4.9553e-01
  5.9666e-01  5.7707e-01 -1.7005e-01  8.7324e-02  2.4954e-02  5.7981e-01
  5.0633e-02 -5.8256e-01  6.0610e-01 -4.1000e-01  1.1005e+00  5.4888e-01
  4.5470e-01 -1.6674e-01 -5.3401e-01  1.1981e-01  1.1271e-01  5.6807e-02
  2.6948e-01 -1.1450e+00 -5.7183e-01 -4.7694e-01 -2.1599e-01  6.1162e-01
 -1.0271e-01  6.5722e-01  5.0583e-01  7.8662e-02  6.2396e-02  3.6628e-01
 -5.0763e-01  7.4730e-01  1.3999e-01 -1.7996e-01  1.9904e-01 -1.8361e-01
  2.6976e-01  5.3261e-04 -2.3852e-03  3.4945e-01]"
garrisons,"[-0.4926    0.096369 -0.23516   0.66683  -0.37254   0.35972  -0.86586
 -0.30628   0.12561   0.23001  -0.34732   0.17954   0.31145   0.33347
  0.066991 -0.44293   0.15104  -0.34147  -0.22278  -0.55198   1.1917
  0.44182   0.27744  -0.10155  -0.25228  -0.90843   0.035457  0.049923
  0.05003  -0.0742    0.20714  -1.0374    0.16271  -0.4976    0.62614
  0.20702  -0.12495  -0.63464  -0.23957  -0.49143   0.12776   0.11001
 -0.068254  0.21935   0.59027  -0.15613  -0.052222  0.15737   0.14364
  0.15512  -0.33525   0.68482   0.046793  0.34991   0.43743   0.51524
  0.058952 -1.1861   -0.081481  0.90721  -0.16783   0.041828  0.33428
  1.2931    0.233    -0.14251  -0.56465  -0.39539   0.19294   0.4279
  0.3302   -0.49491   0.36042  -1.1065    0.058174  0.26281   0.20235
  0.72519   0.033978  0.62863   0.21103  -0.19968  -0.44556   0.9225
 -0.20787   0.42048   0.62313   0.10888  -0.017364 -0.034098 -0.22571
 -0.27609   0.46134   0.19332  -0.7878   -0.08868  -0.16546   0.2557
  0.051635  0.46235 ]"
gunther,"[ 0.42692  -0.054503  0.12769  -0.81343  -0.54703   0.079317  0.79102
 -0.050339 -0.17399   0.027093 -0.23108   0.34679   0.096608  0.13461
  0.19426   0.23508   0.74666  -0.36062  -0.55355   0.34736  -1.0077
  0.35848   0.47999  -0.20158  -0.04994  -0.076952 -0.24041   0.21975
  0.76561   0.56392  -0.29714  -0.48282   0.19612  -0.30717  -0.41318
  0.38765   0.067575  0.048516 -0.30443   0.12385   0.51186  -0.090794
 -0.19522   0.40268  -0.14797   0.009365 -0.21212  -0.50886   0.14218
  0.42901   0.53174   0.075413  0.33458  -0.24478  -0.095668 -0.055996
  0.41079   0.39276  -0.9948    0.41351   1.1872   -0.12472   0.27434
  0.33887   0.22087  -0.11962   0.23034   0.53175   0.051431 -0.22426
 -0.18868  -0.42313  -0.15353   0.16496   0.10138  -0.28636  -0.33205
 -0.22072   0.21655   0.25319   0.81969   0.16296  -0.79474   0.27271
  0.25772   0.12134   0.19476  -0.64244  -0.42046  -0.50151   0.51886
 -0.28246  -0.01831   0.43393   0.68415   0.02875  -0.080963 -0.052313
 -0.44605   0.21255 ]"
9-10,"[-0.61609    0.086863   0.38416    0.24239   -0.42533    0.0049934
  0.20765    0.47948   -0.50665   -0.0055925  0.14681    0.030135
  0.075318   0.51344    0.68535    0.51812   -0.12479    0.17273
  0.1945    -0.013043  -0.15611   -0.49318    1.4053     1.0348
  0.19888   -0.26429   -0.34717    0.70058   -0.070851  -0.17685
  0.074447  -0.31813    0.55956   -0.50768   -0.70455    0.55509
  0.49466   -0.010629  -0.34053    0.5862     0.56862   -0.20794
  0.054226   0.07144   -0.5944    -1.3588    -0.26733   -0.46419
 -0.44102   -0.27796   -0.1798    -0.95948    0.3956    -0.068824
 -0.47555   -0.10342    0.36715    0.35418   -0.2807     0.49245
 -1.5534    -0.057795  -0.34785   -0.10249    0.40246    0.096051
 -1.0748    -0.41865   -0.11517    0.32084   -0.17078   -0.20471
 -0.51134    0.18587   -0.63324   -0.0087015 -0.11924   -0.16158
 -0.4883    -0.83302   -0.057792   0.26013   -0.012783   0.27064
  0.56749   -0.18879    0.62802    0.86399   -0.12309   -0.20405
  0.10777    0.25812    0.54492    0.0073023 -0.26554   -0.032926
  0.59613    0.18028    0.24173    0.50911  ]"
respondent,"[-0.10754   -0.072622   0.060075   0.49323   -0.61067    0.47569
  0.47287    0.5736    -0.16204   -0.38915   -0.019399  -0.30177
 -0.28975   -0.50549    0.38448    0.1983     0.11225    0.094643
 -0.049318   0.15669   -0.18455   -0.58403   -0.32484    0.11983
  0.20288   -0.64967   -0.092921  -0.27434   -0.040316  -0.15497
  0.76827    0.61896    0.30478    0.18476    0.02822    0.3889
  0.23216    0.058558   0.39268   -0.59226   -0.647      0.42381
 -0.052159  -0.054218  -0.10862   -0.28638   -0.022281  -0.8119
 -0.57739   -0.085996   0.19937    0.14329    0.23729   -0.03949
 -0.094327   0.83782    0.37675   -0.83333    0.14807    0.33121
 -0.58323   -0.60942    0.33086    0.6858     0.99512    0.2792
  0.15031   -0.013989  -0.39071    0.4535    -0.21525    0.51082
  0.5794     0.18897    0.43534    0.42337    0.107     -0.66084
 -0.6482    -0.51369   -0.58486    0.14494   -0.11844    0.21939
 -0.27653   -0.96558    0.16239    0.31761    0.33649   -0.42232
 -0.064013  -0.34415    0.37427   -0.15792    0.83269    0.26361
  0.72262   -0.27857   -0.62656    0.0045913]"
susceptibility,"[ 7.9868e-03 -2.8350e-02 -2.8335e-01  4.5021e-01 -5.5390e-01 -2.5553e-01
 -1.0587e-01 -6.1235e-01 -6.5120e-01  4.6429e-01 -1.3889e+00  4.9304e-02
 -4.4541e-01 -2.8021e-01  8.9071e-01  1.2720e-01 -5.1185e-01 -9.1469e-02
  9.6414e-01  1.4018e-02  4.6951e-02 -8.3293e-01 -1.6100e-01 -2.2749e-02
  3.3016e-01  5.5560e-01  1.1894e+00 -3.8763e-01  1.3002e-01 -8.6680e-01
  2.5191e-01  5.7719e-01  3.3240e-01  4.4433e-01  4.2294e-01 -1.7278e-01
  2.1563e-01  5.1494e-01 -5.2905e-01  1.3805e-01 -6.7322e-02  4.7116e-01
 -4.8353e-01 -5.1205e-01  3.9797e-04  2.9604e-01  1.9916e-01  8.0337e-02
 -2.7502e-01 -5.4338e-01  9.6261e-02 -2.0778e-01 -2.5666e-02  5.9076e-01
  8.3555e-01  8.2334e-01  3.9837e-01 -6.9581e-01 -2.8192e-01 -3.3819e-01
 -2.0906e-01  4.9255e-01  6.8850e-01  2.6081e-01  1.0754e+00  3.6321e-01
 -2.0743e-01 -3.6145e-01  9.8099e-01 -8.0615e-02 -6.7305e-01 -3.6424e-01
  6.3771e-01  2.1765e-01  2.4929e-01 -3.2475e-01  2.5932e-01 -7.4061e-01
 -3.0734e-01  6.4273e-01  4.3706e-02 -5.6199e-02 -6.7833e-01 -5.2124e-02
 -5.7422e-01  1.4801e-01  4.7203e-01  2.1213e-01 -7.0288e-01  3.7094e-01
 -9.1678e-01  4.8723e-01  1.6179e-01  2.2533e-01  5.6558e-01  1.8898e-01
  5.4183e-02 -1.4057e+00  1.5409e-01 -6.7003e-01]"
pecans,"[-0.96478    1.1285     0.34317    0.3734    -0.033861   0.90601
  0.67384   -0.10203    0.41367    0.27102    0.79551   -0.25623
  0.098576   1.032     -0.19315    0.23499    0.0023359  0.10999
  0.12631   -0.014344  -0.80203    0.070049   0.92485   -0.1268
 -0.09766    0.69126    0.18768   -0.11037   -0.055021  -0.38133
  0.066501  -0.33029   -0.50662    0.16627   -0.65814    0.065208
  0.46268    1.1034     0.16877   -0.74673    0.60858   -1.1521
 -0.34965   -0.93902   -0.44981   -0.05282    0.64882    0.50088
 -0.28059   -0.69269   -0.3999     0.050253  -0.051367   0.61969
 -0.55716    0.70321    0.049426   0.42799   -0.45728   -0.087004
  0.20388    0.82232    0.028714  -0.8957     0.16841   -1.2743
  0.009986   0.63004    0.29822   -0.53054   -1.0023     0.41081
 -0.11109    0.27557    0.42805    0.78391   -0.4054    -0.58739
  1.2046     0.77567    0.40458   -0.9816    -0.40691    1.1977
  0.93847   -0.4595     0.33964    0.014384   0.40163    0.40007
 -1.2101     0.61596   -1.1925     0.21665   -1.3394    -0.49469
  1.0444     0.28335    0.44628    0.030919 ]"
tzu,"[-0.045824  1.4623   -1.0407    0.25605   0.52252   0.35704   0.26326
 -0.65778  -0.53309   0.049933 -0.68793   0.12759   0.7575   -0.2544
  0.51982  -1.0867    0.57804  -0.81423  -0.21434  -0.63637   0.53071
  0.51028  -1.1447    0.45969  -0.11925   1.4434    0.35093   0.014014
 -0.26366  -0.67423  -0.16656   0.60795  -0.15786   0.62199  -0.76742
  0.1661   -0.71864   0.413     0.12142  -1.01     -0.373     0.5182
 -0.30562  -0.21614   0.3677   -0.6848   -0.52537   0.17521   0.38838
  0.68073  -0.49786   0.16791   0.66042  -0.44446  -0.71991   0.69634
  0.83058   0.43731   0.80405   0.92933  -0.5122    0.57369   0.35545
  0.50085  -0.85338  -0.1545   -0.27848   0.81066   0.33042   0.082159
  0.69521   0.64785  -0.76845  -0.76645   0.52708   0.61516  -0.14743
  0.57832   0.13535   0.3909   -0.41943   0.67859  -0.36554   0.051339
 -0.81713   0.92667  -0.60598   0.42196   0.42343   0.14004   0.97325
 -0.37233   0.85916  -0.1957    0.66196  -0.67122   0.14565  -0.99448
 -0.56129  -0.28925 ]"
1741,"[ 0.29819   -0.44738   -0.36946    0.57906   -0.52624   -0.051832
  0.49742   -0.56645    0.25598   -0.26935    0.65291   -0.31942
 -0.25322    0.098122   0.85309   -0.025915  -0.11149   -0.15754
 -0.43758   -0.53091   -0.15793   -0.38314    0.84497    0.1736
 -0.21216   -0.23079   -0.53559    0.0033801  0.10811    0.026886
 -0.48529   -0.39722    0.46754   -0.92269   -0.80405    0.36774
 -0.20568   -0.28705    0.19466   -0.17412    0.45893    0.098644
  0.4711    -0.58831   -0.46954   -0.88052    0.068335  -0.70433
  0.18809    0.67639   -0.57235    0.1865     0.80005   -0.0018575
 -0.96724   -0.28246    0.27344   -1.2289    -0.94405   -0.26059
 -0.0025773  0.43371   -0.25667    0.49042   -0.15593   -0.54675
 -0.74908   -0.39152    0.22608   -0.30001    0.28383    0.001663
  0.31101    0.0069819 -0.50049   -0.70489    0.26096    0.433
 -0.46811   -0.28384   -0.35207   -0.54711    0.76655    0.46754
  0.22384   -0.3569     0.41891   -0.74842   -0.57718   -0.17549
 -0.10377    0.092937   0.11683    0.73778   -0.33108    0.23529
 -0.31033    0.066589  -0.50399   -0.76943  ]"
zubaydah,"[-9.7866e-01 -5.6684e-01  6.6237e-01 -2.8567e-01  4.7480e-01 -1.5085e+00
  6.5330e-01 -6.1010e-01 -6.0483e-01  7.4385e-01  7.3789e-01 -3.8152e-02
  6.8625e-01 -2.8965e-01  6.8103e-01  6.8060e-01  1.4049e-01 -5.2716e-01
 -3.7929e-01 -2.8522e-01 -1.2211e-01 -2.4501e-01  4.4889e-01  5.5112e-01
 -1.3099e+00  2.6167e-01  3.3512e-01 -8.3550e-01  2.0404e-01 -1.1739e-01
  5.7448e-01 -1.1037e-01  1.7683e-02  8.3838e-01 -3.6917e-02  6.0014e-01
 -9.0440e-01  4.5863e-02  5.1636e-01  1.2228e-01 -8.3173e-02 -2.9905e-01
  1.2059e+00  8.1292e-01 -1.6592e-01  1.8415e-01  8.0553e-01  1.6803e-01
  1.6743e-01  1.4085e-01 -1.0498e+00  1.5528e-01  6.3422e-01  1.5589e+00
 -9.9306e-01  7.4227e-01  2.3511e-01 -5.4965e-01 -9.1680e-01 -4.6857e-03
 -7.4863e-01  1.0530e+00  2.7977e-01 -4.7185e-01  3.2433e-01  6.1648e-02
  7.5953e-01 -1.0374e-01 -1.9231e-01  1.1660e+00 -2.4666e-01 -3.2120e-01
  3.2347e-01  1.0008e-01 -7.4998e-01  1.9991e-02  1.7169e-01 -1.2811e+00
 -2.8572e-01  4.0924e-01  1.1598e+00 -1.8623e-01 -2.2743e-01 -2.5304e-01
 -7.0980e-01  9.1211e-02  4.4033e-01  5.2988e-01  3.8573e-01  8.2108e-01
  4.0834e-04 -6.1444e-01  2.2020e-01 -5.9544e-01  5.2378e-01  8.3945e-02
  5.3297e-01 -3.1052e-01 -5.9111e-01 -1.7577e-01]"
stockbrokers,"[ 0.18904   -0.65829   -0.45171   -0.16041   -0.33319    0.020285
 -0.71784   -0.3606    -0.795     -1.0047    -0.67022    0.39471
 -0.02617    0.18976   -0.65246   -0.35694   -0.28665    0.19507
  0.33586   -0.11401   -0.022514   0.31512    0.18669   -0.89181
  0.61537    0.40772    0.33674    0.24765   -0.91416    0.19851
 -0.10987   -0.43564   -0.34711   -0.58337    0.22907    0.25156
  0.23077    1.369      0.35695   -0.53051    0.095224   0.23347
 -0.9427    -0.37634   -0.038676   0.092825   0.31025   -0.51589
 -0.38613   -0.0082032 -0.25519   -0.46662   -0.23214   -0.36488
 -0.23885    0.19534   -0.0059131 -0.041464  -0.86733    0.55711
  0.34768   -0.11654   -0.28516    0.7077    -0.93966   -0.11745
  0.2959     0.5871     0.96963    0.040812  -0.86663   -0.45354
 -0.41091   -1.3528    -0.64943   -1.6282     0.88503   -0.11135
 -0.39145   -1.3512     1.4087     0.55419    0.038755   0.014365
  0.22102   -0.53055    0.19799    0.10748    0.39762    0.091373
 -0.29247   -0.12975    0.86455   -0.94095    0.39176    0.8188
  0.29203    0.3387    -1.0171     0.38552  ]"
zou,"[ 0.16285  -0.33327  -0.045045  0.26066   0.38869  -0.38441  -0.27681
  0.71328   0.041646  0.17732  -0.27918  -0.18089   0.59811  -0.72599
 -0.43795   0.26806  -0.090547 -0.17486  -0.3915   -1.0278    0.22543
  0.54871  -0.44061   0.10983  -0.15292   0.21211   0.72054   0.18037
 -0.81844  -1.4832   -1.0055    0.034733  0.1732    0.044637 -0.11305
  0.24316  -0.42687   0.47683  -0.20634  -0.39383  -0.80197   0.20085
  0.042588 -0.55718   0.53216   0.24459  -0.32982   0.12855   0.029123
 -0.60554  -0.65707  -0.082715  0.35529   0.27968   0.62843   0.059824
  0.034344  1.029    -0.85533   0.029987 -0.57768  -0.44148   0.26727
  0.2017   -1.0332    0.25921   0.63484   0.61901  -0.10142  -0.028833
 -0.19531  -0.22971   0.74603   0.43621   0.2312    0.20728  -0.66646
  0.37509  -0.24932  -0.56194   0.1429   -0.43877  -0.59144  -0.32208
  0.11038   0.24315  -0.9122   -0.17019   0.55332  -0.61241   0.78128
  0.57993   0.066932  0.40317   0.12533  -0.61825  -0.73804  -0.66572
 -0.38811  -1.0101  ]"
perk,"[-0.040096   0.046122   0.098231  -0.55058    0.12796   -0.19432
 -0.38592   -0.30821    0.66104   -0.62581   -0.42523    0.0021845
  0.022932   0.02846    0.26252    0.26938   -0.028091   0.2295
  0.38788    0.11829   -0.20989    0.08344   -0.053457  -0.20937
  0.41255   -0.29825   -0.51883   -0.12267   -0.4936    -0.77983
  0.15685   -0.0039725  0.29605   -0.054937  -0.65551    0.79062
 -0.083735   0.20604    0.34125   -0.35081    0.53718   -0.20426
  0.46319   -0.24659    0.023843   0.77675    0.6006    -0.11704
  0.20123   -0.48768   -0.22007   -0.42892   -0.57348    0.066691
 -0.3007    -0.042798   0.17189   -0.16243    0.37294   -0.28991
 -0.029491   0.29107   -0.21924    0.074582  -0.17314   -0.42396
  0.019093  -0.24545    0.43833   -0.53386    0.16502   -0.72093
  0.0138    -0.11523   -0.66777   -0.012527   0.20288   -0.17194
  0.20225   -0.4376    -0.74312   -0.4031    -0.28726   -0.81001
 -0.13986    0.2208    -0.0013784  0.35865   -0.22534   -0.66107
 -0.17018    0.30778    0.52436   -0.45511    0.014991  -0.15841
  0.7314    -0.069957  -0.16167    0.45817  ]"
ratliff,"[-0.35997   -0.70147   -0.12708   -1.1979     0.083351  -0.44337
 -0.47316   -0.34314    0.21029   -0.25748    0.047695  -0.39626
 -1.008     -0.25931    0.60075    0.2093    -0.28019    0.09913
 -0.82031    0.14251    0.13786    0.057555  -0.8289     0.38082
  0.099615  -0.37053   -0.54534   -0.52118   -0.80284   -0.23434
  0.005743   0.099863   0.20767    0.47255   -0.3578    -0.20318
  0.20941    0.71734   -0.38554    0.65835    0.68838    0.21991
  0.82516    0.28624   -0.74694    0.75329   -0.23478   -0.12865
  0.46627   -0.044365   0.11905   -0.84393    0.37627   -0.24008
 -0.60497    0.10302    0.56435    0.082613  -0.95072    0.45567
  0.20736    0.80294    0.52977    0.13449    0.15665    0.37071
  0.8221     0.64309   -0.22994   -0.20406   -0.17663   -0.63823
 -0.085738   0.076041  -0.12301   -0.28687    0.0087047 -0.22112
 -0.13811   -0.69361   -0.45141   -0.10605   -0.36436   -0.50322
  0.46056    0.24885    0.98778    0.31579   -0.034593   0.028204
 -0.043061  -0.19171   -0.36898    0.47319   -0.89442    0.20458
  0.92498    0.11069   -0.30905   -0.26948  ]"
sik,"[-8.7082e-01 -5.2652e-01  5.0237e-01 -6.8661e-01 -1.2013e-01 -1.1343e-01
  4.4178e-01 -5.0230e-01 -2.1547e-02 -1.3227e+00 -6.2534e-01  1.1992e+00
 -3.7216e-01  6.1788e-02  2.5851e-01 -1.1851e+00 -1.0505e+00 -1.3431e-03
  2.1657e-01 -1.5350e+00  8.3639e-01  1.4984e+00  3.1403e-01 -1.7138e-01
 -3.1461e-01  7.6274e-01 -6.2229e-01  6.1721e-01 -7.1355e-01  5.9804e-01
 -5.9786e-01  7.4834e-01 -2.4953e-01 -4.9009e-02 -7.6306e-01  3.9995e-01
  3.6756e-01  1.0747e+00 -8.5814e-01  5.9943e-01  2.7399e-01  4.5718e-03
 -1.0612e+00 -2.3992e-01  1.3179e-01  4.1789e-01 -9.0779e-01 -4.5907e-01
 -3.5708e-02  6.9719e-01 -1.2793e+00 -2.5989e-01  7.0422e-02 -2.8911e-01
 -6.4164e-01  1.6100e-01 -9.2327e-01  8.3867e-01  1.8059e-01 -1.4835e+00
 -1.4972e-01 -8.2902e-01  7.0753e-01  1.6017e-01 -4.4355e-01  4.5988e-01
  7.9850e-01  3.9878e-01  7.1258e-02  1.0624e+00  7.2540e-01 -8.5118e-01
 -6.6968e-02 -3.5539e-01 -1.7162e-01  6.0117e-01 -9.3144e-01  2.2119e-01
  9.4160e-02  7.6485e-02 -3.3182e-01 -1.1117e-01  1.4496e+00 -4.7720e-01
 -4.2994e-01  2.5641e-01  3.0412e-01  9.1970e-01 -3.3612e-01  7.9821e-01
  7.9013e-01  4.5335e-02  3.8368e-01  4.3613e-01  5.5286e-01 -2.1058e-01
 -4.5623e-01 -1.0290e+00  1.3012e-01 -7.0317e-02]"
gastric,"[-0.2825    -0.89428   -0.56487   -0.38483    0.12684    0.3344
  0.17071    0.051757   0.82585    0.56991    0.026795   0.53249
 -0.46824   -0.54844    0.68028   -0.51401   -1.1778    -0.60751
  1.7644    -0.77113    0.028847  -0.60926   -0.465      0.49462
 -0.3023     0.85926    0.61845   -1.0996     1.0218    -0.020832
 -0.32259    0.19452   -0.2763    -0.11358    0.54191    0.033256
 -0.10632    0.66825    0.26577   -0.39179    0.45718    0.037472
 -0.063422  -1.3421     0.12779    1.3521    -0.35607   -0.6323
 -0.36377    0.7356    -0.065951  -0.0058264 -0.0028454 -0.53912
 -0.70949   -0.08351    0.51416   -1.2381    -0.57439    0.70608
  0.32264    0.72549    0.94441   -0.1301     0.32396    0.39454
 -0.304     -1.2304     0.12846   -0.88076   -0.39799    0.74002
  0.24833    0.33528   -0.43064   -0.37781   -0.51677    0.44539
  0.19201   -0.20245    0.6791    -0.63226    0.13881    0.6961
 -0.59099   -0.37057    0.58756    0.21625   -1.2066    -0.026204
 -0.64418   -0.13747   -0.77771    0.090493   0.25851    0.36975
  0.50431   -0.75912    0.64739   -0.36308  ]"
amass,"[-0.087988   0.44122    0.028543   0.20426    0.25904    0.51042
  0.025278  -0.26478    0.45938   -0.057551   0.30372    0.48085
 -0.40989   -0.67484   -0.44942   -0.21642    0.70558   -0.0049653
  0.31408    0.14758    0.18054    0.37574    0.24428   -0.72328
 -0.57498   -0.67827   -0.30912    0.44078    0.5667    -0.73501
  0.25517   -0.026498  -0.70635   -0.17406   -0.37342    0.27042
 -0.36165   -0.21546   -0.81345    0.70464    0.39475    0.26722
 -0.33183   -0.69527   -0.34856   -0.14821    0.48561   -0.23713
  0.16773   -0.30527   -0.51591   -0.077461   0.28568    0.75341
  0.81167   -0.15017    0.37276   -0.58303   -0.25217   -0.18012
 -0.53194    0.24926   -0.018501   0.70147    0.045063   0.12757
  0.50986   -0.11383    0.36007   -0.046867   0.41288   -0.42664
  0.10145   -0.35409   -0.2158    -0.47411   -1.0271    -0.58366
 -0.0907     0.46278    1.308      0.52809   -0.1511    -0.21296
  0.40981   -0.13304    1.0205    -0.26711   -0.2402    -0.018498
 -0.2867     0.60231    0.54015   -0.6294    -0.033272  -1.0256
  0.28495   -0.41493    0.002283   0.33601  ]"
ngc,"[ 0.62369    0.6659    -0.21403    0.65224    0.11494    0.80022
  0.0067082  0.67145    0.71209   -0.58002   -0.11366   -0.61523
  0.60601   -0.1325     0.25996    0.095857   0.49278    1.1546
  0.93745    0.3793    -0.25586   -0.18354   -1.2302     0.92864
  0.5897    -0.41064    1.1692     1.1083    -0.30172   -0.31124
 -0.20629   -0.11247   -0.37846   -0.26455    0.56534   -0.13833
  0.65254    0.24426    0.10794    0.021239   0.0069394  0.37112
  0.18849   -0.50748   -0.17665    0.72163    1.0124     0.84245
 -0.24626    0.7885     0.31568    0.16316   -0.11569   -0.015391
 -0.66122   -0.10959    0.24446    0.19996   -0.077579   0.40466
 -0.12174    0.38405    0.29312    0.86426   -0.5833    -0.17811
  0.75957    0.33733    0.51544   -0.07468    0.013365  -0.51242
  0.36858   -0.11773   -0.71816   -2.3334     1.689      0.11598
 -0.46812   -0.23939    0.59784   -0.20546   -0.4069     0.43758
  1.0945    -0.50573    0.46379   -0.27534    0.6705     0.72939
  0.1481     0.9156    -0.38289   -0.14052    0.30835    0.4455
 -0.038066  -0.18857   -0.92193   -0.78859  ]"
contemplation,"[ 0.15466    0.6581    -0.16721    0.88485    0.037507   1.3741
 -0.61512   -0.05929   -0.43028   -0.40655   -0.18607    0.027944
 -0.058173  -0.54455    0.38358   -0.38772   -0.7403     0.72364
 -0.34047    0.18898   -0.19852   -0.38287   -0.96566   -0.12732
  0.49606    1.01       0.10847    0.30037   -0.29426   -0.26269
 -0.81826   -0.79347   -0.42325   -0.35749   -0.33746    0.5155
  0.22523    0.24709   -0.041641  -0.46883   -0.34638    0.14131
  0.29944    0.20947   -0.59903   -0.27886    0.42555    0.22907
  0.44574   -0.13073    0.50939   -0.34763    0.004495   0.2527
 -0.43793   -0.14493    0.60405   -0.575      0.20633    0.026712
  0.14089    0.39071    0.23353   -0.13535    0.40873   -0.2259
  0.82829   -1.1548     0.0056598 -0.75544    0.10417   -0.017885
  0.47143   -0.54538   -0.67325   -0.043144  -0.012219  -0.51379
 -0.15139   -0.17756   -0.61042    0.49678    0.23019    0.77987
 -0.53379    0.60245    0.28135    0.47501    0.32242   -0.0076896
  0.16543   -0.10011    0.25309    0.75412    0.27133   -0.013954
  0.46113   -0.49754   -0.55376    0.13221  ]"
recitation,"[-0.066284   0.86331   -0.34812   -0.1739     0.070496   1.05
 -0.39653    0.77267   -0.36514    0.23819   -0.012905   0.15464
  0.11389    0.088101  -0.4204    -0.016786   0.052563  -0.10593
  0.11567   -0.31046   -0.29139   -0.63385   -0.082397  -0.19118
  0.20633    0.042661  -0.42837    0.55388   -0.27742   -0.21792
 -0.14721   -0.82662    0.57847   -0.47628   -0.76693    0.17792
 -0.42387   -0.21226   -0.58638    0.10147   -0.24319    0.46467
  0.091639   0.33195   -0.12604   -0.16056    0.1703    -0.64276
  0.10266   -0.35892    0.24092    0.3013     0.84527    0.137
 -0.24385    0.01621    0.66156   -0.28314   -0.066012   0.0093492
  0.34388   -0.037569   0.36266   -0.36212   -0.1541    -0.48302
  0.69763   -0.50338    0.030808  -0.53588   -0.58119    0.52382
  0.69585   -0.145     -0.58719    0.5293    -0.054872  -0.38412
  0.0090021 -0.59057   -0.39514   -0.3736    -0.18767   -0.093439
 -1.1564     0.30589   -0.23515   -0.33285    0.6525     0.57391
  0.39386    0.51213   -0.32714    0.9393     0.6308    -0.7061
 -0.10456   -0.44307   -0.074225   0.8104   ]"
unicorn,"[ 0.23126   -0.070465   0.14834    0.0039012  0.30684    0.62115
  0.15078   -0.44371    0.17538   -0.5673    -0.59103    0.438
  0.05764    0.4475    -0.60022    0.99241    0.035731   0.11134
  0.4246     0.32325    0.083909  -0.72536   -0.30618   -0.36094
  0.87938    0.88396    0.048967   0.36138   -0.21391   -0.40276
 -0.14396   -0.48601   -0.19366   -0.26724    0.097989  -0.11641
 -0.40479    0.34835    1.1661    -0.62561    0.2427     0.34115
  0.18671    0.34307    0.18247    0.57614    0.13982   -0.043956
  0.34649    0.40999   -0.95372    0.18727    0.040049   0.35301
 -0.35793   -0.29045   -0.288      0.34041   -0.33581    0.29371
  0.36537    0.32343   -0.50602    0.35707   -0.19311    0.096386
 -0.63164   -0.17718    0.42312    0.30164    0.26042   -0.82812
 -0.46602   -0.31244    0.037591  -0.051055   0.29269    0.59983
 -0.57546    0.044172  -0.02117   -0.34822    0.22968    0.68747
 -0.014732  -0.034369   0.86234   -0.15651    0.22012    0.95314
 -0.59219   -0.17978    0.81213   -0.1832     0.4975    -0.65179
 -0.70112   -0.14896    0.22148   -0.15854  ]"
département,"[-0.46727   -0.62914    1.075      0.33167    0.59738    0.49204
  0.50363    0.95222    1.0886    -0.065808  -0.74501    0.80669
  0.058117   0.44471   -0.71489   -0.038905   0.15655   -0.83458
 -0.29477    0.021303   0.65486    1.1374    -0.83465   -1.193
 -0.55182   -0.77699    1.3604    -0.10817    0.3141    -0.82558
 -0.58825   -0.9991     0.51779   -1.4698    -0.51213   -0.11859
 -0.15354   -0.59287   -0.083577  -0.54069    0.66903   -0.51124
 -0.18092   -0.11651    0.52972    0.95447    0.16787    0.44624
 -0.030533   0.33338   -0.50988    0.6179     0.58444    0.17833
 -1.2626    -0.68842    0.60691   -0.83127   -0.91724    0.0091967
  1.0464    -0.0036328 -0.64867    0.040045   0.56606    0.50778
 -1.0287     0.097816   1.3913     0.49226    0.84136    0.10291
 -0.14814    0.14088    0.39983    0.48808    0.13932    0.45265
  0.26627    0.3058    -1.0945    -0.3858    -0.41286    0.31753
  0.11516   -0.22857   -0.76231   -0.81314   -0.14943   -0.52338
  0.32409    0.252      0.11547    1.359      0.5154     0.40921
 -0.33417   -0.3663    -0.40489   -0.055951 ]"
darnell,"[ 4.8272e-01 -4.5583e-01 -1.7603e-01 -1.2419e+00 -4.4945e-02 -3.3998e-01
  1.3611e-01 -6.9073e-01  3.7973e-01 -4.4779e-01 -1.7602e-01  1.6444e-01
  5.6905e-01 -1.8185e-01  8.8305e-02  1.4577e-01  2.7382e-01  4.6968e-01
 -5.0756e-01  5.8938e-01  3.3724e-02  4.7494e-01  7.5736e-01  2.9927e-01
  7.5846e-01  4.3765e-01  3.9766e-02 -5.2940e-01 -1.5527e-01  1.0615e-02
 -3.5692e-01  2.1432e-01  1.0707e+00  5.4815e-01 -4.0790e-03  2.4124e-01
 -2.8518e-02  1.4582e-01 -1.1845e-01  4.7531e-01  2.1710e-01  1.9357e-01
 -1.2793e-01  5.5668e-01 -6.7452e-01  7.9934e-01 -6.7657e-01 -1.8956e-01
  2.6369e-01 -8.3735e-02  7.9178e-01 -6.0917e-01 -1.1056e+00 -5.4458e-01
  1.5594e-01 -2.7490e-01 -2.0206e-01 -4.3366e-02 -4.9509e-01 -2.9085e-01
  4.7097e-02 -5.0228e-01  2.5990e-01  2.7820e-01 -1.2392e-01  6.7237e-04
  5.6434e-01  2.3818e-01 -2.6686e-01  5.5512e-01 -5.3054e-02  8.7727e-03
  7.4332e-02  4.4618e-01 -2.7928e-01  2.8398e-01 -2.2923e-01  2.2788e-01
  1.6483e-01  5.4991e-01 -4.7543e-01 -3.7296e-01 -3.6778e-01 -1.9432e-01
 -5.0474e-03  6.0628e-01  3.7279e-01 -7.8694e-02 -3.6666e-01 -2.6788e-01
  6.4152e-01 -7.0856e-02 -4.8822e-01  5.1123e-01  1.2841e-01 -1.1706e-01
 -8.4710e-01  2.6908e-01 -1.5187e-01  7.8389e-02]"
stunted,"[-0.15406    0.46056    0.0024884  0.16928   -0.17028    0.045633
 -0.35214    0.19748    0.33525    0.04953   -0.17727    0.82763
  0.64862   -0.0329     0.55308    0.23729   -0.61301    0.12453
  0.67716    0.40255   -0.6652    -0.092085   0.65905    1.0936
  0.81886    0.42707   -0.52742   -0.10806   -0.9197     0.32511
  0.22241    0.0024293  0.18258   -0.32596   -0.55457    0.13744
  0.31944    0.536     -0.63693    0.41492   -0.14305   -0.08919
  0.16124    0.55298    0.49233    0.0090553  1.1874     0.53281
 -0.073109  -0.14943   -0.68959   -0.84372   -0.45546    0.15753
  0.88804    0.13738    0.14178   -0.23002   -0.062448  -0.26538
 -0.0055569  0.45196   -0.6324    -0.52425   -0.032473  -0.099348
  0.62472   -0.49096    0.8629    -0.44668    0.46848    0.38406
  0.29856   -0.35094    0.065573  -0.090237   0.047085   0.36212
  0.36618   -0.12738   -0.31773    0.44603   -0.70353    1.1331
 -0.43921   -0.30175    0.30383    0.39918   -0.76479   -0.22733
  0.068091  -0.054558   0.08659   -0.0043893 -0.31248   -0.45779
  0.010664  -0.55206    0.20648   -0.40492  ]"
conserving,"[-0.39255   0.85145   0.34891   0.74642   0.43094   0.03009  -0.56436
  0.046988  0.037703  0.13873  -0.061282 -0.085775 -0.60725  -0.77557
  0.024106 -1.0979    0.13403  -0.032896  0.23709  -0.17908  -0.65592
 -0.15254  -0.28627   0.054627  0.1235    0.76327  -0.57334  -0.16286
 -0.61506   0.48035  -0.61787  -0.35537  -0.36403   0.6259    0.10801
 -0.98893  -0.98344   0.44885  -0.67007  -0.20193   0.42442  -0.45689
  0.2087    0.29747  -0.61537   0.90521  -0.11207  -0.017355 -0.81014
 -0.60796   0.049289  0.46044  -0.38503   0.57927  -0.24169   0.27713
  1.0589   -0.35605  -0.2969   -0.27664   0.13998  -0.17551  -0.028788
  0.20508   0.29373   0.63763   0.5503   -0.4564    0.73639  -0.7577
  0.4843   -0.1058    0.54873  -0.017274 -0.18934  -0.38084  -0.053494
 -0.12114  -0.60217   0.51554   0.092175  0.27724  -0.47028   0.85871
  0.26013   0.97639   0.3237    0.48512  -1.0518   -0.040444 -0.18266
 -0.58824   0.74204  -0.38646  -0.78856  -0.12569  -0.405    -0.30562
  0.29051   0.40478 ]"
afonso,"[ 0.084397  -0.45599    0.0096208  0.33246   -0.39754    0.97785
  0.25921   -0.38691   -0.79011   -0.38032    0.20264    0.44975
 -1.1989    -0.16331    0.59907   -0.44733    0.13477   -0.014477
  0.83712   -0.19169   -0.6144    -0.51299    0.81944    1.192
  0.31481   -0.10916   -0.24515    0.25572    1.3054     0.11161
 -0.14089   -0.56877    0.65784    0.99967    0.54044    0.69048
  1.0596     0.19408    0.25141    0.029578   0.22771    0.68172
  1.1234    -1.0199     0.078518  -0.30447   -0.091675   0.037403
  0.083625   1.1826     0.34817    0.43365   -0.22101   -0.033223
  0.33803    0.34092   -1.2911     0.43155   -0.27239   -0.18457
 -0.10348   -0.42025   -0.34388    0.5076     0.38172    1.0212
  0.18499    0.08539    0.74111    0.41952    1.0456    -0.73319
  0.67855   -1.0808    -0.2828    -0.81007   -0.96556   -0.01532
 -1.2487     0.5583    -0.35331   -0.86256   -0.41372   -0.31135
  0.32432    0.43511   -0.51492   -0.76506   -0.61283   -0.74887
 -0.14274   -0.5504     0.07373    0.71978   -0.66477   -0.28814
 -0.38837   -0.16499   -0.79828   -0.17823  ]"
snp,"[-0.16354    0.39141    0.099879  -0.90568    0.41498    0.08192
 -0.17155   -0.34736   -0.29493   -0.23563   -0.09507    0.1635
 -0.14633   -0.21858    0.23237    0.38825   -0.022848  -0.3205
  1.3057    -0.16047   -0.12992   -0.55094    0.67674   -0.52002
 -0.34208   -0.96133    0.73836    0.38974    0.21033   -0.43884
 -0.083758   1.4883     0.17783    0.0083571  0.97994   -0.20773
 -0.34611    0.75721    0.011857  -0.36005   -0.20943    0.22032
  0.74138   -0.2164    -0.2893     0.17902    0.8213    -0.24777
 -0.62399    0.30589   -0.013589  -0.47838    0.45541    0.5883
 -0.35699    0.15753    0.032545   0.5707    -0.47395   -0.027765
 -0.075266  -0.21837    0.25627    0.81917    0.98188    1.0339
 -0.71705   -0.24441    1.2044     0.15637   -0.3385     0.51451
  0.06271   -0.9924    -0.078138  -0.82127   -0.25879   -0.31185
 -0.47952   -0.15156   -0.60732   -0.4508     0.70754   -0.038446
  0.32322   -0.049745   0.9228     1.0678     0.07188    0.61397
 -0.056459  -0.47697   -0.76464    0.57025   -0.086446  -0.26622
  0.36736   -0.17132   -0.53789   -0.77395  ]"
shackles,"[ 0.42804   -0.62368   -0.10497   -0.72042   -0.32284    0.79414
 -1.1084     0.29817   -1.033     -0.19581   -0.17157    0.61921
  0.29762    0.70454    0.40887   -0.11046   -0.0045909  0.23045
  0.23332   -1.6747     0.45117    0.054992   0.34294    0.40712
  0.90662    0.68379   -0.1435    -0.82387    0.66837   -0.32631
  0.94372   -0.72065   -0.58171    0.0048917 -0.18263   -0.054536
 -0.2622    -0.15799   -0.11026   -0.55997   -0.089074  -0.39586
  0.33864    0.071261  -0.77351   -0.53912    0.71576    0.7607
 -0.084657   0.49578   -0.59031    0.55922   -0.072681   0.34032
  0.072062   0.28148   -0.28905   -0.71258    0.56584    0.81534
 -0.38341    0.20493   -0.57737    0.63287   -0.49357   -0.54396
  0.41741   -0.62907   -0.42863   -0.64808   -0.071883  -0.113
  0.45083    0.027709   0.1251     0.28757   -0.1114    -0.17749
  0.16915    0.18713   -0.14396   -0.11956   -0.12476    0.91334
 -0.43445    0.27815   -0.32561    0.36306   -0.66117   -0.11734
  0.1811    -0.54472    0.34515   -0.10214    0.39218   -0.51689
  0.73201   -0.36767   -0.053705   0.58902  ]"
yells,"[ 0.53243    0.31539    0.32819   -0.54416    0.042287   0.90806
 -0.63975    0.18172    0.34998   -0.10753    0.29381    0.6067
 -0.48486    0.28568    0.35086    0.14898   -0.93423    0.29138
 -0.1331     0.3303    -0.0064055  0.3338    -0.33793   -0.20669
  0.87719    0.72032   -0.86033    0.19704    0.91502   -0.20165
 -0.36462    0.42611   -0.021705   0.83331   -0.2412     0.20353
 -0.38073   -0.43163    0.86082   -0.18533    0.013945   0.77259
 -0.71299   -0.18285   -0.44374    0.36583   -0.7134     0.10711
 -0.070009  -0.055448  -0.16015   -0.11572    0.27698    0.34296
  0.086164   0.20004    0.16678    0.41337   -0.59016    0.1235
  0.57111   -0.021516   0.068364   0.0015613 -0.2211    -0.33318
  0.77789   -0.16811   -0.13151    0.54508    0.44464   -0.3293
 -0.15393   -0.96288    0.28252    0.6792    -0.26924   -0.27055
  0.20072   -0.47966    0.29137   -0.64755   -0.75031   -0.51821
 -0.38291   -0.64487   -0.044529  -0.31913    0.18837   -0.038568
  0.30748    0.13937    0.27126    0.31614    0.30237   -0.27591
 -0.096089   0.56274   -0.14172    0.94438  ]"
faxon,"[ 0.17276  -0.21565   0.47137  -0.59483  -0.25892   0.28747   0.7052
 -0.18028  -1.0451   -0.7405    0.023405  0.40788   0.20056  -0.17535
  0.49407   0.32511  -0.57681   0.48309  -0.43235   0.2056    0.15482
  0.76751   0.41195   0.92698   0.42375   0.93371   0.24851  -0.68252
 -0.25788  -1.1984   -0.56349   0.69398   0.66845   0.48512   0.84559
 -0.068792 -0.084498  0.092806  0.78574   0.46231  -0.42829   0.22284
  0.24109   0.93942  -0.73258  -0.19062  -0.16257   0.35072  -0.53994
 -0.77633  -0.35367  -0.23034  -0.51537  -0.72107  -0.16152  -0.34462
 -0.021247 -0.038577 -1.1435    0.79284  -0.29304   0.17163   0.60081
  1.1146   -0.37188  -0.024903  0.75107   1.2287   -0.1052   -0.75419
 -0.28106   0.23156   0.3944    0.15197  -0.35778  -0.09087  -0.020024
 -0.42257  -0.13068   0.30301   0.27854  -0.65136   0.28672   1.0789
  0.073485  0.58982  -0.013118 -0.12932  -0.3743    0.16421  -0.74045
 -0.25805   0.36676  -0.22693   0.23999   0.4347    0.231     0.31222
 -0.88833   0.20088 ]"
menard,"[-0.13928  -0.89102   0.34859  -0.81598   0.20837   0.49815   0.8775
  0.63841   0.24347  -0.066558 -0.61486  -0.19677   0.13138  -0.42646
 -0.39268   0.30208   0.43848   0.43535  -0.12037  -0.17821   0.11084
  0.96094  -0.24359   0.12175   0.50082  -0.44204   0.30054   0.062397
  0.53182   0.27583  -0.092904 -0.35441  -0.65528   0.27412  -0.40873
  0.46505   0.54564   0.95012   0.019306  0.59302  -0.22591  -0.39466
  0.53353   0.29497  -0.61974   0.57334  -0.05792  -0.51958  -0.16899
  0.20117   0.11917  -0.69358  -0.7638    0.15707  -0.020186  0.43637
 -0.40978   0.67559  -0.37254  -0.3794    0.2657   -0.6365    0.6241
  0.55207   0.58293   0.048198 -0.17177   0.19741  -0.17492   0.43223
 -0.30567  -0.019897 -0.67109  -1.0481    1.231     0.27385   0.58679
 -0.25759  -0.41503  -0.44962  -0.21544   0.1509   -0.49403   0.49333
  0.47361   0.41021   0.49983  -0.60613  -0.28578  -0.17087  -0.62053
 -0.57885   0.29264   0.16538   0.31036   0.14658   0.11005  -0.23891
 -0.15451   0.3946  ]"
afoot,"[ 0.091763   0.15105    0.23247   -0.12566    0.38147    0.39311
 -0.19374   -0.47018    0.27414    0.5259    -0.040578   0.85257
 -0.11321   -0.64709   -0.17257    0.018618  -0.51666    0.39239
 -0.19003   -0.014191   0.5577     0.18482   -0.13956   -0.30451
  0.013645  -0.12116   -0.20017    0.34952   -0.0077556 -0.074334
 -0.92564   -0.29118    0.45917   -1.0407    -0.56926    0.32338
  0.11239   -0.89555   -0.32693   -0.67978    0.2434     0.59365
 -0.45389   -0.17604   -0.70165   -0.0046196  0.57564    0.54443
  0.54341   -0.51669    0.0095953 -0.21133   -0.229      0.61889
  0.45872   -0.38291    0.27705    0.40279   -0.49773    0.0042254
 -0.85002    0.26856    0.40607    0.27031    0.72136   -0.1336
 -0.44475    0.14051    0.1184    -0.23996    0.99762   -1.2528
 -0.87387   -0.52389    0.33595   -0.42927    0.61587    0.052364
 -0.06068    0.51426   -0.41551   -1.043     -0.40882   -0.29871
 -0.1337     0.47559    1.0807    -0.13551   -0.94882   -0.55142
 -0.61764   -0.52897   -0.40094   -0.83072    0.46308   -0.6055
 -0.0335    -0.49927    0.37344    0.46228  ]"
benzema,"[ 1.0149    -0.69484   -0.28983   -0.92173    0.35941    0.42347
  0.24429    0.22906    0.71899    0.40438    0.46118   -0.55135
 -0.78962    0.16527    0.7846     1.0659    -0.18697    0.21318
 -0.42344    0.3532    -1.1251     0.18111   -0.42518   -0.29234
  0.64363    0.058828   0.4536    -0.43159   -0.61753   -0.087733
 -0.6346    -0.32051   -0.49754   -0.18909    0.28969    0.77131
 -0.12527    0.68548   -1.3742     0.96249    0.41676    0.2264
  0.59484    0.3435     0.62691    0.54423   -0.48743    0.83053
 -0.058912  -0.53381    0.53516    0.79046   -0.51877    0.95787
 -0.58406   -0.31803   -1.1116     0.56175   -1.1026     0.076401
  0.47671   -0.037844  -0.055054   0.12011    0.12133    0.59701
  0.33019   -0.38947   -0.83746   -0.62838    0.5124     0.075854
  0.8751    -0.87432   -0.099003  -0.49095    0.16337   -0.32182
 -0.0071669 -0.30983    1.2293     0.43747   -0.60572   -0.057006
  0.47659   -0.2553    -0.14101    0.51861   -0.5323    -0.6821
 -0.85456   -0.02398   -0.84232   -0.28926   -0.82175    0.19024
  0.87898   -0.20899   -0.91444   -0.26698  ]"
grenadines,"[-0.09474   0.32315  -0.4823    0.15851  -0.11344  -0.057563  0.51837
 -0.31815  -0.24949  -0.068969 -0.32239  -0.67423   0.45446   0.7408
 -0.12693  -0.9042    0.41756   0.22031  -0.1767    0.18795  -0.24724
  0.22483   1.5838   -0.2548    0.66717   0.27194   0.017071  0.23371
 -0.52019  -0.49566   0.16129  -0.16773   0.053561  1.127    -0.27112
 -0.31084   0.46988   0.50619  -0.059264 -0.58131   0.075117 -0.32389
  0.22555  -0.54219   0.044027  0.68778   0.16337   0.14266   0.71229
  0.3848   -0.09449   1.0918   -0.21816  -0.35774  -1.5181    0.20484
  0.49258   0.77012  -0.090482 -0.10098  -0.91873  -0.79107   0.25145
 -0.99542  -0.82924   0.095351 -0.91348   0.57657   0.53055  -0.4774
 -0.88131  -0.43227  -0.65115   0.49458   1.6337   -0.35846  -0.80675
  0.39956   0.75976   1.0482   -0.40455   0.47586   0.44388  -0.32187
  0.31485  -1.4153    0.0294    0.49762   0.7972   -0.61142   0.065652
  0.3294    0.14655   0.5129   -0.63522   0.59229  -0.39517  -0.016378
 -0.28865  -0.8023  ]"
rensselaer,"[ 0.7272    0.13351   0.2447   -0.49732   0.29184  -0.29778   0.090854
  0.38067   0.026034  0.59424  -0.96503   0.12892  -0.95543  -0.10877
  0.077853 -0.91757   1.0469   -0.32252  -0.29741  -0.46723  -0.39823
 -0.27436  -0.1353   -0.22906  -0.39423  -0.64359  -0.10485  -0.070342
  0.19887   0.2588   -0.6011    0.30578   0.073475 -0.12863   0.042055
 -0.47954   0.45926   0.081384  0.53211  -0.90697  -0.17677  -0.51065
 -0.7171   -0.95864  -1.0354    0.16619   0.68483   0.041459 -0.32694
  0.57994   0.063509 -0.97872   0.092577 -0.75543  -0.657     0.035008
  0.20622  -0.41285  -0.53412  -0.34005   0.26819   0.50842   0.66515
  1.6472   -0.97927  -0.43652  -0.57777   0.36507  -0.29064   1.164
 -0.97803   0.76488  -0.43922   0.24537  -0.39534  -0.88742   0.066895
  0.13189  -0.36431  -0.15217  -0.45211   1.0575   -0.029517 -0.49498
 -0.039     1.0015    0.055096 -0.68681  -0.11398  -0.65523  -0.030841
 -0.050142 -0.10139   0.77196  -0.57598   0.051687  0.23231   0.16877
  0.23735  -0.31936 ]"
gules,"[-0.18743   -0.36064    0.51989    0.26354    1.7051     1.1114
  0.18231   -0.17781   -0.6328    -0.16033    0.25447    1.1425
  1.2413     1.6626     0.17489    1.015      0.12385   -0.62565
 -0.48014   -0.3787     0.21403   -0.95034   -0.49529    0.55785
  0.63739    0.663     -0.77655   -0.70595   -0.13242    0.30596
  0.46754   -1.0604    -0.24467   -0.48764    1.2416    -0.0067605
  0.080371  -0.13261    0.5823     0.57402    1.5811     0.48101
  0.46636    0.4915     0.074209   1.5954    -0.3168    -0.044719
 -1.7065    -1.3907     0.24025   -0.71299   -0.49164    1.3026
 -0.058742   0.063546   1.2913    -0.3302     0.48485   -0.70462
 -0.7966    -1.3507    -1.3804     0.22591   -0.33151   -0.062383
  0.42654   -0.53257    1.2412     1.0497     0.40278   -0.39171
  0.65685   -0.87313    1.188     -0.31067    0.29874   -0.12763
 -0.34235    0.37912   -0.80657    0.77238   -0.10016    0.95299
  0.68696   -0.19323    0.099987   0.5273     2.1253    -0.064715
 -0.49284   -0.16273   -0.77239   -0.38397   -0.15581   -0.12474
  0.27743   -0.26698   -0.25708   -0.66621  ]"
rampaging,"[ 0.54497    0.33846   -0.039394  -0.61912   -0.24908    1.683
 -0.46023   -0.0083756  0.27154    0.082989  -0.4036     0.26132
 -0.025288  -0.73872    0.054834   0.38392   -0.37992   -0.096397
 -0.2672    -0.096187   1.0209    -0.49302    0.50015    0.25117
  0.66991   -0.058124  -0.46186    0.57383   -0.2437     0.17864
 -0.088546  -0.60514   -0.35226   -0.0017526 -0.22781   -1.0484
 -0.089828  -0.40649    0.14385    0.25635   -0.12715    0.3836
 -0.72976    0.2501     0.66937    0.80917   -0.36692    0.1221
  0.21733    0.40107   -0.3235     0.16192   -0.40149    0.0076557
  0.037636  -0.204     -0.35918    0.32702   -0.1062     0.040823
  0.046796   0.27129   -0.068372   0.6619     0.39025    1.1692
  0.40645   -0.40994    0.56924   -0.083723   0.56991   -0.59208
 -0.36471   -0.31728   -0.66532   -0.086012  -0.08797    0.23547
  0.13365    0.11632    0.89151   -0.0217    -0.69781    0.13612
  0.53546   -0.06339   -0.25238    0.077789  -0.9154     0.10529
  0.1941    -0.47437   -0.039123   0.16105   -0.078419  -1.0396
 -0.25889    0.49586   -0.038493   0.26939  ]"
graying,"[-0.24379   1.105     0.75056   0.14822  -0.47166   0.29532  -0.24179
  0.78649  -0.062784  0.95344  -0.76995   0.45272   0.67837   0.056434
  0.53447  -0.14202   0.20927  -0.27363   0.68422  -0.48335  -0.56173
  0.53927  -0.36645  -0.043486  1.2404    1.0335   -0.039756 -0.76564
  0.18636   0.50953   0.40927  -0.35132  -0.32855  -0.56261  -0.56272
 -0.40298   0.28567  -0.015052  0.33175   0.31088  -0.26396  -0.8133
 -0.099544  0.34311  -0.11014   0.11795   1.3874    0.59329  -0.21732
 -0.15602  -0.33935  -0.72111  -0.31898   0.53726  -0.18441   0.2018
 -0.54643   0.57486  -0.14764   0.48096   0.51768   0.12722   0.56649
  0.32269   0.26583   0.3928    0.12587  -0.049284  0.62043   0.27641
  0.80618   0.39698  -0.83325  -0.37499   0.18129  -0.60215  -0.5401
 -0.14616   0.87129  -0.7904    0.67266   0.19683   0.56393   0.27014
 -0.28809  -0.87976  -0.35796  -0.29724  -0.54745   0.24443   0.48873
  0.15097   0.36842  -1.1148   -0.28166  -1.0248   -0.31135  -0.22569
 -0.57801   0.66827 ]"
roiling,"[-0.20243   0.29133   0.6642    0.022661  0.12646   0.98982  -0.74285
 -0.64738   0.41493  -0.012853 -0.25985   0.77839   0.14085   0.04686
 -0.16529  -0.29767  -0.36335  -0.2754    0.79883  -0.99973  -0.32084
  0.47137   0.97804  -0.072931  0.32703   0.20501  -0.36984   0.53552
 -0.21548   0.30912   0.26757  -0.92328   0.074449 -0.12191  -1.0003
  0.027198  0.40185  -0.035581  0.22745   0.58897  -0.4896   -0.91612
 -1.0418   -0.039695 -0.15136   0.6478    0.60624   0.73385   0.34523
 -0.090985 -0.23955   0.5192   -0.23713   0.13314   0.19219  -0.75777
  0.53487  -0.30158  -0.13038   0.40802  -0.33344   0.6293    0.24482
 -0.35491   0.28353   0.52517   0.33304  -0.70881   0.34649  -0.55863
  0.54423  -0.17787  -0.22983   0.41735  -0.48231  -0.12737  -0.13595
 -0.53192  -0.24384   0.21293   0.35425  -0.092527  0.1749    0.43572
  0.55508  -0.2728   -0.30954  -0.30292   0.014907 -0.7411   -0.051206
  0.43934  -0.7793   -0.275     0.68061   0.77352  -0.054172  0.28414
 -0.15363   0.93725 ]"
mannesmann,"[ 6.9699e-01 -1.7458e-01  4.8818e-02 -9.6996e-02 -1.6129e-01 -4.6665e-01
  3.4825e-01 -6.8879e-01 -7.3685e-01  2.2535e-01  2.4952e-01  6.0413e-01
 -7.7766e-01  1.9041e-01 -3.8416e-01 -6.8261e-01 -1.4349e-01 -6.8717e-01
  7.0115e-01  2.1152e-01 -5.4312e-01 -4.2600e-01  4.6803e-01  4.1340e-01
 -5.8491e-02 -1.0185e+00  4.0702e-01  1.3080e+00 -6.7485e-02 -8.4684e-01
  7.1667e-01  9.0840e-01 -4.7903e-01 -6.5930e-01  5.4791e-01  6.0798e-01
  9.6956e-01  7.7604e-02  2.9195e-01 -6.0436e-01  6.2665e-01 -2.9566e-01
  3.9168e-01  3.0479e-01 -1.1484e+00  9.3059e-01  6.0245e-01  2.5544e-01
  5.0557e-01 -2.4345e-01 -1.0640e-01 -4.8454e-01  3.9981e-01  2.0183e-01
 -6.7107e-01  2.1776e-01 -2.4574e-01  5.8375e-02  1.3254e-01 -4.1916e-01
  9.3049e-01 -2.6680e-02  2.8660e-01  2.8937e-01 -6.4370e-02 -2.6098e-02
  6.2910e-01  1.0352e+00  3.9563e-01 -2.5766e-01  2.9755e-02 -9.4569e-01
 -1.0835e-03  3.8000e-01 -5.0434e-01 -5.2207e-01  3.2918e-01 -2.7946e-01
  4.6537e-01  3.7525e-01  1.1652e+00 -7.6659e-01  9.1490e-01  1.0377e+00
 -7.1362e-01 -5.8889e-01  6.1252e-02  6.8508e-01  2.7826e-01  5.5378e-01
  6.7899e-01 -3.9610e-01 -2.2324e-01  3.9541e-01  1.2688e+00 -3.8886e-02
  5.4184e-01  7.7403e-01 -3.0858e-02  2.7794e-01]"
ensues,"[ 0.42677    0.29656    0.41493    0.084644  -0.18905    0.90743
 -0.022208  -0.24947    0.74991   -0.37177    0.060819   0.67273
 -0.087831   0.017566   0.839      0.084206  -0.42343   -0.35431
 -0.029979   0.024753   0.46701   -1.192      0.074551  -0.67971
  1.0124     0.26738   -0.6371     0.11895   -0.15746   -0.52626
 -0.67404    0.15652    0.030863  -0.45779   -0.48917   -0.51074
 -0.18917   -0.32799    0.50569   -0.46707    0.62384    0.39415
 -0.75945   -0.53804   -0.39464   -0.4939     0.10145    0.3532
  0.16852    0.29975   -0.19988   -0.58098    0.23159    1.068
  1.1368    -0.23366   -0.052602  -0.046522  -0.73905    0.094835
 -0.70584    0.62924    1.118     -0.25454    0.22655    0.30842
 -0.13247   -0.47311    0.56412    0.098469  -0.15623   -0.72131
 -0.17264    0.0028809  0.24836    0.12121   -0.42846   -0.85606
 -0.38643    0.31854   -0.22751   -0.12874   -0.10198   -0.17063
 -0.12923    0.17869   -0.54484   -0.16477   -0.25838   -0.16871
 -0.2273    -0.1548    -0.51032    0.39093    0.89256    0.433
  0.95223    0.60801   -0.16142    0.73815  ]"
σ,"[-0.058495   0.8226    -0.16527    1.0596    -0.4771     1.1442
  0.32121    0.32401   -0.47921    0.45315    0.014788  -0.1946
 -0.50541    0.29231    0.35761    0.31503    0.28261    0.93004
  0.80958   -0.39058    0.029591  -0.68943   -0.36873    0.1403
 -0.21986    1.1632     0.52471    0.049196   0.19855   -1.1116
  0.2439     0.75531    0.80118    1.0149    -0.13832   -0.41343
  1.3123     0.045245   0.32443   -0.26593    1.0851    -0.31574
  0.18434   -0.14165    0.079523  -0.45486   -0.84923    0.41282
  0.031267   0.55482    0.31273   -0.10439    0.62777    0.24117
 -0.82599    0.011687   0.86736    0.81634   -0.29311    0.90181
 -0.49249   -0.42301   -1.0514     0.57374    0.98178    1.2231
  0.57404    0.20331    0.66727   -0.56651   -0.5552    -0.23245
  0.53166    0.65464    1.2285    -0.30316    0.24721   -0.22576
 -0.60907   -0.45803   -0.19961   -1.2062    -0.64397   -0.33996
  0.23838    1.2603    -0.65688   -0.022316   0.028089   0.15479
 -1.419      0.65571   -0.56814    0.1854     0.88584   -0.0088327
  0.25844    0.028464  -1.0433    -0.26018  ]"
heidfeld,"[ 0.0033592 -0.69635    0.50432   -0.77814   -0.72713   -1.0038
  0.24786    0.36529    0.038887   0.18601    0.70298    0.84509
 -0.5894     0.5488     0.24643    0.082389  -0.039978   0.12798
 -0.60192    0.17262    0.16965   -0.027368  -0.1754     0.55363
  0.13255   -0.83444    0.61148    0.97724    0.65167    0.33706
 -1.3304     0.56198   -0.10538   -1.0026     1.3146     0.83216
  0.42574   -0.18929   -0.058456   1.3076    -0.42099   -0.87285
  1.3282     1.2605    -1.3185    -0.27012    0.50053    0.36632
  0.557     -0.60221   -0.34644   -0.27051   -1.5725     0.35692
 -0.72183    0.057726  -0.23925    1.3764    -0.53965   -0.57028
  0.58287   -0.25431    0.57402    0.32998    0.56968   -0.58377
  0.82406   -0.20245   -0.58752   -0.020295  -0.44556    0.13926
 -0.64434   -0.91897    0.014342   1.2245     0.62205   -0.48672
  0.47738    0.17177    0.41308    0.68336   -1.1681     0.39725
  0.69892   -0.18041    0.43524   -0.047254   0.36601   -0.053192
 -0.94657    0.37236    0.25644    0.92314    0.32289   -0.19202
  0.20417   -0.36455   -0.42339   -0.88865  ]"
cohorts,"[ 0.51504    0.1516     0.12177   -0.68396   -0.074036   0.49394
  0.0064087  0.058422  -0.2266     0.77964    0.25292    0.15408
 -0.11848    0.19123    0.24911   -0.25651   -0.32631   -0.21963
 -0.26844   -0.15348    0.12987   -0.16672   -0.12371    0.12539
 -0.17813   -0.045265   0.36275   -0.065334   0.13732    0.07992
  0.82082   -0.36891   -0.28193   -0.19693    0.017341   0.42706
  0.13748   -0.0031896  0.28064    0.15823   -0.10826    0.39292
  0.2045     0.028902  -0.034189  -0.24164    0.023458   0.0019599
  0.2466     0.16784   -0.65739   -0.48176   -0.063401   0.5746
  0.75356    0.72868   -0.019082  -0.39439   -0.48883    0.48598
 -0.011073   0.64674    0.36013    0.05555    0.42773   -0.11235
  0.097519   0.072497   0.12565    0.17363    0.10069   -0.47403
 -0.14058   -0.63972   -0.89214   -0.3198     0.03206   -0.28407
  0.36363   -0.25587    0.33003    0.13414    0.031129   0.34211
 -0.59573   -0.26638   -0.14882   -0.13406    0.1017    -0.12372
 -0.49246    0.1414     0.41677   -0.17083   -0.072145  -0.82352
 -0.028233  -0.44319   -0.19838    0.15378  ]"
rts,"[ 1.2449     0.34153    0.79553    0.058546  -0.30272    0.006818
 -0.17392   -0.067642   0.54356   -0.31026    0.3377     0.024418
 -0.3937     0.19749   -0.49296   -0.10794    0.13302   -0.73895
  1.1079    -0.19711    0.32699   -0.7543    -0.47558    0.885
  0.8395    -0.8654     0.47805    0.66748   -0.19424    1.2641
  0.10538    0.57337   -0.89847    0.7615     0.6407    -0.33994
  0.53971   -0.43201   -0.59829    0.0075275  0.98367   -0.027314
 -0.92131    0.52295   -0.11913    0.34177   -0.24011   -0.98769
 -0.28353    0.26261   -0.59404    0.49236    0.61198    0.60017
 -0.54149    0.27056    0.57523    0.99784    0.88696    0.56452
 -0.16385   -0.3342    -0.79744    0.98463   -0.46787    0.17059
 -0.22083   -0.64539   -0.10995    1.0261     0.054685  -0.80164
  0.32607    0.69081   -0.87886   -0.41941   -0.61481    1.0314
 -0.085008  -0.93341    0.14237    0.5589    -0.47392   -0.49083
 -0.68194    0.4017    -0.65067    0.71991    0.38968    0.39564
  0.67285    0.2521    -0.5085     0.71539   -0.042876   0.38645
  0.48558    0.0097267 -0.0089368  0.91299  ]"
css,"[-0.56541  -0.42595  -0.077894 -0.95878  -0.34632   0.11367  -0.16437
 -0.13266  -0.46578   0.12472   0.57843  -0.054811 -1.2812    0.091842
 -0.14806   0.32578   1.7735   -0.73969   0.13365   0.91601   0.079646
 -0.45889   0.13582   0.72757   0.069018 -0.44678  -0.41956  -0.18723
 -0.84193  -0.47476   0.4832    0.21252  -0.45824   0.068655  0.58958
 -0.25538  -0.11137  -0.38364   0.31247  -0.091127 -0.31397  -0.53362
 -0.65909   0.5418   -0.54769  -0.039618  0.43035   0.045977  0.20054
  0.1681    0.085974  0.40096  -0.25104  -0.1285    0.18146   0.41591
  0.39986  -1.038     0.15519   0.37573  -0.42449  -0.36546  -0.72482
  0.3028    0.22426  -0.48037  -0.27596   0.10974   0.4961    0.34675
  0.49033   0.14165   0.66895  -0.024686 -0.60064   0.74038   0.62449
  0.65659   0.5405   -0.20153  -0.40749  -0.94235  -0.41416   0.82363
  0.47828   0.46374   0.67229  -0.30743   0.10009  -0.43335  -0.32072
 -0.02814  -0.11768   1.0059    0.77989  -1.1593   -0.16279  -0.88941
  0.11422   0.60137 ]"
"330,000","[ 0.5965     0.80543    0.066224  -0.20236    0.22773    0.048655
  0.41638    1.0874     0.36095    0.34086    0.44507    0.16721
  0.29764   -0.6623     0.36089   -0.62656    0.075924  -0.25726
  0.64613    0.35962    0.97443   -0.19025    0.24512    0.37701
  0.36092   -0.84487    0.38638    0.17627    0.078978  -0.5625
  0.40085   -0.20315    0.061436   0.0071972 -0.35677    0.061882
 -0.022766   0.61525   -0.27294   -0.029955  -0.25527   -0.11775
  0.054437  -0.27698    0.36241    0.03369   -0.06081   -0.8443
 -0.46598   -0.18315    0.02857   -0.54494    0.25779   -0.031058
 -0.40582    0.72812    0.37851   -0.67194    0.048516  -0.55367
  0.70678    0.37651    0.35366    0.1685     0.0027602 -0.35123
  0.013243   0.071072   0.87146   -0.52118    0.32724    0.3797
 -0.30099    0.20658    0.36686    0.15386    0.2972     0.57075
 -0.0068778  0.06495    0.45171   -0.14822    0.010854   0.59259
  0.21006    0.035712   0.40527    0.44365   -0.025932  -0.45242
  0.30325    0.86034   -0.18071   -0.92792   -0.26915   -0.37127
  0.09505    0.51284    0.22622   -0.16767  ]"
idiom,"[ 0.1872     0.37815    0.84276    0.48068   -0.061838   0.59314
  0.095803  -1.0084     0.055122   0.69962   -1.01      -0.058575
 -0.28953   -0.27616   -0.18752   -0.11638    0.093285  -0.23556
  0.29768   -0.15808    0.14231    0.07775    0.18396   -0.5
  0.21461   -0.21615   -0.4319    -0.076682  -0.25212   -0.13406
 -0.5345     0.34333   -0.63532    0.033533   0.19819    0.15473
 -0.07907    0.13521   -0.16847   -0.81372    0.244      0.12218
 -0.53383    0.45704   -0.13326   -0.26806    0.14915   -0.018388
 -0.16119   -0.15075   -0.30108    0.3929     0.61558   -0.017952
 -0.16016    0.045128  -0.1862    -0.23034   -0.016957   0.47057
  0.67746    0.085296  -0.022112   0.18811    0.14979   -0.28795
  0.27692   -0.80018   -0.41918   -0.5193    -0.78489    0.22066
  0.22115   -0.10599    0.14006   -0.31955   -0.097639  -0.010605
 -0.028802  -0.7107    -1.0732    -0.56822   -0.1516     0.12921
 -0.45215    0.85254   -0.23754   -0.25942   -0.15485    0.14991
  0.0087518  0.22741   -0.23441    0.0010779  0.62869   -0.095853
 -0.8081    -0.81476   -0.55332    0.75289  ]"
fireplaces,"[-0.20762    1.0111     0.45263   -0.075576   0.24986    0.37445
 -0.56889    0.50281    0.17629    0.15055    0.7384    -0.06398
  0.079926   0.77912   -0.328     -0.15382   -0.893      0.38048
 -1.1708    -0.59752   -0.25713    0.33113    0.14266    0.3877
  0.6971    -1.006     -0.059835   0.77407   -1.3537    -0.31662
  0.39352   -0.39257   -0.43059   -0.16984    0.37025    0.97882
 -0.020459  -0.36031    0.70154   -0.31796    0.53681   -0.29385
 -0.59624    0.2449     0.49113    0.058938  -0.41528   -0.60754
  0.69498   -0.33151   -0.29483   -0.78325   -0.91527    0.01679
  0.0072201 -0.62514    0.79966   -0.45809   -0.63338    0.15889
 -0.35372    0.15198    0.57454    0.66705    0.041681  -0.34878
  1.1014    -0.85699   -0.62696   -1.3245     0.45797    0.48653
  1.4754     0.076099  -0.28231    0.14479    0.59396   -0.38474
  0.2497     0.051409   0.47746   -0.42719    0.73334    0.39023
  0.61042    0.31569    0.69836    0.29502   -0.25024   -0.11227
  0.23552   -0.87842    0.20193   -0.2528    -0.67238   -0.99233
 -0.87282   -0.53343    0.88793   -0.39965  ]"
undeniably,"[-0.19955    0.24881    0.4141    -0.47134    0.3347     0.1082
 -0.092346   0.017525   0.55592    0.12221    0.39722   -0.20877
  0.11559   -0.38451    0.023887  -0.12675   -0.12801   -0.060347
  0.40072    0.55182    0.34963    0.35823    0.21616   -0.25219
  0.32774    0.017996   0.014088   0.011693  -0.72473   -0.34614
 -0.13645    0.007524   0.073106  -0.0045251  0.081106  -0.025053
  0.25646   -0.24008   -0.44322   -0.21154    0.40141    0.89191
  0.21868   -0.016722  -0.081506  -0.049979   1.1304     0.53946
  0.29876   -0.38201    0.0044639 -0.39717    0.44612    0.19147
 -0.15753   -0.1987     0.44113   -0.078717  -0.44422   -0.14307
 -0.36529    0.35304   -0.20082    0.17334   -0.070673  -0.32216
  0.41244   -0.13134   -0.071639  -0.69341    0.74712   -0.45739
  0.23521    0.33236    0.24264   -0.016321   0.036969  -0.18613
 -0.21271   -0.34454   -0.44522   -0.073484  -0.44146   -0.009874
 -0.56266   -0.53559    0.1705     0.18971   -0.68772   -0.69741
 -0.2643     0.10132   -0.35059   -0.14416    0.24168   -0.50237
 -0.67437   -0.87055   -0.54639    0.93111  ]"
gendarmerie,"[ 4.1099e-01 -4.3524e-01 -3.6551e-01 -1.5888e-01 -5.0838e-01  8.9099e-01
 -7.4898e-02  1.6806e-01  1.5615e-01  6.3300e-01 -2.0598e-01 -2.0729e-01
 -3.4469e-01  1.2551e-01 -1.5532e-03  3.5140e-02  5.6364e-01 -6.0755e-01
 -1.4694e-01 -1.2602e-01  5.1845e-01  4.8374e-02  3.7729e-01 -9.7537e-01
 -8.9528e-01 -7.6482e-01  3.2339e-01 -1.0409e-01  2.3036e-01  3.6488e-01
 -2.9222e-01 -5.2580e-01 -6.7915e-01 -1.4280e-01  8.9962e-01 -1.5672e-01
 -8.6765e-03  3.7478e-01  5.8342e-01 -5.3626e-01  9.6062e-01  1.7618e-02
 -5.5659e-03  5.1239e-02  4.8528e-01  8.0323e-01 -4.1796e-01  4.4986e-01
 -4.5279e-01  3.0026e-01 -2.0988e-02  2.5686e-01 -3.7426e-01  7.8750e-01
 -7.8606e-01  4.4109e-01  1.9526e-01 -2.4228e-01 -2.3997e-01  8.6320e-01
  4.0288e-01 -1.9635e-01  3.8275e-01  6.7992e-01  1.0677e-01  7.2949e-02
 -1.6433e+00 -5.5889e-01  6.5945e-01  1.4225e+00  8.6373e-01 -9.7497e-01
  5.6745e-01 -5.6964e-01  2.9684e-02 -1.0931e-01  1.7815e-01  7.2240e-01
 -4.0705e-01  3.3420e-01  5.0487e-01 -8.0506e-01  4.1031e-01 -2.4150e-02
 -1.6501e-01 -9.1955e-03  3.4851e-01  4.6396e-01  4.6340e-01 -1.7648e-01
  4.7915e-02 -1.3403e-01 -3.8074e-01  7.0705e-01 -5.4437e-02 -3.0447e-01
  1.5353e-01 -2.9827e-01 -8.2600e-02  2.0604e-01]"
malawian,"[ 0.0054775 -0.062576   0.95851    0.037347  -0.46738    1.0673
 -0.94549   -0.091938  -0.17753    0.45112   -0.5712     0.27112
  0.066824   0.26461    0.23836   -0.55193    0.73974   -0.57894
  0.57075   -0.07794   -0.46014    0.090506   1.1657     0.8441
 -0.31054    0.12769    0.57639   -1.0879    -0.70999    0.78328
  0.059232   0.31472    0.49281    0.86711   -0.71671    0.20893
 -0.17514    0.17596    0.45996   -0.096392  -0.57359    1.2401
  0.50143    0.27941   -0.399     -0.16869   -0.46623    0.10193
 -0.31122    0.36342   -0.53408   -0.56219   -0.45732   -0.043395
  0.098364   0.68091   -1.3494     0.24803    0.31602   -0.27626
 -0.29944   -0.36514   -0.47402    0.087981  -0.19418    0.42764
 -0.75773    0.011698   0.21686   -0.84279    0.6725     0.17904
 -0.091457  -0.095468  -0.49085    0.69313    0.048155  -0.22923
 -0.57166   -0.37573    0.17421   -0.28504    0.95521   -0.16474
 -0.009488  -0.37101    0.49152    0.58213   -0.28942   -1.2066
  0.47647    0.03222   -0.62026   -0.38071   -0.099001  -0.43435
 -0.96192   -0.060467  -0.1896    -0.23664  ]"
reconciling,"[ 0.11554    0.43819    0.2671     1.1245     0.1254     0.46602
 -0.6306    -0.70432    0.76713    0.074772   0.20986    0.068632
  0.48356    0.22722    0.15407   -0.26302   -0.028122  -0.35869
  0.11565   -0.18072   -0.45205   -0.45623    0.34307   -0.44446
  0.0046231 -0.30133   -0.50298   -0.1153    -0.36678    0.24862
  0.0046801 -0.69971    0.33537   -0.68139   -0.13381   -0.51283
 -0.090904   0.13781   -0.12181   -0.056504  -0.6541     0.18273
  0.37882    0.26786   -1.3197     0.19185    0.10079    0.14907
 -0.21249    0.25909   -0.23719   -0.12546   -0.086557   0.64676
  0.30957   -0.48157    0.87397   -0.33036   -0.99945    0.057084
 -0.28503   -0.23365    0.41832   -0.3516    -0.40086    0.31862
  0.2145     0.80944   -0.029056  -0.4611     0.16426    0.33288
 -0.053102  -0.42423    0.11773    0.22173   -0.45225   -0.69489
 -0.38455    0.31858   -0.55       0.49864    0.09821    0.72926
 -0.16328    0.13399    0.045093   0.049067  -1.0177    -0.35799
 -0.31199    0.57866   -1.0956    -0.016266  -0.33551   -0.62904
 -0.1042     0.086096   1.0262     0.51642  ]"
tori,"[-0.21834    0.05852    0.68559    0.47005   -0.49469   -0.13054
 -0.13071    0.5018     0.4362     0.59558   -0.0046878  0.19412
  0.19521    0.67801    0.21351   -0.033263   0.51809    0.14946
  0.56509    0.66082   -0.08217   -0.66173    1.0056    -0.019861
  0.39783    0.21882   -0.30903   -0.38444    0.019177  -0.20765
  0.18588   -0.17815    0.49409    0.59217    0.15543    0.014683
 -0.15602   -0.10125    0.15188   -0.30454    0.21831    0.99246
 -0.52193    0.74659   -0.85576    0.31143   -0.88734   -0.12418
 -0.3941     0.43625    0.059792   0.41665    0.23795    0.033792
 -0.43374   -0.050976   0.049983   0.45417   -1.0187     0.7699
  0.18634    0.1073    -0.25829    0.58436    0.65934    0.21382
  0.67683   -0.054414   0.021123   0.25331   -0.64575    0.58328
 -0.26266   -0.42877   -0.26167    0.33933    0.21569   -0.22983
  0.26585   -0.4324     0.066966  -0.5123    -0.15322   -0.029561
  0.34946   -0.13179    0.085825  -0.23223   -0.1008    -0.18013
 -0.14452    0.13878   -0.37332   -0.21145   -0.31159    0.29016
 -0.27231   -0.7339    -0.61428    0.47863  ]"
outcast,"[ 0.42179    0.33341    0.91624   -0.3297    -0.43753    0.93799
  0.040982  -0.48273    0.6024     0.25953   -0.62456    0.06149
  0.38043   -0.33172    0.2304     0.051672   0.62579   -0.0058605
  0.15186    0.32776   -0.16226    0.35525    0.19496    0.14623
  0.72611    0.088215  -0.32205   -0.036892  -0.19945   -0.063736
  0.0032514  0.091359  -0.15664    0.28143    0.024152   0.24495
 -0.18518    0.29684   -0.46408   -0.47802   -0.87326    0.903
 -0.23515   -0.49453   -0.081784   0.0037566  0.23317    1.4416
 -0.048192   0.60036   -0.65914   -0.36752    0.11204    0.37226
 -0.31201   -0.58447    0.53399   -0.20873   -0.25803    0.38498
  0.35997   -0.14646   -0.50714    0.22849    0.057068  -0.45801
  0.3428    -0.050445   0.69611    0.13075   -0.20897   -0.72851
 -0.084009   0.016954  -0.41448    0.3473    -0.23515   -0.4443
  0.22691   -0.533     -0.24924    0.3392     0.53619    0.34059
 -0.1308     0.1397    -0.42577    0.36309   -0.27002   -1.0029
 -0.52265    0.26727    0.072775  -0.049429   0.10813   -0.095799
  0.10883    0.016185  -0.58029   -0.37865  ]"
ui,"[-1.04      -0.63476    0.96845   -0.17583   -0.22765   -0.39912
 -0.018994  -0.45852    0.17151    0.99515   -0.2718     0.075663
 -1.0187     0.45218    0.28044    0.0051185 -0.21862   -0.67454
 -1.2143     0.15655    0.010931  -0.47949    0.01173    0.58544
 -0.41583   -0.18892    0.56244   -0.0053014 -0.49941   -1.0612
 -0.83201    1.0686    -0.51846    0.70403    0.85599    0.32554
  0.11767   -0.37949   -0.17239   -0.82053   -0.4774    -0.70046
 -0.086539  -0.032084   0.28076   -0.20512   -0.089615   0.096187
  0.34445    0.94762   -0.34607   -0.48974    0.31239   -0.51542
 -0.1681     0.39832   -0.080166  -0.011084   0.28507    0.081702
 -0.25758   -0.04834   -0.11028    0.81435   -0.17165    0.39673
  0.064423  -0.013854  -0.40721    0.60446    0.1404     0.20589
  0.8955    -0.60402   -0.55387    0.73481   -0.59133   -0.036822
  0.38532   -0.069863  -0.47462   -0.71363    0.097435   0.23979
  0.48874    1.0947    -0.47583   -0.18605   -0.18926   -0.65957
 -0.016929   0.74369   -0.26369    0.36114   -0.3437    -0.40416
  0.29163   -1.403      0.67017   -0.28965  ]"
conti,"[ 1.116     -0.9898     0.020327  -0.43843    0.12033    0.48884
  0.097733  -0.23296   -0.053087   0.23644    0.037343   0.22406
 -0.24009   -0.11381   -0.23988   -0.45932   -0.23811   -0.10231
  0.41197    0.36509   -0.54799    0.12712    0.40361   -0.0093738
 -0.21612    0.31153   -0.11432   -0.13732   -0.23065   -0.12198
 -0.6258    -0.42048   -0.18729   -0.21902   -0.050342   0.70678
  0.74419    0.39813   -0.41293    0.35295    0.32836    0.41125
 -0.42708   -0.51873   -0.29084   -0.13776   -0.66948   -0.23126
  1.1415     0.46433   -0.32555   -0.35891   -0.51859   -0.5584
 -0.8656    -0.61774    0.039148   0.95336   -0.80688    0.0059156
  0.24182    0.51442    0.19215    0.54531   -0.60561   -0.12142
  0.052396  -0.29861   -0.39016    0.019975   0.63582   -0.26969
  0.055782  -0.019931   0.22625   -0.048661  -0.71094   -0.2765
 -0.29382    0.14335   -0.087549  -1.1423    -0.19446   -0.34597
  0.14193   -0.23014    0.15664   -0.081811   0.32777   -0.59392
 -0.14203   -0.77242    0.21746    0.2688     0.16282    0.014475
  0.038379  -0.59003    0.094733  -0.74512  ]"
palacios,"[ 0.25393   -0.90162   -0.64261   -0.90668    0.29582    0.25266
  0.11563    0.54369   -0.047091  -0.21022    0.71811    0.22866
 -0.22076   -0.10783    0.29549    0.32024    0.45085    0.51227
  0.36457    0.66513    0.141      0.47883    0.18316    0.048965
 -0.21099    0.28736   -0.35524   -0.42822    0.038425  -0.087596
 -0.11871    0.46034    0.026207   0.13393   -0.0886    -0.18274
  0.42178    0.18643   -0.086622   0.15794   -0.20069    0.20517
  0.36606   -0.052273   0.34784    0.027538   0.007202   0.050365
  0.084649   0.83196    0.24082   -0.41489   -0.36314   -0.3063
 -0.12802    0.37172   -0.24247    0.0016186 -0.32838    0.32001
 -0.66434   -0.19113   -0.26971   -0.49456   -0.35362   -0.43362
  0.5944    -0.47822   -0.38082   -0.097934   0.28088    0.69147
  0.075597  -0.80605    0.39437   -0.04525   -0.16183   -0.08255
 -0.54579    0.2845    -0.40047    0.072622  -0.041044  -0.36625
  0.51781   -0.12346   -0.1476     1.0472    -0.18635   -0.78831
 -0.46856   -0.79052   -0.76223    0.21906   -0.41998    0.015906
  0.083065  -0.50672   -0.64334   -0.42106  ]"
corals,"[-0.95603   0.70132  -0.047824 -0.3847   -0.54247  -0.05888  -0.58277
 -0.15103  -0.25866   0.17029   0.26263  -0.25444   0.82286   0.34627
  0.4996   -0.40544  -0.04136   0.28541   0.38551   0.84478  -0.020371
 -0.53939   0.25307   0.41626   0.6336    0.54713  -0.26909  -0.26311
  0.061919  0.44099   0.55602  -0.40474  -0.083316  0.33376   0.14918
 -0.21261  -0.33484   0.5526   -0.093269 -0.80832  -0.57651  -0.33135
 -0.64276  -0.33298   0.58066   0.062647  0.87769   0.79703  -0.43824
  0.20678   0.43186  -0.35107   0.21833   0.24819  -0.20561   0.5025
 -0.085585 -0.62128  -0.27701   0.67675  -0.80316   0.44232   0.35058
 -0.58709   0.13225   0.72871   0.60159  -0.77391   0.61448  -1.7065
  0.32477   0.99532   0.35603  -0.33293  -1.0144    0.092206 -0.38873
 -0.1991    1.1233    0.98094   0.25896  -0.27433  -0.14285   1.2343
  0.44952  -0.33499   0.96056   0.13746  -0.2042    0.49944   0.23449
 -0.82628   0.14675  -0.55931   0.17349   0.34651  -0.97401  -0.70592
  0.031453  0.062607]"
penance,"[ 0.46141    0.39898   -1.0182    -0.21335   -0.18995    0.94526
 -1.0407     0.33355   -0.48611   -0.22185   -0.12071   -0.004431
  0.29333    0.68647    0.144     -0.48587   -0.07454    0.55202
 -0.4259     0.84247   -0.27155   -0.42372   -0.95512   -0.045857
  0.12955    0.52758   -0.36815    0.25036    0.078962  -0.37572
 -0.075337  -0.74688   -0.0077834 -0.18618   -0.42193    0.92552
 -0.31644    0.0024751  0.074068  -0.31471   -0.10658    1.2647
  0.29374   -0.089306  -0.68997   -0.079544   0.49079   -0.5402
  0.47196   -0.39156   -0.30817   -0.1132     0.53752    0.40772
 -0.75382   -0.38712    0.31448   -0.57318   -0.32052   -0.29081
  0.15464    0.045953  -0.044068  -0.037571  -0.3426    -0.098654
  0.32174   -1.05       0.31241   -0.93515   -0.49911   -0.32283
  0.94409   -0.051797   0.14426   -0.32258   -0.788     -0.35436
  0.047747   0.073333   0.031884  -0.050594   0.25784    0.57412
 -0.95629    0.44971   -0.064817   0.37262   -0.064015   0.02306
 -0.44261   -0.68487   -0.11667    0.61098    0.58202   -0.26005
  1.0554    -0.10132   -0.30065   -0.15725  ]"
metrics,"[-0.030478   0.17851   -0.49588   -0.21354   -0.25594   -0.57485
 -0.4709    -0.22344   -0.12141    0.79137    0.71059   -0.74234
 -0.0023375 -0.30862    0.077553   0.36195    0.43837    1.0894
 -0.25636    0.21527   -0.85949   -0.69848   -0.1949     0.58128
 -0.61505   -0.077064   0.29952    0.43538   -0.68118    0.01649
  0.33934   -0.60803   -0.19557    0.25461    0.60274    0.53926
 -0.1627     0.93636   -0.56515   -0.64366    0.12987   -0.04478
 -0.21486    0.38852   -0.82672   -0.15272   -0.017881  -0.11945
 -0.55413    0.23788    0.44939    0.069178   0.14624    0.53116
  0.27871   -0.19819    0.29922    0.17359    0.12268   -0.0058387
 -0.4658    -0.43064   -0.38211    0.24183   -0.31131    0.10388
 -0.033806  -0.42631    1.0153    -0.42797   -0.55891    0.91728
  0.07922    0.18367    0.30594   -0.81563    0.58438   -0.093945
  0.22626   -0.91167    0.0057779  0.18919   -0.77764   -0.026885
 -0.54985    0.19424    0.39997   -0.25653   -0.20642   -0.46744
 -0.53781    0.64493   -0.22391   -0.64295    0.68879    0.44948
 -0.044042  -0.52493    0.065761   1.1182   ]"
playmate,"[-2.6239e-01 -6.4543e-01  3.4733e-02  3.3052e-01 -2.2942e-01  3.8205e-01
  7.7364e-01  2.0213e-01  2.7374e-01  1.3665e+00 -4.5955e-01 -9.5655e-02
  1.0489e-01 -1.8991e-01  3.0298e-02  5.3426e-01  8.5383e-01  2.6975e-01
 -1.8705e-01  2.8988e-01 -2.8168e-01 -3.3313e-02  1.8359e-01  1.2634e+00
  1.2053e+00  3.5090e-01  8.2670e-01 -5.4317e-01 -5.3689e-01  4.9298e-01
  1.1495e+00 -2.4343e-01  6.7514e-01  2.0341e-01  1.3324e-01  1.1267e-01
  1.7905e-01 -1.3786e-01 -2.9450e-01 -9.9173e-01 -4.2105e-01  9.8492e-01
  6.5661e-01 -2.5052e-01 -5.4412e-01  6.2784e-01 -5.9256e-01 -3.5577e-01
 -2.2517e-03  2.3068e-01 -6.3060e-05 -2.6994e-01  1.0759e-02  8.0922e-01
  4.3865e-01 -1.0278e-01 -3.1932e-01  6.1540e-02 -2.6617e-01 -6.2658e-01
  3.8505e-01  9.9844e-01 -3.2359e-01  1.5300e-01  5.6743e-01 -3.5479e-01
  1.7911e-03 -2.1051e-02  1.5233e-01 -5.8730e-02  5.9707e-01  1.5876e-02
 -4.6102e-01  1.2331e+00 -1.0299e+00  1.3525e-02  5.6395e-01 -3.6056e-03
 -2.9435e-01 -3.3127e-01 -4.7229e-01 -1.0491e-01  9.0354e-01 -4.6740e-02
  2.1788e-01 -1.1577e+00  2.9845e-01 -2.0135e-01  1.1614e-01 -7.4375e-01
  6.4226e-02  1.4868e+00  1.2911e+00 -6.4818e-02 -9.7107e-02 -3.9848e-01
  2.0004e-01  9.0439e-01 -8.5510e-01  3.6034e-01]"
bogotá,"[ 0.52539  -0.28313   0.49356   0.54844   1.2754    0.66257  -0.15536
  1.1096    0.47145   0.42871   0.20209  -0.18398  -0.074148  0.34506
 -0.35514   0.46066   0.55169   0.11742   0.52602  -0.24814  -0.38323
  0.088642  0.27065   0.74507  -0.64532  -0.13389   0.1408   -0.67211
  0.78244  -0.42546  -0.063983 -0.090152  0.3641    0.2485    0.035661
  0.49707   0.065704 -0.33577   0.17168   0.097479  0.52371   0.094415
 -0.20916  -0.35875   0.039641 -0.053351  0.36329  -0.25817  -0.6881
  0.47011  -1.1917    0.71382   0.059644 -0.052016 -0.71262  -0.25971
 -0.32811  -1.0443   -0.38516  -0.26925  -0.31508   0.33038  -0.39207
 -0.71342  -0.19133  -0.5166   -0.6787   -0.60695   0.69465   0.90114
  0.022746 -0.62239   0.36408   0.38177  -0.1508   -0.41474   1.1932
  0.10599  -0.46384   0.076471 -0.9403   -0.069212 -0.79853   0.5838
  0.11987   0.49871  -0.17973   0.29458  -0.68178  -0.46237   0.13838
 -0.33815  -0.64591   0.53601  -0.30329   0.33178  -0.36412  -0.24146
  0.032982  0.30512 ]"
himachal,"[-1.0116    -0.78213    1.4359     0.41407    0.055268   0.021737
 -0.30479    0.67834    0.42372    0.44937   -0.73629   -0.31036
 -0.082363   0.82832   -0.31225   -0.33262    1.1555     0.58786
 -0.052344   0.44421    0.29211    0.19811    0.94464    0.61192
 -0.94331    0.25603    0.27418    0.66783   -0.64082   -0.45127
 -0.25127   -0.045682   0.028659  -0.35017   -0.11694   -0.3411
 -0.12829   -0.0094516  0.26754   -0.46564    0.022792   0.53391
  0.029307  -0.39226   -0.16551   -0.35166    1.685      0.54741
  0.51654    0.77081   -0.11043   -0.26193    1.0209    -0.20671
 -0.60279   -0.065337   0.63618    0.2388    -0.46516    0.024525
  0.075561  -0.017529   0.29446    0.7611    -0.2112     0.64978
  0.64015    0.0041912  0.90606    0.23889   -0.40835   -0.37413
  0.41215    0.32418   -0.32009    0.57654   -0.13193   -0.11102
 -0.17391    0.15384   -0.13181    0.15084    0.61461   -0.40265
  0.3939     0.32053   -0.15181    0.065643   0.15818    0.50255
  0.69117   -0.19355   -1.7625     0.070276  -0.43767    0.72781
  0.32162    0.86254    0.56649   -0.45456  ]"
rimmed,"[-9.4349e-01  4.1456e-01  9.2526e-02  1.5871e-01  2.8361e-01  1.0830e+00
  1.3470e-01  5.6934e-01 -2.4311e-01  9.3647e-01 -9.8353e-02  3.5448e-01
 -1.6879e-01 -4.3145e-02  1.4613e-01  5.0621e-01  2.7021e-01 -1.8746e-01
  3.5827e-01 -1.9322e+00 -1.5393e+00  1.1188e+00 -2.5289e-01 -1.0175e-01
  1.7400e+00  9.5994e-01 -4.1384e-01  4.2734e-01 -6.5211e-01 -6.3268e-01
  9.5582e-01 -4.3811e-01 -1.6486e-01 -3.0657e-01  4.6527e-01 -1.1904e-01
  6.3225e-01  4.7433e-01  7.0366e-01  1.4006e-01  8.3968e-02 -5.3419e-01
 -2.8074e-01 -4.0694e-01 -4.5239e-01 -7.3470e-01  3.0222e-01 -1.0172e-01
  5.5539e-02  2.4805e-01 -1.1886e+00  4.8897e-01 -2.7718e-01  8.5656e-01
 -3.1989e-01 -7.7231e-01 -7.4221e-02  8.5248e-02  1.8116e-02  1.3258e-02
  1.1007e-01  7.5375e-01 -2.8826e-01  4.0311e-01 -4.2496e-01 -4.4147e-01
  7.0506e-01  4.1221e-01 -4.5632e-01 -5.8284e-01 -5.6220e-01  1.0193e-01
  8.1980e-01  3.5345e-02 -2.5739e-01 -4.6893e-02  2.2055e-01  1.5677e-01
  1.0659e+00 -6.6002e-01  1.2380e+00  8.8164e-01 -2.8649e-01  3.9338e-01
  2.4652e-01 -5.8146e-01 -3.2211e-01  1.6059e-01  5.6662e-01  1.2650e-01
 -5.2069e-02 -4.7202e-04 -8.9938e-03 -7.8347e-01  8.2571e-02 -1.3147e-01
 -8.6765e-02  2.2918e-01 -9.0171e-01 -2.7978e-01]"
inching,"[ 0.41891   0.14718   0.3284    0.54342   0.30178  -0.27607  -0.059234
 -0.098793  0.21903  -0.51133  -0.22954   0.1225    0.33733  -0.68628
  0.19526  -0.78177  -0.6312   -0.11476   0.68461  -0.29483   0.72394
  0.82118   0.060319  0.36655   0.25735   0.27514  -0.22492  -0.22212
 -0.30508  -0.39852  -0.42018  -0.56606   0.39786   0.4696    0.34784
 -0.19631   0.17369  -1.1627   -0.10654   0.16824  -0.17175   0.26944
  0.086378  0.019786 -0.4013    0.3396    0.36759   0.40796   0.54661
 -0.56505   0.33265  -0.59129  -0.031163  1.1576   -0.70551   0.37216
  0.12429   0.19883   0.26237   0.13533   0.17976   0.29578  -0.70636
  0.45996  -0.27321   0.95918  -0.19262   0.61667   0.26659   0.13525
  0.18565  -0.2976   -0.17174  -0.57835  -0.38144  -0.43143  -0.066281
  0.043587  0.31825  -0.73015  -1.0586    0.80534  -0.21058   0.11141
  0.25073  -0.37534   0.59651   0.088353 -0.66854  -0.53212  -0.72668
  0.58086  -0.94005  -0.020568 -0.38096  -0.72512   0.29246   0.33423
  0.17246   0.41043 ]"
mitsuzuka,"[-0.69748   -0.54655    0.44928    0.59558   -1.0327    -0.67896
 -0.29879    0.53125    0.025764  -0.12933    0.027866   0.34391
 -0.8257     0.55316    0.58934    1.0492    -0.64434    0.11404
 -0.74908   -0.67327   -0.275     -0.078743  -0.70592    0.2945
 -1.208      0.034127   0.13342   -0.4154     0.1201     0.93482
 -0.31836    0.62989   -1.4361     0.05841   -0.48911    0.70866
  0.71735   -0.4991    -0.19298   -0.67489    0.54921    0.067485
  0.22949    0.64875    0.19493   -0.35935    0.29351    0.26731
  0.054038  -1.1155     0.14588   -0.27736    0.89979   -0.42381
 -0.0074192  0.067983   0.48691    0.58411   -0.081071   1.0733
 -0.23461   -0.34497   -0.28167   -0.10357   -0.62466    0.10438
  1.1289     0.48405    0.75815   -0.48583   -0.13238   -0.86961
 -0.048761   0.27869   -0.48412    0.6314    -1.6254     0.6996
 -0.81938   -0.2501    -0.067057  -0.4019    -0.12632   -0.7981
  0.1358    -0.49277   -0.69653    0.46676    0.12703   -0.41148
  1.4116    -0.58612   -0.57724    0.459     -0.098542  -0.58863
  0.18102    0.10791    0.52187    0.79282  ]"
handicrafts,"[ 9.4620e-02  7.0289e-01 -6.7647e-01  8.4238e-02  8.4075e-01 -6.4968e-01
 -5.0711e-01  4.0082e-01  3.2893e-01  1.6105e-01 -9.5978e-01 -8.7841e-01
  7.1960e-01  3.9605e-01  2.3337e-02  2.9199e-01  4.4810e-01  2.8735e-01
 -1.5665e-01  1.6943e-01 -9.2028e-02  1.1128e-01  1.1096e+00 -9.7436e-02
 -1.5077e-01 -1.7645e-01  2.1708e-01 -1.3091e-01 -8.8598e-01 -4.2777e-01
 -1.0843e+00 -2.7239e-01 -4.2425e-01 -1.5463e-01 -9.7131e-02 -1.8845e-01
  7.8108e-02  2.5749e-01 -4.0784e-01 -1.1584e+00  5.5062e-01  2.3601e-01
 -2.2011e-01 -2.1764e-01 -1.4717e-01 -4.6665e-01  6.1283e-02  2.2182e-01
  1.4574e-02 -2.1463e-01 -6.0036e-01  4.0528e-01  9.0463e-02 -4.8345e-02
 -3.2187e-01  8.4233e-01 -7.3990e-01  2.2227e-01  3.2559e-01 -3.5593e-01
 -2.0897e-01  6.2239e-01 -5.7029e-02  5.3492e-01 -8.5011e-01 -3.7526e-01
  9.6231e-01 -5.1249e-01  6.2920e-01 -9.7855e-01 -7.1263e-02  1.3968e-01
  6.8680e-01  2.6927e-01  2.0100e-01  1.2738e-01 -9.6090e-01  9.3966e-01
 -2.0543e-01  5.0249e-02  2.0108e-04  2.1121e-01  5.4016e-01 -1.0453e-01
 -2.0875e-01 -2.1212e-01 -3.9229e-01 -1.3008e-01  8.8345e-03 -3.9250e-01
  8.4500e-01 -4.9157e-01  3.5957e-01 -7.1756e-01 -7.5889e-01 -8.0666e-01
 -4.7347e-01 -3.6487e-01  1.2208e+00  5.1224e-01]"
resourceful,"[-0.14528   0.26167   0.061906 -0.48754  -0.4626    0.59111   0.040765
 -0.54052  -0.09041   0.24081   0.14601  -0.37316   0.12252  -0.9092
 -0.043098  0.041473 -0.16881  -0.13048   0.15158   0.60428  -0.022208
 -0.030073 -0.14971  -0.33753   0.097827  0.22939  -0.033674  0.26317
 -0.22533   0.020877 -0.59277   0.18714   0.019173 -0.49011   0.67129
 -0.24736  -0.51429  -0.079078  0.98023  -0.29304   0.093579  0.33465
  0.083431 -0.11469   0.038262  0.13741   0.86013   0.10426   0.3498
  0.53232  -0.60811  -0.29756   0.51565   0.48389   0.25166   0.57224
  0.61232   0.14365  -0.31082  -0.75743  -0.017831  0.42019  -0.55884
  0.39454   0.47331  -0.39289   0.52243   0.52903   0.42539  -0.30517
  0.67576  -0.45519  -0.20635   0.10309   0.38392  -0.37487  -0.36594
 -0.4393    0.25065  -0.38918   0.33721   0.63244  -0.18059   0.22337
 -0.68389  -0.044407  0.46489   0.72474  -0.9721   -0.75789   0.11214
  0.21115   0.57115   0.13018  -0.29849  -0.020623 -0.54751  -0.28949
 -0.42802   0.52303 ]"
ares,"[-0.53879    0.24728   -0.001232   0.63523   -0.8698     0.043169
  0.62044    0.42238    0.13317    0.63708    0.29097    0.026625
  0.063332  -0.20615    0.57313   -1.2121     0.15254    0.92292
  0.0069268  1.0798    -0.66488   -0.97018   -0.73415    1.1201
  0.047719   0.57391   -0.1489     0.75174   -0.17625    0.11716
 -0.34288   -0.19499   -0.72096    0.49802    0.39411    0.63479
  0.22923    0.62865    0.84551    0.025949  -0.0033621  0.37155
  0.26995   -0.17327   -0.10309   -0.049855  -0.18335    0.85595
  0.11315    0.61738   -0.51642    0.95809    0.14498    0.38244
 -0.29075   -0.41185    0.48705    0.6823    -0.11969   -0.24939
  0.53444    0.062211   0.7461     0.67369    0.060345   0.34277
 -0.12227    0.33675   -0.58471   -0.5097     1.22      -0.75084
  0.093154  -0.33213   -0.7451    -0.19215    0.17199    0.71107
 -0.61573   -0.15435    0.3652    -0.07942   -0.28674   -0.20024
  0.34857    0.41997   -0.55779   -0.2819    -0.22565   -0.069758
  0.19466    0.3698     0.25359    0.59884    0.47834    0.11323
 -0.54052    0.59978   -0.45273   -0.18129  ]"
lithuanians,"[-0.013969   0.69176    0.1415     0.19199   -0.83485    0.060062
 -0.4812    -0.091429   0.36757    0.075574  -0.48313    0.36198
  0.13748   -0.012017  -0.34665   -0.5081     0.24669   -0.076068
 -0.28821    0.30597    0.031567   0.31989   -0.25552    0.72768
  0.59437   -1.8524     0.027632   0.91871    0.75304   -0.82118
 -0.083526   0.15769   -0.30684   -0.43747    0.58791   -0.67294
  0.86201    0.3474     0.73823   -0.0094799 -0.69735   -0.056165
 -0.17873   -0.29405   -0.67237   -0.52878    0.65091   -0.31446
  0.034993   0.15236   -0.5118    -0.33217   -0.37353    0.56213
 -0.8501     0.80998    0.43776    0.028648   0.092504  -0.14355
 -0.55945    0.47437   -0.17725    0.4707    -0.022075   0.13213
 -0.31005   -0.10477   -0.011289  -0.35897   -0.50431   -0.15472
  0.2651     0.70699   -0.98423    0.79975   -0.047827   0.49734
  0.12524   -0.027742   0.13536    0.10653   -0.27283    0.7411
 -0.37345   -0.3456     0.31856    0.60928   -0.17311   -0.20018
 -0.12703   -1.0678    -0.40401    0.66867   -0.70668   -0.96569
 -0.34539    0.37491   -0.5198     0.11666  ]"
juris,"[ 0.79945  -0.64729   0.36519  -0.17152   0.93597   0.4344    0.44539
  0.49813  -0.30969   1.1284   -0.94052  -0.30079   0.60986   2.4289
 -0.89437  -0.37667   0.021854 -0.21391   0.06419   0.8455   -0.42443
  0.4021   -0.17215   0.77498   0.52274   0.51      0.71346  -1.5464
  0.6109   -0.90024  -0.41408   0.46818  -0.90214   0.83193  -1.1236
  0.08214  -0.90597  -0.7762    0.090141  0.43628  -0.24722   0.54012
  0.10542   0.091139 -0.022929 -0.894     0.25844   0.93655   0.26651
  1.168     0.39334   0.74528   0.3      -0.62311  -0.43983   0.31588
  0.4988   -0.35976  -0.14063  -0.19636   0.23463  -0.72755  -0.46277
 -0.18818  -0.145     0.11981  -0.19183  -1.0929    0.4031    1.127
 -0.59786   0.85178   0.041681  0.5152   -0.21342   0.77625  -0.72012
 -0.46069  -0.091369 -0.73952   0.11471  -0.14529  -0.10209  -0.52313
 -0.15361   0.68063   1.2219   -0.79095  -0.16611  -0.82709   0.41825
 -0.43913  -0.069702  0.53233   0.39436   0.048654  0.83241   0.34513
 -0.48573  -0.63819 ]"
zoned,"[-0.58793    0.016488  -0.64118    0.54299    0.036542   0.081883
 -0.55916    0.38423    0.82301    0.69744   -0.20911   -0.81889
  0.54981   -0.61979    0.082719  -0.88243    0.60126    1.0984
  0.061337  -0.0018126 -0.0022475  0.60587    0.28568   -0.16143
 -0.06588   -0.54577    0.17943   -0.25512   -1.408      0.99265
 -0.46055   -0.32       0.35689    0.88882    0.34599    0.75664
 -0.011458   0.16473   -0.22474    0.53578   -0.44049    0.096113
 -0.69617    0.019818   0.29728   -0.11231   -0.06724    0.27346
  0.060894   0.21775   -0.66222    0.0427    -0.27612   -0.93537
  0.12834    0.16718    0.74188   -0.2748     0.45721   -0.94943
 -0.06547    0.21984    0.53427    0.31053    0.76976   -0.95246
  0.73966   -0.21338   -0.60189   -0.13624    0.098244  -0.12507
  0.59673   -0.073328  -0.76768    0.24286    0.2541     0.57059
 -0.22792   -1.3438    -0.50039    0.36225   -1.6419    -0.030575
  0.38185    0.81759   -0.045455  -0.62564    0.75479    0.010382
 -1.1093     0.41219   -0.52318   -0.89546   -0.88407    0.15986
  0.46015    0.12475    0.036185  -0.37414  ]"
cocoon,"[-0.089781  -0.29283    0.080542  -0.21417   -0.44135    0.25239
 -0.34656    0.14193   -0.29559   -0.14365    0.14019    0.47497
  0.30096    0.82884    0.17954    0.33245    0.67128    0.095185
  0.88255   -0.87411   -0.086488   0.34536    0.24999   -0.021178
  0.4512     0.77791    0.92706    0.55825   -0.53404   -0.84526
 -0.057064  -0.2794     0.50363   -0.66139    0.24903    0.54696
  0.081548   0.34543    0.20806   -0.017542   0.16012    0.28494
 -0.16431    0.13644   -0.32314   -0.59234    0.19048    0.97692
  0.19823   -0.3713    -0.67272    0.078869  -0.28472    0.91479
  0.21168   -0.43287    0.0097965 -0.30075    0.24301   -0.29067
  0.28163    0.67294    0.29435    0.54386    0.89502   -0.025433
  0.41908   -0.20782   -0.16486   -0.40623    0.36491   -0.4782
 -0.21254    0.0955    -0.17638    0.054713  -0.043711  -0.77586
  0.31621    0.14978   -0.93137    0.25483    0.26149    0.69024
  0.51416    0.43664    0.58596    0.12958   -0.38714    0.41108
  0.51906   -0.31644    0.65091   -0.066205   0.97704   -0.30005
  0.23115    0.17632   -0.25979    0.55157  ]"
taxon,"[-0.36687    0.69489    0.13218    0.27484   -0.14419    0.28792
  1.1849    -0.16215    0.56698    0.55729   -0.25429    0.56388
  0.61407   -0.080106  -0.052227  -0.67417    0.72691    0.9098
 -0.18529    0.36963   -0.10531   -0.63588   -0.3934     0.49872
  0.31945    0.045479   0.63189   -0.70743   -0.61008    0.69409
  0.46417   -0.14987    0.22332   -0.64966    0.88982    1.4532
  0.27164   -0.49693    0.1524    -0.43879   -0.41768    0.56031
  0.3595    -0.46214    0.72819   -0.046417  -0.06343    1.3715
  0.11155    0.54082    1.0322     0.64       0.087122   0.25549
  0.039949  -0.089097   0.036215  -1.2151    -0.44975    0.36983
 -0.60797    0.18927    0.5036     0.18457    1.0136    -0.0045123
 -0.55931    0.40627    1.5899    -1.0742    -1.2751    -0.13335
 -0.19759    0.25591    0.1443     0.34516   -0.36646   -2.03
 -1.0336    -0.4582    -1.5714    -0.2105     0.28733   -0.017794
  0.30698   -0.021162   0.09633   -0.83512    0.23435   -0.24163
 -0.80558   -0.41662    0.14437    0.31896    0.84025    0.13985
 -0.33033   -0.87442   -0.23114    0.0062486]"
"95,000","[ 0.5163     0.67496   -0.031382  -0.13224   -0.22795    0.29363
  0.39221    0.81109    0.25218    0.17325    0.38834   -0.018177
  0.23427   -0.38941    0.44763   -0.48786    0.16247    0.0097041
  0.65203    0.36497    0.9527    -0.27201    0.25203    0.38122
  0.45202   -1.0481     0.19893   -0.16565    0.14053   -0.81007
  0.34581   -0.1442     0.22017   -0.034234  -0.51295   -0.015637
 -0.44192    0.45901   -0.21909    0.093578   0.081825  -0.17341
 -0.08232    0.063764   0.092906   0.11375    0.18885   -0.62876
 -0.12201    0.24211    0.11325   -0.80928   -0.063037  -0.06879
 -0.39879    0.66243    0.68951   -0.76294    0.13061   -0.26889
  0.75518    0.46425    0.12457    0.036773  -0.31391   -0.27571
  0.13199    0.11061    1.0402    -0.61919    0.5389     0.16915
 -0.43463   -0.1182     0.33416    0.38532    0.235      0.30126
 -0.40178    0.34794    0.5212     0.012258   0.051702   0.4078
  0.18502   -0.058037   0.54166    0.39058   -0.33931   -0.26485
  0.14352    0.4947     0.10277   -1.1458    -0.23397   -0.09558
  0.064451   0.64391    0.50189   -0.088041 ]"
communicates,"[-0.19342   0.38972   0.71481   0.082421  0.54521   0.94175  -0.32381
 -0.20266   0.80688  -0.10646  -0.12054  -0.14419   0.64011  -0.38434
 -0.11465   0.16673  -0.54301   0.093274  0.42051  -0.071537 -0.77599
 -0.33873  -0.1012   -0.12438   0.030144  0.013213 -0.37229   0.14628
  0.089314 -0.040689 -0.14992   1.2806   -0.5745    0.53848   0.30506
  0.40373  -0.3127   -0.10055   0.21111   0.10854   0.10083   0.41322
 -0.16228   0.24713  -0.94776   0.077728  0.13045  -0.030884  0.049615
  0.68849  -0.097792  0.3032    0.71022   0.13116  -0.063168  0.018948
  0.32746  -0.10297  -0.32     -0.16401   0.68302   0.25935   0.44784
 -0.69902  -0.71641   0.13699   0.36399  -0.16685   0.41124   0.23466
  0.38824  -0.32045   0.74673  -0.74774   0.84788  -0.21269   0.10721
 -0.68803   0.016311  0.050423  0.053552  0.20209  -0.56082   0.69223
 -0.5767   -0.079298  0.21593   0.03349  -0.12052   0.1482   -0.2772
  0.19296  -0.053651  0.024753  0.66041  -0.12377   0.10544  -0.46309
 -0.22621   0.58065 ]"
tasman,"[-0.94694   -0.39821    0.066208  -0.13852   -0.11661   -0.72452
  0.57458    0.28459   -0.52671   -0.20087   -0.38699    0.6731
 -0.17394   -0.55818   -0.16744   -0.46042    0.63724   -0.0093604
  0.4044    -0.80413    1.0084    -0.21468    1.0442    -0.35686
  1.048      0.50417    0.11292   -0.49766   -0.033097  -0.15353
 -0.23972    0.62135   -0.24301   -0.17636    0.50748   -0.82958
 -0.14384    0.42514    0.52244   -0.048663  -0.36985   -0.54798
 -0.42604   -0.42159    0.10317    1.677      0.6728    -0.59298
  0.55034    1.5252    -0.34555    1.0758    -0.032373   0.1929
 -0.29268   -0.35807   -0.038701   0.16931   -0.12981   -0.47758
 -0.12797    0.11716   -0.18258   -0.44622   -0.10208    0.35574
 -0.28506    0.16312    0.67316   -0.43715    0.043831   0.078623
  0.41295   -0.36116   -0.45614   -0.57263   -0.24596   -0.24214
 -1.115      0.17912   -0.55616    0.65781    0.76534   -0.019292
  0.76666    0.12393   -0.54934    0.15173    0.38737    0.23679
 -0.75857    1.001     -0.94255    0.16961   -0.05441    0.17838
 -0.83133    0.4733     0.25985    0.18112  ]"
ast,"[ 0.14323   -0.073107  -0.24588    0.070149  -0.68766   -0.22711
  0.26348    0.064463   0.26014   -0.43022    1.5596    -0.1551
 -0.53164    0.50302    0.072114   0.55082   -0.21556   -0.20246
 -0.17989    0.5103    -0.0045958  0.34946   -0.62984    2.056
  0.11197    0.69517    0.28372    0.74027   -0.32876    0.02344
 -0.23085    1.0232    -0.68664    0.56715    0.25545    0.19835
  0.36916    0.13754    0.081726   0.49128    0.18879    0.43413
  0.12421   -0.030679  -0.79366    0.028081  -0.2693     0.39834
  0.56639   -0.0695     0.14073   -0.087407  -0.82279   -0.72523
 -0.3942    -0.56185    0.35117    0.054007  -0.14232    0.52103
 -0.8906    -0.3336    -0.22783    0.53939   -0.61419    0.62602
  0.1898    -0.53497    0.93507    0.56562    0.14907    0.34577
  0.081603  -0.40078   -0.58359   -1.1817    -0.43296   -0.18114
 -0.171      0.075542   0.13314   -0.77483   -0.41011   -0.025263
  0.4909     1.0511     0.58962   -0.17898    0.28702    0.26538
  0.40269    0.6528     1.1395     0.17605    0.29695   -0.57812
  0.10029   -0.9443    -0.008774  -0.010588 ]"
reconstructing,"[-0.2642     0.58888    0.3066     1.0401     0.0094443 -0.11608
 -0.48498    0.50156    0.61186    0.61129    0.36711    0.1917
  0.17123   -0.081204  -0.22289    0.01358    0.35012    0.11647
  0.22545    0.34588   -0.42594    0.1138     0.31888   -0.34102
  0.15738   -0.42669   -0.1406     0.079746  -0.37483    0.27804
 -0.040119  -0.94609    0.026972  -0.2827    -0.54818   -0.7985
 -0.5322     0.12015   -0.1881    -0.098656  -0.35618    0.15476
  0.06664    0.6862    -0.60495    0.82416    0.099524  -0.22405
 -0.18514   -0.52105   -0.17611    0.62871    0.23868    0.51235
 -0.37884    0.14901    0.44798   -0.20351   -0.41815    0.34254
 -0.41623    0.77083    0.31267    0.042915  -0.0091021  0.36635
  0.027168   0.27854   -0.12003   -0.31291    0.32739    0.16057
 -0.14494   -0.038132   0.55459   -0.49929    0.0080644  0.48937
 -0.31078    0.029455  -0.098545   0.77905   -0.22241    0.63036
 -0.024499   0.89378   -0.063823   0.027575  -1.1698    -0.34892
  0.11288    0.48677    0.056756  -0.23536    0.069746  -0.76587
  0.51509   -0.18418    0.30589    0.40186  ]"
propagate,"[-3.1832e-01  1.9792e-01 -7.9666e-01 -1.0299e-01  4.8342e-01  5.0137e-01
 -4.9989e-01 -8.0621e-01 -2.3282e-01  5.8303e-01 -3.8487e-01  5.6811e-01
  3.8385e-02 -1.2483e-01  6.5374e-01 -2.7487e-01 -3.3514e-01  6.3746e-01
 -4.5698e-01 -7.4804e-03  4.1254e-05 -2.6870e-01  6.4056e-01  3.7442e-01
  1.3189e-01  1.2770e-01  4.1642e-01  2.3162e-01  7.9418e-01  7.9558e-02
 -7.6438e-01  6.9117e-01 -3.8875e-01  4.0966e-01 -3.5599e-01 -9.8851e-02
 -3.7069e-01 -4.8102e-01 -1.4367e-01 -4.2367e-01 -6.7341e-01  1.4852e-01
 -9.0483e-01 -4.0827e-01 -4.2461e-01 -1.3503e-01  9.2801e-01  4.7627e-01
 -1.0903e-01 -2.0749e-01  4.4801e-02  6.6760e-01  1.2577e-01  3.1533e-01
  2.3461e-01  2.9779e-01  7.1658e-01  3.7428e-01  5.0519e-01 -5.4648e-01
 -6.7787e-02  5.8341e-01  1.7804e-01  4.5592e-02  4.8614e-01  4.7590e-01
  4.3228e-02 -4.9786e-01  5.7577e-01 -7.1087e-01  5.3219e-01 -2.1290e-01
  6.6844e-01 -5.7837e-01  2.8891e-01 -2.6791e-01 -2.6902e-01 -5.0818e-01
  1.0370e-02  9.7522e-02 -3.9142e-01 -2.9502e-01 -1.1722e+00  6.6900e-01
  3.1078e-01  7.4522e-03  5.7934e-01  3.5699e-01 -1.3009e-01  5.1777e-01
 -6.0040e-01 -1.2730e-01 -1.8164e-01 -3.6427e-01  3.3761e-01 -9.2205e-01
 -3.0399e-01 -6.8584e-01 -2.1058e-02  2.2527e-01]"
pir,"[-0.19565   -0.48416    0.091618   0.47412   -0.086143  -0.57098
 -0.38204    0.023256  -0.60477    0.69141    0.39567   -0.017159
  0.83725   -0.66801    0.8067    -0.35393    0.30823   -0.12588
 -0.35977    0.47099    0.12701   -0.49909    0.49189    0.39675
 -0.38221    0.2542    -0.13677   -0.29432   -0.059716   0.27452
 -0.94515   -0.21573    0.76184    0.45126    0.65637    0.15974
 -0.14915    1.1563     0.1201    -0.53166    0.6859     1.093
  0.64907   -0.68458   -0.41743   -1.0249     0.11275    0.93517
 -0.14044    0.7139     0.062194   0.12926    0.22141   -0.082841
 -0.55372    0.66777   -0.20656    0.84864   -0.14752   -0.4314
 -0.0038451  0.55313    0.80032    0.78554   -0.16846   -0.3567
  0.0090336 -0.56292    0.38263    0.61069    0.15433    0.16507
  0.66053   -0.83044   -0.59578   -0.64259    0.10919    0.48689
  0.2375     0.057326   0.35136    0.013607  -0.29015   -0.64735
 -0.38665   -0.028734  -0.20164   -0.20282    1.0907     0.31383
  0.41983    0.26348   -0.12323    0.10839   -0.19088   -0.028625
  1.0058    -0.19996   -0.55138   -0.49163  ]"
townsville,"[-0.70652    0.12632    0.74598   -0.47828   -0.2723     0.38274
 -0.10854    0.38073   -0.71532    0.11759   -0.14249   -0.41313
  0.30735    0.24714    0.51408   -0.77922    0.73862   -0.065319
 -0.15686   -0.82926    0.75141   -0.54981    0.48664   -0.20649
 -0.10117    0.6084     0.95978   -0.18518   -0.68774    0.75261
 -1.2007    -0.018024   0.38598    0.56185   -0.35974   -0.3048
 -0.45742    0.02922   -0.96738   -0.59364   -0.41539    0.26835
  0.08371   -0.36997    0.24759    0.68419    0.58454    0.090037
  0.68427    0.3874    -0.34383    0.19759    0.55061   -0.3297
 -0.15268    0.13887   -0.025959  -1.39      -0.23535    0.23988
 -0.39277    0.051452  -0.79331    0.66733    0.058083   0.21549
 -0.65553    0.17748   -0.11958    0.45995   -0.96912   -0.55938
 -0.0054791 -0.14206   -0.44347   -0.11437    0.70077   -0.25158
 -0.10973    0.28481   -0.13203    0.3486     0.13321    0.76553
  0.68586   -0.03629    0.23141    0.11712    0.044903   0.91712
  0.7643    -0.28042   -0.16483   -0.1897    -0.35582    0.46406
  0.39783    0.46575    0.77673    0.54896  ]"
insulate,"[-0.69929  -0.3427    0.15965  -0.20073  -0.41387   0.40327  -1.098
 -0.65662   0.061796  0.24513   0.28619  -0.50488  -0.36714   0.094737
 -0.15659   0.023167 -0.4075    0.19217  -0.22347  -0.49271  -0.49787
 -0.10477   0.26892   0.086617 -0.35824  -0.57154  -0.72292  -0.096695
 -0.33882  -0.22727   0.68189   0.1872   -0.35729   0.028335 -0.87502
  0.39637   0.28737  -0.2388   -0.12545  -0.3449   -0.14781  -0.29124
 -0.59831  -0.2423   -0.058867  0.39489   0.26331   0.050432 -0.68951
 -0.62635  -0.90656   0.34228   0.018366  0.043487  0.042343 -0.066992
  0.46705  -0.6926    0.30513  -0.50088  -0.31854   0.40363   0.049919
  1.0233    0.14791   0.12844   0.41909   0.13324  -0.30387  -0.76306
  0.62576  -0.04306   0.50461   0.28126   0.21872  -0.93152   0.20667
 -0.11232   0.36948   0.34107  -0.32832   0.22166  -0.49094   1.037
  0.17084  -0.016341 -0.30391   1.1305   -0.36366  -0.32321  -0.15038
 -0.25995   0.082165 -1.307     0.49661  -0.41433   0.75719   0.25294
 -0.42038   0.067209]"
gamba,"[ 0.83237   -0.028161   0.88696   -0.30224   -0.74532    0.045245
 -0.25675    0.021426  -0.17588    0.32582    0.11208   -0.72273
 -0.40688    0.54738   -0.21905   -0.023688  -0.13288    0.39185
  0.77664   -0.72689    0.61902   -0.95123   -0.57258    0.65209
  0.43211    0.5244     0.010701   0.24663   -0.11341    0.22036
 -1.1247     0.47876    0.43696    0.86682   -0.36941    0.44152
  0.25023    0.45969   -0.78522    0.25777    0.38154   -0.68996
 -0.016869  -0.34174    0.56844    0.27836    0.61876    0.40844
 -0.017156   0.96615   -0.50413   -0.094167  -0.81101   -0.087186
 -0.42111    0.021215  -0.20184    0.0090581 -1.3179     0.82491
 -0.06131   -0.065827  -0.76351    0.54342   -0.23041    0.6476
  0.27081    1.3745    -0.22178   -0.96775   -0.56709    0.094988
  0.26899   -0.05809   -0.74494   -0.34203   -0.95753    0.14891
 -0.26032   -0.3273     0.26895   -0.15692   -1.1543    -0.18372
  0.17445    0.42527   -0.6187     1.4954     0.41279   -0.24664
 -0.41846    0.52271    0.22704   -0.21169    0.11962    0.3062
 -0.81734   -0.1195     0.09743   -0.54541  ]"
orangemen,"[ 0.45772   -0.34349   -0.11935   -0.94005   -0.45327    1.3106
  0.55628    0.16289   -0.35724    0.14557   -0.7766     0.10823
 -0.20545    0.19327   -0.7739    -0.23279    0.30279    0.086982
 -0.52113   -0.27612    0.04864   -0.51293    0.12865    0.50915
  0.1408    -1.0616    -0.043656  -0.10803    0.33147   -0.72159
 -0.52044    0.048914   0.68404   -0.32688    0.10507   -0.63142
  0.61747    0.30752    0.22636    0.56783   -0.64564    0.16132
  0.4659     0.14948   -0.45636   -0.26766    0.97592    0.12796
  1.0965     0.23104    0.76811   -0.34634   -0.062825  -0.36759
 -0.87256    0.39571    0.14257    0.095811   0.68174   -0.09836
 -0.14848   -0.2783    -0.38465    0.57614   -0.39992   -0.0090956
 -0.076951  -0.14239    0.014307  -0.22897    0.069601  -0.91051
 -0.21174   -0.24422   -0.36692   -0.55814    0.59021    0.27024
  0.66643   -0.27635    0.44345   -0.53912   -0.38119    0.52311
 -0.30853   -0.55228    0.10368    0.26869   -0.12567    1.1755
 -0.78138   -0.23868   -1.5961    -0.031836  -1.142     -0.94849
  0.094751   1.0741     0.36464    0.82812  ]"
detachments,"[-6.7590e-01  1.1112e-02 -9.2382e-01 -7.4297e-02  1.0172e-01  6.2248e-01
  1.2114e-01 -4.3649e-02 -1.8920e-01  3.0571e-02  5.0138e-01 -4.8520e-01
  4.2378e-01  1.5684e-01 -2.7324e-01 -2.0618e-01 -1.0968e-01 -3.6648e-01
  1.0660e-03 -3.5070e-01  5.9820e-01 -1.0071e-01  4.2636e-01 -1.8914e-01
 -5.8267e-01 -4.3275e-01  1.7325e-01  9.5916e-01  3.2684e-01 -3.9606e-01
  2.5120e-02 -4.0232e-01 -2.9074e-01 -2.2298e-01  4.9556e-01 -1.9343e-03
  1.3744e-01 -1.1231e-01  2.4554e-01 -3.1395e-01  2.9941e-01  1.4805e-01
 -3.5768e-01  8.8872e-02  5.6246e-01 -1.2603e-01 -3.8803e-01  2.9156e-01
  2.2679e-01  5.3472e-01 -1.8931e-01  5.0545e-01 -3.4814e-01  2.4364e-01
  2.4432e-01  3.8902e-01  5.6723e-01 -1.4367e+00  2.7191e-01  1.3022e+00
  7.0413e-02  4.0335e-01  5.7196e-01  1.3014e+00  1.4773e-01 -3.4573e-01
 -7.7695e-01 -2.5454e-01  8.2972e-01  7.8151e-01  2.3369e-02 -6.8341e-01
  2.7709e-01 -6.0878e-01 -1.5531e-03  5.8022e-01  5.1908e-01  2.5718e-01
  6.3277e-02  2.0404e-01 -8.7886e-02 -1.8485e-01 -3.2259e-01  7.0955e-01
 -4.4861e-01  2.4021e-01  6.0669e-01 -1.1721e-01  8.3833e-02 -8.7860e-02
 -8.6841e-01 -2.1638e-01 -9.0876e-02  8.9468e-02 -4.9206e-02 -2.7883e-01
 -1.5453e-01  4.7769e-02 -3.5103e-01 -5.7057e-02]"
cuthbert,"[-0.028687  0.44443  -0.66355   0.24986  -0.48145   0.47355   0.038378
 -0.34723  -0.50671  -0.65748  -0.042257  0.34119   0.28625   0.5672
 -0.20971  -0.53949  -0.027455  0.72967   0.08794   0.24109  -0.69656
 -0.67691   1.6945    0.47528  -0.01297   0.20247   0.2126   -0.12476
 -0.41858   0.039062 -0.49726  -0.36547   0.084944  0.90314  -0.41285
 -0.046514 -0.29814   0.13951   0.091556 -0.080924 -0.43594   0.44809
  0.63639   0.36547  -0.52463   0.57897  -0.15351   0.070426  0.55639
  0.64065   0.047836  0.32351   0.0763    0.067477 -0.54942  -0.46949
 -0.42184  -0.056767 -0.88626  -0.66072   0.10157  -0.049763 -0.37087
  0.6651   -0.58906  -0.79992   0.23806   0.11129  -0.29878   0.14419
 -0.8842   -0.42621  -0.24442  -0.20573   0.40996  -0.67854   0.27756
 -0.38128  -0.11963  -0.25499  -0.36911   0.19904   0.13597   0.25652
  0.67509  -0.12506  -0.34629  -0.60678   0.43866  -0.043738 -0.22672
  0.38945  -0.13373   0.10967  -0.06631   0.10009  -0.067708 -0.39424
 -1.1827    0.060697]"
azzam,"[-0.54436  -0.85909  -1.0719   -0.59244   1.3311   -1.024     0.27333
 -0.74132   0.35857   0.57942   0.19475   0.43763   0.34603  -0.7402
  0.061031  0.32596  -0.45841  -1.0515    0.059179  0.33242   0.46144
 -0.52758   0.2915   -0.58718   0.1152   -0.2903   -0.029897 -0.85113
  0.71096   0.81987   0.16689   0.29338  -0.9667   -0.25657   0.036161
  0.41434  -0.37819   0.83054   0.15796  -0.42309  -0.15753   0.36578
  0.17267  -0.42326   0.95408  -0.30911   0.24015   0.17749   0.061523
  0.4647    0.37119   0.18928   0.6065    0.26643  -1.2414    0.42553
  0.44098  -0.13277  -0.34416   0.55688   0.1749   -0.38404   0.52007
 -0.71935  -0.051902  0.49878   0.9946    0.20242  -0.062903 -0.3398
  1.4503   -0.68065   0.28559  -1.1161   -0.73487   1.6827   -0.61261
 -0.28346  -0.56202  -0.078121  0.47236  -0.37802   0.83052  -0.13438
  0.36174  -0.26908  -0.21206  -0.73743   0.44659   0.67348   0.028481
 -0.078513  0.76983  -0.25481   0.35509  -0.28236   0.81526  -0.85506
  0.011001  0.01289 ]"
loggers,"[ 0.16251   -0.042731   0.072809  -0.20931    0.0031496 -0.55882
 -0.61388    0.1917    -0.068697  -0.61567    0.068362   0.1523
  0.56271   -0.97188   -0.22421    0.4071     0.47317    0.11519
 -0.34114    0.20011    0.34443    0.87441    0.61201    0.069272
  0.072065   0.16214   -0.59113    0.053974  -0.40445   -0.58877
 -0.14668    0.37118   -0.2393    -0.38412    0.25335   -0.54595
 -0.5561    -0.27777    0.96687   -0.45173   -0.88509    0.1933
 -0.50267    0.45117    0.25874   -0.32479    0.31988    0.46182
  0.44142    0.23994   -0.87917    0.052039  -0.45374    0.7321
  0.34743    1.5279    -0.24348   -0.7077     0.37865   -0.073645
 -0.30901    0.070122   0.015222  -0.040587   0.62071    0.16094
  0.69535    0.1248     0.78998   -1.0579    -0.40121    0.23996
  0.40526   -0.41901   -0.32859   -0.23572    0.53943    0.25444
 -0.41109    0.42628    1.0331    -0.53633   -0.7379    -0.18838
 -0.09318   -0.33122    0.4841     0.58457   -0.28877    0.26489
  0.17896   -0.57585   -0.55985   -0.10335   -0.54756   -1.1281
 -0.19751    0.40304    0.3802    -0.80389  ]"
under-23,"[ 0.85704    0.39091    0.42526   -0.47649   -0.34669    0.082732
 -0.78047    1.0139    -1.384      0.36068    0.19957    0.008002
 -0.30263   -0.66206   -0.057078   0.80884    0.74439   -0.59065
  0.18721   -1.0146     0.014478  -0.37834    0.84691   -0.18529
 -0.53264   -0.35098    0.12512   -0.64621    0.61501    0.081467
 -0.57916    0.21001   -0.79214   -0.16944    0.80176   -0.47231
 -0.71597    0.92658   -0.74074   -0.076058  -0.25723    0.31114
  0.31151   -0.0071984  0.38736    0.76965    1.4195     0.17697
 -0.27995   -0.34233   -0.077817  -0.55653    0.26002   -0.041109
 -0.38627   -0.19598    0.086188   0.37274   -0.13227    0.21464
 -0.77481   -0.36048    0.41857    0.045677  -0.1079    -0.17101
 -0.99062    0.1318    -0.040944   0.11489    0.79968   -0.77268
  0.50322    0.34931    0.16559    0.50673    0.04623    0.23883
  0.6959    -1.1595     0.87183    0.53156    0.40018   -0.23455
  0.66251    0.13688   -1.114      0.69348    0.30747    0.06446
 -1.1947     0.91056   -0.36471    0.28111    0.51199   -0.45529
 -1.1066     0.021425   0.50984   -0.39406  ]"
esperanto,"[ 0.89757    0.83736   -0.33917    0.78166   -0.12414    0.42494
 -0.24731   -0.7532     0.28325   -0.70065    0.0246    -0.53794
 -0.29332   -0.73063   -0.28993    0.73453    0.41121    0.1373
  0.07509   -0.97106   -0.38722    0.42885    0.58548   -0.26217
 -0.16673   -0.68988   -0.42518   -0.44839    0.46216    0.43273
 -0.78471    0.65849   -0.51064   -0.18905    0.54671    0.71358
 -0.29844    0.45875   -0.47086   -0.041596  -0.42521    1.0489
 -0.29399    0.18184   -0.0078706  0.1123     0.51327   -0.34623
 -0.45123    0.59986   -0.63829    0.57343   -0.23938   -0.46465
 -0.63043    0.34575   -0.023005  -0.064145  -0.068087   0.2247
  0.5439     0.44074   -0.13073   -0.42107   -0.24992   -0.13951
  0.23339   -0.13403    0.81279   -0.73929    0.23865    0.20056
  0.51994   -0.55778   -0.17845    0.50932   -0.04613    0.045803
 -0.81151   -0.1723    -1.221     -1.6055     0.11334   -0.09168
 -0.53509    0.80049   -0.31955   -0.23155    0.67264   -0.14769
  0.54733    0.37409   -0.072482   0.88125    0.82476   -0.3989
 -0.41954   -0.54435    0.070823  -0.11987  ]"
thong,"[-1.0356e-02 -5.2941e-01 -1.0447e-01  1.7215e-02 -8.0764e-02  1.7313e-01
 -6.0970e-01  1.0514e+00  1.1749e+00  8.8208e-01 -9.0489e-02  2.3489e-01
 -7.3176e-02  6.9185e-01  8.5124e-01 -2.0510e-02  3.5674e-01  1.5930e-01
  6.9413e-01 -8.7263e-01  1.0263e+00  4.2764e-02  8.7498e-02  7.9879e-02
 -9.4729e-01  9.7574e-01  1.9004e-01 -1.2219e+00  2.6527e-01 -2.2624e-01
 -5.4307e-01 -3.5962e-01  1.3441e+00  2.5048e-01 -4.6348e-02  2.3860e-02
 -3.5579e-01  9.5661e-01 -2.7384e-01 -9.2804e-01  6.4718e-01  4.7255e-01
  2.6339e-01  7.1648e-03 -4.0498e-01  1.5047e-01  3.4181e-01  1.0724e+00
  2.1526e-01 -6.4747e-02 -3.0629e-01  2.8433e-01  4.1635e-02 -1.1610e-01
 -5.7653e-01  2.3104e-01  1.6734e-01  8.1871e-01 -3.0346e-02 -1.1397e-01
 -4.8318e-01  1.6532e-01  9.1945e-02  8.7195e-01 -2.8207e-01  3.1998e-01
  1.2656e+00 -1.5960e-02  5.2186e-01 -9.7047e-02  6.3598e-01  1.3571e-01
 -2.1591e-01 -3.8033e-01  1.6568e-01  7.1065e-01 -2.9086e-01  6.7751e-01
 -1.8353e-01  4.0036e-01 -5.0405e-02 -6.2647e-01  4.5764e-01 -1.0947e+00
  2.8973e-02  5.6041e-03 -4.8095e-01 -4.9754e-01  1.1963e+00  3.2531e-02
  7.6410e-01  6.2396e-01  6.7852e-04 -7.8478e-01  6.4488e-01  2.4143e-01
 -7.9258e-01 -3.5097e-01  6.9408e-02 -5.1163e-01]"
biljana,"[-0.68995   -0.33886    0.47645    0.82092    0.47797    0.15169
  0.73       0.21349   -0.054371  -0.24495   -0.92947   -0.013831
  0.056469  -0.33117    0.59106   -0.29056    0.68555   -0.39184
 -0.142     -0.48951   -0.29258   -0.50984    0.34481    0.64362
 -0.75547    0.81899    0.25809   -0.3132     0.0035383  0.43555
  1.9722    -0.17225    0.27872   -0.46784   -0.9262    -0.4669
  1.2909     0.48379    0.27707   -0.60481    0.10475    0.82585
  0.46836   -0.32299   -0.27682    0.091576   0.13197    0.11432
  0.62051    1.0997    -0.32924    0.25341    0.40997    1.2898
  1.0786     0.96897    0.48319    1.0169    -0.23251   -0.55393
  0.36049   -0.28594   -0.58736   -0.14353   -0.44651    0.054186
  1.1219     0.71916   -0.86488    1.1998     0.49404   -1.3711
 -0.01002   -0.23085   -0.16136    0.045797  -0.27281   -0.11828
  0.44135   -0.65066   -0.032472  -0.014349  -0.14573   -0.73405
 -0.87159   -0.25765    0.16974    0.98651    0.34692   -0.077024
  0.45031    0.60653   -0.46202    0.82185    0.020948  -0.012285
  0.55967    0.5291     0.7821     0.40242  ]"
campsite,"[-0.057125 -0.099617 -0.052225  0.10529  -0.42909   0.40409   0.27363
  0.78525   0.30253  -0.20998  -0.16737   0.39692   0.36519  -0.71629
  0.93344   0.044898  0.37228   0.24302  -0.58919   0.38708  -0.02349
  0.67281   0.042089  0.17018  -0.56886  -0.38689  -0.52078   0.099905
 -0.29536  -0.6291   -0.37344  -0.75452   0.42174   0.83142   0.35157
  0.47135  -0.61647   0.016297  0.79622  -0.71754   0.39344   0.2733
  0.55761  -0.040014  0.38709   0.41355  -0.19816   0.58755   0.07712
  0.32231  -0.27206  -0.275    -0.16021   0.034287 -0.14424  -0.12632
  0.066804 -0.27506   0.42409   0.20749   0.24242   0.11635   0.85743
  0.089594 -0.024578  0.19745  -0.30636  -0.74689   0.38462  -0.43127
 -0.20001  -0.38593   0.46172  -0.60668  -0.034327  0.61812   0.44121
 -0.32726  -0.3452    0.45774  -0.5789    0.33003  -0.14635  -0.52555
  0.55794   0.31977   0.27782   0.15704  -0.094169  0.68813  -0.12887
 -0.11677   0.16944   0.36619   0.063732 -0.17315  -0.20789   0.32448
  0.49823   0.3265  ]"
minaya,"[-0.39121   -0.50569    0.01423   -0.3513    -0.47063   -0.29387
  1.1371    -0.13441    0.38409   -0.57278   -0.40707   -0.53727
  0.5157    -0.71247    0.78495   -0.61633   -0.077724   0.4741
  0.27188    0.1686    -0.39343   -0.046371  -0.23206   -0.60646
  0.22913   -0.30446    0.51632   -0.6148     0.17334    0.19254
 -0.24972    0.2837    -0.47529    0.098397  -0.50105    0.95989
 -0.4306     0.2964     0.67776   -0.5722     0.23593   -0.22207
  1.1934    -0.11042   -0.83858    0.80979    0.3505    -0.72325
  0.54856   -0.25836   -0.49972    0.035789  -0.45993   -0.057163
 -0.43902    1.1048    -0.18094    0.16842   -0.4741     0.64065
 -0.57037    0.27704   -0.66872   -0.68508    0.33662   -0.66655
  0.43112    0.069944  -0.26068    0.5139     0.17056   -0.47213
 -1.1609    -1.8895     0.81169    0.061761  -0.5904     0.057887
 -0.90981    0.40239    0.16143   -0.0088794 -0.86323   -0.49576
  0.21178   -0.41477   -0.039231   0.14328   -0.43211    0.073885
  0.15343   -0.46139   -0.36494    0.052683   0.29999   -0.13427
 -0.073297   0.25543   -0.30459    0.62066  ]"
l'aquila,"[-2.6455e-01  4.8023e-01  1.3633e-01 -2.3364e-01 -5.8443e-01  7.6311e-01
 -6.4147e-01  3.0344e-01  6.3410e-01  7.2457e-01  3.7870e-01 -2.2523e-01
 -3.6776e-01  2.9670e-01 -1.7637e-01  1.1415e-01  5.2046e-01 -1.0206e+00
 -4.5429e-01 -5.9520e-02 -3.9399e-01  1.1608e-01 -1.1716e-01  7.2865e-01
 -6.1846e-01 -5.5443e-01  2.3630e-02  7.9433e-01 -5.7435e-01  2.5542e-01
  1.3248e-02 -8.8130e-01  7.5929e-01  6.1686e-01 -2.5664e-01  8.9523e-02
  1.2204e+00  7.6474e-02 -3.4889e-01  4.1035e-01 -4.7083e-01  3.2069e-01
  7.7378e-01 -1.2083e-01  1.6826e-04  2.8199e-01  2.0747e-01 -2.8237e-02
  2.4327e-01  3.8304e-01 -9.3610e-01 -1.9713e-01 -5.9670e-01 -2.2275e-01
 -8.0604e-01 -8.7656e-01 -4.9329e-01  2.5772e-01 -8.5446e-01  3.8134e-01
 -3.8108e-02  1.4633e+00 -6.2713e-01  2.0706e-02 -4.5625e-01  1.8854e-01
 -7.6207e-01 -6.5220e-01 -1.3944e-01 -1.0577e+00  4.0775e-01 -2.1284e-01
 -1.6112e-01 -5.5723e-02  1.5316e-01 -1.9698e-01  5.0138e-01  5.7424e-01
 -1.6465e-01 -2.5038e-01 -1.6217e-01  4.4603e-02 -5.5780e-01 -4.2232e-01
  1.0219e+00  4.8924e-01 -1.6911e-01  8.0981e-01 -6.4854e-01 -9.4228e-02
  1.1985e+00 -4.5615e-02  3.2348e-01 -1.8047e-01  3.1467e-01  6.8082e-01
  1.7266e-01  4.1752e-01  7.1793e-01  2.4334e-01]"
pienaar,"[ 0.7461   -0.29136   0.084347 -0.61424  -0.12205   0.57946   0.21671
 -0.1099   -0.22228  -0.8168   -0.10775   1.082    -0.75118   0.28878
  1.6979    0.26058   0.029985 -0.1063   -0.30265  -0.46404   0.88324
  0.40782  -0.1293    0.1738    0.60605   1.1899   -0.054098  0.18777
 -0.80039  -0.58419  -1.0041    0.87515  -1.1113   -0.55535   0.27618
 -0.15173   0.41549   0.51712  -1.4737    0.4159   -0.14795   0.17403
  0.010108 -0.22645   0.60012   1.0368    0.24084  -0.074441 -0.17891
  0.38595   0.099666  0.015358 -1.3105   -0.30748  -0.46362  -0.25295
 -1.1769    0.070912 -0.94744  -0.3003   -0.34915  -0.15764   0.64369
 -0.13142  -0.025387  0.017162 -0.41001   0.7332    0.26929   0.52902
 -0.016577 -0.26008   0.11415  -1.0247    0.11987  -0.3272   -0.74808
  0.63374   0.48082   0.74802   0.12658  -0.59485  -0.17059  -0.29754
 -0.13037  -0.032652 -0.69331   0.51216  -0.36693  -0.50853  -0.94869
  0.20598   0.67461  -0.51098  -0.021041 -0.37781   0.27376  -0.5184
 -0.53782  -0.25632 ]"
costumed,"[ 0.053683   0.12858    0.029277  -0.19908    0.087033   1.6148
 -0.30302   -0.021791  -0.23103   -0.085438  -0.76178   -0.56856
  0.92989   -0.66262    0.31784    0.48206    0.96717    0.53849
  0.28534   -0.38109    0.3456    -0.91656    0.36079   -0.4745
  0.57794   -0.80952   -0.90836    0.45551   -0.39429   -0.44361
 -0.049299  -0.27614   -0.51604   -0.19017    0.46559   -0.56882
 -0.51517   -0.18918    0.20786    0.080562   0.44747    0.47272
 -0.10527    0.65745    0.20324    0.20218   -0.93942    0.029502
 -0.17517    0.10092   -0.91893   -0.74493    0.010523   0.011976
  0.15953    0.18862    0.11552   -0.051719  -0.39016   -0.43125
 -0.16988    1.113      0.37521    0.078105   0.040441  -0.29632
  0.10922   -0.17739    0.47319   -0.078286   0.28746   -0.69177
 -0.79519    0.10441    0.33273   -0.088308   0.23469    0.054214
  0.17786   -1.1263    -0.46803   -0.37169    0.59077   -0.0083444
 -0.78254   -0.113     -0.5274     0.29781   -0.27614   -0.22774
 -0.03643   -0.0045519 -0.12211   -0.64846   -0.25895   -1.0947
 -0.61726   -0.10021    0.032213   0.21211  ]"
carnivorous,"[-0.40974    1.2851     0.3044    -0.43437   -1.0644     0.22287
  0.26492   -0.43107   -0.23452   -0.53426   -0.43514    0.08871
  0.67555   -0.42301    0.15309   -0.56157    0.41628    0.37645
  0.90178    0.25438    0.21445    0.25143   -0.34431   -0.0080326
  1.2547     0.44969   -0.44247    0.53895   -0.34748    1.4911
 -0.94118   -0.55156    0.57348   -0.75054    0.39232    0.26
  0.19653   -0.49113   -0.32029    0.042246   0.31048    0.3043
  0.22888    0.09365   -0.3495     0.064955   0.1919     0.51183
 -0.10442    0.8378     0.30121    0.26156    0.82666   -0.96493
  0.087684   0.87145   -0.53618   -0.43158    0.72291    0.46929
  0.36722    0.36906    0.27507   -0.055675   1.2867     0.11204
 -0.084292  -0.34775    0.89746   -0.49361    0.16298   -0.66333
  0.024167  -0.072008  -1.2044    -0.035495  -0.46977   -0.58738
 -0.32813    0.85746   -0.23245   -0.40942   -0.085307   0.95557
 -0.051399  -0.91516    0.50341    0.020036  -0.31482    0.14034
  0.03103   -0.49265    0.59845   -0.024197   0.37032   -0.36166
 -0.91232   -0.8717     1.0447    -0.13157  ]"
dvorak,"[-4.2947e-01  1.8139e-01  6.6179e-01 -5.7477e-02  2.6992e-01  2.5387e-01
  4.6843e-01 -2.9656e-01 -6.2373e-01  1.1096e+00 -1.1449e-01 -6.7591e-01
 -7.5279e-01 -9.3316e-02 -6.3230e-01  1.8676e-01  1.6589e-01  1.1741e+00
 -1.7650e-01 -5.6624e-01 -6.4857e-01  2.3481e-04  4.3052e-01  1.2384e+00
  1.0716e+00 -7.3623e-01 -3.6136e-02 -1.0422e-01  2.2476e-01  6.4478e-02
 -4.0978e-01 -8.8192e-02  1.5510e-01  2.5615e-01  2.2858e-01 -3.5722e-01
  2.8959e-01  5.9910e-01  5.8619e-01 -4.1664e-01 -2.8559e-01 -4.4219e-02
 -9.6397e-02  5.8326e-01 -6.4853e-01 -1.0046e-02  2.3676e-01 -1.1463e+00
  8.0199e-01  6.6483e-01  2.4311e-01  1.8362e-01 -9.3775e-01 -6.6431e-01
 -6.5293e-01 -3.6434e-01  1.0506e+00  2.8780e-01  8.4968e-02  1.0278e+00
  1.8666e-01  4.4295e-01 -6.5196e-02  8.2357e-01 -3.1891e-01 -4.4761e-01
 -1.0099e-01  2.1246e-01  3.1398e-01  2.9965e-01 -7.2633e-01 -2.6673e-03
  4.3550e-01  9.9820e-02  7.0015e-01 -5.2506e-01  3.2137e-01  2.3244e-01
  3.3120e-01  2.9569e-01 -4.7410e-01 -6.6272e-01 -1.6013e-01 -3.5790e-01
 -1.1673e-01 -2.9893e-02  8.3871e-01  5.2687e-01 -7.2841e-01  2.6034e-01
 -2.0036e-01  8.0090e-01  5.9711e-03  5.1123e-01  6.4457e-02 -5.3989e-02
 -2.2144e-02 -8.1832e-01 -1.1522e+00  3.4438e-01]"
exclusivity,"[ 8.5980e-01 -3.0769e-01  3.4469e-01  1.4094e-01 -5.1796e-01 -6.4457e-01
 -1.2502e-01 -2.7359e-01 -3.7558e-01 -1.5518e-01 -1.3888e-01  1.0448e-01
  4.3023e-01 -5.3962e-01  5.8190e-01 -7.5584e-02  2.3164e-01 -1.8222e-01
  2.8270e-01  1.1780e-01 -2.7502e-01 -1.6029e-01 -2.5148e-01  2.6019e-01
  9.9549e-01 -1.2646e-01  3.2530e-01 -7.1375e-01 -1.1139e+00 -7.4048e-01
  4.8459e-01  1.2168e-01 -2.2677e-01  1.5793e-01 -1.4804e-02  3.4337e-01
  3.9316e-01 -1.5313e-01 -6.4446e-02 -5.9046e-01  7.7642e-01  4.9851e-01
 -1.4994e-01 -8.4844e-02 -2.9618e-01 -5.9567e-01  3.8375e-01 -1.3066e-01
  5.5914e-02 -5.9254e-04  8.7321e-02  4.2745e-01 -4.5714e-01  5.1114e-01
  3.0550e-01  2.3997e-02 -1.1216e-02 -9.6961e-01  5.3341e-01  3.4443e-01
  2.2374e-02 -4.9568e-01 -1.8017e-01 -3.8137e-01 -4.4231e-01 -1.7327e-01
  5.2888e-01 -7.0669e-01 -1.6353e-01 -8.4522e-01 -1.7800e-01 -4.1411e-01
  1.1917e-01 -6.6936e-02 -2.9210e-01  3.1066e-01 -1.0722e+00 -2.2468e-01
 -1.0501e+00 -2.4686e-01 -6.8879e-01 -4.2213e-01  3.0022e-01  1.2778e+00
 -3.3510e-01  7.1542e-01  8.9039e-02  9.4404e-03  3.1719e-02 -7.1731e-02
 -2.3358e-01  2.4320e-01 -5.6762e-01 -7.4012e-01  6.8650e-01 -1.0249e-01
  2.9683e-01  5.5369e-01 -1.1376e-01  9.7613e-01]"
blockers,"[-3.1611e-01 -1.2832e+00 -6.7666e-01 -6.4765e-01 -9.2901e-01 -4.2300e-04
 -2.0732e-01 -3.4945e-01 -5.3626e-01 -3.7494e-02  3.1730e-01 -2.8931e-01
 -7.5866e-01  7.6119e-01  4.4868e-01 -3.5029e-01 -5.6500e-01 -8.8560e-01
  2.6410e-01  4.5570e-01  5.8135e-02 -5.1764e-02 -1.0268e+00  7.7484e-01
  3.3279e-01  3.5270e-01 -1.4336e-01 -3.6426e-01  9.0847e-02 -4.8953e-01
  1.1366e+00  6.8321e-01 -7.2838e-02  1.0505e-01  7.4364e-01  1.9168e-01
 -7.4259e-01  5.6185e-01 -3.0205e-01  8.0390e-01  2.7547e-01  1.0412e+00
 -7.3671e-01 -7.1320e-02  2.5395e-01  2.6078e-01  2.3634e-01  6.0429e-01
 -4.8325e-01  1.0030e+00 -7.5020e-01  9.3711e-01 -1.0570e-01  9.8387e-01
 -6.9756e-02  2.3789e-01 -8.0132e-01  5.4881e-02  4.5823e-01  5.4030e-01
 -6.8608e-01  4.2974e-01  4.2824e-01  1.9560e-01 -1.7713e-01  8.1293e-01
  8.9995e-01 -3.1803e-01 -1.4588e-01 -3.0664e-01  6.8661e-01 -5.9097e-01
  1.0236e+00  3.6249e-01 -7.9472e-01 -2.1605e-01 -4.7936e-01  3.9164e-01
  6.1908e-01 -7.6205e-01 -2.5222e-03 -3.8490e-01 -8.7966e-01 -1.2487e-01
 -1.1887e+00  4.9888e-01  5.3742e-01  3.2693e-01 -7.9532e-01 -6.7710e-02
 -4.9769e-01  3.1938e-01 -3.8689e-01 -5.3871e-02 -3.2209e-01 -2.0471e-01
  7.0432e-01 -7.6459e-01  4.4268e-01  1.1354e+00]"
hedgehog,"[ 0.48548    0.10446    0.39812   -0.65754    0.11682   -0.2998
  0.48388   -0.88287    0.002583  -0.21002   -0.73585   -0.61668
 -0.46545    0.0050068  0.65343    1.0086    -0.41545    0.67683
  0.11721    0.43793   -0.63275   -0.32437   -0.66662   -0.23741
  0.21128    1.4909    -0.28487    0.84358   -0.42858    0.39991
 -0.21153   -0.32377   -0.50504    0.32562    0.41007    0.51951
 -0.23192    0.2808     0.87245    0.22204    0.82044    0.0090254
  0.42838    0.48497    0.020356   0.42481    0.15653    0.33473
 -0.071297   0.22577   -1.1468     0.56314   -0.025863   0.61597
 -0.29838   -0.21369   -0.60033   -0.13654   -0.88163    0.96183
 -0.1639     0.77652    0.13221   -0.020885   0.60744    0.050276
 -0.71838    0.14684    0.24381    0.2757     0.37373   -0.47857
  0.92574   -0.32681   -0.56398    0.16656    0.30828    0.22999
 -0.51134   -0.091784  -0.21931    0.034028  -0.41948    0.59305
 -0.023306   0.72686    0.92792   -0.31497    0.22692   -0.061507
 -0.26583    1.2242    -0.29249   -0.21978    0.30355   -0.6784
 -0.83187   -0.29731    0.59338   -0.24844  ]"
smithkline,"[ 0.61879    0.15008    0.2506     0.47925    0.14666   -0.48084
  0.0067485 -0.9743    -0.48571   -0.15383    0.30419   -0.86562
 -0.30286    0.45295    0.13727    0.33114   -0.043664   0.27174
 -0.011332  -0.1413     0.75622   -0.91967    0.30204    0.089867
  0.027479   0.26654    0.91214   -0.13153   -1.4237    -0.71188
  0.05285    0.23433   -0.2813    -0.8618     0.41874    1.0113
  0.42772    0.30682    0.13272    0.54299    0.94591    0.70474
 -0.35756   -0.37295   -0.40329    0.91205    0.051824   0.14355
  0.72372   -0.59683    0.44821    0.28498   -0.041287  -0.47943
 -0.55524    0.15367   -0.34727   -0.12968   -0.3268    -0.1195
  1.1914    -0.30193    1.0511     0.33792   -0.60801    0.16981
  0.4107     1.3448     0.73657   -0.5993    -0.27464   -0.30796
 -0.74451    0.12455   -0.97647   -0.639      0.37038   -0.88481
 -0.8776     0.006401  -0.067231  -0.14481    0.25946    1.5971
 -0.65461   -0.95012    1.1165     0.35222   -0.25426    0.8006
  0.7007    -0.14402   -0.59738    0.37048   -0.03574    0.064813
  1.0951     0.52246   -0.14371    0.49162  ]"
linkages,"[ 0.14709    0.43933   -0.59109   -0.054287   0.070248  -1.1931
 -0.46305   -0.24294    0.39533   -0.30302    0.055854   0.025803
  0.74163    0.7229     1.1948     0.19784   -0.050647  -0.33836
 -0.40616    0.26441   -0.34702   -0.15405    0.48041   -0.5042
  0.057617  -0.4203     0.35587    0.24639   -0.3427     0.32271
 -0.68786    0.090422  -0.0014516  0.085401  -0.010485  -0.29728
  0.51581    0.088686  -0.036613   0.055585  -0.0069392 -0.10928
 -0.30654   -0.13312   -0.33351   -0.2288     0.49468    0.53517
 -0.32955   -0.031865  -1.0707     0.69955   -0.70412    0.23172
  0.30116    0.11911    0.87686   -0.25038   -0.022898   0.39716
 -0.75547   -0.2732     0.079285   0.35499   -0.32525   -0.051434
  0.14465   -0.22697    1.1363    -0.43852    0.28216   -0.46691
  0.90152   -1.1837     0.34444   -0.37845    0.15647   -0.81527
  0.13031    0.12527    0.084639   0.30884   -0.028702   0.51425
 -0.32075    0.90443   -0.29161   -0.0736    -0.73934   -0.16761
 -0.64879    0.43874   -0.83011   -0.59349    0.79506    0.18396
  0.2489    -0.73682    0.11808    0.42422  ]"
moray,"[-4.9981e-01 -7.9849e-01  1.0830e+00 -8.6099e-01 -6.8986e-01  3.3548e-01
  3.1977e-01  4.9763e-01 -2.4407e-01  2.5014e-02 -8.9248e-01  5.2572e-01
  2.4670e-02  4.7584e-01  1.2370e-02 -5.7662e-01  4.2132e-01 -6.4482e-01
 -5.4932e-02 -4.7531e-02 -8.1487e-01 -3.9551e-01  1.0575e+00 -3.0089e-01
  4.8866e-01  1.1580e-01  1.7522e-01  2.2904e-01 -1.1050e+00  6.7234e-01
  5.9118e-01  1.1555e-01  2.2406e-01  9.7602e-02  2.2349e-01  1.8975e-01
 -1.0738e-01 -4.4009e-01  5.1613e-01  4.7419e-01 -1.4026e+00 -2.1402e-01
 -2.3580e-02 -2.0621e-01 -5.8697e-04  6.0291e-01  3.2036e-01  1.7895e-01
  4.2470e-01 -4.2633e-01 -3.2197e-01 -6.2274e-02 -3.1682e-01 -2.0219e-01
 -1.0739e+00 -8.5164e-01 -2.5318e-03 -6.3142e-01 -1.4050e+00 -7.7339e-01
 -7.6374e-03  1.1323e-01  3.2811e-01  9.2547e-01  5.1573e-02  1.1719e-01
 -5.1463e-01 -4.1009e-01  5.0872e-02  3.9349e-02 -1.2343e-01  3.4349e-01
  5.9625e-01  7.2554e-02 -1.2947e+00 -4.8539e-01  2.5345e-01 -2.2313e-02
  7.6342e-01  6.6930e-01  4.8918e-01  1.1012e-01  1.8000e-01  2.9541e-01
  6.9263e-01  2.1679e-01  2.1053e-01 -2.4189e-01  9.3146e-01 -1.0675e-01
 -1.1482e+00 -6.7207e-01  1.7971e-01  2.0420e-01  8.1974e-02  2.1538e-01
 -3.9256e-01 -8.8324e-01 -3.2408e-02 -8.5678e-01]"
niles,"[-0.22561   -0.67665   -0.0279    -0.43641   -0.57007   -0.87786
 -0.362      0.4378     0.54501   -0.34477   -0.784      0.23702
 -0.219      0.28656    0.13862   -0.15944    0.54364    0.19396
 -0.29703    0.35735   -0.040621   0.11973    0.22494    0.73557
  1.168     -0.46298   -0.27932    0.25402   -0.2584     0.71005
 -0.043117   0.56719   -0.0075486 -0.32276   -0.62497   -0.050948
  0.37343    0.24898    0.55822   -0.15381    0.10244   -0.1154
 -0.99764    0.77548   -0.14587   -0.03297    0.30158    0.071121
  0.016843   0.16146   -0.3209    -0.4697     0.24291   -0.49104
 -0.044885  -0.352      0.53072   -0.24573   -0.80029   -0.35198
  0.56444    0.11932    0.90395   -0.14289   -0.43184   -0.32821
  0.65001    0.62714   -0.59493    0.14081   -0.73826   -0.16727
 -0.30185   -0.29968   -0.021296  -0.15589    0.65868    0.38796
 -0.010949  -0.41469    0.0787     0.54723   -0.86166   -0.27733
  0.61996   -0.039446  -0.086001  -0.21536    0.1227     0.28323
 -0.29183   -0.41593    0.089321   0.26258   -0.044114  -0.30964
 -0.24334    0.11301   -0.30342    0.31439  ]"
exec,"[-0.016025   0.45233    0.9649    -0.57701    0.29406   -0.58665
 -0.40172   -0.056948  -0.18889    0.092346   0.41042   -0.032346
  0.17357    0.018672  -0.30203   -0.0096991  0.65181   -0.29393
  0.1608     0.61083   -0.53717    0.24536   -0.47636    0.6996
  0.025681   0.27584    0.12144    0.76148   -0.082815   0.0026376
  0.37772    0.81057   -0.43785   -0.13992   -0.66503    0.0699
 -0.82914   -0.70819    0.86532   -0.13469    0.39461    0.44508
 -0.38253    0.097001   0.50382    0.14269   -0.76548   -0.32136
 -0.15506   -0.48338   -0.31751   -0.31808   -0.38978    0.86551
  0.12773   -0.038685  -0.97779    0.39172    0.093725  -0.013613
  0.58736   -0.68894   -0.1133    -0.33043    0.084547  -0.82713
  0.86956    0.22523   -0.1706     0.63215    0.58045   -0.37739
 -0.47936   -0.10639    0.084334  -1.1093     0.38732   -0.32222
  0.42658   -0.42795    0.15717   -0.62306    0.32018    0.26581
 -0.14108   -0.2559    -0.091681   0.015312   0.28161   -0.0041109
  0.35007    0.48549    0.17994   -0.61732    0.79309   -0.068406
  0.23089    0.011779   0.53404    0.15617  ]"
partitioned,"[-0.63293   0.069279  0.47817   0.90481  -0.14792   0.78993  -0.22415
 -0.011788  1.1171   -0.1998   -0.19291  -0.068685  0.61263   1.2188
  0.84175   0.065542 -0.17067   0.39491  -0.63022  -0.87355   0.76314
  0.4043    1.1411   -0.19478   0.69288  -0.93478  -0.34806   0.66647
  0.20083   0.039169  0.29359   0.41502  -0.35301   0.18279   0.83457
 -0.068332  0.49347  -0.61399  -0.98679  -1.1876    0.089271  0.18641
 -0.094198 -0.31157   0.18546   0.28142   0.88232   0.3112    0.46993
  0.87757  -0.39508  -0.13311   0.35503   0.39241   0.08419  -0.21141
  0.28926   0.1367    0.52591  -0.37995   0.62435   0.38941   0.58668
  0.40378   0.44063   0.50266  -0.42959   0.49038   0.23227   0.28976
  0.29872   0.74639   0.35525   0.19553  -0.76662  -0.19642  -1.1061
  0.10043   0.066479  0.92532  -0.46563  -0.21467   0.090974  0.77278
  0.65347   0.71316   0.38307  -0.96204  -0.22141  -0.62254  -1.2311
  0.38633  -0.38444  -0.2823   -0.2364    0.19918   1.0236    0.68148
 -0.677    -0.22007 ]"
kingdome,"[ 0.33043    0.41882    0.87184   -0.57634   -0.82513    0.067606
 -0.13104    0.20318   -0.51898    0.66588    0.41339   -0.34393
  0.41579   -0.81559   -0.11486   -0.72203   -0.12327    1.2457
  0.55704    0.078358  -0.44428   -0.28008   -0.071514   0.51799
  0.79207   -0.4183    -0.54045    0.37566   -0.46885   -0.20419
 -0.30476   -0.0046613  0.46478    0.90199   -0.54425    0.098253
 -0.57313    0.092966   0.48784   -0.50171    0.65739   -0.41598
  0.23831   -0.11573   -0.22365    0.13977    0.59642    0.028855
  0.55276    0.35694   -0.061176  -0.68492    0.30205   -0.37295
  0.12885    0.10025    0.25561   -0.35946    0.70473    0.62459
 -1.477      0.25217   -0.55135    0.30354   -0.19214    0.034006
  0.61794   -0.09417   -1.442     -0.59812    0.28178   -0.34703
  0.1577    -0.30328   -0.53441   -0.3522     0.35071    0.25267
 -0.57564    0.72495   -0.13123    0.026813   0.12331    0.12171
  0.39952    0.57187   -0.084453  -0.0044059 -0.4671     0.54307
  1.0268    -0.2907    -0.3398     0.041811   0.3179    -0.31238
  0.1033     1.1048     0.39273    0.10576  ]"
meted,"[ 0.29931   0.21218   0.014724 -0.52561   0.080399  1.0578   -0.87135
  0.080668 -0.973     0.28406  -0.2995    0.90721   0.41231   0.45956
  0.24751   0.35841  -0.30337  -0.19065  -1.4231   -0.077627  0.85933
 -0.7081   -0.41768   0.27185   0.14636   0.38248   0.14474  -0.13462
 -0.80296  -0.1024    0.60793  -0.53024  -0.50542   0.13645  -0.16617
  0.58601  -0.54606  -0.19281  -0.82927  -0.21176  -0.18919   0.39556
 -0.32835  -0.19636   0.29295   0.35189   1.0726   -0.020702 -0.24464
  0.23624   0.12756  -1.0021    0.21502   0.59109  -0.44617   0.94629
  0.34442   0.37699   0.19984  -0.31433   0.36339  -0.34285  -0.6412
 -0.09766   0.37169  -0.1217   -0.1075    0.16167  -0.39595   0.017237
 -0.021902 -0.6154   -0.099712  0.67134   0.49649   0.035632 -0.647
 -0.34751   0.53914   0.039568  0.36267  -0.19681  -0.52546  -0.074437
 -1.29      0.016031 -0.088621 -0.21276  -0.38122  -0.66291  -0.52527
 -0.49024  -0.79955   0.053095  0.78202  -0.021679  0.10221   0.62711
 -0.29059  -0.3593  ]"
hallucinations,"[ 0.4976    -0.40676    0.47895    0.70368   -0.06785    0.9706
  0.077947   0.38945    0.45261   -0.2284    -0.52176   -0.28965
  0.14864    0.28118    1.5329     0.22726   -0.92677    0.71454
  0.17502    0.40251    0.030482  -1.1175    -0.0040104  0.18304
 -0.67598    0.25751    0.35946    0.31297    0.34517   -0.7817
  0.19488   -0.32567   -0.76248   -0.256     -0.52809    0.23137
  0.51028   -0.061718   0.13174   -0.173     -0.044466   0.9963
 -0.54221   -0.57131    0.60683   -0.10168    0.90828   -0.045871
  0.66694    0.060561  -0.23422   -0.67984   -0.11409   -0.2085
  1.0893    -0.060715   1.377      0.55042   -1.1143     0.67391
  0.25897    1.7202     0.51788   -0.42056   -0.13048   -0.19133
  1.0617    -0.9942     0.589     -0.40406   -0.61723    0.33052
  0.035262  -0.629     -0.35354   -0.024535  -0.047585   0.081778
 -0.25169   -0.079908   0.062722  -0.057084  -0.8596     0.90539
 -1.2804     0.087688  -0.0076908  0.21467   -0.33051   -0.4678
 -0.2166    -0.17234    0.31004    0.25949    0.87485    0.098373
  0.039907  -0.77377   -0.2583    -0.46522  ]"
antonov,"[-2.7492e-02  2.1952e-01  7.8874e-02  4.7391e-01 -3.0399e-01 -6.3942e-01
  6.3198e-01 -5.8153e-01  6.1660e-01  7.8387e-01  9.9949e-01 -3.8842e-03
  1.1263e+00  5.3295e-01  7.4973e-02 -2.3563e-02  4.2571e-01  1.0184e+00
  1.9076e-01 -1.8568e-01 -1.5698e-01 -2.7633e-01  4.9081e-01 -1.0850e-02
  3.4657e-02 -1.1213e+00 -8.1769e-01  1.5649e+00 -1.9146e-01  1.1243e-01
 -6.9987e-01 -3.1785e-01  1.7248e-01 -4.8060e-01 -3.9984e-01  5.1334e-01
  1.2789e+00  5.7848e-01  4.8961e-01  6.8384e-01 -7.4695e-02  4.6128e-01
 -3.2218e-01  1.9034e-01  4.2891e-01  4.3862e-01 -2.2990e-01 -1.0608e-01
 -4.7149e-02  1.0768e+00 -2.3493e-01  3.6580e-04  3.9752e-02  8.2950e-01
 -6.8428e-01  2.8392e-01 -3.9539e-02  1.3800e+00  9.5880e-01 -9.4312e-02
 -8.2456e-02 -9.8782e-01 -1.3622e-01  8.8660e-01 -6.3304e-01 -3.3917e-02
 -1.7045e-01  2.3020e-02 -1.4323e+00  8.6751e-01 -4.2058e-01 -1.1242e+00
  5.9312e-01  1.7819e-01  4.7290e-01 -1.5437e-01 -6.2451e-01  5.5307e-01
 -9.5393e-01 -3.7568e-02  7.4270e-01  3.4070e-01  2.8032e-01 -2.0767e-01
  7.6465e-01 -7.0809e-01  7.5448e-01 -3.3206e-01 -1.0452e+00 -2.7316e-02
  7.2066e-01  7.2317e-03 -1.4130e-01 -1.1642e-01  7.8458e-02  1.5335e-01
 -1.2601e+00 -8.0164e-01 -3.7493e-01 -5.5212e-01]"
fergus,"[-0.65482   -0.64002    0.36364   -0.49549   -0.12138   -0.17348
 -0.13552   -0.39151   -0.2771    -1.0172    -0.41046    0.22104
  0.66281    0.40038    0.057098  -0.73425   -0.34403    0.17255
 -0.34908    1.3687    -0.62319    0.0017536  0.51661    0.30222
  0.039766  -0.17261   -0.58242   -0.018436  -0.38453    0.056422
 -0.12483   -0.069939  -0.2255     0.47935    0.072152  -0.54548
 -0.25084    0.69817    0.91371   -0.25524    0.084494   0.42051
 -0.020669  -0.012398  -1.3342     0.83979   -0.4444    -0.66366
  0.2393     0.43657   -0.24528   -0.1325     0.31366   -0.33025
 -0.18811   -0.55944   -0.0084109  0.24605   -0.49034   -0.04492
  0.47818   -0.15827    0.35797    0.80267   -0.49535    0.29902
 -0.2556    -0.305      0.07577    0.27683   -0.56069    0.16231
  0.030567  -0.33888    0.28404   -0.62114   -0.18124    0.2217
 -0.69775    0.32815   -0.23793    0.36055    0.30647   -0.13817
  0.70603   -0.031874  -0.23621   -0.38943   -0.1516     0.16757
 -0.31141   -0.30463   -0.74289    0.29643   -0.1716     0.029051
  0.61843    0.2579    -0.71522   -0.50418  ]"
ganassi,"[-0.1307    -1.197     -0.73694   -1.5598     0.2091     0.026043
  0.91001   -0.13703   -0.037452  -0.031825   0.76757    0.043646
  0.21647   -1.7164    -0.44901    0.6506    -0.54332    0.22986
  0.32224    0.85765    0.23685    0.2784    -1.0243     0.31685
  0.93309    0.061171   0.56167   -0.8495     0.18945   -1.0329
 -0.83916    0.86979    0.12725   -0.071219   0.9126     1.0501
 -0.36594    0.57113   -0.1238    -0.0098912  0.56897   -0.53156
  1.0341     0.52841   -0.90384    0.98046   -0.037992   0.43102
  0.28362   -0.65691   -0.66496   -0.026661  -0.57638    0.18329
  0.25415    0.73164   -0.84714    0.67876    0.12767    0.15708
  0.31658    0.033092   0.98604    0.42043    0.60581    0.31048
  0.050332   0.55251    0.008732   0.012334  -0.45054    0.18067
 -0.63059   -0.86263   -0.25488    0.28021    0.70653   -0.40896
 -0.88454    0.087652   0.49633   -0.062348  -1.3536     0.25403
  0.76761   -0.034152   0.93154   -0.33451   -0.75296    0.063178
 -0.90778    0.93691    0.85671    0.57148    0.098528  -0.23332
 -0.30959    0.18383    0.1811     0.1528   ]"
localization,"[-3.4527e-01 -4.1200e-01  2.2331e-01 -4.9147e-02 -3.5096e-01 -4.2434e-01
 -3.5322e-01 -6.4079e-01 -2.3581e-01  8.2987e-01 -9.8936e-02 -1.0758e-01
 -2.2766e-01 -2.4866e-01  2.1441e-01  2.5619e-01 -1.3349e-01  2.5151e-01
  1.1748e+00  3.4083e-02 -2.5185e-02 -9.4676e-01  5.3278e-01 -4.3222e-01
  3.2476e-01  3.4863e-01  1.2285e-01  5.0185e-01 -1.0419e-01 -1.8743e-01
 -6.4925e-01  6.6702e-01 -3.2680e-01  3.1101e-02  3.3346e-01 -2.1063e-01
 -6.2739e-01  7.8653e-02  1.1648e-01 -1.8256e-01 -1.3969e-01 -7.1278e-04
 -9.4093e-02  3.6377e-01  4.7097e-01 -8.5752e-02  4.4443e-01  2.7792e-01
 -3.9055e-01 -1.9353e-01  1.8605e-01  3.5286e-01 -3.0387e-01  2.4148e-01
  3.8253e-01  6.8310e-01 -3.7131e-01 -9.1110e-01 -1.2317e-01  5.5941e-01
 -6.4052e-01 -4.7150e-01  5.4364e-02 -9.2301e-01  1.6029e-01  2.6308e-01
 -4.4478e-01  7.7001e-02  6.0797e-01 -5.3272e-01 -2.1438e-01  5.8071e-01
  1.1546e+00 -4.6872e-01  6.0678e-01 -4.0057e-01  2.8247e-01  2.8119e-01
  7.6903e-02 -7.2380e-01  2.2809e-01 -1.1095e-01 -7.5420e-02  3.9888e-01
 -1.1674e+00  8.2125e-01  1.1380e-01 -6.3765e-01  3.8991e-01 -8.0050e-01
  8.7807e-02  3.9518e-01 -6.2815e-01  5.3610e-01  4.8078e-01 -5.2961e-01
 -2.1747e-01 -6.0337e-01  2.0299e-01 -3.9517e-01]"
sheath,"[-0.58365   -0.18309   -0.72792   -0.50469    0.048689   0.53159
 -0.043432   0.19247    0.067291   0.97329   -0.57518    0.29462
  0.85389    0.61547    0.38457    0.38021   -0.16777   -0.19278
  1.0346    -1.5811    -0.13691   -1.4647    -0.39435    0.070293
  0.96147    0.87653    0.4157    -0.49648   -0.51013   -0.99071
  0.17487    0.27198    0.49879   -0.69916    0.38218   -0.24349
  0.26082   -0.045524   0.052917   0.70271    0.48936   -0.58942
 -0.31009   -0.42636   -0.5913    -0.25729    0.38089    0.10155
  0.14336    0.79889    0.37052    0.62163    0.57206    0.13722
 -0.48877   -0.40973    0.21188   -0.31772    0.46219    0.83492
  0.23459    0.67874   -0.0048171  0.64524    0.060513   0.074371
  0.83516   -0.40812   -0.070782  -0.28449    0.13132   -0.15845
 -0.38231    0.34498   -0.17325    0.16407    0.3954     0.68205
  0.69049    0.33406   -0.69088    0.32733   -0.79731    0.51474
  0.11096    0.081019  -0.03671    0.66182   -0.053049   0.42986
 -0.051703  -0.2863     0.38258   -0.56004    0.72809   -0.44719
  0.49161   -0.79895    0.17441    0.3654   ]"
feathered,"[-0.1623     0.27597    0.20532   -0.54322   -0.63891    0.29319
  0.17364    0.52955   -0.5235     0.15379   -0.45643    0.20531
  1.3261     0.25026    1.119     -0.033748   0.18994    0.50103
  0.36849   -0.48518   -0.18434    0.15736   -0.79919   -0.12768
  1.0365     0.70012   -0.83606    0.44519   -0.43205   -0.5276
  0.25227   -0.61713    0.15366   -0.73064    0.32099    0.22753
 -0.1624     0.20315    0.37852    0.36605    0.015675   0.45654
 -0.0030504  0.21359    0.055611  -0.036572   0.052007   0.55078
 -0.31499    0.31297   -0.7514     0.3244     0.33954   -0.13011
 -0.228      0.058809   0.35021    0.72388    0.17869    0.34364
  0.10437    0.70351    0.18283    0.67035   -0.26674   -0.085006
 -0.33079   -0.16167    0.54509   -0.37178    0.31253    0.065981
 -0.20444   -0.56484   -0.47463   -0.42907   -0.97786    0.10225
  0.27748    0.60239   -0.41176    0.3482     1.0027     0.0067812
  0.010734  -0.64137   -0.17125    0.57068   -0.57211    0.53477
  0.093997  -0.85312    0.67518   -0.778     -0.090301  -0.88201
 -1.522     -0.47147   -0.28663   -0.048733 ]"
374,"[ 0.42851    0.59721    0.59025    0.17244   -0.16687    0.61459
  0.3904     0.12276   -0.4007    -0.11024    0.96607    0.25648
  0.045339  -0.12138    0.64738    0.038492  -0.087378   0.095143
 -0.083319   0.26345    0.81388    0.005679   0.45838    0.57827
 -0.03809   -0.41871    0.77116    0.59811   -0.35186   -0.42152
 -0.13571   -0.0095195 -0.2033     0.063191  -0.51227    0.49511
 -0.23099   -0.11781   -0.070023   0.52581    0.03201   -0.24495
  0.045626  -0.023945   0.065527   0.043524   0.25637   -0.23612
 -0.57336    0.71238   -0.22869   -0.36298    0.38299    0.38111
 -0.82092    0.093906   0.48784   -0.5696    -0.24478   -0.23249
 -0.20581   -0.6464     0.2376     0.3938    -0.74985    0.42696
  0.29531   -0.093132   0.28549   -0.20266   -0.20625   -0.30456
 -0.24939    0.24587    0.05566    0.4113    -0.28165    0.43632
 -0.34118    0.015246   0.0081784  0.069571   0.50128    0.24395
  0.33589    0.027492   0.46253   -0.59964   -0.43039    0.25377
 -0.29861    0.71581   -0.28911   -0.43932   -0.27662    0.11931
  0.25175    0.12378   -0.019569  -0.28602  ]"
kitchener,"[-0.59791   -0.14445   -0.047988  -0.29759    0.36227    0.055536
 -0.48382    0.031971  -0.85235   -0.48183   -0.056913  -0.44663
 -0.38       0.031161  -0.045615   0.31832   -0.22795    0.16615
 -0.61616   -0.67724    0.015098  -0.68876    0.091884  -0.2245
  0.29252   -0.05815   -0.024619  -0.0067942  0.44001    0.40404
  0.16949    0.56988    0.4019    -0.47359    0.07254    0.52455
 -0.86618   -0.0041692 -0.36115   -0.43985    0.65425    0.48255
 -0.31854   -0.73816    0.39757    0.90376    0.33694   -0.33984
  0.41183    0.89896    0.29101   -0.35722    0.73106    0.10417
 -0.66917    0.14029    0.69199   -0.57418   -0.7869    -0.024903
  0.63632   -0.41113   -0.38135    0.81678    0.64935    0.25945
 -1.083     -0.35514    0.069776   0.81862   -0.16606   -0.91359
 -0.83323   -0.56753   -0.4913     0.082961   1.1189     0.184
 -0.37594   -0.11801   -0.17706    0.81      -0.17166    0.36306
  0.13933    0.44147   -0.55796   -0.56721   -0.32677    0.45821
  0.23856   -0.82383   -0.41647    0.68497   -0.65109   -0.4654
  0.051391   0.33217   -0.27578    0.47712  ]"
underwriter,"[ 1.2846e-01  2.1736e-01  5.4057e-02  1.5372e-01  5.0507e-01 -4.0765e-01
  3.2357e-01 -1.1805e+00 -5.2146e-01 -4.2305e-02  1.7167e-01  1.0134e+00
 -3.9846e-01 -1.4773e-02 -5.3047e-01 -1.6739e-01  7.7917e-01  4.2777e-01
  5.2517e-01  1.3634e-01 -3.8510e-01 -2.2814e-01 -3.7814e-01  6.6473e-01
  2.9916e-01  4.2579e-01 -1.3051e-01  4.6717e-01 -1.0411e+00 -1.3180e-01
 -9.2430e-02 -6.4251e-02  3.4132e-01  3.5652e-01 -4.2704e-01  2.7876e-01
  2.6599e-01 -2.9021e-01  4.4009e-01 -5.9214e-01  1.3927e+00 -2.9582e-02
 -5.4225e-01 -6.1989e-02  7.9149e-01 -2.4356e-02 -6.5208e-01 -1.8278e-01
 -1.3048e+00 -1.0055e+00  5.3071e-02 -5.4251e-01  9.4855e-02 -1.3232e-01
 -7.2370e-01 -9.5209e-02 -2.8121e-01 -2.8018e-01  5.0832e-01  2.8960e-01
 -1.5908e-01 -6.6509e-01  1.1758e+00  7.2665e-01  3.2115e-01 -7.4869e-01
  1.3867e-01  6.6459e-01  6.5588e-01  1.7981e-01 -1.0480e+00 -4.1828e-02
 -6.2531e-01  4.5358e-01 -1.4403e-01 -2.7678e-01 -9.8552e-01 -8.2847e-01
 -1.4652e-01 -9.3354e-01  7.4755e-01  4.7470e-01 -6.9450e-02  6.6011e-01
 -2.9869e-02 -8.8436e-01 -8.1444e-01 -4.4266e-01 -2.8809e-01 -2.5531e-01
 -5.3966e-01  3.6863e-01 -1.1656e-03 -1.7731e-01  1.5170e-01  6.2604e-01
  9.5031e-01  1.6419e-01 -1.2631e-01  4.7952e-01]"
m-16,"[-0.022613 -0.2606    0.22652   0.11648   0.021512  0.69063   1.2309
  0.51197  -0.020878  1.0501   -0.20706   0.073166 -0.15865   0.33406
  0.38587   0.42093  -0.091402 -0.29913  -0.66571  -1.2075    0.77485
 -0.39389   0.063232  0.077976  1.031     0.39467  -0.36681  -0.41959
 -0.13984  -0.082056  0.28042   0.49225  -0.8314    0.43726   0.6016
 -0.72323  -0.3657   -0.36795   0.49774   0.16217   0.31773   0.37841
  0.1496   -0.23577  -0.029363 -0.32738   0.38209   0.044594 -0.88156
 -0.54231  -0.20318   0.13292   0.35601   0.37397   0.37489   0.84849
  0.30104  -0.58247   0.27792   0.25804   0.38342   0.82894   0.50922
  0.98413  -0.92815  -0.59285   0.53274  -0.59898  -0.6405    0.69989
  0.32191  -0.36141   0.62952  -0.46994   0.1927    1.0992   -0.49736
  1.0309   -0.69207  -1.2337    1.4907    0.060748  0.38449   0.13581
  0.52235  -0.39276   0.15515  -0.16841  -0.14775   0.34333   0.17877
  0.05286   0.19     -0.2534   -0.08828  -0.70738  -0.13995  -0.059616
  0.93946   0.44825 ]"
madrazo,"[ 0.46513   -0.49369   -0.14204   -0.40884    0.31867   -0.19428
  0.48668    0.16869    0.48141    0.11296   -0.25399   -0.20001
 -0.084501  -1.188      0.8735     0.10041    0.82324    0.30297
  0.27797    0.23876    0.56231    0.44727    0.34502    0.24929
 -0.91282   -0.075417  -0.73319   -0.16316    0.44513   -0.76632
  0.93303    0.23229   -0.31428    0.5565     0.43865    0.53748
  0.17221   -0.25141    0.091993   0.53457    0.57766   -0.37688
  0.6453    -0.13587   -1.2982     0.13797    0.039206  -0.25338
 -0.61175    0.35675   -0.070685  -0.37397    0.28893    0.26535
 -0.30067    0.68508   -0.11894   -0.033469   0.23081    0.7254
 -0.59821   -0.61565    0.79005    0.38585    0.45283    0.33246
  0.74318   -0.1765     0.0031314  0.57991    0.2135     0.83909
 -0.50308    0.0050526  0.17144    0.20523   -1.0717     0.24755
 -0.73023    0.53328   -0.25749   -0.5267    -0.38336   -0.43048
 -0.018659  -0.40259   -1.2434     1.519      0.040973  -1.2857
  0.61901   -0.35797   -0.45622    0.66948    0.14131   -1.0005
 -0.0084349  0.091869  -0.81454    0.49561  ]"
volleyed,"[-0.028463  -0.48176   -0.44785    0.31185    0.64579    0.74755
  0.44354   -0.17606   -0.16005    0.36603   -0.021176  -0.0031548
 -0.4024     0.29667    0.26955    0.24038   -0.040453   0.52675
 -0.67412   -0.28409    0.13016    1.3448     0.33608    0.12728
  0.12466    0.1348    -0.65926    0.060434  -0.10671   -1.1453
 -0.8116     0.55518    0.5222     0.36312    0.75562    0.069959
 -0.88759    0.531     -0.6062     0.022936   0.2322     0.053095
 -0.0089647  0.11396    0.40598    0.56062    0.446      0.27412
  0.31118    0.1297     0.48634    0.10284   -0.26523    0.31257
  0.29643   -0.28816   -0.018109   0.42525    0.60405   -0.29503
  0.91759    0.44616    0.38156    0.55087   -0.61473   -0.467
  0.11604   -0.41017   -0.56233    0.47044    0.22299    1.0534
  1.3414    -1.2495     0.10291   -0.64382   -0.77345   -0.67869
  0.83139    0.2269     0.40795    0.88581   -0.20788   -0.16199
  0.19968   -1.1232     0.23006    0.54145   -0.1581    -0.83473
 -0.27656    0.27776   -0.89866    0.13689   -0.48874   -0.58204
  1.2078     0.37186   -0.60119   -0.66168  ]"
confounded,"[-0.32563   0.14229   0.69712   0.056568 -0.53908   0.23986   0.19229
 -0.45418   0.16579  -0.29523  -0.48677   0.12785   0.45632  -0.96463
  0.14436  -0.041802 -0.80342   0.5955    0.11416  -0.33758  -0.089476
 -0.24821   0.29338   0.055668  0.45233  -0.27149  -0.35525  -0.31617
 -0.1849   -0.28871   0.79219  -0.54821  -0.24271   0.32679  -0.28344
  0.50427  -0.33563  -0.051745 -0.013233  0.041793 -0.48089   0.16393
 -0.10155   0.21756   0.37743  -0.47279   0.74232  -0.088584  0.094133
 -0.12108  -0.069836 -0.1307    0.18878   0.345    -0.1533    0.15254
  0.31296   0.18206  -0.83934  -0.076999  0.15211  -0.12929   0.11404
  0.22334  -0.47429  -0.21815  -0.2505    0.38721   0.46094  -0.13265
  0.072626  0.62116   0.089068 -0.076243 -0.48379  -0.55328   0.22986
 -0.040112 -0.53392  -0.15814   0.27092   0.26472  -0.5505    0.43462
 -0.9737   -0.49329  -0.15561   0.39923  -0.95607  -0.31477   0.10934
  0.45787  -0.67631  -0.33642  -0.17598  -0.056055 -0.20469   0.25145
 -0.22007   0.76715 ]"
craftsmanship,"[ 0.18904    0.091191   0.17947    0.33775   -0.20227   -0.38391
 -0.42809   -0.50802   -0.39363    1.0697    -0.097085  -0.32449
  0.55296   -0.0060555 -0.59701    0.16243    0.24668    0.21692
  0.033508   0.44294   -0.5036    -0.21738    0.35886   -0.63742
  0.3289     0.083367  -0.30791   -0.050936  -0.50576   -1.2942
 -0.68174   -0.4463    -0.69094   -0.19918    0.16047   -0.065593
 -0.34711    0.25419   -0.063031  -0.6866     0.27602   -0.2289
 -0.18115    0.37484   -0.59698   -0.50989    0.54016   -0.42062
  0.76668   -0.27374    0.36927   -0.24619   -0.33273    0.64085
 -0.26202    0.56046   -0.28597    0.001575   0.13082   -0.5283
  0.016041   0.33679   -0.17489    0.66456   -0.36045   -0.66476
  0.69797   -0.37184    0.18143   -0.6319     0.24024    0.57906
  0.53065    0.20266    0.75776    0.10468   -0.40841   -0.14725
  0.14754    0.080504  -0.26622    0.48103    0.37125   -0.21067
 -0.3731     0.10328   -0.21121   -0.39585   -0.4782    -0.30705
  0.13192   -0.67172    0.010565   0.21804    0.29192   -0.54907
 -0.59833   -1.171      0.54201    0.64113  ]"
firsts,"[ 0.0085038  0.12296    0.4327     0.29634    0.15091   -0.52332
  0.27062   -0.29648   -0.30201   -0.17073    0.27475   -0.39782
 -0.21682    0.51169   -0.54517   -0.062418   0.63384    0.53316
 -0.041129   0.62903    0.35126    0.41763   -0.80909   -0.30241
  0.23302   -0.83413    0.045684   0.53816   -0.045318  -0.60326
 -0.39713   -0.54457   -0.033299   0.39974   -0.1972    -0.23694
 -0.68736    0.43285   -0.84773    0.42614   -0.16275    0.45065
 -0.14668    0.53981   -0.43551   -0.027509   0.53258    0.11477
 -0.52866    0.46325   -0.83114   -0.12332   -0.48372    0.61792
  0.079825   0.1565     0.37724    0.50194   -0.042248   0.42886
 -1.1021     0.14718    0.15821    0.34882   -0.22594   -0.0081089
  0.41095   -0.61808    0.17599   -0.63639   -0.67036    0.60645
  0.27119    0.48491    0.31318    0.41343   -0.0091366 -0.33335
 -0.14417   -0.67648   -0.34841   -0.3619     0.89105    0.66668
 -0.95966   -0.26081    0.028088  -0.60772   -0.71274    0.21353
 -0.10638    0.73539   -0.4174    -0.34566   -0.031065   0.068575
 -0.23654   -0.22796   -0.39785    0.69011  ]"
enticed,"[ 0.18013    0.22051    0.053111  -0.023656  -0.34365    0.23478
 -0.36078    0.14518    0.40554   -0.60909   -0.012525   0.5524
  0.37815   -0.50095    0.66745   -0.42742   -0.23107    0.44118
  0.20228    0.2886     0.027614  -0.091281   0.4254     0.2729
 -0.1989    -0.071776  -0.10633    0.0049505 -0.23122   -0.23919
  0.075797   0.41661   -0.39743    0.090446   0.17468    0.28972
  0.010927  -0.39384   -0.35325   -0.29034   -0.28824    0.18193
 -0.13034   -0.045078   0.1287     0.10373    0.45549    0.45312
  0.76133    0.13735   -0.8275     0.061791   0.052051  -0.22745
 -0.1275     0.1053    -0.13372   -0.099949  -0.019665  -0.6439
  0.19033    0.20118   -0.10398    0.37201   -0.33898   -0.7232
  0.69857    0.41954    0.13701   -0.38571    0.1501    -0.35231
 -0.43827   -0.40369   -0.93784    0.22494    0.1149    -0.21341
  0.14147   -0.40458    0.16845    0.41983   -0.42832   -0.35626
 -0.2702    -0.79361    0.19596    0.27457   -0.63397   -0.60689
 -0.47402   -0.098923  -0.16088   -0.97814   -0.0013318 -0.39161
  0.17155    0.64428   -0.58917    0.090504 ]"
agreeable,"[-0.25155   -0.040697   0.56088    0.79786   -0.34609   -0.059906
  0.27424    0.18565    0.25566    0.20182   -0.18039    0.042237
  0.047109  -0.91881    0.60515   -0.14753   -0.23839   -0.66106
 -0.076859   0.48783    0.28227    0.080103   0.063182  -0.56227
  0.30081    0.02091   -0.18927    0.16109   -0.63876   -0.57734
 -0.12014    0.091873   0.059609  -0.43105    0.44433    0.51492
 -0.013835  -0.091368   0.019797  -0.41756    0.1148     0.63865
 -0.073883  -0.24944   -0.47934    0.27317   -0.17797    0.18221
 -0.067336   0.020458   0.093387  -0.65885    0.43889    0.19068
 -0.20081   -0.045189   0.63055   -0.20659   -0.26254   -0.095339
 -0.16796   -0.1228    -0.99071    0.011416   0.42044   -0.60934
  0.27877    0.32614   -0.1878    -1.3891    -0.3552    -0.70795
  0.49771   -0.62008    0.4094    -0.099707  -0.40172   -0.83932
  0.15958   -0.77736   -0.57175    0.099219   0.077302   0.40034
 -0.039429   0.22778    0.60977    0.40935   -0.65347   -0.92911
  0.012068   0.45358   -0.44142   -0.26531   -0.14049    0.24424
 -0.72224   -0.0089184 -0.055709   0.52908  ]"
shortcut,"[-0.15658   -0.12032    0.48141    0.031617   0.66957   -0.12756
  0.026758   0.03449    0.70481   -0.54931   -0.27587    0.73191
 -0.09249   -0.19569    0.42379    0.46769    0.29887   -0.12094
 -0.024046   0.10269    0.15096    0.45385    0.34385   -0.237
 -0.24215   -0.096231  -0.38406   -0.13164   -0.28595   -0.9932
 -0.14937    0.23802   -0.14036    0.17093    0.25862    0.20062
 -0.39869   -0.53736    0.58267   -0.27216   -0.034      0.47638
  0.1238    -0.74836   -0.42527    0.70657    0.18988   -0.28817
 -0.019702   1.0537    -0.52731    0.54744   -0.44842    0.46345
  0.004655  -0.57377    0.092721   0.0097928  0.58882   -0.43392
 -0.41579    0.4157    -0.20079    0.09458    0.05331   -0.092776
  0.0024512 -0.77241    0.068093  -0.46704   -0.75139   -0.36529
  0.65647   -0.43842   -0.019648   0.19161    0.03445   -0.029182
  0.61184   -0.29304   -0.3528    -0.75992   -0.28562    0.085877
 -0.42603    0.85768    0.98635   -0.21799   -0.43353   -0.85149
 -0.61108    0.63139    0.098164  -0.15794    0.6628    -0.52457
  0.32914   -0.28403    0.23794    0.86451  ]"
jukebox,"[ 0.74291    0.382      0.75063   -0.16885    0.036192   0.78079
  0.45482   -0.36995    0.20923   -0.3162     0.35375   -0.22991
 -0.10931   -0.25261    0.1058     0.4164     0.37818    0.77569
  0.53489    0.19465   -0.15139    0.078828   0.23686   -0.16875
  0.45746    0.29785   -0.18789    0.34846    0.29851    0.47801
  0.031892   0.048023  -0.068492   1.0232     0.18783    0.4381
 -0.40499   -0.39172    0.20395   -1.4584     1.0523     0.53901
 -0.27858    0.57116   -0.061121  -0.20004   -0.44205   -0.28317
  0.22347    0.37726   -0.81232    0.0057421  0.11012   -0.36269
 -0.32745   -0.27129   -0.21872   -0.0035976  0.032466   0.6367
  0.36497   -0.16024   -0.29693    0.1209    -0.12253    0.11614
  0.33427   -0.55927   -0.097306  -0.48787    0.034789  -0.038014
  0.80797    0.025821  -0.58311   -0.13622    0.38913   -0.12558
  0.11256   -0.26851    0.098224  -0.087807   0.64723    0.19341
 -0.31899    0.37316    0.030114  -0.28354   -0.46392   -0.30733
  0.29707    0.79658   -0.63826   -0.22271    0.49833   -0.39203
 -0.097018  -0.40122    0.81136    0.59885  ]"
34.5,"[ 0.82687    0.66081    0.54292   -0.06685   -0.10824    0.45953
  0.03336    0.30764   -0.17307    0.14196    0.66012    0.70536
 -0.46745   -0.17124    1.1435    -0.52041   -0.50925    0.032138
 -0.080084   0.023047  -0.19539    0.51201    0.70378    0.47997
  0.29175   -0.73332    0.63212    0.44653   -0.40181   -1.407
  0.5952    -0.19038    0.50898   -0.040517  -0.35791    0.799
  1.2465     0.23316   -0.18176    0.60436   -0.10659    0.4854
 -0.2384     0.675     -0.19013   -0.21975   -0.43638   -0.91212
 -0.15869   -0.51002   -0.34881   -0.65826    0.31513    0.092302
 -0.29761    0.45186   -0.28306   -0.65177   -0.1232    -0.31744
  0.12429   -0.74538   -0.63555    0.59367   -0.82105    0.24568
  0.045192  -0.82217    0.056316   0.3797    -0.20968   -0.047725
  0.2009     0.31434   -0.42221    0.18499   -0.3157    -0.15392
 -0.4482    -0.1927    -0.23995    0.0043456  0.33387    1.39
  0.049196  -0.04603    0.58215    0.10315    0.43702    0.076108
  0.24263    0.15961   -0.37545   -0.70419   -0.15086   -0.24171
 -0.022247   0.027281   0.28882   -0.2572   ]"
pillai,"[-5.2248e-01 -6.8383e-01 -3.0777e-01  3.0739e-01 -3.4079e-01  1.3152e-01
  2.3087e-01 -4.1382e-01 -3.4047e-01  4.9825e-01  3.9570e-01 -1.9504e-01
 -2.5312e-01  1.5934e-01  9.9720e-02 -7.3901e-03  5.3694e-01  6.1883e-01
  1.7055e-01  9.6067e-01 -7.2796e-02 -6.1300e-01  8.7689e-01  1.6997e-01
 -2.5913e-01  6.6147e-01  2.3476e-01  5.3224e-01 -3.0083e-01  5.6752e-01
 -1.7474e-01  3.5508e-01 -4.8023e-02  5.6549e-01 -2.7527e-01  9.7340e-01
  6.2502e-02  2.0747e-01  9.5592e-01 -6.2630e-01 -1.3387e+00 -1.2582e-01
  4.0181e-01 -2.7918e-01  1.1503e+00 -3.4618e-01  1.5233e-01  3.2609e-02
  2.9277e-01  6.5297e-01 -2.3511e-01 -7.0769e-01  1.1227e+00  8.8208e-02
  1.6185e-01  1.0858e+00 -8.5089e-01  4.4985e-02 -3.8044e-01 -4.9955e-02
 -1.9784e-01  3.8718e-01 -4.4075e-02  2.9651e-02 -6.0255e-01  3.8130e-01
  2.5208e-01  1.8573e-01  4.5857e-01 -6.7752e-02 -2.8098e-01  3.8126e-01
  7.3163e-02 -5.2328e-01  5.6851e-05  5.0275e-01 -1.2625e+00 -1.1536e-01
 -8.0677e-01  1.2508e-01 -3.2691e-01 -2.3429e-01 -1.6976e-01 -6.0803e-01
  6.3402e-01  1.3054e-01 -8.5843e-01 -8.1133e-01 -9.4993e-01 -6.4350e-01
  3.1865e-01 -4.7590e-01 -5.3186e-03 -8.7283e-03  8.8459e-01  5.3654e-02
  4.1009e-01 -5.0811e-01  6.0490e-02 -2.8867e-01]"
geoghan,"[ 1.5857    0.72019  -0.86011  -0.64386  -0.67295   0.89609   1.3036
 -1.0742    0.08382   0.02857  -0.26982   0.22196   0.4735    0.307
  0.14264  -0.856     0.092456 -0.032186 -0.13588   0.51415   0.11885
  0.59099   0.23119   0.71353   0.074108 -0.51303  -0.24202  -0.32245
 -0.26991   0.65085   1.222     0.30144   0.39271   1.1596   -1.2353
 -0.084965 -0.26868  -0.34753   0.23991   0.83157  -0.72478  -0.44803
  0.32509   0.011012 -0.75764   1.0759   -0.24445  -0.51112  -0.14917
  0.52244   0.5404    0.85402  -0.028214 -0.043671 -1.3663    0.32801
 -0.29359  -1.4485    0.079538  0.25789  -0.62691  -0.22057   0.80117
 -1.3828   -0.79779   0.007531  0.73184   0.13733  -0.74439   0.13239
  0.16355  -0.61135  -0.096862  0.78157   0.45319  -0.38387   0.055419
 -0.38078   0.50626   0.4935    0.70143   0.30071   0.90267   0.6105
 -0.066467 -0.87892   0.23417  -0.62955  -0.16156  -0.037313 -0.39983
 -0.75547  -0.065784 -0.34549   0.93723  -0.73562  -0.07679   0.3638
 -0.63611  -0.71967 ]"
induces,"[-0.040596  -0.090427  -0.085381   0.30821    0.13894    0.52525
 -0.42188    0.45948   -0.16125   -0.33024   -0.38862   -0.39894
 -0.043888  -0.28499    1.2105     0.66029   -1.0783     0.30579
  0.71933   -0.0742    -0.026883  -0.78097   -0.034573   0.18278
  0.17056    0.7568     0.40539   -0.17942    0.55939   -0.24964
 -0.29698    0.846     -0.12833    0.37775   -0.38686    0.0084053
  0.50719    0.015751  -0.25143    0.27282    0.44848    0.41048
 -0.0075668 -0.34507    0.060314  -0.27174   -0.10041    0.86514
 -0.37087    0.0050727 -0.22563   -0.29758   -0.02319   -0.064263
  0.44675   -0.068847   0.15587   -0.70128   -0.13331   -0.10145
 -0.13885   -0.093706   0.6565    -0.016866   0.54042    0.74369
  0.32758   -0.49777    0.29427   -0.44471    0.10731   -0.19746
  0.44338    0.0013319  0.5333    -0.21013    0.72621   -0.89125
  0.027134   0.095252  -0.12609   -0.3013    -1.0455     0.48322
 -0.056696   0.087788   0.61647   -0.46851   -0.07175   -0.45658
 -0.4836    -0.011122  -0.19218   -0.14661    1.0578    -0.20096
  0.29237   -0.56159   -0.37815   -0.14162  ]"
astray,"[ 0.0092991  0.84554    0.53416   -0.59072    0.19584    0.69722
  0.52911   -0.54565    0.61549    0.56012    0.33778    0.43351
  0.1107     0.55254   -0.15828   -0.05607   -0.75698    0.95266
 -0.61744    0.74086    0.86195    0.42541    0.14       0.19205
  0.10159    0.54324   -0.28788    0.1626     0.71789   -0.10473
 -0.37175   -0.57252    0.22956    0.070917  -0.16328    0.39118
 -0.50271   -0.27806   -0.054791  -0.46135   -0.35465    0.43773
 -0.39434    0.3097     0.2969    -0.23772    0.46516    1.3258
 -0.28861   -0.40777   -0.038031   0.18786   -0.073515   0.082305
 -0.076572   0.56827    0.43889    0.48176    0.10765   -0.21436
 -0.052612   0.52994    0.83056    0.76242   -0.11819   -0.082662
  0.011762  -0.70408   -0.43987    0.37325   -0.20815   -0.22982
  0.096199  -0.73774    0.045846  -0.64177   -0.5087    -0.11706
 -0.53166   -0.36703   -0.042929   0.74951   -0.58678   -0.31968
 -0.40993   -0.54257    0.61409   -0.21438   -1.318     -0.16526
 -0.33687    0.1576    -0.22321   -0.20807    0.22009   -0.050694
  0.33566    0.22845   -0.23922   -0.064846 ]"
greasy,"[ 0.071089 -0.37615   0.12275  -0.71984  -0.77483  -0.03538  -0.61608
  0.31091   0.040762  0.33101   0.011149 -0.13036   0.52956   0.26843
  0.78828   0.61339   0.52493  -1.0506    0.71825   0.15647   0.30447
  1.11      0.21248  -1.192     0.9323    0.37517  -0.83049  -0.1795
  0.2902   -0.053982  0.46918  -0.33621   0.19809  -0.33451  -0.34278
  0.62244  -0.21075   0.44072   0.15388  -0.26709   0.35148  -0.57694
 -0.43357  -0.54797  -0.45513   0.83754   0.034991  0.025292  0.17873
 -0.040323 -0.24159  -0.10968  -0.19126   0.22304  -0.36012   0.013443
  0.28051   0.94141   0.23399  -0.39929   0.06941   0.23379  -0.15254
 -0.55934   0.072439 -0.57827   0.43583  -0.41446   0.095837 -0.99362
 -0.43291   0.16644   0.60808   0.6284   -0.1266    0.52365  -0.30063
 -0.16317   0.72223   0.35603   0.066627 -0.27599  -0.63541   0.6855
  0.10604  -0.41589   0.067214  0.43768  -0.20587  -0.050848 -0.15358
  0.17987  -0.071171  0.11497  -0.092821 -0.78236  -0.26468  -0.3103
 -0.30723   0.51154 ]"
cavs,"[ 0.86505  -0.34173   0.9685   -0.98106  -0.41596  -0.071323  1.2148
 -0.091649 -0.32493  -0.79872  -0.26383  -0.13194  -0.13364  -0.67204
  0.03141   0.011157 -1.1936    0.46546  -0.82567  -0.23553  -0.14001
  0.10997  -0.82294   0.16742   0.96377  -0.64677   0.045394 -0.21447
 -0.2497   -0.049675  0.1559    0.014681 -0.84869   0.43643  -0.82225
 -0.62128  -0.2681    0.50832   0.12592   0.22487   0.65476  -0.34967
 -0.23935  -0.16277   0.18604   0.64872  -0.081239  0.18276   0.43
 -0.069131 -0.27705  -0.18214  -0.54664  -0.31451   0.074408  0.22695
  0.46014  -0.20845  -0.48016   0.55608  -1.1379   -0.15038  -0.51772
  0.56535   0.29228   0.3113    0.73436   0.45783  -1.0709   -0.085743
 -0.49035  -0.24373  -0.16402  -0.13935  -0.13732  -0.57782  -0.42998
  0.33573   0.38553  -0.27579   0.42915   0.51275  -0.50632  -0.05046
  0.062687 -0.037604  0.49802   0.026829 -0.11026   0.18223  -0.41544
 -0.31312  -0.02909  -0.43048  -0.22016  -1.0285    0.15208   0.12583
 -0.25052   0.042828]"
stomachs,"[-0.010602   0.4518     0.91442   -0.6299    -0.73294    0.78393
 -0.26027    0.39004    0.14958   -0.31159   -0.14614    0.95204
  0.6131     0.70624    0.35532    0.05646   -0.94721    0.38954
  0.16308   -0.89264    0.16473    0.39989    0.2657     0.17554
  0.62766    0.18755   -0.15504    0.12146    0.92642    0.18687
  0.73843   -0.66686   -0.089308  -0.77047    0.032093   0.017277
  0.16201    0.52616    0.25783   -0.45469    0.82363   -0.27055
 -0.75053   -0.12688   -0.03153    0.27367   -0.30503    0.30082
 -0.57195    0.20898    0.020135  -0.34407   -0.69922   -0.0464
 -0.20009    0.32557    0.56744   -0.65207   -0.18738   -0.27261
  0.034143   0.077072   0.37243    0.08956   -0.036167  -0.0022633
  0.29814   -0.2697    -0.06104   -0.98601    0.6345    -0.11187
  0.8641    -0.1397    -0.27931    0.48587   -0.60348    0.11634
  0.40564    0.19811    0.21334    0.31344   -0.73437    0.60804
 -0.91279   -0.88981    0.64702    0.1058    -1.5746     0.39255
  0.20113    0.55131    0.28079    0.51109   -0.39467   -0.15481
 -0.44399   -0.035629   0.32318    0.75385  ]"
epilogue,"[-0.36126   0.36331   0.52676   0.11297   0.40251   0.72754  -0.17673
  0.79237   0.50934  -0.71774   0.31561   0.17182  -0.49427  -0.37263
  0.59147   0.89107   0.28531  -0.094924  0.42322  -0.042299  0.38798
 -0.45212  -0.63525   0.35276   0.90355  -0.23795   0.18371   0.45285
 -0.33958  -0.07343  -0.40102  -0.47592  -0.18753  -0.56888  -1.0576
  0.16011   0.3136   -0.14448  -0.27957  -0.084872  0.082196  0.62464
 -0.16075   0.11823  -0.41822  -0.067653  0.14667  -0.53789   0.26178
  0.20054   0.044352 -0.012197  0.85038   0.51385  -0.1691   -0.45935
 -0.072719 -0.34362  -0.61347   0.26716  -0.52276   0.35961   0.49027
 -0.56882   0.55531  -0.70338  -0.013178  0.20056  -0.49294  -0.33607
 -0.13464   0.1179    0.21691  -0.10525   0.1052    0.56611  -0.11969
 -0.18076   0.028784 -0.99941  -0.67578   0.17529  -0.21177   0.55938
 -0.48217   0.18119  -0.099684 -0.66612  -0.20065   0.086866 -0.24181
  0.5852    0.33886   0.098523  0.95893  -0.12405   0.16863  -0.27946
 -0.725     0.65808 ]"
branko,"[-0.71284   0.67954   0.009744 -0.14494  -0.20272  -0.1384   -0.43571
  0.37477  -0.23691   0.20115  -0.36203   0.32043   0.01266  -0.24559
 -0.01992  -0.074822  0.18759  -0.22     -0.20181   0.30809  -0.99377
  0.33064   0.54613   0.20326   0.32459  -0.12219   0.16237   0.67282
  0.20434   0.34462  -0.52771   0.52758  -0.17586   0.23567  -0.49941
 -0.22601   0.92207   0.61742  -0.19207  -0.089491  0.19339   1.0006
  0.61808   0.21964   0.27153   0.026488  0.46434  -0.77761  -0.17835
  0.99098   0.33582  -1.3682   -0.050411  0.4798    0.55644   0.78171
 -0.33948   0.97966  -0.24259   0.34697  -0.059218 -0.20231  -0.5293
  0.75108  -0.19053  -0.28772   0.34062   0.56771  -0.6027    0.62612
 -0.067501 -0.029826 -0.38697  -0.61666   0.018592  0.87895  -0.19364
  0.98388  -0.2608    0.11157  -0.41056   0.019606 -0.23291  -0.6572
  1.1941    0.586    -0.39381   1.1184   -0.2781   -0.2141   -0.26261
  0.31724  -0.68093   0.49934  -0.49357  -0.30468   0.084567 -0.38215
 -0.48604  -0.28557 ]"
handbag,"[ 0.33008    0.051546   0.10798   -0.79139    0.18059    0.4038
  0.91034    0.26077    0.65798    0.80656   -0.23385    0.58943
  0.24342    0.39779    0.0021859  0.4439     0.16812    0.1335
 -0.07063   -0.7199    -0.33981   -0.018103  -0.014457  -0.28532
  0.91428    0.43623   -0.29361   -0.95696   -0.2301    -0.8395
 -0.013456  -0.43794    0.13862   -0.15382    0.027589   0.43761
 -0.19835    0.029078   0.33616   -0.3646     0.84309    0.038965
  0.60765    0.053658  -0.75482    0.41295    0.016219   0.19425
  0.29466    0.29007    0.10885    0.71333    0.48167    0.27419
 -0.47409   -0.1227    -0.56571    0.4093    -0.0934    -0.49751
  0.48867   -0.090465  -0.24869    0.9091    -0.26045   -0.29892
  0.32125   -0.1347     0.27606   -0.15032   -0.24008    0.018238
 -0.15627    0.039738   0.27071    0.31167   -0.22387    0.13246
 -0.092076   0.09679    0.17677    0.048918   0.53912    0.13421
 -0.078226  -0.95423    0.43135   -0.2198    -0.70321   -0.022202
  0.39555    0.6035     1.3223    -0.85051    0.47777    0.016318
 -0.56141    0.043453   0.92771    0.01206  ]"
florentine,"[ 6.4317e-01  2.7664e-01 -1.3373e-01  1.5035e-01 -4.4440e-01  1.0510e+00
  5.3968e-01 -9.1186e-01 -3.8046e-01  1.3907e-01 -3.2159e-01 -6.0460e-01
  1.6411e-01 -6.0447e-01 -1.1417e+00  7.0330e-02  2.6853e-01 -6.9811e-01
  1.1665e-01 -9.0930e-02 -6.8098e-01  8.6071e-04 -3.7624e-01 -1.0703e-01
  9.4112e-02 -4.1665e-01 -2.3303e-01 -1.3346e-01 -4.5756e-01 -5.3108e-01
 -1.5676e-01 -5.0583e-01 -3.0725e-01 -2.2410e-01 -2.8523e-01  2.6275e-01
  3.1659e-01 -2.3465e-01  4.2073e-01 -2.7354e-01  1.4400e-01  7.5901e-02
 -2.6876e-01  4.5686e-01  3.5422e-01 -1.3423e-01  7.6135e-02 -3.5943e-01
  3.8027e-01  7.6001e-01 -5.6453e-01 -1.0359e-01 -6.0997e-02 -4.8500e-01
 -1.0176e+00 -1.7381e-01 -8.9131e-01 -6.5155e-02 -2.7732e-01  3.5136e-01
 -7.7924e-02  6.0018e-01 -1.1725e-01  5.0970e-01  2.1231e-01 -2.7112e-01
 -3.3453e-01 -7.8778e-02 -4.2570e-01 -4.6652e-01  4.0590e-02  5.2026e-01
  5.8085e-01 -2.2751e-01  1.8662e-01  1.3916e-01 -5.6380e-01  1.1706e-01
  9.7799e-02  4.9379e-01  6.5188e-02  2.6394e-01  1.6259e-03  7.1590e-01
 -1.1522e-01  1.1256e-01 -4.4957e-01  3.9407e-02  3.2698e-01 -1.5279e+00
 -1.0003e-01 -2.0032e-01  3.9024e-01  1.5056e-01 -2.3265e-02 -6.1124e-01
 -5.8424e-01 -3.5410e-01 -1.3621e-01 -3.8455e-01]"
1992-1995,"[ 0.28562   0.46922  -0.26377   0.14973  -0.17084   0.45361   0.47098
  0.39352   0.40265   0.19985   0.51271  -0.6386    0.63945   0.88303
 -0.089169  0.32668   0.3498   -1.1464   -0.075473  0.23076   0.68425
 -0.69118   0.9963    0.04556   0.71419  -0.46852  -0.92833   0.1359
 -0.51336  -0.61493   0.097312 -1.3741   -0.10197  -0.79195  -0.50833
 -0.44864   1.6901    0.43152  -0.30936  -0.55988  -0.23295   1.3616
  0.74002   0.14821  -0.23319   0.17491   1.4742   -0.19807  -0.02129
 -0.28717   0.029999 -0.56556   0.39363   0.49936   0.83752   0.76399
 -0.26129  -0.59214   0.19211   0.38404   0.41902   0.92463   0.31106
 -0.70731   0.062379 -0.66047   0.37316   0.61127  -0.6312    0.61735
  0.85342  -0.048855 -0.7135    0.55157  -0.26678  -1.0733   -1.0701
  1.1419   -0.79282   0.24902  -0.093884  0.94372   0.23157   1.1012
 -0.13561   1.0855   -1.1037    0.34117   0.23576   0.57647  -0.23205
  1.5395   -0.11429   0.45102   0.2663   -0.25901   1.0423    0.51428
 -0.17771  -0.20314 ]"
ljungberg,"[-0.54255    0.10958    0.31166   -1.0502    -0.39968    0.17618
  0.57523   -0.22518   -0.44362   -0.042007   0.67832    0.13101
 -1.0057    -0.14315    0.69551    0.53699   -0.47053    0.21807
 -0.065934   0.65992   -0.98385    0.35673    0.44377    0.94452
  0.29945    0.63445   -0.95917   -0.1177     0.16464    0.2963
 -0.21554    0.43757   -0.20599    0.65967    1.2508    -0.56177
  0.14419    0.56238   -0.48608   -0.63461    0.68991    0.59521
 -0.14984    0.31633    0.20189    0.93528   -0.073417   0.48163
  0.336      0.61714    1.3444     0.21056   -0.43156   -0.12369
  0.36499   -0.20231   -0.98421   -0.44579   -0.8601     0.67849
  0.91808    0.10533   -0.0041141  0.91059   -0.6428     0.88366
  0.06252    0.61185   -0.91091   -0.54145    0.86613   -0.26129
  1.1838    -0.55522   -0.27635   -0.35441   -0.78972   -0.080252
 -0.38399    0.51708    0.3764    -0.86477    0.44568    0.97538
  0.13939   -0.3503     0.55817   -0.17829   -0.40247   -0.60348
 -0.78303    0.49432   -0.95575    0.21041   -0.85163    0.21991
  0.85699    0.088452   0.13002   -0.23552  ]"
counterculture,"[ 0.15349    0.50122   -0.1809    -0.48029    0.02361    0.71774
 -0.21085   -0.75048   -0.0019896  0.82295   -0.21566   -0.38023
 -0.66459   -0.45833    0.21449    0.11166    0.22101   -0.13607
  0.42996   -0.16288    0.36205    0.23642    0.052333  -0.30428
 -0.034045   0.35305    0.22006   -0.97723   -0.062583  -0.16177
  0.18757    0.19923   -0.21413    0.7281    -0.22562   -0.36698
  0.17307   -0.027887   0.32421   -0.93756   -0.41259    0.2157
  0.18947    0.35217    0.12168   -0.3786     1.1456     0.51183
  0.15035    0.26981   -0.11518    0.27657    0.09155   -0.0091759
 -0.17851    0.31174   -0.68437    0.64491    0.46658    0.39113
  0.12987    0.80004    0.10756   -0.57317    0.51623   -0.63218
  0.5533    -0.98339    0.65706    0.033639   0.74332   -0.23175
 -0.91126    0.048412  -0.91224   -0.52944    0.59903   -0.5017
  0.15238   -0.61384   -0.96819    0.37858    0.91837    0.20121
 -0.092778   0.47721   -0.29522   -0.072558  -0.74166   -0.060152
  0.40256    0.0016197 -0.33769   -0.022924  -0.23195   -1.1311
  0.10341   -0.29679   -0.26389    0.61275  ]"
photovoltaic,"[-0.1939     0.69561    0.20381    0.50929    0.82714   -0.91475
 -0.019482   0.79648   -0.22222    0.59889   -0.032987  -0.93663
 -0.92069   -0.36227   -0.058547  -0.53602   -0.44948    0.92604
  1.278     -0.21335   -0.97666   -0.91479    0.39931   -0.19229
  0.31347   -0.57635    1.1717     1.1077    -0.2826     0.443
 -0.024552   0.28284    0.18562    0.57912    0.20482    0.20519
 -0.034709  -0.12633    0.37342   -0.43305    0.0074363 -0.39052
 -0.29645    0.023923   0.62144   -1.4638     0.11896    0.049232
  0.089145   0.74072   -0.68045   -0.29445    0.36107   -0.081892
 -0.16302    0.34388   -0.15719    0.62731    0.83807    0.11958
  0.10796    0.083531   0.26251    1.2646     0.39554    0.69644
  0.1391    -0.91986   -0.013552  -0.31557    1.1834     0.53714
  0.27835   -0.61965   -0.82279   -0.80119    0.73846   -0.51274
  0.4313     0.93105    0.65968   -0.36423   -0.7207     0.9953
 -0.12403    0.87395    0.72449    1.2341     0.47103   -0.29789
  0.20593   -0.76777   -0.076573  -0.74194    0.30447   -0.26453
  0.54082   -0.90795    1.3169    -0.67449  ]"
nuno,"[-2.3344e-01  7.9105e-02  6.7768e-01 -6.2458e-01  2.5949e-01  7.7021e-01
 -4.9855e-01  2.7822e-02  4.4710e-02 -5.6474e-02  1.7685e-01  7.0932e-01
 -6.2146e-01  3.9853e-01  9.2268e-02 -2.3317e-01  9.4409e-01  5.5117e-01
  5.0840e-01 -9.6765e-01 -8.9169e-02 -1.1185e-01 -2.6152e-01  1.1861e+00
  1.1363e-01  5.3584e-01 -7.7243e-01 -1.2667e-01  3.0324e-01 -1.1043e+00
 -4.4346e-01  2.4759e-02 -1.8237e-01 -6.2435e-02  4.0041e-01  2.5797e-01
 -7.5703e-02  4.4526e-01  8.3351e-02  9.3768e-02  8.2231e-01  3.3521e-01
  2.3712e-01  4.9761e-01 -1.2170e-02  3.5026e-01 -7.5836e-04 -1.6106e-01
 -6.6451e-01  1.2887e+00  4.8629e-01 -4.8861e-02 -1.4491e+00 -3.0554e-01
 -1.2261e-01 -7.3119e-02 -8.9592e-01  5.4927e-01 -8.1755e-01  3.0053e-01
  9.0747e-02 -1.9580e-01 -8.3329e-01  4.4968e-01 -7.9318e-01 -3.3739e-01
 -1.2269e-01 -9.6207e-01  8.1003e-01  1.2359e-01  2.2446e-01  2.3191e-01
  3.4969e-01 -1.2465e+00 -1.0530e-01 -4.7208e-01 -1.2207e+00 -1.4131e-01
 -5.8087e-01  4.7895e-01  9.0985e-01 -9.3671e-01 -1.5703e-01  1.0689e-01
  3.9794e-01 -1.1273e-03 -4.0246e-01  7.7829e-01 -9.7302e-01 -3.3554e-01
 -1.9053e-01 -3.0080e-01 -5.7734e-01 -2.0528e-01 -4.6899e-01  3.7166e-01
 -5.5689e-01 -6.2340e-01 -9.5876e-01 -1.5327e+00]"
dehl,"[-0.73068  -0.058016  0.13034   1.4609   -0.88673  -1.3064    1.7887
 -0.52135  -0.67771   0.094194 -0.50741   0.15658   0.2916   -0.088645
 -0.0526    0.63737  -0.23978   0.36759   0.90637  -0.50758   1.6013
  0.9754    0.73133  -0.080478  0.32396   0.18959  -0.54006  -0.87099
 -0.42656  -0.94461  -0.56764  -0.8047   -0.66453  -0.068607  0.16293
 -0.59403   0.079734  0.68619  -1.4602   -0.46975   1.7881   -0.36092
  0.20018   0.40888   0.29282  -0.22452  -1.9789    0.24795   1.7534
  0.75666  -0.67459   0.29754  -0.25993  -0.3404   -0.86446   0.71879
  0.48419   1.2101   -0.56787  -1.0293    0.21387  -0.84219   0.61892
 -1.8605   -0.40687   1.1208   -0.41249   0.25017  -0.83565  -0.92734
  0.29478   0.98661  -1.0447   -0.34379  -0.57985  -0.38032   0.046048
 -0.7445    1.061     0.97233   1.0412   -0.52283   1.0373   -2.0509
 -1.2568   -0.14325  -0.13859  -0.70159   0.082505  1.1455    0.10281
 -0.46889   0.4089   -0.25124   0.53513  -0.36091   0.60107  -1.5544
 -0.63503  -0.99536 ]"
porte,"[ 0.75413   -1.4813     0.098037   0.21855    0.057052   0.0080833
 -0.36817    0.39072    0.693     -0.1918     0.081669   0.075159
 -0.2027     0.030585   0.96724   -0.1334     0.5194    -0.38568
 -0.51466   -0.73545    0.57684    0.14715   -0.79372   -0.63858
  0.26801   -0.61485    0.14975   -1.0325     0.78251    0.032983
 -0.29492   -1.2162     0.064705   0.61421   -0.007185   0.7148
 -0.24266    0.042182  -0.13738   -0.25732    0.58579   -0.32596
 -1.0114    -0.093667  -0.2292     0.019153   0.31422   -0.18882
  0.16439    1.1473    -0.23673    0.47888   -0.58681    0.13772
 -0.57117   -0.59438    0.31742   -0.15569   -0.72119   -0.16045
  0.18183   -1.4194     0.34444    0.38076   -0.67898   -0.147
 -0.25749   -0.50957   -1.5522     0.33651    0.16869    0.37145
 -0.50061    0.21641    0.073677   0.29132    0.005207  -0.011399
 -0.015274  -0.5745     0.27889   -0.15135   -0.13974    0.55694
 -0.25659    0.10017    0.0039394 -0.17244    0.40388   -0.051185
 -0.47525   -0.067926  -0.45946    0.79363   -0.63675   -0.099111
 -0.4341    -1.1465    -0.44312   -0.070578 ]"
pluck,"[-3.1955e-01  3.8375e-01  9.8624e-02 -4.7010e-01 -8.3559e-02  5.2929e-01
 -4.1239e-01 -2.0695e-01 -2.2562e-01  1.6278e-01  1.1159e-01  7.6392e-01
  4.4084e-01 -1.4657e-01 -7.5015e-02 -2.3527e-01  1.7925e-01  4.7019e-01
  4.3642e-01  6.4536e-01  8.1194e-02 -4.5527e-02  1.8504e-01 -9.1407e-01
  5.4438e-01  3.6915e-01 -5.9615e-01  1.1742e-01  1.9657e-01 -1.2750e+00
 -2.0694e-02 -2.2346e-01 -2.6457e-01  4.0347e-01 -5.2354e-01 -2.9441e-01
 -2.5676e-02 -1.4717e-01  1.3510e-01 -1.5797e-01 -1.5386e-01 -2.5297e-02
 -4.8862e-01 -7.5701e-02 -2.4761e-01  4.9221e-01 -7.7351e-02  1.1210e-01
 -2.0244e-01  8.9321e-02 -1.0249e+00  3.2618e-01 -1.2734e-01  4.2649e-01
  6.6843e-02  5.0294e-01  2.4540e-01 -2.0977e-01  1.8924e-01 -8.6808e-02
  4.5296e-01  7.8897e-01 -1.6875e-01  5.7709e-01 -4.6255e-01  3.0983e-01
  6.6923e-02  1.6675e-02 -1.0444e-01 -4.7985e-01 -5.1911e-01 -1.8969e-01
 -4.7301e-02 -5.3901e-01  3.5862e-01  8.1802e-01 -2.5607e-01  3.7534e-02
  3.5783e-01 -1.7695e-01  2.9396e-03  2.1695e-01 -5.1403e-01 -2.3404e-01
 -1.3832e-01 -4.3004e-01  9.6820e-01  9.9971e-01 -5.2907e-01  9.4386e-02
 -2.8862e-01  1.3298e-01  7.6169e-05 -2.2752e-01 -2.8049e-01 -3.5971e-01
 -4.4062e-01 -5.7776e-01 -4.5511e-01  5.5341e-01]"
donning,"[ 0.10294   -0.3334     0.0057002  0.12268   -0.075177   0.6719
 -0.34179    0.56496   -0.35699    0.58621   -0.35758   -0.80255
  0.20308   -0.25864    0.46672   -0.63846    0.73872    0.11841
  0.80758   -0.73157   -0.43971   -0.048708   0.13044   -0.38853
  0.60913    0.58361   -0.75466   -0.21717    0.045219  -0.14948
  0.049782  -0.38947   -0.68337   -0.47084    0.40932   -0.19927
 -0.34056   -0.19983   -0.17763    0.22546    0.23732    0.24887
  0.50024    0.31694   -0.66926    0.36531    0.15802    0.56446
 -0.060538  -0.14844   -0.031179   0.088616   0.018528   0.46567
 -0.57056   -0.01096    0.19097    0.23159   -0.19849    0.012449
 -0.25526    0.63666    0.19393    0.68656   -0.28153   -0.064899
  0.46049   -0.59674   -0.27194    0.14949   -0.19211   -0.18196
 -0.92244    0.043115   0.043844   0.5654    -0.36281   -0.2584
  0.23128   -0.3671     0.38307   -0.56758    0.10908   -0.13665
 -0.28234   -0.26599   -0.36741    0.66663   -0.052231   0.13501
  0.60443   -0.65525    0.41563   -0.62367    0.030087  -0.9825
 -0.39908    0.062846  -0.31832   -0.07371  ]"
ingush,"[-0.078741 -0.37024   0.18722   0.6896   -0.24702   0.72989  -0.50995
 -0.44148   0.92635   0.9706   -0.34027   0.39305   1.1524   -0.12649
 -0.19885   0.44356   0.31762  -0.96433  -0.91863  -0.41771  -0.11297
  0.25169   0.98175   0.87402  -0.60609  -1.1079    0.31768   0.42984
 -0.21139  -0.45869  -0.072676 -0.58749  -0.03063  -0.43501  -0.17494
 -0.22483   1.6134    1.1027    1.0545    0.22961  -0.19293   0.42831
  0.21372   0.24926   0.82059  -0.37195   0.090066  0.09246  -0.39027
  0.88381  -0.43873  -0.28401  -0.21826   0.59105  -0.15956   0.76609
  0.086754  0.69726   0.018862 -0.0453   -0.37667   0.19796  -0.064795
 -0.045507  0.18506  -0.10295   0.65802   0.49201  -0.52576   0.27815
 -0.28648  -0.94083   0.5158   -0.31254   0.35402  -0.24937  -0.22839
  0.9154   -0.39347  -0.70034  -0.31327   0.16563   0.29273  -0.25708
  0.16395   0.054373 -0.22679   0.7126   -0.029543 -0.44764   1.1619
  0.55443  -0.30638  -0.01329  -0.50035  -0.21302  -0.32109   1.2211
 -0.72594   0.31224 ]"
rajoy,"[-1.2672e+00 -5.6711e-01  4.1324e-01 -2.9584e-01  6.8026e-01 -2.1373e-01
  5.7273e-01 -1.5825e-01 -8.0167e-04  6.8221e-01  3.2201e-02  4.9756e-01
 -8.0954e-01 -2.0962e-01  4.3227e-01  3.7803e-01 -3.7658e-01 -9.5896e-02
  2.6719e-01  7.1255e-01  2.7918e-01  1.7383e-03 -6.5209e-02  2.0709e-01
  1.8070e-01 -8.0369e-01  1.4641e-01  3.2304e-01  6.2874e-01 -4.1369e-01
  5.8144e-02  1.3470e-01 -8.2013e-02  4.7022e-01  4.2734e-01  1.2960e+00
 -1.1040e-01 -5.1686e-01  6.2690e-01  2.6825e-01  8.1459e-02 -1.4481e-01
  1.1759e+00 -1.3656e-01 -4.0446e-01 -2.9324e-01  1.0204e+00 -6.0258e-01
 -1.5031e-01  1.3350e+00  4.1198e-01  1.9816e-01  1.4891e-01  6.7178e-01
 -7.7382e-01  5.0192e-01  4.8856e-03  1.1641e+00 -2.5696e-01  1.0890e+00
 -4.3633e-01 -8.8455e-01  1.6669e-02  4.7731e-03  9.2351e-01  7.5036e-01
  2.6773e-01 -6.9507e-01  7.6970e-01 -3.8764e-01  9.5128e-01 -1.6544e-01
  4.1754e-01 -9.4929e-01 -7.0490e-01  4.7966e-01 -8.1812e-01  1.1796e-01
 -4.6628e-01  1.9305e-01 -4.1481e-01 -7.3704e-01 -5.6771e-01  1.5039e-02
  5.2246e-01 -7.4546e-01 -1.1622e-01  1.3335e+00 -7.5244e-01 -7.0486e-01
  7.8405e-01 -6.0762e-01  2.0114e-01  4.1878e-01 -2.0660e-01 -5.1557e-01
 -4.6946e-01  5.4110e-03  3.0481e-01  2.6056e-01]"
clogging,"[-0.18781   -0.13625    0.095309  -0.37113    0.26483    0.85861
 -0.87736   -0.25968    0.65208   -0.023986  -0.069062   0.90109
 -0.020346  -0.13166   -0.23232   -0.15723    0.49496   -0.35593
  1.0464    -0.58227   -0.27906    0.53502    0.48569    0.24994
 -0.31221    0.33709   -0.49493    0.09182    0.2722    -0.14449
  0.71758   -0.40039    0.52159   -0.49432   -0.40103   -0.92127
  0.44205   -0.1219    -0.32273    0.44043    0.66505   -0.81411
 -0.82511   -0.38856   -0.12018    0.81464    0.14847   -0.23603
  0.40881   -0.13473    0.31856    0.19046   -0.49746   -0.30297
 -0.8009    -0.066673   0.75792    0.42794    0.75337    0.63014
 -0.51295    0.60586    0.62884    0.55753   -0.46914    0.42477
  0.63964   -0.51229    0.35225   -0.97719   -0.52614   -0.80935
  0.062776   0.11633   -0.01049   -0.16579    0.63008    0.31398
  0.15443   -0.36271    0.49791    0.019591  -0.59721    0.51893
 -0.25182    0.48255   -0.11612   -0.053144  -1.1101     0.072133
 -0.45071    0.0025308 -0.5077    -0.16484    0.40744   -0.40201
  0.79331   -0.45836    0.20987    1.0408   ]"
cris,"[-0.41879   -0.75262    0.38696   -1.2342    -0.62127    0.19221
  0.24695    0.4026    -0.47389   -0.52653    0.32278   -0.39229
  0.2707    -0.40694    0.047129   0.050922   0.35065    0.40208
 -0.065609   0.46657   -0.99746    0.7011     0.3333     0.53128
  0.52783    0.19294   -0.099147  -0.29628   -0.21173   -0.43614
 -0.3022    -0.19682   -0.54657   -0.14482    0.3826     0.0037776
  0.47987    0.84199   -0.32948    0.36711    0.11014    1.1968
 -0.20914    0.81958   -0.69259   -0.21196   -0.82085    0.33648
 -0.29778    0.42893    0.022781   1.0086    -0.84527    0.18348
  0.30849   -0.19334   -0.5327     0.31805   -0.66918    0.051663
  0.68983   -0.36707   -0.56775   -0.34073   -0.32252   -0.34001
  1.1931    -0.012156  -0.46136    0.0057612  0.36085    0.2318
  0.0054629 -0.09182   -0.1575    -0.52649   -0.23348    0.10215
  0.36976    0.55062   -0.11064    0.63158   -0.081032   0.017715
 -0.10706   -0.16555    0.9487     0.30635    0.19263   -0.57004
  0.61412   -0.1485    -1.3254     0.27879   -0.35794    0.29726
 -0.10846    0.61314   -0.41739   -0.37997  ]"
normalisation,"[ 0.090514 -0.16693  -0.46061   0.90598  -0.30475  -0.79591  -0.11493
  0.56167   0.33378   0.66631  -0.19102   0.58105   0.82566   0.4269
  0.53388   0.95979  -0.32107  -0.64405   0.12005  -0.29971  -0.45587
  0.44826  -0.77565  -0.25697   0.40068   0.026856  0.0987   -0.014609
  0.35732  -0.73512  -0.6046    0.2048   -0.38227  -0.33456  -0.10636
 -0.28901   1.0828   -0.48232  -0.87124  -0.20581  -0.44323  -0.47941
  0.45202   0.46598   0.12875  -0.48819   0.59009   0.63526   0.078487
 -0.27454   0.044261  0.22486  -0.59066   0.48748  -0.75234  -0.20849
  0.30446  -0.54301  -0.21536   0.19073  -0.82985  -0.63409  -0.31666
 -0.72855   0.23919   0.65436  -0.029774  0.42955  -0.10299  -0.78329
  0.68568  -0.1623   -0.070693 -0.6161    0.05657   0.98097  -0.13659
 -0.28295   0.18856  -0.34322  -0.088874  0.37924   0.11772   1.0783
  0.11553   1.2766    0.13419  -0.11535   0.55607  -1.2267   -0.96116
  0.46709  -0.7775    0.038253  0.52161  -0.23538   1.1051    0.37355
 -0.12994   0.66416 ]"
beheadings,"[-0.0072729  0.021762  -0.96503   -0.57997    1.2459     0.62785
 -0.50748   -0.14966    0.16387    0.69783    0.3703     0.62404
  0.66812    1.5616    -0.27543    1.2336    -1.13      -0.008858
 -0.48731    0.26368    0.8076    -0.56081    0.25376    0.22622
 -0.69958    0.37464    0.56969    0.80606   -0.039633  -0.72283
  0.99837   -1.1359    -0.83541    0.64484   -0.12779    0.18198
 -0.411     -0.37022    0.28276    0.058464   0.57379    0.5945
  0.026591   0.73206   -0.94619    0.24037    0.9881    -0.53325
 -0.29186   -0.11334   -1.5303     0.26118   -0.5659     0.56747
 -0.17907   -0.39825   -0.033654  -0.048824  -0.51312   -0.65469
 -0.11465    0.074441   1.4202    -0.72849   -0.14483    0.21552
 -0.054618   0.11398    0.19563    0.0069446 -0.72031   -1.104
 -0.012261   1.3777    -0.045943   0.25659    0.36355   -0.027994
 -0.4795    -0.2292     1.3385    -0.27213    0.48011    0.53443
 -0.40054   -0.59603    0.15641   -0.53759   -0.50684   -0.86572
 -0.035759   0.24434   -0.1772    -0.13309   -0.64722   -0.441
 -0.38096    0.10744   -0.17726   -0.14704  ]"
mixtures,"[-0.65773   0.47299   0.062468 -0.12599  -0.15844   0.27796   0.19389
  0.32712  -0.28906   0.63948   0.10476  -0.45555   0.01314   0.41055
  0.34458   0.012399  0.092677  0.54129   0.43048  -0.36037  -0.20291
 -0.8548    0.16769   0.23081  -0.62532   0.29792   0.49349   0.52045
 -0.56746   0.14634  -0.29357  -0.24893  -0.76389  -1.024     0.56071
  0.53622   0.90683   0.29639  -0.095689 -0.17486   0.075994 -0.81103
 -0.73914  -0.47851   0.14696   0.24061  -0.036172  0.38478  -0.27891
 -0.1303   -0.063888  0.57491   0.13165   0.4222   -0.18503   0.48427
  0.22341  -0.15828  -0.23085   0.61404  -0.1018    0.37712   0.56947
  0.4865    0.57795  -0.3861    0.87599  -0.98325  -0.12085  -1.1904
 -0.679    -0.20997   0.42923   0.63515  -0.011442  0.17821   0.47032
 -0.95964   0.24209   0.11153  -0.01644  -0.19408  -0.85377   0.16937
 -0.17985   0.30274   0.45795  -0.036239 -0.82435  -0.14764  -0.72666
  0.22782  -0.84991   0.060996  0.077851 -0.078446 -0.65411  -0.56821
 -0.040752  0.24029 ]"
lobsters,"[-0.41579   0.66948   0.59197  -1.0426   -0.45857   0.24656   0.57289
  0.10898  -0.41164  -0.27792  -0.16599   0.76836   0.6847    0.69816
 -0.2785   -0.60975  -0.75203  -0.20731   0.1492    0.54388   0.4272
  0.15688   0.05002  -0.15381   0.48836   0.25435  -0.26579  -0.33396
 -0.50185  -0.038219 -0.063067 -0.26439  -0.16431   0.62016  -0.27224
 -0.49041  -0.40604   0.049389  0.78288  -0.93446  -0.069847 -0.58868
 -0.72996  -0.65061  -0.1969    0.082398 -0.14473   0.35403   0.024832
  0.16629  -0.080787 -0.12248   0.72049   0.27184  -0.95844   0.19241
  0.19448  -0.50981  -0.54628   0.20497  -0.66015   0.33999   0.064824
  0.24731   0.84517   0.55133   0.020784 -0.2238    0.63876  -0.641
  0.039942 -0.10123   0.35638   0.62757  -0.57307  -0.10926  -0.63174
 -0.58423   0.88866   0.36835   0.22167  -0.50919   0.093186  1.5392
  0.34972  -0.58544   1.0967    0.17103  -0.39526   0.31835  -0.34297
 -0.18061   0.62346  -1.2081   -0.5686   -0.24545  -0.59778   0.54371
  1.1395    0.23795 ]"
jute,"[-0.42713   0.79382  -0.48369  -0.81366  -0.24287  -1.3492    0.15762
  0.36542  -0.11834  -0.32148  -0.2987   -1.0892    0.22678   0.75005
  0.39784   0.065902  0.75     -0.075704  0.63357  -0.756     0.18966
  0.39738   0.68352  -0.36821   0.48848   0.11417   1.0521   -0.42801
 -0.55135   0.26654  -0.68603   0.090362 -0.16152  -0.6837   -0.88777
  0.80478  -0.5159    0.53364  -0.61693  -0.15254  -0.018572 -0.02728
  0.64295   0.14425   0.087951  0.065131  0.27393   0.71469  -0.21676
  0.23134  -0.58495   0.40261   0.25106   0.42008  -0.57104   1.1534
 -1.6156   -0.11413   0.041955 -0.72043   0.24853  -0.86871  -0.34457
  0.27046  -0.19733   0.27261   0.58835  -0.50234   0.72616  -0.8958
  0.069772  0.51885   0.55607  -0.47605  -0.041879  0.58239  -0.44165
  0.74163  -0.34899   1.1125    0.6886    0.99137  -0.11667   0.52219
 -0.36592  -0.37401  -0.34994  -0.16392  -0.32911   0.35487   0.1361
 -0.20559  -0.45983  -0.60595  -0.18646  -0.4703    0.9766   -0.11363
  1.0109    0.22388 ]"
bettered,"[ 1.3496e-01 -3.0399e-01  3.9348e-01  5.9359e-01 -2.7937e-01  1.4670e-02
  1.4204e-01  1.4509e-01 -5.9839e-01  3.1866e-01  6.3392e-01  1.1577e+00
  5.6339e-01 -7.8568e-01 -9.8010e-02  2.9725e-01 -6.8367e-02  6.4293e-01
 -5.4629e-01 -3.8594e-01  1.4846e-01 -1.6538e-03  8.2521e-01  6.6851e-01
  6.3758e-01 -8.2101e-01 -7.2539e-01 -6.7715e-01 -1.5402e-01 -5.0308e-01
  4.0182e-02  2.1798e-01 -2.3979e-01  2.9314e-01  1.1392e-01  5.7160e-02
 -8.3841e-01  4.4183e-01 -9.8332e-01  8.6733e-02  1.8625e-01 -2.4910e-02
  2.0169e-01  8.2020e-01 -4.4891e-04 -1.5608e-01  5.9281e-01 -5.9367e-01
  7.3410e-02 -9.6445e-01  6.6262e-02  1.0816e-01  6.0042e-01  4.0129e-01
 -8.3514e-03 -8.2875e-02 -6.1546e-01  7.4251e-01 -1.0059e+00 -7.3884e-02
 -1.0458e-01 -5.4617e-01 -2.0770e-01  4.3647e-01 -4.3931e-01  1.2550e-01
  1.5615e-01  3.2478e-01  4.2790e-01 -4.6746e-01 -1.2891e-01  1.2691e+00
  2.4708e-01  6.2567e-01  4.1686e-01 -2.6189e-01 -2.1355e-01 -1.3188e+00
 -2.3470e-01 -2.2332e-01 -1.5065e-01  1.7550e-01 -4.6599e-01  2.6878e-01
 -5.0614e-01  8.3068e-03  4.1984e-02  1.6415e-01  1.3038e-01  5.8973e-01
 -3.1363e-01  6.5197e-01 -1.5971e-03 -2.4440e-01 -1.8328e-01 -4.6044e-01
